4899029 4899039
84515 290255
4899054 4899065
1970034 2741771
4899234 4899244
4899281 4899291
1088683 1950699
4899302 4899312
2862629 3414090
4899340 4899350
4899358 4899369
4899414 4899424
4899433 4899443
3389976 3786784
3207793 3663709
4899688 4899698
4899716 4899726
172955 533542
4899792 4899803
4899833 4899843
4899857 4899867
4899877 4899887
4899895 4899905
1100145 1970471
4899931 4899941
3207794 3663728
4899973 4899984
4900019 4900029
4900064 4900074
4900081 4900091
4900117 4900127
533970 1248030
533971 1248049
1391074 2264544
4900178 4900188
84508 290207
3054590 3552365
3686673 3981815
1465944 2335463
4900316 4900326
2350006 3046734
1826059 2635091
1291747 2168833
4900368 4900378
2197075 2933360
1826060 2635107
4900385 4900395
45737 197118
4900402 4900412
3791939 4043050
721779 1482187
4900420 4900430
4900436 4900446
3054591 3552382
2792101 3368248
2933368 3467804
1496268 2361224
4900455 4900465
287713 802104
287714 802121
4900477 4900487
4900494 4900504
4900535 4900545
801718 1593090
3054592 3552399
3076185 3566198
4900739 4900749
533972 1248066
4900759 4900769
4900775 4900785
196987 592336
4900791 4900801
1325648 2197090
1993222 2763448
1527495 2386532
45738 197136
4900845 4900855
4900874 4900884
236603 721637
441085 1088668
2160226 2900855
3552356 3896299
3663738 3966742
3663739 3966764
3663740 3966782
3207795 3663750
196889 592053
4901009 4901019
2388238 3080711
4901069 4901080
4901142 4901152
4901163 4901173
4901180 4901190
2197077 2933378
1178311 2051061
4901205 4901216
1326905 2198736
141277 444899
158822 499190
2056135 2815557
1183379 2056145
4901435 4901445
2437382 3119424
576669 1292734
4901491 4901501
4901510 4901520
4901533 4901543
3207796 3663771
2353814 3051414
4901553 4901563
239048 726593
1291748 2168849
2208135 2944688
497654 1183176
1183165 2055892
1183166 2055910
1183167 2055928
135370 424711
4901571 4901581
3207797 3663789
4901601 4901611
1099945 1970072
1099946 1970088
1099947 1970105
3135537 3610791
81037 281379
1537920 2396868
721737 1482154
2055354 2814958
4901634 4901646
391542 1001979
4901704 4901714
4901738 4901748
3305022 3730033
1959887 2730883
3207798 3663810
4901805 4901815
4901858 4901868
4901885 4901895
35513 140910
4901952 4901962
2181908 2919658
4902011 4902021
4228785 4337098
4902220 4902230
4228790 4337148
3631097 3949093
1611265 2461219
1611266 2461240
1611267 2461257
3207799 3663827
4902256 4902266
4902274 4902284
4902292 4902302
446637 1099958
721738 1482170
4902313 4902323
4902331 4902341
196988 592354
4902357 4902367
4902375 4902385
4902411 4902421
275702 781223
4902453 4902463
275703 781241
4902477 4902487
4902496 4902506
4902549 4902559
4902611 4902621
1959769 2730697
4902663 4902673
4902682 4902693
236579 721570
807923 1609839
196989 592373
4902733 4902744
4902790 4902800
533631 1246697
589297 1321658
4902851 4902861
4902909 4902919
283502 794238
985908 1832771
4902951 4902961
196990 592391
4903152 4903163
84516 290272
749647 1530007
4903267 4903277
801719 1593108
526678 1234809
1089129 1953376
2197078 2933394
4903421 4903434
2361266 3057112
1242949 2121590
4903423 4903450
4903424 4903464
4903425 4903478
2361267 3057127
4903506 4903516
4903536 4903546
4903596 4903606
3131446 3607865
4903632 4903642
4903679 4903689
4903695 4903705
3898691 4115981
3791940 4043068
4903733 4903743
3398649 3791767
3398650 3791783
283503 794257
4903797 4903807
4903815 4903825
4903899 4903909
4903930 4903942
4904073 4904083
4904089 4904100
4904149 4904160
190127 583415
4904239 4904249
4904258 4904268
354314 949336
774263 1559033
84517 290289
2736779 3327276
441436 1089139
449966 1106262
202988 609399
4904314 4904324
4904455 4904466
4904771 4904781
41833 172276
802111 1594154
985855 1832752
3686674 3981832
1593080 2450708
1539181 2398842
4904833 4904843
1291750 2168876
1291751 2168892
4904853 4904864
4904909 4904919
4904984 4904994
190129 583449
4905004 4905015
4905006 4905035
755174 1536944
1402573 2276956
4905080 4905091
4905082 4905110
497655 1183195
270440 773292
2798445 3372011
576673 1292787
1248039 2126412
1248040 2126428
2736780 3327297
4905266 4905277
2373487 3066342
4905403 4905414
2763439 3350160
1006653 1857122
4905550 4905560
4905268 4905294
142323 448119
801720 1593123
1593812 2450936
4905571 4905581
4905613 4905623
4905645 4905655
533978 1248136
250548 741611
807546 1609102
721780 1482204
4905728 4905738
3547450 3892723
3547451 3892741
4905832 4905842
4905903 4905913
1183227 2055992
4905922 4905932
4905943 4905955
4906129 4906139
1593081 2450724
4906178 4906188
4905945 4905971
4906217 4906227
3131447 3607885
3119415 3598404
1099977 1970152
2741903 3334347
446639 1099987
2741904 3334363
4450137 4489431
4906254 4906264
196993 592435
4906310 4906320
4906512 4906523
4906552 4906562
190130 583470
4906571 4906581
4906592 4906602
3124273 3601135
4906709 4906719
4906735 4906745
3941785 4145300
4906756 4906768
4906912 4906922
2 34
1183282 2056061
4908039 4908049
196994 592456
2736781 3327317
3327367 3745966
3686675 3981852
3686676 3981870
1950687 2724189
4112727 4259006
446641 1100018
985833 1832724
4908078 4908088
4908094 4908104
4908111 4908121
2452189 3131458
4908281 4908291
533980 1248168
4174978 4301674
4908299 4908309
4908316 4908326
4908335 4908345
4908419 4908429
2933418 3467824
4908488 4908498
4908517 4908527
4908546 4908563
4908646 4908656
456794 1118217
4908713 4908723
2414335 3102038
4908773 4908783
4912718 4912729
4912807 4912817
186687 575883
1606688 2456625
4913207 4913219
4913264 4913274
287611 801820
83684 287622
287613 801839
4913287 4913297
283850 794696
4913324 4913334
3459339 3833444
4913366 4913376
4913444 4913456
4913533 4913543
81126 281904
4913562 4913572
4913582 4913592
4913635 4913647
4913705 4913715
780093 1566358
3131449 3607903
4913812 4913822
4913862 4913872
4913883 4913893
4913928 4913938
4913975 4913985
1993223 2763476
2000205 2769110
413672 1052301
4913999 4914009
4914069 4914079
758604 1541243
4914181 4914191
984011 1827832
583477 1301651
4914202 4914212
4914236 4914246
4914270 4914281
4914311 4914321
4914335 4914346
4914485 4914495
2800916 3373618
495191 1178325
4914512 4914522
4914703 4914713
4237275 4342760
1959873 2730862
4914731 4914741
236604 721656
4914757 4914768
4914759 4914786
120300 391553
391544 1001998
3118113 3597593
2197079 2933410
4914796 4914806
1583709 2441927
4914832 4914842
533632 1246715
4914854 4914864
4914928 4914938
4914947 4914957
4914975 4914985
4915026 4915036
4915048 4915060
4915146 4915157
4915148 4915174
4915196 4915206
4915308 4915318
4899794 4899821
2197080 2933432
2933420 3467841
4915327 4915337
4915347 4915357
813279 1615747
2323017 3026895
2323018 3026911
113606 370719
1148760 2019490
4915389 4915399
419317 1059066
4915417 4915427
4915437 4915447
4246 41843
1979901 2752980
4915846 4915857
4915941 4915951
4915978 4915988
1483039 2350713
287674 802029
4469465 4503879
2896317 3439359
4916808 4916818
2153239 2896327
4916830 4916840
4916851 4916861
4916868 4916878
4916898 4916908
989321 1835100
1413339 2285029
4916944 4916954
2055983 2815412
4916987 4916997
2330161 3032538
4917008 4917018
4917042 4917052
1441013 2309739
4917096 4917106
4917124 4917134
4917147 4917157
1006632 1857074
287651 801929
83686 287664
287653 801946
4917191 4917201
776881 1562004
2476589 3151362
196997 592498
4917233 4917243
3107498 3590039
84463 289964
1579944 2438802
2438793 3120832
141334 445109
4917280 4917291
985641 1832527
4917377 4917387
4917400 4917410
4917419 4917429
158766 499049
4917440 4917450
3223936 3674756
3223937 3674772
3223938 3674789
2587727 3223948
2109038 2858547
4917591 4917601
1006633 1857091
4917658 4917668
120301 391571
1212371 2088412
369302 969280
239700 727079
239701 727101
1072827 1934553
4917835 4917845
4913637 4913667
4913638 4913685
446083 1098441
4917855 4917865
239702 727121
83779 287907
1212372 2088431
4917876 4917887
4918032 4918042
801811 1593822
2162561 2902753
35524 141077
4918081 4918091
1543993 2404261
4918111 4918121
4918136 4918146
4918154 4918164
4918172 4918182
4918191 4918201
2330162 3032555
4918208 4918218
369255 968826
369256 968845
4918239 4918249
2881548 3428782
4918270 4918281
82401 284817
141086 443729
4918309 4918319
284805 795703
81043 281487
35525 141101
141088 443750
443741 1093093
4918329 4918339
4918352 4918362
576922 1293153
721611 1482012
3641894 3954748
1051908 1914619
4918374 4918384
2835411 3396605
4918424 4918434
4918507 4918517
4918552 4918562
4918619 4918629
4918666 4918676
35526 141118
3979243 4168395
4918951 4918961
36265 142854
3815938 4058023
4918990 4919000
1482484 2350153
4919039 4919049
4919058 4919068
1046734 1908763
4089628 4239374
4919080 4919090
1100096 1970399
1183364 2056123
4919116 4919126
4919138 4919148
4919158 4919168
4919178 4919188
592519 1327017
196999 592529
4919198 4919208
2160227 2900873
3044239 3545478
4021034 4195806
2850651 3407680
1183380 2056166
1183381 2056184
3054593 3552414
3054594 3552430
4919241 4919252
4919243 4919266
4919273 4919283
4919293 4919303
1527496 2386549
1472350 2340976
4919330 4919340
4919358 4919368
4919375 4919386
4919526 4919536
4919548 4919558
4919567 4919577
4919591 4919602
4919628 4919638
106497 350623
1046735 1908778
807770 1609555
576674 1292804
441438 1089164
4919688 4919698
4919711 4919721
197000 592545
4919772 4919783
4919841 4919853
4919843 4919870
4919918 4919928
4919949 4919959
2936484 3470291
3470282 3843285
1045751 1907942
4919967 4919977
1045752 1907957
35528 141151
4919983 4919993
4920007 4920017
81044 281508
4259886 4354300
281476 790214
4920024 4920034
4920045 4920055
4920068 4920078
1269602 2146012
4920087 4920097
4920135 4920145
4920154 4920164
3893111 4113053
4920200 4920210
4920303 4920313
4920322 4920332
4920339 4920349
4920366 4920378
4920733 4920743
4921225 4921237
4921227 4921254
4921228 4921271
4921319 4921329
3621793 3943338
4921341 4921351
1212373 2088449
808084 1610212
2088422 2842352
4921361 4921371
83780 287926
4921378 4921388
190131 583489
4921422 4921432
413190 1051822
1051813 1914480
4921442 4921452
4921499 4921509
446644 1100064
1327157 2199016
197001 592565
583479 1301669
4921532 4921543
1970062 2741789
4921674 4921684
2162562 2902788
573911 1289339
2398569 3090109
592327 1326693
3046725 3547592
4089470 4239265
4921698 4921708
190132 583506
3076186 3566213
4921717 4921728
4921774 4921784
4921791 4921801
4921808 4921818
83687 287686
83688 287706
287676 802047
81045 281526
84495 290165
583480 1301685
4921853 4921863
2443963 3125829
4921875 4921885
1291752 2168908
1046736 1908794
4921902 4921912
4921924 4921934
4921962 4921972
4921983 4921993
576675 1292823
4922003 4922013
4922019 4922029
4922038 4922048
1293160 2170863
4922059 4922069
4922081 4922091
4922099 4922109
4922115 4922125
2729627 3320194
4922134 4922144
1079005 1940591
4922165 4922177
284806 795719
3547454 3892788
4922257 4922267
1297559 2176588
2176579 2914959
4922167 4922196
1630859 2477192
4922278 4922288
1752740 2575040
4922305 4922316
1093184 1958942
4922349 4922359
281477 790232
4922518 4922528
1826061 2635122
1826062 2635138
15882 81869
409020 1045623
4922589 4922599
1486321 2353805
1093776 1959779
197279 593327
4922615 4922625
742620 1514163
755550 1537605
4356555 4420840
245056 733583
250320 741447
112837 368979
3208709 3664410
370736 970777
4922701 4922711
4922751 4922761
57886 236968
4922786 4922796
1045753 1907975
576676 1292838
576677 1292854
742588 1514043
4919844 4919888
4922809 4922819
3547456 3892817
15804 81649
15805 81664
3547457 3892837
2742633 3335368
2398852 3090328
1543994 2404279
4922168 4922212
1183382 2056202
3327307 3745921
3327308 3745938
3327265 3745786
3327266 3745808
3482222 3850666
4922878 4922889
3621794 3943355
3621795 3943372
3621796 3943388
3621797 3943404
4922971 4922981
4922997 4923009
3547459 3892868
1705582 2536020
4411141 4459596
4411142 4459612
4411143 4459629
4923588 4923599
4923633 4923643
4923652 4923662
3547460 3892885
3442743 3818104
1543995 2404296
4917695 4917720
3207800 3663846
1402575 2276983
4924066 4924076
2162563 2902807
4191407 4310316
4924159 4924169
4924187 4924197
4924240 4924250
4924307 4924318
4924416 4924426
4924471 4924481
592489 1326987
573912 1289357
795728 1585637
4923590 4923616
4924505 4924515
197003 592597
1630860 2477209
4924558 4924568
21 175
576478 1292369
4924667 4924678
4925022 4925033
4925064 4925074
4925082 4925092
409104 1045765
4925103 4925113
3547462 3892912
3547463 3892926
3547464 3892940
4913446 4913473
1045611 1907770
1045612 1907789
4925139 4925149
197259 593271
4925196 4925206
2159665 2900438
446647 1100106
4925276 4925286
794350 1584200
2568259 3207747
267975 769657
4925297 4925307
1104703 1976689
1740243 2570477
4925326 4925336
4925362 4925373
790205 1578103
287715 802140
140728 441096
4191408 4310338
2162564 2902828
2398570 3090125
1538875 2398587
1538873 2398559
1950688 2724212
202989 609418
4925810 4925820
4925839 4925849
4925862 4925872
81131 281982
35530 141195
4925908 4925918
2162565 2902849
3819514 4060819
4925930 4925940
4925948 4925959
4926776 4926786
4926804 4926814
4926852 4926862
1981157 2754490
4901636 4901666
4901637 4901683
1090519 1954955
4926876 4926886
409021 1045643
4469597 4503976
4926894 4926904
4926917 4926927
4927041 4927051
3470504 3843430
4927109 4927119
4927180 4927190
4927315 4927325
4927342 4927352
3087887 3575351
4927360 4927370
4914020 4914038
4914021 4914054
1045613 1907806
1045614 1907824
4927415 4927425
4927476 4927486
4927580 4927590
4927601 4927611
4927659 4927669
4927746 4927756
1183383 2056218
576678 1292869
4927769 4927779
1183384 2056236
4927944 4927954
2742713 3335483
366533 964467
4927963 4927973
3606769 3930534
2609561 3240754
808497 1610777
808498 1610794
4928018 4928029
4928077 4928088
4928079 4928105
4928229 4928239
4928020 4928048
812827 1615130
2742634 3335385
2742635 3335401
141243 444804
281368 789617
281369 789634
4928251 4928261
4928277 4928287
4924097 4924123
19904 112613
2087969 2841658
2087970 2841675
4928453 4928463
284807 795738
932450 1756734
4928563 4928575
4928632 4928643
4928634 4928659
4928668 4928679
4928808 4928818
4928828 4928839
2197081 2933449
2162566 2902868
4928985 4928995
4929023 4929033
3995195 4180651
1740244 2570494
4929071 4929081
4929112 4929122
2742714 3335501
2742715 3335520
3812216 4055906
4929130 4929141
190134 583534
1615236 2465153
2398853 3090347
4344053 4411914
4929190 4929200
2551728 3199306
3087888 3575371
3087889 3575390
81049 281584
281575 790766
35533 141253
795177 1584851
84627 290686
141089 443765
3265522 3706438
3706428 3995138
3706429 3995154
4929231 4929247
4929478 4929489
4929518 4929529
4929557 4929567
3521641 3876795
4929575 4929585
4929625 4929635
4929729 4929740
4914337 4914364
512107 1207321
4929763 4929773
452256 1110375
4929895 4929906
83689 287725
3876588 4103437
4930029 4930039
81050 281602
3107934 3590330
2797571 3371320
2797572 3371338
4919377 4919402
4930092 4930102
3327286 3745873
4930126 4930136
4930162 4930172
197005 592634
4930190 4930200
443774 1093117
141090 443785
4930224 4930234
57887 236984
4930245 4930255
370738 970808
4930262 4930272
4930327 4930337
3547466 3892966
4930345 4930356
4930415 4930425
4930589 4930599
1093788 1959842
446649 1100138
1462488 2332478
4930744 4930755
446650 1100156
281370 789651
1959894 2730915
2824345 3389986
3818969 4060456
4930840 4930853
1667252 2506522
2506513 3174590
4931106 4931116
18125 91841
4931139 4931149
3051774 3550672
3327288 3745900
3327267 3745828
4913447 4913490
4931159 4931169
3892779 4112480
4931176 4931186
4931231 4931241
397828 1006643
287749 802306
83691 287760
287751 802323
968613 1807798
4931260 4931270
2938649 3472183
4931295 4931307
3087874 3575291
3292709 3722878
3663854 3966987
3207801 3663866
3663879 3967087
3207802 3663889
4931371 4931381
197006 592654
4931471 4931481
4931491 4931501
4931587 4931597
368456 967252
19905 112633
4931629 4931639
4931687 4931698
4931861 4931871
1258037 2135430
81051 281625
4932093 4932104
4932130 4932140
1734099 2568270
1246688 2125911
4932153 4932163
4932173 4932183
4932194 4932204
4932217 4932227
3532215 3883662
3207803 3663906
4919774 4919800
4932237 4932248
2933326 3467732
3467718 3841212
3467719 3841230
3467720 3841250
3467721 3841269
3467722 3841288
1328398 2200453
2200443 2938609
4932417 4932427
2200444 2938629
795746 1585661
1045634 1907864
1650527 2493098
283506 794302
4932433 4932444
1826063 2635153
2350490 3047263
3715199 4000034
283507 794321
4932473 4932483
3547468 3892997
4932529 4932539
4932547 4932557
4932601 4932613
4143445 4280360
4143446 4280380
4932861 4932871
1645237 2487832
4932877 4932887
4933088 4933098
4933110 4933120
3447660 3821685
4933134 4933144
4933206 4933218
4933304 4933314
4933338 4933348
4899975 4900003
3398651 3791798
4933521 4933531
4933542 4933552
397829 1006663
1537487 2396299
4933585 4933595
4933606 4933616
4933663 4933673
4933736 4933746
4933803 4933814
81133 282014
4933843 4933853
4933880 4933891
4933882 4933904
743462 1518686
3211475 3666030
1578753 2437392
4933987 4933997
369257 968863
112838 368998
4363079 4425641
4934023 4934033
4934056 4934067
409856 1046548
4934104 4934114
4917897 4917942
4917898 4917961
1139447 2010880
285205 796273
4934125 4934136
1139448 2010899
1139449 2010918
4934170 4934181
4934172 4934200
4936571 4936581
3893112 4113071
4936588 4936598
4936682 4936692
236605 721673
4936700 4936710
4936721 4936732
576679 1292886
4936813 4936823
4934127 4934153
35535 141287
4936833 4936843
4936858 4936868
790223 1578132
3527013 3880395
4936875 4936886
4936941 4936951
1139450 2010938
1207287 2083749
1207288 2083766
173087 533961
1606689 2456642
2456633 3135522
1578492 2437277
4937061 4937071
4937082 4937092
533633 1246734
44217 187099
142825 449537
4937123 4937133
1495831 2360934
4937147 4937158
44218 187118
4937190 4937200
4937213 4937223
497658 1183237
4931297 4931326
4937243 4937253
4937264 4937274
369258 968885
4937283 4937293
4937304 4937314
4937339 4937349
4937381 4937391
4937408 4937418
1959861 2730845
4937430 4937440
4937473 4937483
4937493 4937503
4937520 4937530
4937555 4937565
4937572 4937582
4937588 4937598
4937611 4937621
4937650 4937660
84575 290504
4934058 4934088
4937731 4937741
4929233 4929265
4191409 4310357
84576 290522
533986 1248243
4937873 4937883
2188509 2927405
3728793 4007348
4938057 4938067
4938084 4938094
533988 1248273
4938195 4938205
4691944 4696014
4691945 4696030
189626 582950
369259 968902
4938224 4938234
4938258 4938268
4938276 4938286
533989 1248288
533990 1248304
1622029 2469880
2469871 3146731
4938332 4938342
4234235 4340367
4938349 4938359
1292893 2170642
2126560 2874617
576680 1292903
4938366 4938376
1207289 2083783
4938386 4938396
446651 1100175
4938409 4938419
4904855 4904883
4929234 4929286
4938431 4938441
4938452 4938462
1183385 2056253
3547469 3893015
2178206 2916617
4938623 4938633
44129 186678
1554322 2414612
4938675 4938685
66824 255405
592798 1327441
4938789 4938799
4938811 4938821
4929132 4929156
350612 936898
726968 1495864
277566 784510
4938872 4938882
290179 808364
2080957 2835421
4931298 4931343
2162567 2902887
3539770 3888611
4938889 4938901
2162568 2902908
2162569 2902925
3358049 3766889
2162570 2902957
4938989 4938999
2162571 2902976
4237276 4342779
4939092 4939104
2162572 2902995
4939295 4939305
4939319 4939329
4929897 4929924
592674 1327344
573913 1289376
1289367 2166860
4939344 4939354
4939372 4939382
4939397 4939407
4939438 4939448
4939471 4939481
4939500 4939510
1248233 2126552
4939519 4939529
4919593 4919617
4939543 4939553
284758 795601
4928830 4928859
4939561 4939571
1959889 2730899
4939580 4939590
4939601 4939611
4939634 4939644
1107805 1980179
1045755 1907992
4939668 4939678
4699 44841
350613 936915
4939746 4939756
4939781 4939791
4939819 4939830
4939889 4939899
4939918 4939928
3398653 3791818
4939963 4939973
322445 871865
4939999 4940009
4940103 4940113
522415 1227324
4940131 4940144
592030 1325556
4940346 4940356
4940133 4940161
4940134 4940177
4940135 4940192
4940370 4940380
4940561 4940573
3140874 3616758
4940653 4940663
4940671 4940681
4940563 4940592
4940705 4940715
4940738 4940748
4940775 4940785
4940793 4940804
3207804 3663922
4940877 4940888
4940946 4940956
4940993 4941005
3207805 3663942
4941138 4941149
1209127 2085144
4941231 4941242
4941233 4941261
4941315 4941325
4941505 4941516
4941507 4941532
4941541 4941553
4941543 4941571
4941696 4941707
4941698 4941724
4941733 4941743
4940879 4940905
4941752 4941762
81136 282061
4941772 4941782
445329 1096297
4941790 4941801
4941792 4941818
284808 795756
4941849 4941859
2616981 3246437
287135 799884
197008 592684
4941884 4941894
4941901 4941911
4941918 4941928
4941936 4941946
591996 1325498
4941954 4941964
1539182 2398882
4941971 4941981
576681 1292920
4905983 4906021
4942000 4942010
4942019 4942029
4942571 4942581
497659 1183258
871854 1687566
721784 1482256
369260 968920
4942590 4942600
4942619 4942629
4942640 4942651
4942677 4942687
369261 968939
936889 1767144
446652 1100192
4942714 4942724
812828 1615149
4942736 4942746
4942753 4942763
4942797 4942807
4942816 4942826
1224715 2102662
2507275 3175612
2507276 3175628
4942866 4942876
369262 968959
4942884 4942894
812829 1615168
812830 1615188
4942914 4942924
4942975 4942986
197009 592702
589802 1322357
4943354 4943364
4943413 4943424
197010 592720
533992 1248333
3466029 3839706
4943628 4943638
4943654 4943665
4943743 4943753
502754 1192283
4943768 4943778
1804802 2616991
4943826 4943839
4943922 4943932
3895246 4114015
3895247 4114033
4943947 4943957
3895248 4114051
3895249 4114069
4943965 4943975
4943988 4943998
2642364 3264957
4943710 4943736
2051220 2810977
2810967 3379666
2051221 2810996
3379698 3778504
2810987 3379708
81137 282082
81138 282097
81139 282110
3715200 4000053
4944008 4944018
369263 968979
4944029 4944039
369264 968995
3124288 3601170
369265 969013
4944108 4944118
4944125 4944136
4944127 4944151
4944169 4944179
197011 592738
4939111 4939168
4944240 4944250
721647 1482106
4944292 4944302
808355 1610508
4944320 4944330
1103026 1974110
4944339 4944349
4944371 4944381
4944421 4944431
1259125 2136563
4944522 4944532
4944542 4944552
2350704 3047385
4944590 4944601
4944632 4944642
433817 1080747
950558 1781473
4944656 4944667
4944986 4944996
964458 1804347
1100166 1970518
84594 290564
522416 1227343
3686678 3981899
3686679 3981919
3686680 3981936
4905984 4906039
4945010 4945020
4945089 4945099
1781464 2598180
1750560 2574257
4915050 4915081
4191410 4310375
4945113 4945123
409022 1045661
4945132 4945142
444266 1094090
444267 1094107
4945150 4945160
4945170 4945182
4945172 4945203
4945268 4945279
4945270 4945297
4945351 4945361
4945372 4945382
4945391 4945401
4936723 4936750
4943671 4943701
4945413 4945423
4112524 4258988
2529052 3188247
4945431 4945441
4945451 4945461
4942642 4942668
1750534 2574211
1045756 1908007
874247 1690770
2858537 3411569
4945627 4945639
4945629 4945657
409060 1045700
141650 446734
4945723 4945733
3218917 3671646
4945630 4945674
4922928 4922957
4939094 4939122
4945765 4945775
409023 1045679
4945784 4945794
3124290 3601199
4945803 4945813
4945882 4945892
4924309 4924338
3821693 4062687
4945917 4945927
586263 1317431
4945934 4945944
274849 780103
4945953 4945963
197012 592755
4945971 4945981
4946003 4946013
4946032 4946043
4946034 4946061
4946084 4946094
4946111 4946123
2442598 3124569
4946222 4946232
1734002 2568113
81140 282125
4946296 4946307
3400897 3793529
3107935 3590349
4946624 4946634
4946647 4946657
742417 1513201
4946690 4946701
502791 1192412
4946732 4946742
969203 1808536
19909 112694
4946759 4946769
4946780 4946792
3210514 3665390
3335531 3752349
3335532 3752365
4946895 4946905
4946919 4946929
4946949 4946959
4946975 4946985
4947155 4947165
4947176 4947186
4947203 4947214
3663818 3966934
3606745 3930458
1970509 2742314
4947273 4947283
19910 112714
4929235 4929304
3192212 3649891
4947317 4947327
2160228 2900891
4929236 4929323
81053 281661
1001989 1851329
19911 112731
4947391 4947401
3371424 3774403
4947408 4947418
4947427 4947437
3649880 3959918
4947764 4947774
19912 112747
3821694 4062701
4947802 4947812
4913209 4913237
161973 511335
3371425 3774421
4947823 4947833
4947843 4947853
4947879 4947889
4947903 4947913
19913 112762
519812 1221292
4947934 4947944
4947958 4947968
84503 290189
4947978 4947988
4947998 4948008
4948026 4948036
2332389 3034444
3130607 3606757
4948062 4948072
4948079 4948089
4948100 4948111
4948102 4948125
1100147 1970487
4948147 4948157
4948179 4948189
4915051 4915103
19915 112807
2181910 2919690
141361 445339
369266 969032
4948219 4948232
4913210 4913253
4922999 4923027
4923035 4923082
522417 1227364
902891 1712252
4948316 4948326
3606747 3930475
522418 1227383
522419 1227402
1056260 1917711
1056261 1917730
4948337 4948347
4948362 4948372
4948381 4948391
3895656 4114486
1539183 2398902
4948400 4948410
1667351 2506667
4948423 4948433
4948447 4948457
4077131 4231313
3585987 3917746
4077132 4231331
4923000 4923045
4948466 4948476
4354095 4419228
4948486 4948496
3425755 3807824
4060708 4217750
4077133 4231349
197013 592771
4948505 4948515
3976672 4166579
2162573 2903013
2162574 2903033
1667331 2506641
4354096 4419246
1667253 2506542
4077134 4231367
3428773 3809701
4948527 4948537
4060014 4217189
4060016 4217210
286470 799091
197014 592789
4948549 4948559
4948567 4948577
4948586 4948596
4948607 4948617
4948629 4948640
4948671 4948681
4948694 4948704
4948719 4948729
3686681 3981953
4937149 4937174
592447 1326915
3888602 4110404
2506632 3174656
1293083 2170772
1293080 2170756
4948631 4948658
2162575 2903055
4060709 4217768
3087890 3575407
1415748 2288649
4948744 4948754
4948763 4948773
852864 1667264
852865 1667283
3087931 3575489
4948785 4948795
283570 794343
4948817 4948827
756107 1538791
369267 969053
4905985 4906059
1097364 1964456
4948875 4948885
4945173 4945223
4920368 4920399
4920369 4920420
1667274 2506587
4948897 4948907
1462489 2332500
4904151 4904179
613430 1351642
15892 81990
4948921 4948931
4948961 4948972
4949079 4949089
4949101 4949111
973981 1816307
19916 112826
3087891 3575423
4949120 4949130
1993224 2763496
4906514 4906541
1650281 2492952
1328399 2200474
2162576 2903072
4949139 4949149
1209128 2085165
4949160 4949170
2838915 3399091
4949195 4949205
1398853 2273849
4949217 4949227
4949246 4949256
4949266 4949277
4949268 4949294
140850 441826
2933327 3467750
3087875 3575310
4949303 4949313
3087943 3575605
3087876 3575331
4949328 4949338
4943828 4943856
4949353 4949364
4949394 4949404
446962 1100909
290495 808750
236606 721691
3102028 3586117
3102029 3586137
287896 802422
1227314 2105932
4949425 4949436
4949607 4949618
4949660 4949670
4949687 4949697
4949609 4949635
4949707 4949717
197015 592808
2936647 3470400
3470390 3843348
2734398 3324335
704101 1462501
2430700 3114151
3087892 3575442
4949838 4949849
3686682 3981971
2162577 2903090
4342348 4410714
2162578 2903107
2162579 2903124
2162580 2903142
2162581 2903161
2398571 3090143
2162582 2903179
2162583 2903198
4949881 4949891
1538448 2397632
3912854 4125526
2938598 3472090
2162584 2903214
3090360 3577861
2797573 3371357
4930842 4930875
4949915 4949926
4950010 4950020
4950170 4950180
4950191 4950201
2442424 3124318
2162585 2903233
3470391 3843368
852866 1667300
2398855 3090371
1538449 2397650
3358050 3766908
852867 1667320
852868 1667341
852869 1667361
4950295 4950305
1525825 2384142
2422250 3107946
1434209 2304496
3443011 3818376
3442744 3818121
3442745 3818139
2332467 3034512
3034502 3539760
2797574 3371375
2902819 3443850
3087932 3575506
4950420 4950430
4925024 4925051
4906758 4906785
4931427 4931460
4950457 4950467
774264 1559051
4950495 4950505
4950517 4950527
1751795 2574912
2085135 2838925
4950551 4950561
4950579 4950589
4950611 4950621
4950643 4950653
2170747 2911812
4950690 4950701
3938984 4143456
2162586 2903249
4950755 4950765
4950779 4950789
4950805 4950815
3550489 3895259
4950825 4950835
4950845 4950855
824061 1632316
3447661 3821704
3447662 3821720
1970760 2742725
802112 1594171
4950967 4950977
4951005 4951015
970798 1810131
2199213 2936718
4951028 4951038
4951069 4951080
2162587 2903269
4951130 4951140
4906759 4906801
4951203 4951213
4951222 4951232
4951284 4951294
4142952 4280119
4951320 4951330
4951338 4951348
2160229 2900909
2160230 2900928
2160231 2900947
4951390 4951400
3912855 4125547
1090521 1954985
522420 1227421
3315756 3738554
4190498 4309832
822411 1629790
4951866 4951881
4951868 4951899
4951869 4951915
721628 1482055
295083 816248
4952321 4952331
4952338 4952348
4952355 4952365
4952373 4952383
4952395 4952405
4952462 4952472
197016 592829
3223973 3674825
4077135 4231387
1162773 2034410
4231378 4338825
4952506 4952516
4952524 4952534
4952542 4952553
2427986 3112071
4952595 4952605
4952614 4952624
4952648 4952659
2170609 2911743
783557 1570090
4952744 4952754
4952776 4952786
926994 1734012
1227355 2105986
4952798 4952808
4952828 4952838
4952854 4952867
4952897 4952907
4952916 4952929
4953175 4953185
4953953 4953963
4953977 4953988
2936648 3470420
3663779 3966838
4947205 4947232
4954055 4954069
1462414 2332380
4954492 4954502
290397 808518
4953979 4954006
4954522 4954533
4954524 4954551
4954633 4954643
4954651 4954661
2160232 2900967
3527014 3880412
4952544 4952571
4954677 4954687
4954733 4954743
1538622 2397778
4948221 4948252
4948222 4948270
4954752 4954763
4954894 4954905
4954935 4954945
4955065 4955075
4948223 4948286
4955679 4955689
4954754 4954782
4955703 4955713
4954896 4954923
19917 112851
4955728 4955739
4955763 4955773
4955808 4955818
44130 186697
3686683 3981990
4955730 4955755
3188234 3647703
4955932 4955942
4043059 4207731
4955952 4955963
4955954 4955981
4936610 4936620
2160233 2900987
2160234 2901007
2595145 3230465
2160235 2901027
4955989 4955999
4956029 4956039
4956074 4956084
2570679 3210190
4956103 4956113
4956173 4956183
4956232 4956242
1750535 2574229
1072291 1934202
4956278 4956288
4933208 4933238
1209129 2085185
369268 969070
2185825 2923658
930231 1750545
4956356 4956366
4956403 4956413
4956420 4956430
522421 1227440
2162588 2903287
4956527 4956537
4956549 4956559
380770 989333
197017 592853
2160236 2901045
4956585 4956595
6151 55467
4956605 4956615
1615179 2465122
2160237 2901064
2160238 2901083
2160239 2901102
2160240 2901120
2775451 3358060
4956649 4956660
1358271 2232568
2775452 3358079
4956700 4956710
4956791 4956801
1977949 2751112
526679 1234830
2162589 2903307
4956860 4956870
4956878 4956888
3686684 3982008
4957178 4957188
2736782 3327335
369269 969088
4957215 4957225
743443 1518634
4957261 4957271
4957314 4957325
3766880 4029241
4957377 4957388
4954562 4954611
4933209 4933258
1049532 1911809
4957316 4957345
584583 1312364
4077136 4231405
3090545 3578014
2317217 3024222
4957494 4957505
4957544 4957554
4957577 4957589
2445521 3127194
4957688 4957698
4957708 4957718
4957746 4957756
4957963 4957973
4940583 4940643
4940564 4940609
4957998 4958008
4958131 4958141
4932603 4932632
2126002 2874154
4958167 4958177
4957579 4957607
4957580 4957623
4958219 4958229
4903154 4903184
4927799 4927829
969183 1808506
4958261 4958271
4958284 4958294
4958330 4958340
4903985 4904015
446654 1100224
4958363 4958373
4958382 4958392
4958445 4958455
4958732 4958743
4958734 4958761
4958781 4958791
369303 969297
4958958 4958968
2412280 3099857
4959024 4959034
4959043 4959055
4919879 4919908
1629708 2476579
1629709 2476599
369270 969108
4959154 4959164
369271 969125
369272 969144
369273 969159
4959402 4959412
1292359 2169674
84368 289819
4951870 4951931
4951871 4951947
754924 1536339
4959425 4959435
2579903 3218928
4959465 4959475
3130608 3606779
1629781 2476647
2936907 3470557
4959483 4959493
4929480 4929507
84473 289993
4959502 4959513
4959504 4959531
4959560 4959570
4929237 4929342
4959581 4959591
4959617 4959627
3130609 3606796
4959670 4959680
497661 1183292
2395950 3088187
2398856 3090391
4959763 4959773
4959788 4959800
2398857 3090413
2398858 3090432
4959934 4959944
2398859 3090452
4959966 4959976
4959990 4960000
4960014 4960024
2398860 3090472
2398861 3090494
2398862 3090514
2398863 3090534
2398864 3090555
1154650 2026585
2398865 3090574
2398866 3090596
1539086 2398790
4960051 4960061
4960110 4960121
4960129 4960139
3577852 3913297
1056147 1917608
4956651 4956680
4960148 4960158
849944 1664860
1292778 2170594
1829976 2636906
416677 1056273
2587728 3223965
2587729 3223983
1772582 2587740
2587731 3224001
4960196 4960206
4960219 4960229
1832762 2638910
197018 592871
4960237 4960247
4960277 4960287
4960296 4960306
4960323 4960333
2568261 3207765
4960348 4960358
4932604 4932651
4960398 4960408
4960418 4960428
4960458 4960470
4960559 4960569
4959064 4959109
4960579 4960589
4960605 4960615
4960626 4960636
4960661 4960672
4951872 4951962
4960880 4960891
4960918 4960928
110742 356445
4960952 4960962
4960975 4960985
4960996 4961006
4961019 4961029
4961074 4961084
812831 1615208
4961093 4961103
4961111 4961121
172956 533562
4961143 4961154
4961185 4961195
4961207 4961217
4961249 4961259
4961273 4961285
849945 1664878
4950692 4950717
713229 1472360
4961351 4961361
4936964 4936974
4961371 4961381
4961407 4961417
4961425 4961435
4961462 4961472
4961517 4961527
4961560 4961570
4961580 4961590
4961601 4961611
4961628 4961640
4961630 4961659
4961631 4961674
3601211 3927088
4961982 4961992
4962022 4962032
4962057 4962067
4962164 4962174
4237277 4342795
2839044 3399220
3399211 3792296
112705 368712
4962183 4962193
4962203 4962213
4962258 4962268
4962382 4962392
4962405 4962415
3893150 4113088
4962427 4962437
1056263 1917749
839520 1650537
4962460 4962470
727092 1496171
87379 297487
4962486 4962496
4962522 4962532
2579904 3218947
4962540 4962550
4962693 4962704
4962695 4962722
1056264 1917770
3498179 3857306
3857297 4089480
4962862 4962872
4962899 4962909
3532216 3883681
3087933 3575526
4962923 4962933
4946782 4946810
4963350 4963360
1006673 1857146
397830 1006683
4012625 4190508
4963397 4963407
378898 984619
1687574 2523647
2763459 3350182
4963415 4963425
2457862 3136265
4960882 4960908
4963434 4963445
4963436 4963462
4963510 4963520
4963529 4963539
4963546 4963556
1462491 2332521
4963576 4963586
1486876 2354397
4963599 4963609
4963619 4963629
4963640 4963651
2179115 2917321
4963678 4963688
4963713 4963723
4963738 4963748
4174979 4301689
4963802 4963812
4963642 4963668
376816 980179
4964055 4964067
4964057 4964084
4964058 4964099
4964211 4964221
1128508 2000215
4964245 4964255
4964263 4964273
766309 1550889
4964301 4964311
4964330 4964340
4964408 4964418
4964426 4964436
4964443 4964453
4964462 4964472
4964481 4964492
4964483 4964509
4964529 4964539
4964547 4964557
1959833 2730736
3938985 4143476
1810873 2622185
1645238 2487851
2162590 2903324
3087934 3575546
369274 969174
369275 969193
4964646 4964656
1058195 1919942
4964675 4964685
4112471 4258951
4475230 4508666
1100269 1970631
4964705 4964715
4964724 4964734
4964744 4964754
853370 1667823
4431866 4475240
2736783 3327355
4901263 4901287
4964764 4964775
4964798 4964808
3938986 4143497
4964875 4964886
4964877 4964903
141694 446879
2824346 3390005
446870 1100735
1060796 1922381
4964919 4964929
3087935 3575566
4964947 4964957
4964965 4964975
4964999 4965009
970799 1810147
4965025 4965035
4965041 4965051
3938987 4143518
3090609 3578061
22 198
4965069 4965079
2160241 2901143
3938988 4143539
2763460 3350200
2763461 3350216
2763462 3350232
2763463 3350247
2763464 3350264
2763465 3350280
2763466 3350295
2763467 3350311
2838442 3398741
3442746 3818156
3107937 3590367
4965158 4965168
4965182 4965192
3575342 3910486
2130493 2877775
18126 91862
1829977 2636923
4965292 4965302
4965310 4965320
3880365 4105736
4965328 4965338
812832 1615227
4965347 4965357
4965370 4965382
4965372 4965398
4965637 4965647
4965665 4965676
84518 290307
4965706 4965716
4965727 4965737
412942 1051439
4965745 4965755
4965765 4965775
4965797 4965807
4241402 4345395
4965815 4965826
4965817 4965844
84519 290326
726217 1495256
4965904 4965914
3463844 3835943
4944499 4944512
4965966 4965976
4965987 4965997
4966011 4966021
3079391 3569024
83692 287779
4966030 4966040
4966055 4966065
4345385 4412890
4966102 4966112
4345386 4412912
4966133 4966143
4496813 4525329
4460775 4496800
4412880 4460785
3966996 4160704
4966160 4966171
4966162 4966190
4966216 4966226
803526 1603001
4525340 4547919
4412903 4460833
4496814 4525350
4966236 4966246
4904457 4904484
2162591 2903344
2332489 3034572
4412881 4460806
4966281 4966291
4460797 4496825
4015924 4192156
4966312 4966322
4966337 4966347
4903932 4903960
1539184 2398921
4966356 4966368
4966676 4966686
4966697 4966708
4966699 4966725
4966358 4966388
2398867 3090621
3090713 3578165
4966768 4966778
4903933 4903978
4966864 4966874
4966922 4966932
1690761 2525343
3471495 3844207
801830 1593842
4966944 4966954
4966399 4966450
4966968 4966978
4967029 4967040
4967071 4967081
2332490 3034592
369276 969213
4966400 4966471
4966401 4966491
4966402 4966511
3090362 3577882
4966403 4966532
2162592 2903364
4967105 4967115
2643236 3265532
576682 1292936
4967031 4967058
3370380 3773604
4967128 4967138
4967197 4967207
3087292 3574661
4967305 4967315
586094 1316993
2601292 3234846
4967354 4967364
4967386 4967396
4967434 4967444
4967459 4967469
18127 91879
2449438 3129578
4967521 4967531
4967553 4967563
4967570 4967580
4967615 4967625
4967646 4967656
4967662 4967672
4967680 4967690
4967700 4967710
2902878 3443884
4967840 4967850
590076 1322820
4967858 4967868
4967913 4967923
4967941 4967951
4967982 4967992
4721983 4723876
4968002 4968012
672912 1415758
4968051 4968061
3370381 3773624
4267516 4359098
1770967 2585277
4968097 4968107
1213 15914
4682614 4687180
4930843 4930895
2469891 3146762
4968122 4968132
4968141 4968151
3930565 4137623
3107499 3590059
2159666 2900457
2506533 3174612
4968159 4968169
4968254 4968267
4968335 4968351
4968337 4968370
4968338 4968388
4968339 4968404
4968340 4968420
4968341 4968438
4968342 4968457
369012 968301
4968503 4968513
573914 1289393
2398868 3090643
2398869 3090662
4968525 4968535
3912856 4125568
3912857 4125587
4968569 4968579
119172 380895
4954057 4954089
4968588 4968598
4968605 4968615
4954058 4954111
2797575 3371395
2938599 3472108
3188235 3647721
4968638 4968648
2736784 3327377
4968659 4968669
141091 443803
4968683 4968693
4968703 4968714
4968705 4968732
4968773 4968783
2736785 3327397
4968807 4968817
3130610 3606815
3806887 4052385
4968828 4968838
4965667 4965694
4968868 4968878
4968925 4968935
4968256 4968283
4664708 4670490
3649881 3959936
4968982 4968992
4901264 4901307
4969001 4969012
4969145 4969155
4969178 4969188
4968257 4968301
4932435 4932464
573915 1289414
1289405 2166907
2585268 3222282
4969209 4969219
4954059 4954131
4969227 4969237
45747 197270
4946113 4946142
1538782 2398503
4949917 4949944
2797576 3371413
4930906 4931031
2398870 3090683
2398871 3090703
4969280 4969290
45748 197289
1298655 2178216
3439348 3815912
512709 1208017
195657 590223
2398872 3090723
4969340 4969350
4077137 4231424
2461749 3140906
3532217 3883701
3034503 3539780
2332468 3034532
4969361 4969371
4658548 4664699
4658549 4664718
3922668 4131705
3140875 3616773
1098431 1965249
4060017 4217227
4969413 4969423
4969472 4969482
1006692 1857166
397831 1006704
1006694 1857182
1006695 1857199
1826065 2635182
3218919 3671665
1759598 2579914
4969519 4969529
4930865 4930960
581825 1299518
4969589 4969599
2398873 3090744
4969638 4969648
4969660 4969670
4969683 4969693
1227315 2105949
3090611 3578080
4957396 4957435
4969731 4969741
4969757 4969768
4969759 4969784
3439349 3815929
368644 967726
3577554 3912843
4525360 4547947
936354 1766817
355271 950710
4060018 4217247
1854084 2655300
1757920 2578481
4077138 4231444
777533 1563712
4060019 4217267
4969860 4969870
4143509 4280407
4932095 4932122
734563 1505927
4969907 4969917
4970283 4970293
4060020 4217287
1391597 2264996
2917965 3457721
4970337 4970348
4970383 4970393
4496816 4525370
4970423 4970433
4970513 4970523
378900 984648
4970539 4970549
4085698 4237287
2814949 3382932
4970580 4970590
4970599 4970609
4525320 4547894
1750488 2574165
4970627 4970638
1552343 2412271
1622030 2469902
4970684 4970694
4970629 4970656
4970729 4970739
4952650 4952678
4970756 4970766
1486322 2353824
4970817 4970827
4970844 4970854
2574202 3214657
4970873 4970883
4970894 4970905
4970896 4970923
176977 544854
4930866 4930981
4970939 4970949
4970956 4970967
4914272 4914300
2264987 2985356
1748537 2573086
4971071 4971081
4971091 4971106
4971092 4971121
4971093 4971135
3880385 4105774
3880386 4105789
1752741 2575057
2881549 3428799
4971169 4971179
2574155 3214608
722357 1483049
4971444 4971454
127672 413628
4930746 4930774
2308988 3019244
590077 1322836
573916 1289433
4971465 4971475
4971482 4971492
4949355 4949380
4971503 4971513
4971526 4971537
3663856 3967006
4971736 4971747
4971738 4971766
4971850 4971860
984012 1827852
4971877 4971887
4971900 4971911
3912858 4125606
1059057 1920783
2574156 3214627
285207 796304
141387 445380
1650282 2492971
1780017 2595791
4971999 4972009
2535917 3192222
1080843 1942173
172802 532976
1462492 2332543
2332491 3034611
4972015 4972025
3663857 3967027
4972043 4972053
4972072 4972082
4921534 4921562
4971902 4971931
3527009 3880376
4972154 4972164
4972191 4972201
4972209 4972219
4972236 4972246
4972257 4972267
4972279 4972289
4972300 4972310
4963370 4963381
287897 802440
1440437 2308998
2122482 2870067
287898 802460
4972337 4972347
3926966 4134137
2332469 3034550
4972485 4972495
3930573 4137679
3130611 3606835
4972503 4972513
4972570 4972580
2332534 3034651
4972622 4972632
4972653 4972663
4972728 4972738
3398654 3791836
4972799 4972809
1007459 1857521
4972840 4972851
4972897 4972907
4972962 4972972
4972986 4972996
4973052 4973062
4973114 4973124
4973168 4973178
4973195 4973205
4973245 4973255
4973265 4973276
4973357 4973367
293632 812848
4973495 4973506
4973497 4973523
989323 1835118
3912859 4125628
4973610 4973622
4973612 4973640
4973613 4973656
4973689 4973701
4973691 4973719
4973692 4973735
4973664 4973681
4973267 4973295
4913481 4913511
4961145 4961171
3034562 3539819
4973880 4973890
4973923 4973933
4077139 4231464
781007 1567339
3959909 4155886
3912860 4125651
81056 281708
4973944 4973954
4973963 4973974
4974007 4974017
3398655 3791855
4974048 4974058
4974195 4974206
4915848 4915877
512710 1208034
2034400 2798435
4974299 4974309
4974330 4974340
4974350 4974360
4974368 4974378
4289294 4374806
4970977 4971010
4974391 4974401
4974424 4974434
4974451 4974461
4974470 4974480
4974540 4974550
4974576 4974586
4974596 4974606
4289295 4374821
4289296 4374835
3590321 3920767
3454133 3830656
4922899 4922938
2162593 2903383
3087944 3575625
2487823 3160644
4974618 4974628
3880367 4105751
4974639 4974649
1538623 2397797
4974676 4974686
2441247 3123259
4974707 4974717
4974746 4974756
4974766 4974776
4974861 4974871
4970958 4970987
4974901 4974911
769667 1552354
4974932 4974944
4975085 4975104
4974934 4974960
4974935 4974975
2930415 3466039
4975120 4975134
4975327 4975337
4975353 4975363
4975370 4975380
4905423 4905474
290316 808451
592364 1326782
3606904 3930647
4975458 4975468
497662 1183309
4975476 4975486
3124557 3601314
3124558 3601334
3124559 3601349
81877 283580
2199193 2936678
2936729 3470478
4975499 4975509
755819 1538459
4217200 4327559
755820 1538478
4975552 4975563
4217201 4327577
4670480 4675999
1086699 1948757
4975698 4975708
4975766 4975776
2506617 3174637
290317 808468
281478 790251
4975814 4975824
4975841 4975852
802451 1594651
4975950 4975960
4975974 4975984
3777407 4034496
1965256 2735174
2569520 3208719
4976010 4976020
4976051 4976061
2934026 3468492
1611268 2461275
4976140 4976150
4976193 4976203
4971000 4971033
4971001 4971049
4976254 4976264
4976274 4976284
1327270 2199184
4954102 4954171
1327271 2199204
1327272 2199224
4954060 4954151
1327273 2199243
4976337 4976347
3738544 4012615
4976361 4976372
4976449 4976459
3989563 4174968
4976518 4976528
4976602 4976613
4976604 4976633
4976679 4976689
4976746 4976756
1827823 2636594
3912861 4125671
3912862 4125691
4976769 4976780
3989564 4174989
4125682 4267500
4125662 4267476
4976771 4976797
4976806 4976816
4976874 4976884
35439 140738
4976963 4976975
4977085 4977095
2397769 3089754
2397788 3089780
441087 1088693
448108 1102999
4977143 4977153
4002114 4184270
4977176 4977187
35540 141372
4977287 4977297
1587612 2444946
4977306 4977316
1322347 2193308
4977334 4977344
3865375 4094680
420751 1060400
35541 141397
4922307 4922335
4977385 4977396
871855 1687584
2199175 2936658
2199215 2936739
2199234 2936760
4977443 4977453
4977497 4977507
1950689 2724231
432707 1078984
1950690 2724249
4977519 4977529
3087293 3574679
4976965 4976993
4976966 4977008
3792286 4043297
2199195 2936698
2181911 2919706
4977615 4977625
4977638 4977648
4977741 4977751
4977814 4977824
3090612 3578100
2197375 2934036
4977933 4977943
232759 713104
4977962 4977974
2065979 2824356
4965373 4965416
3865376 4094697
4978038 4978048
4978062 4978072
2397581 3089587
2397582 3089605
4946132 4946189
4946133 4946205
3912863 4125709
432202 1077847
4978139 4978149
1496292 2361278
381746 990777
4978222 4978232
4978255 4978265
4978287 4978297
4958518 4958595
4958519 4958611
4978306 4978316
4978345 4978355
4977964 4977992
1098451 1965299
755662 1537930
141363 445358
2933421 3467857
2933422 3467871
2933423 3467885
4978388 4978398
586374 1317652
4978412 4978422
4978464 4978474
4978526 4978536
3087936 3575586
4978570 4978580
4929520 4929546
4978697 4978707
4180642 4303917
4978728 4978738
4978751 4978761
282088 792588
282073 792573
4952918 4952948
2354388 3051961
4936877 4936902
4978809 4978819
2160242 2901163
2160243 2901182
4978848 4978858
2160244 2901201
2160245 2901220
4901298 4901347
2724222 3315845
968739 1807968
1051429 1914004
1051430 1914026
1695400 2529062
1808527 2620346
4978910 4978920
1248420 2126819
1248421 2126834
3896142 4114854
4949840 4949869
4938891 4938919
4978953 4978963
4978974 4978984
4978992 4979002
4979089 4979099
3647694 3958567
4979109 4979119
4979194 4979205
3467723 3841305
4979309 4979319
4979359 4979369
3865377 4094714
4938892 4938938
4979383 4979393
4160899 4291702
4979420 4979433
4979422 4979451
4979423 4979466
4979424 4979482
4979512 4979522
4979545 4979555
4979583 4979593
4979196 4979225
4979616 4979626
4979635 4979646
281616 790878
4979783 4979793
3905772 4120349
4979971 4979981
3426363 3808130
3130612 3606855
3930592 4137756
4979989 4979999
1392466 2266144
4980027 4980037
4980053 4980063
4980145 4980155
3130613 3606875
3930610 4137776
4982035 4982045
2903392 3444070
2162594 2903403
4982067 4982077
4973965 4973992
4982089 4982099
2903394 3444087
4982148 4982158
4952919 4952964
4982167 4982181
4982317 4982327
4982334 4982344
1586149 2444754
4982169 4982203
4982170 4982223
4982171 4982240
4982172 4982256
4982358 4982368
4933444 4933505
4929238 4929361
4982479 4982489
4982513 4982523
4939113 4939185
4982531 4982541
3575362 3910522
4982568 4982578
3930566 4137641
4982611 4982621
4982651 4982661
3649882 3959954
4352999 4418201
4982816 4982828
4982818 4982847
4982884 4982894
1790118 2607273
4982953 4982966
1063461 1925705
4983048 4983058
4982955 4982986
4982956 4983003
4982957 4983019
4983080 4983090
4983120 4983130
4983206 4983216
4983240 4983250
4983261 4983271
1292360 2169694
2919681 3459349
3686685 3982026
590078 1322855
4983290 4983301
4960460 4960488
4960461 4960505
4903387 4903407
4983337 4983347
4932239 4932265
4983375 4983385
4983437 4983447
3458276 3832956
4983467 4983477
4983533 4983543
1606691 2456675
4983563 4983576
4971528 4971555
4983667 4983677
3188236 3647739
285208 796323
4983687 4983697
4983704 4983714
4983722 4983732
4983767 4983779
4983769 4983798
4983770 4983814
592382 1326801
3123364 3600382
4971408 4971430
4984395 4984405
112840 369022
4984416 4984427
4984418 4984446
4984489 4984499
4939095 4939138
3215889 3669599
4984557 4984567
3188237 3647757
4928670 4928699
4975554 4975583
4905405 4905434
2919489 3459086
4984597 4984607
4984638 4984648
4984678 4984690
4984757 4984767
4389641 4445079
4984823 4984833
4969003 4969030
4922880 4922909
2456666 3135564
4900919 4900940
4900920 4900958
4984897 4984907
4985017 4985027
4094274 4241765
4985069 4985079
4985113 4985123
4985216 4985226
4985250 4985260
3521642 3876811
4985269 4985280
4985304 4985314
4985271 4985296
1686915 2523016
4983292 4983320
430177 1074589
4985348 4985358
573917 1289452
3738545 4012635
4959045 4959074
4985470 4985481
4985472 4985498
4959046 4959093
4985509 4985519
4985535 4985545
218551 670374
218552 670392
2195603 2932418
1541030 2400791
1322348 2193327
4985610 4985620
4985676 4985686
4985832 4985842
769648 1552326
4985879 4985889
4985907 4985917
4985955 4985965
4985978 4985989
4985980 4986007
4986018 4986028
4986043 4986053
2162595 2903423
4948963 4948991
650056 1391710
650057 1391729
650058 1391749
4986161 4986171
2424058 3109492
1585628 2443973
4986181 4986191
2404252 3093501
4977965 4978009
1280624 2157478
4986272 4986282
1436507 2306067
4986295 4986306
4986297 4986325
2797577 3371435
989324 1835136
4986364 4986374
433897 1080853
186766 576006
4924669 4924698
4986389 4986399
4986410 4986420
15905 82034
3208935 3664536
4943415 4943442
4986469 4986479
4986489 4986500
3850657 4086066
4986529 4986539
785601 1571938
785350 1571613
1571603 2430371
4173763 4301059
4986549 4986559
4986491 4986518
214431 652525
75722 270450
3865378 4094732
197261 593291
3865379 4094751
2620285 3248912
3865380 4094770
4943829 4943874
297367 820866
4986892 4986902
4943830 4943894
650059 1391768
650060 1391788
650061 1391807
4986919 4986929
4970339 4970365
4987461 4987471
4987530 4987540
4987549 4987559
2920641 3460283
4138487 4276909
3840553 4080024
3751439 4021044
3638778 3952932
4987595 4987605
4953038 4953096
4987644 4987654
4987697 4987707
1851697 2653841
785351 1571633
4987727 4987737
745504 1524254
4789339 4789786
57888 236998
4987771 4987781
2903414 3444115
4987830 4987852
4987831 4987865
4987888 4987898
650062 1391829
808409 1610613
290246 808419
969099 1808460
4987909 4987919
4987970 4987980
4987994 4988004
4988038 4988048
4940795 4940822
4988058 4988068
447898 1102822
4988079 4988089
4988114 4988135
4988115 4988149
4988158 4988168
768880 1551839
4988232 4988242
141651 446753
4988282 4988293
4975843 4975872
4988383 4988393
4988403 4988413
584894 1314463
4988441 4988452
4988541 4988552
4988543 4988572
4988621 4988631
1317641 2188519
650063 1391850
1084703 1946850
4988671 4988681
1571604 2430392
4988701 4988712
650064 1391871
4988795 4988806
4925709 4925729
4077140 4231484
650065 1391892
650066 1391913
721577 1481961
3294917 3724266
4987832 4987878
721588 1481977
4957496 4957524
2724200 3315766
2724201 3315787
448109 1103016
2724202 3315804
4988888 4988898
4989021 4989032
4989023 4989052
3126877 3603983
4988703 4988731
278342 785361
4984680 4984707
4989107 4989117
3210181 3665140
4989442 4989452
4989465 4989475
4789777 4790235
650067 1391934
4989487 4989497
267976 769677
650068 1391955
2724203 3315823
573918 1289471
650069 1391974
4989557 4989567
4989593 4989603
4989653 4989663
4989679 4989689
2034401 2798455
3887713 4110027
141092 443820
4989887 4989897
3326684 3745395
775856 1560616
4989913 4989923
4989944 4989954
4989963 4989973
4989981 4989991
4990000 4990010
4990044 4990054
4944658 4944686
4990065 4990075
4990085 4990096
4990138 4990148
4990195 4990205
3188238 3647773
4990228 4990239
4976363 4976391
4990340 4990352
4990230 4990258
4990249 4990299
1102813 1973576
4990493 4990503
4990549 4990559
4206597 4320431
2273840 2994469
1298656 2178233
4990597 4990607
2994460 3510366
4990685 4990695
4990715 4990726
656535 1398863
4990795 4990805
4990342 4990373
4990863 4990874
4968258 4968316
4990977 4990987
4991120 4991130
4991156 4991166
4917282 4917309
4990865 4990895
4991234 4991244
1970063 2741809
1099949 1970123
593281 1328013
4991255 4991265
4239379 4344159
4941544 4941587
4942977 4943005
4991273 4991283
4991292 4991302
4991334 4991344
4991378 4991389
4983565 4983594
796295 1587622
4983566 4983613
4901224 4901253
4988356 4988366
4991454 4991464
2358622 3054945
4089622 4239359
3791941 4043083
4239350 4344124
4991470 4991480
4991490 4991500
4991516 4991526
4983567 4983631
4991553 4991563
4991597 4991607
4975863 4975901
593282 1328030
1101916 1972232
4991715 4991725
650070 1391994
4991748 4991758
4991778 4991788
4231475 4338863
4991806 4991816
353223 943289
1705583 2536038
892978 1705594
4991831 4991841
3023829 3532787
4991853 4991864
4991855 4991883
4992220 4992230
1778680 2595169
4992287 4992297
792326 1582748
4984681 4984724
2162596 2903443
4992437 4992447
2631210 3256338
4991380 4991406
532967 1245541
4992516 4992526
4992614 4992625
4992616 4992644
4992676 4992687
3843339 4082118
4992761 4992771
4992827 4992837
4992871 4992882
4992678 4992707
4990343 4990394
212826 648116
2936669 3470444
172803 532994
4992985 4992997
4993167 4993177
4992987 4993014
4992988 4993031
4993244 4993257
1209130 2085209
1664851 2504724
4993246 4993278
2523007 3185221
968344 1807587
4670481 4676015
140626 440534
3606748 3930492
702028 1460043
1326997 2198868
3571519 3908047
3956061 4153349
702029 1460063
4993431 4993441
3987581 4173773
4993247 4993299
4993483 4993493
721603 1481993
4993527 4993537
4993548 4993558
4993565 4993575
4168408 4296498
4993585 4993595
4993617 4993627
4993635 4993645
4993666 4993676
3954739 4152851
3130614 3606895
4993697 4993707
4993713 4993723
282052 792482
4993730 4993740
4993752 4993763
4993825 4993835
4993754 4993784
4966359 4966413
4899056 4899083
4902091 4902131
4993866 4993876
4993892 4993902
3398656 3791871
4994131 4994141
1935336 2710462
4990717 4990747
4929277 4929389
4992873 4992903
4994207 4994217
4994222 4994232
4994237 4994247
650071 1392015
4994252 4994262
4994279 4994289
4994327 4994337
4994366 4994376
1705585 2536059
4994390 4994400
140633 440768
4994424 4994434
4077141 4231503
4077142 4231523
3888651 4110423
3820760 4061829
4077143 4231543
4994444 4994454
4994490 4994500
588701 1320774
941309 1772592
4960663 4960690
1209131 2085231
1209132 2085253
4994538 4994549
4994651 4994661
4993248 4993320
1320765 2191263
2397623 3089641
2162597 2903464
4994723 4994733
771863 1554642
573919 1289488
1935337 2710483
3987582 4173794
1950660 2724160
3130615 3606914
2162598 2903485
3694762 3987592
3124560 3601366
3439350 3815948
1280901 2157749
2157738 2899094
2157739 2899115
3792287 4043315
2157740 2899136
4994775 4994786
4994862 4994872
4994951 4994961
4931689 4931717
4994975 4994985
2285020 3007015
4995011 4995022
4995013 4995042
1002133 1851707
1209133 2085274
4995058 4995068
4995078 4995088
4995266 4995276
4995296 4995306
4995328 4995338
4995387 4995397
2469893 3146780
1584191 2442608
4995418 4995429
4234210 4340339
4930844 4930916
3938989 4143560
3841241 4080484
3149046 3621821
1970096 2741834
4995577 4995587
3263903 3705234
2641224 3263914
3263905 3705253
166 1223
4925950 4925980
4959791 4959831
4994777 4994806
4995663 4995673
4995685 4995697
4995687 4995716
4995688 4995732
2349651 3046622
83693 287797
3601126 3926976
756687 1539194
3641089 3954388
816199 1620707
4995813 4995824
4995929 4995939
4995949 4995959
3210515 3665408
1609318 2458823
391590 1002143
4996026 4996036
1209134 2085294
4996286 4996296
2085244 2839054
285209 796346
3447724 3821801
112841 369039
112842 369058
4996306 4996316
2858538 3411586
4996325 4996335
4996388 4996460
4996389 4996478
4996390 4996494
4996391 4996512
1073906 1935347
4996638 4996648
35545 141468
4996392 4996529
4996716 4996726
4996749 4996759
4996768 4996778
3248903 3693316
4996791 4996801
1102989 1973963
1835172 2641234
1826068 2635227
4996838 4996848
4977387 4977415
4996942 4996952
592645 1327313
4996986 4996996
4997006 4997016
2935979 3470150
4997070 4997080
1140822 2012283
4961275 4961302
112685 368654
4997124 4997135
4997126 4997154
1209135 2085315
4997188 4997198
4270006 4360904
4997225 4997235
4928565 4928592
4997251 4997261
4997272 4997282
4928566 4928607
4997296 4997306
4260728 4354747
497663 1183331
3335376 3752295
4997382 4997392
4997401 4997411
1609319 2458843
796314 1587659
4997420 4997430
4917878 4917908
4997450 4997460
4997559 4997569
2126768 2874747
4997577 4997588
287677 802065
4997579 4997604
4997613 4997623
3547470 3893030
802413 1594618
4997643 4997653
4997674 4997684
4995420 4995448
4997700 4997710
4997835 4997845
4997855 4997865
4997876 4997886
2683398 3285629
4998154 4998164
2620286 3248929
727070 1496125
4998173 4998183
4952920 4952981
370739 970824
4998192 4998202
4998209 4998219
4998225 4998235
4114513 4259855
4995815 4995842
1121708 1993234
284508 795188
4940995 4941023
4998242 4998252
4998269 4998279
2625449 3253079
4988443 4988469
4998300 4998310
284011 794792
4998438 4998448
4940996 4941043
1311780 2184180
4961276 4961318
277567 784529
4998479 4998489
4077144 4231563
3938990 4143581
4077145 4231583
1529825 2388208
4998519 4998529
4998547 4998557
1529826 2388228
3663837 3966961
4077146 4231603
2797578 3371453
284509 795206
3777408 4034514
511536 1206574
4998609 4998619
4939821 4939849
4998654 4998664
4998708 4998718
4998738 4998749
369049 968334
4998740 4998770
2797579 3371472
4998955 4998965
4999197 4999207
4999308 4999318
3294918 3724287
795179 1584871
4999374 4999384
4999615 4999625
4999634 4999644
4999654 4999664
4999701 4999711
4912720 4912748
4999732 4999742
4999756 4999766
1209136 2085336
4999793 4999803
3777409 4034533
4974197 4974222
3687311 3982682
4999813 4999823
1481952 2349661
3777410 4034555
3377377 3777420
4999870 4999880
4999895 4999905
4999920 4999930
4999967 4999977
5000036 5000046
968836 1808161
5000085 5000095
5000147 5000157
5000195 5000205
5000325 5000335
5000379 5000389
5000475 5000485
3745046 4016613
5000531 5000541
4988797 4988827
5000573 5000583
5000649 5000659
5000693 5000704
5000824 5000834
5000695 5000726
1705485 2535927
5000850 5000860
5000875 5000886
5001000 5001010
5001081 5001091
1629506 2476271
5001128 5001138
5000717 5000773
5001169 5001179
1584247 2442629
4975122 4975153
5001216 5001226
4975123 4975174
4975124 4975195
5000877 5000908
4975125 4975216
5001251 5001261
5001310 5001320
5001357 5001367
5001378 5001388
5001431 5001441
5001480 5001490
3443897 3819227
3443898 3819247
3087893 3575459
3443899 3819267
3443900 3819287
5001526 5001536
4988284 4988313
5001547 5001557
3600373 3926461
5001571 5001581
5001600 5001610
5001617 5001627
5001636 5001646
1554187 2414345
4973377 4973391
287654 801962
287655 801980
2728119 3318882
5001677 5001687
3149047 3621840
871856 1687600
5001702 5001713
5001704 5001731
5001753 5001763
5001781 5001791
5001846 5001856
4972842 4972874
5001915 5001925
5002004 5002014
2938600 3472129
5002031 5002041
5002129 5002139
5002239 5002249
5002305 5002315
4946783 4946828
5002352 5002362
1902679 2683419
4977178 4977207
1064825 1928357
812834 1615246
5002502 5002512
3895657 4114504
4949427 4949453
4354097 4419262
35546 141487
4930347 4930375
350632 936956
807714 1609329
2181912 2919723
1566349 2425656
3547472 3893062
5002580 5002590
3547473 3893081
3547474 3893100
3547475 3893122
1196968 2073695
5002646 5002656
5002689 5002699
4946298 4946326
4905465 4905516
5002710 5002720
721786 1482283
4944592 4944619
3547476 3893139
3547477 3893160
1630861 2477226
5002744 5002754
1829978 2636940
5002827 5002837
5002889 5002899
5003019 5003029
3843245 4082074
4905425 4905495
5003041 5003051
5003060 5003070
4114514 4259878
3895658 4114524
497664 1183354
5003405 5003415
5003424 5003434
1291756 2168961
4994540 4994568
5003445 5003455
5003468 5003478
3398657 3791891
2425647 3110648
118587 379798
141581 446623
5003493 5003503
5003513 5003523
5003538 5003548
5003957 5003967
307362 839530
5004004 5004014
812835 1615266
446658 1100279
5004042 5004052
416571 1056157
812836 1615286
5004068 5004078
5004112 5004122
2392335 3085014
1248234 2126570
1248422 2126849
5004132 5004142
5004150 5004160
4990087 4990116
1317642 2188541
1317643 2188559
5004210 5004220
4903951 4903995
1183322 2056087
5004291 5004301
4905946 4905995
4946692 4946718
5004311 5004321
4957379 4957407
4902735 4902764
2056157 2815585
4809912 4810124
5004381 5004391
3988280 4174217
5004407 5004417
576683 1292955
5004479 5004489
3135539 3610809
5004508 5004518
5004542 5004552
5004563 5004573
812837 1615304
3986647 4172716
5004628 5004638
5004645 5004655
1667255 2506558
5005038 5005048
5005056 5005066
5005082 5005092
5005131 5005141
141186 444277
4581765 4594167
5005235 5005245
5005267 5005277
1248423 2126866
4901265 4901324
5005431 5005441
3663780 3966855
1102990 1973982
3256642 3698885
4951071 4951097
448110 1103036
533999 1248433
1549168 2409354
4925364 4925391
4901207 4901234
812838 1615322
4904004 4904038
4933805 4933832
5005727 5005737
5005759 5005769
5005825 5005835
812839 1615337
5005846 5005856
5005953 5005963
1832504 2638684
1898419 2680531
3465591 3837629
4941140 4941165
3398658 3791907
350614 936931
5005991 5006001
2735165 3325970
446084 1098461
4904091 4904119
5006028 5006038
84520 290343
5006075 5006085
4982819 4982864
84521 290360
534001 1248464
5006095 5006105
5006157 5006167
5006188 5006198
