0 11
4898795 4898802
187041 576641
3305020 3730004
4899029 4899038
84515 290254
4899054 4899064
1970034 2741770
4899234 4899243
84281 289652
4899281 4899290
197244 593210
197315 593470
283423 794094
1088683 1950698
4899302 4899311
1297406 2176364
2862629 3414089
4899327 4899334
369211 968660
35506 140799
4899340 4899349
4899358 4899368
4899414 4899423
4899433 4899442
3389976 3786783
1191398 2065985
727030 1495998
1495992 2361023
592124 1325707
35507 140814
44212 187017
4899452 4899459
19895 112499
4899474 4899485
81119 281812
4899615 4899623
1552405 2412348
118210 379036
35508 140829
4899658 4899665
81036 281361
4899670 4899677
3207793 3663708
4899688 4899697
4899716 4899725
172955 533541
4899754 4899761
4899792 4899802
4899833 4899842
1347084 2222213
81120 281824
35509 140842
4899857 4899866
4899877 4899886
4899895 4899904
1100145 1970470
4899931 4899940
785 6317
1840962 2647026
3207794 3663727
4899973 4899983
35510 140858
217514 663494
1107804 1980160
283484 794187
355205 950493
4900019 4900028
4900051 4900058
4900064 4900073
4900081 4900090
42091 173108
19896 112511
19897 112523
237456 723835
196936 592217
4900117 4900126
4900140 4900147
3305021 3730019
4900158 4900165
35511 140873
446988 1100921
533970 1248029
533971 1248048
1391074 2264543
4900178 4900187
84508 290206
3054590 3552364
3686673 3981814
1465944 2335462
47 342
4900316 4900325
2350006 3046733
1826059 2635090
1291747 2168832
4900368 4900377
2197075 2933359
1826060 2635106
6003 55131
4900385 4900394
45737 197117
4900402 4900411
3791939 4043049
721779 1482186
4900420 4900429
4900436 4900445
3054591 3552381
2792101 3368247
4191406 4310293
2933368 3467803
1496268 2361223
4900455 4900464
287713 802103
287714 802120
4900477 4900486
4900494 4900503
4900535 4900544
196986 592320
801718 1593089
3054592 3552398
3076185 3566197
4900739 4900748
533972 1248065
4900759 4900768
4900775 4900784
196987 592335
4900791 4900800
2130491 2877748
1325648 2197089
1993222 2763447
81121 281838
4900808 4900815
4900831 4900838
1527495 2386531
45738 197135
2130492 2877759
4900845 4900854
4900874 4900883
441434 1089111
236603 721636
441085 1088667
4900892 4900899
2160226 2900854
3552356 3896298
1088659 1950666
4900917 4900926
2724150 3315736
863292 1676573
3663738 3966741
3663739 3966763
3663740 3966781
3207795 3663749
196889 592052
4900993 4901000
4901009 4901018
2388238 3080710
2388239 3080725
4901029 4901036
3124287 3601152
4901069 4901079
2731539 3321971
4901142 4901151
4901163 4901172
3547449 3892708
57883 236929
1103263 1974625
4901180 4901189
2197077 2933377
2126004 2874169
1178311 2051060
4901205 4901215
4901261 4901271
1326905 2198735
141277 444898
158822 499189
2056135 2815556
1183379 2056144
4901435 4901444
368 3069
2082139 2836576
226 1596
3398670 3791932
2437382 3119423
57884 236940
368494 967290
35512 140889
576669 1292733
4901452 4901459
4901467 4901474
2320259 3025437
4901479 4901486
4901491 4901500
237497 724030
4901510 4901519
4901533 4901542
3207796 3663770
236796 722316
3487749 3853608
3487765 3853621
2353814 3051413
4901553 4901562
239048 726592
1291748 2168848
2208135 2944687
497654 1183175
1183165 2055891
1183166 2055909
533973 1248080
1183167 2055927
619610 1358722
135370 424710
1291749 2168862
4901571 4901580
106496 350606
3207797 3663788
4901601 4901610
1099945 1970071
1099946 1970087
1099947 1970104
3135537 3610790
81037 281378
1537920 2396867
721737 1482153
3663800 3966903
2055354 2814957
4901634 4901645
391542 1001978
4901704 4901713
4901738 4901747
3305022 3730032
1959887 2730882
4261 42035
3207798 3663809
4901805 4901814
4901858 4901867
4901885 4901894
35513 140909
4901952 4901961
2181908 2919657
2181909 2919673
4902011 4902020
4902204 4902211
84282 289669
4228785 4337097
4902220 4902229
4228790 4337147
3631097 3949092
173307 534771
1611265 2461218
1611266 2461239
1611267 2461256
4902243 4902250
57989 237467
44213 187032
3207799 3663826
4902256 4902265
4902274 4902283
4902292 4902301
446637 1099957
721738 1482169
4902313 4902322
4902331 4902340
196988 592353
4902357 4902366
3895655 4114474
4902375 4902384
4902411 4902420
84367 289803
4902432 4902439
275702 781222
4902453 4902462
275703 781240
4902477 4902486
4902496 4902505
4902549 4902558
575806 1291567
141167 444088
4902611 4902620
1959769 2730696
4902663 4902672
4902682 4902692
236579 721569
807923 1609838
196989 592372
794049 1583883
4902733 4902743
4902790 4902799
284787 795656
4902807 4902814
4902820 4902827
533631 1246696
589297 1321657
196937 592229
4902851 4902860
44214 187049
369226 968733
4902909 4902918
4902931 4902938
125263 408848
283502 794237
985908 1832770
4902951 4902960
35514 140927
4903088 4903095
42124 173292
196990 592390
4903100 4903107
4903138 4903145
4903152 4903162
19898 112534
369290 969266
42125 173303
4903254 4903261
2094199 2846780
84516 290271
749647 1530006
533974 1248092
533975 1248103
533976 1248113
533977 1248123
187074 576748
4903267 4903276
801719 1593107
368495 967303
4903306 4903314
526678 1234808
1089129 1953375
369227 968745
196917 592102
2197078 2933393
289678 807739
140882 442138
4903352 4903359
4903385 4903393
236781 722198
4903421 4903433
2361266 3057111
1242949 2121589
4903494 4903501
237477 723902
4903423 4903449
4903424 4903463
4903425 4903477
2361267 3057126
4903506 4903515
57837 236789
4903522 4903529
4903536 4903545
4903572 4903580
4903596 4903605
576670 1292748
576671 1292760
3131446 3607864
4903632 4903641
4903679 4903688
187024 576581
4903695 4903704
3898691 4115980
4903713 4903720
3791940 4043067
4903733 4903742
2126670 2874682
3398649 3791766
3398650 3791782
116337 374543
283503 794256
4903797 4903806
444934 1095816
576672 1292771
4903815 4903824
4903899 4903908
441435 1089123
4903930 4903941
2361254 3057094
4904073 4904082
4904089 4904099
4904149 4904159
4904227 4904234
190127 583414
4904239 4904248
190128 583431
4904258 4904267
45739 197151
1502810 2366913
48 358
35515 140942
354314 949335
116338 374559
4904285 4904292
734044 1505467
774263 1559032
814356 1617049
84517 290288
2595728 3230778
2736779 3327275
1609282 2458751
441436 1089138
239697 727038
35516 140959
19899 112547
449966 1106261
196918 592117
202988 609398
4904314 4904323
45740 197164
4904331 4904338
4904416 4904423
4904455 4904465
237498 724041
81900 283610
4902684 4902710
82399 284777
4904771 4904780
1483270 2350864
112922 369205
41833 172275
81038 281396
83683 287606
794050 1583897
1100915 1971489
44215 187064
802111 1594153
4904794 4904801
4904808 4904815
985855 1832751
81039 281412
3686674 3981831
283394 794058
49 376
4903574 4903590
82400 284795
446638 1099973
1593080 2450707
1539181 2398841
281421 789890
239698 727049
4904821 4904828
245909 734509
4904833 4904842
196991 592408
57969 237196
1120720 1992293
1291750 2168875
1291751 2168891
4904853 4904863
4904909 4904918
4904930 4904937
2441713 3123577
4904984 4904993
141051 443426
38535 157829
190129 583448
4905004 4905014
4905006 4905034
755174 1536943
1402573 2276955
4905066 4905073
952362 1783372
4905080 4905090
4905082 4905109
81040 281430
35517 140973
503860 1193810
1193804 2070106
1576992 2436030
497655 1183194
19900 112560
270440 773291
45741 197177
793670 1583468
187043 576655
2798445 3372010
4905176 4905183
35518 140986
141687 446781
57769 236301
576575 1292488
57770 236312
57771 236323
576673 1292786
1248039 2126411
50 390
1248040 2126427
2736780 3327296
6305 57778
51 405
4905266 4905276
531990 1242959
196992 592422
19901 112571
2373487 3066341
4905323 4905330
2731540 3321983
4905403 4905413
2763439 3350159
81757 283387
1006653 1857121
4905550 4905559
4905268 4905293
142323 448118
283381 794018
1606687 2456611
35519 141003
2731541 3321995
141520 446281
801720 1593122
1593812 2450935
4905571 4905580
4905613 4905622
4905645 4905654
533978 1248135
250548 741610
1583608 2441777
4905687 4905694
1583609 2441787
807546 1609101
3550488 3895241
721780 1482203
2632240 3256901
4905728 4905737
3547450 3892722
3547451 3892740
52 422
4905832 4905841
112923 369218
6306 57795
4905903 4905912
1183227 2055991
4905922 4905931
4905943 4905954
4906129 4906138
3812215 4055891
443793 1093146
187173 576898
1593081 2450723
452250 1110307
452251 1110317
452252 1110327
369488 969414
452253 1110337
452254 1110348
4906154 4906161
4906178 4906187
351 2963
4905945 4905970
4906217 4906226
3131447 3607884
3119415 3598403
4906236 4906243
81122 281848
81123 281860
1099977 1970151
2741903 3334346
446639 1099986
81041 281447
2741904 3334362
2709132 3303946
952363 1783385
368496 967313
4450137 4489430
4906254 4906263
196993 592434
4906310 4906319
4906332 4906339
4262 42050
81042 281465
452255 1110361
793658 1583445
533979 1248153
4906512 4906522
803583 1603030
4906552 4906561
190130 583469
15869 81721
15870 81733
545 4693
15871 81743
4906571 4906580
4906592 4906601
4906629 4906636
35520 141017
197316 593481
446640 1100002
4906644 4906651
4906665 4906672
3124273 3601134
4906679 4906686
4906697 4906704
4906709 4906718
4906735 4906744
15872 81753
3941785 4145299
4906756 4906767
4906912 4906921
2 33
4907844 4907851
1183282 2056060
4907866 4907873
2153238 2896313
4907879 4907887
15873 81764
84283 289688
4908026 4908033
4908039 4908048
196994 592455
2736781 3327316
3327367 3745965
3686675 3981851
3686676 3981869
1950687 2724188
4112727 4259005
446641 1100017
197145 593015
985833 1832723
2972 36383
81124 281871
3892975 4112737
4908078 4908087
4908094 4908103
4908111 4908120
4908127 4908134
4908141 4908148
2452189 3131457
281423 789903
374565 977713
370 3087
4908261 4908268
289680 807755
15874 81775
4908281 4908290
533980 1248167
21216 118217
4174978 4301673
4908299 4908308
4174958 4301651
4908316 4908325
4908335 4908344
4908419 4908428
15875 81787
2933418 3467823
4908488 4908497
44216 187083
356326 952355
4908517 4908526
4908546 4908562
4908577 4908584
4908616 4908623
140997 442931
289681 807766
4908646 4908655
456794 1118216
81715 283367
81125 281885
4908713 4908722
2414335 3102037
4908773 4908782
266569 766303
4912718 4912728
4912807 4912816
57885 236950
186687 575882
35521 141032
4912827 4912836
1606688 2456624
4913207 4913218
4913264 4913273
287611 801819
83684 287621
287613 801838
2913605 3454961
4913287 4913296
283850 794695
4913310 4913317
4913324 4913333
3459339 3833443
4913366 4913375
4913444 4913455
533981 1248181
4913533 4913542
81126 281903
4913562 4913571
4913582 4913591
4913635 4913646
4913705 4913714
4913794 4913801
780093 1566357
83685 287639
141688 446794
3131449 3607902
4913812 4913821
237499 724052
723024 1483996
4913862 4913871
6307 57812
4913883 4913892
4913928 4913937
1587901 2445379
4913975 4913984
1993223 2763475
53 437
2000205 2769109
283504 794272
413672 1052300
4913999 4914008
4914069 4914078
1783356 2600155
1783357 2600166
374566 977723
1783358 2600176
1783359 2600186
1783360 2600196
952349 1783349
19902 112584
374567 977733
4914123 4914130
4914151 4914159
4914153 4914171
4914138 4914145
758604 1541242
196995 592470
289631 807510
3061 38542
443420 1092553
150 1154
4914181 4914190
984011 1827831
1178458 2051227
583477 1301650
4914202 4914211
3 71
57990 237488
4914236 4914245
55 453
4914270 4914280
4914311 4914320
4914335 4914345
4914485 4914494
2800916 3373617
495191 1178324
2551717 3199292
81127 281923
281424 789919
802095 1594139
237201 723058
106610 350777
985640 1832510
4914512 4914521
2320595 3025529
4914703 4914712
4237275 4342759
1902678 2683404
1959873 2730861
4914731 4914740
236604 721655
352 2979
4914757 4914767
4914759 4914785
120300 391552
391544 1001997
3118113 3597592
81128 281939
196996 592482
2197079 2933409
4914796 4914805
1583709 2441926
4914818 4914825
4914832 4914841
533632 1246714
4914854 4914863
950487 1781416
4914896 4914903
4914928 4914937
4914947 4914956
81129 281952
4914975 4914984
4915014 4915021
281917 792289
4915026 4915035
4915048 4915059
4915146 4915156
1781481 2598204
4915148 4915173
1583610 2441799
4915196 4915205
35522 141044
4915308 4915317
15876 81801
6308 57827
4899794 4899820
2197080 2933431
2933420 3467840
4915327 4915336
4915347 4915356
813279 1615746
2323017 3026894
2323018 3026910
113606 370718
576589 1292566
1090518 1954940
281404 789795
4464507 4499843
4915364 4915371
4915377 4915384
446642 1100034
1148760 2019489
4915389 4915398
4903308 4903326
1564560 2423612
419317 1059065
497656 1183209
4915417 4915426
239699 727062
141552 446512
4915437 4915446
378897 984604
4246 41842
1979901 2752979
4915846 4915856
15877 81812
4915894 4915902
4915896 4915913
4915941 4915950
35523 141058
1961772 2732310
4915978 4915987
1483039 2350712
287674 802028
1059056 1920768
408842 1045259
4469465 4503878
2896317 3439358
4916034 4916041
4916060 4916067
4916225 4916233
4916279 4916286
4916291 4916298
4916418 4916425
4916430 4916437
4916442 4916449
4916633 4916640
4354094 4419215
4916808 4916817
2153239 2896326
15878 81823
446643 1100046
1433910 2304041
2836965 3397668
4916830 4916839
4916851 4916860
4916868 4916877
45742 197189
4916898 4916907
3547452 3892754
789911 1577000
989321 1835099
1413339 2285028
4916944 4916953
2055983 2815411
4916987 4916996
2330161 3032537
4917008 4917017
533982 1248193
4917042 4917051
4912948 4913033
283016 793666
793660 1583457
4917081 4917088
1441013 2309738
4917096 4917105
4917124 4917133
4917147 4917156
807504 1609012
141499 446193
4917172 4917179
1006632 1857073
287651 801928
83686 287663
287653 801945
1402574 2276968
721781 1482218
4917191 4917200
776881 1562003
4917219 4917226
2476589 3151361
196997 592497
15879 81834
4917233 4917242
3107498 3590038
84463 289963
1579944 2438801
795803 1585775
2438793 3120831
141334 445108
4917280 4917290
985641 1832526
4917377 4917386
4917400 4917409
4917419 4917428
158766 499048
4917440 4917449
4917478 4917485
3223936 3674755
3223937 3674771
3223938 3674788
2587727 3223947
2109038 2858546
4917552 4917559
4917591 4917600
1006633 1857090
196998 592513
3641088 3954372
4917641 4917648
4917658 4917667
3390463 3787016
120301 391570
217515 663506
1212371 2088411
369302 969279
4016980 4192611
4917693 4917701
3062 38555
809939 1612042
4917767 4917774
4912859 4912955
239700 727078
239701 727100
1072827 1934552
4917835 4917844
4913637 4913666
4913638 4913684
446083 1098440
977895 1821432
576921 1293138
977896 1821446
4917855 4917864
187076 576762
239702 727120
83779 287906
1212372 2088430
4917876 4917886
3547453 3892769
4918032 4918041
801811 1593821
2162561 2902752
35524 141076
4918081 4918090
1543993 2404260
4918111 4918120
4918136 4918145
4918154 4918163
4918172 4918181
4918191 4918200
140921 442501
42141 173352
3121357 3599604
2330162 3032554
118883 380392
4918208 4918217
369255 968825
369256 968844
4918239 4918248
2881548 3428781
4918270 4918280
82401 284816
141086 443728
4918309 4918318
284805 795702
81043 281486
35525 141100
141088 443749
44127 186648
443741 1093092
4918329 4918338
4918352 4918361
576922 1293152
721611 1482011
3641894 3954747
1051908 1914618
4918374 4918383
2604129 3237819
44128 186662
2835411 3396604
281674 791201
4918424 4918433
4918507 4918516
4918552 4918561
4918619 4918628
4918666 4918675
35526 141117
3979243 4168394
4918951 4918960
4918972 4918979
36265 142853
3815938 4058022
4918990 4918999
1482484 2350152
4919039 4919048
4919058 4919067
1046734 1908762
4089628 4239373
19903 112596
6309 57846
1248186 2126507
4919080 4919089
1100096 1970398
1183364 2056122
4919116 4919125
4919138 4919147
4919158 4919167
4919178 4919187
592519 1327016
196999 592528
4919198 4919207
533983 1248205
2160227 2900872
3044239 3545477
4021034 4195805
57970 237208
4234413 4340501
2775450 3358042
56 469
2850651 3407679
772036 1554836
1183380 2056165
35527 141133
441437 1089151
1183381 2056183
3054593 3552413
3054594 3552429
4919241 4919251
4919243 4919265
4919273 4919282
4919293 4919302
1527496 2386548
1472350 2340975
4919330 4919339
4919358 4919367
4919375 4919385
4919526 4919535
4919548 4919557
4919567 4919576
4919591 4919601
4919628 4919637
106497 350622
1046735 1908777
807770 1609554
576674 1292803
441438 1089163
4912860 4912968
4919657 4919664
4919671 4919678
4919688 4919697
4919711 4919720
197000 592544
4919772 4919782
4919841 4919852
4919843 4919869
4919918 4919927
4919949 4919958
2936484 3470290
3470282 3843284
1045751 1907941
4919967 4919976
1045752 1907956
35528 141150
4919983 4919992
4920007 4920016
81044 281507
4259886 4354299
281476 790213
4920024 4920033
4920045 4920054
4920068 4920077
1269602 2146011
4920087 4920096
4920107 4920114
4920135 4920144
4920154 4920163
4920178 4920185
3893111 4113052
4920200 4920209
4920229 4920236
4920248 4920256
4920290 4920297
4920303 4920312
3926660 4133787
4920322 4920331
4920339 4920348
4920366 4920377
4920733 4920742
4921225 4921236
4921227 4921253
4921228 4921270
4921319 4921328
3621793 3943337
4921341 4921350
1242951 2121608
1212373 2088448
808084 1610211
2088422 2842351
4921361 4921370
83780 287925
497727 1183484
217516 663520
4921378 4921387
1141086 2012580
4921407 4921414
190131 583488
4921422 4921431
413190 1051821
1051813 1914479
4912843 4912888
368497 967325
4921442 4921451
4921499 4921508
446644 1100063
1327157 2199015
197001 592564
583479 1301668
4921532 4921542
1970062 2741788
4921674 4921683
2162562 2902787
573911 1289338
2398569 3090108
592327 1326692
3046725 3547591
4089470 4239264
4921698 4921707
35529 141174
190132 583505
3076186 3566212
4921717 4921727
4921774 4921783
4921791 4921800
4921808 4921817
83687 287685
83688 287705
287676 802046
81045 281525
84495 290164
583480 1301684
723864 1485909
4921853 4921862
2443963 3125828
4921875 4921884
1291752 2168907
1046736 1908793
4921902 4921911
4921924 4921933
4921962 4921971
4921983 4921992
576675 1292822
4922003 4922012
4922019 4922028
4922038 4922047
1293160 2170862
4922059 4922068
4922081 4922090
4922099 4922108
4922115 4922124
3471239 3844098
2729627 3320193
4922134 4922143
1079005 1940590
4922165 4922176
284806 795718
15880 81846
15881 81856
415 4013
1184798 2057863
3547454 3892787
4922229 4922236
4922257 4922266
1297559 2176587
2176579 2914958
4922167 4922195
1630859 2477191
81130 281967
4922278 4922287
1752740 2575039
4922305 4922315
1093184 1958941
4922349 4922358
281477 790231
4922489 4922497
4922491 4922509
4922518 4922527
1826061 2635121
1826062 2635137
4922576 4922583
15882 81868
409020 1045622
4922589 4922598
1486321 2353804
1093776 1959778
197279 593326
81792 283447
4922615 4922624
742620 1514162
3547455 3892802
755550 1537604
4356555 4420839
245056 733582
4922656 4922663
250320 741446
112837 368978
3208709 3664409
57839 236805
370736 970776
4922672 4922679
2354372 3051938
4922701 4922710
4922739 4922746
2354373 3051948
1593130 2450755
4922751 4922760
446645 1100076
57886 236967
4922772 4922779
4922786 4922795
1045753 1907974
576676 1292837
576677 1292853
742588 1514042
4919844 4919887
1593131 2450768
4922809 4922818
6125 55424
4922826 4922833
4922838 4922845
760 6132
161 1207
158 1196
328 2793
329 2804
3547456 3892816
15802 81626
15803 81636
15804 81648
15805 81663
4922852 4922859
15852 81690
2877765 3426369
1433911 2304052
2199771 2937400
3547457 3892836
2742633 3335367
704132 1462555
4922864 4922871
2398852 3090327
1543994 2404278
4922168 4922211
1183382 2056201
3327307 3745920
3327308 3745937
1043420 1906806
3547458 3892851
3327265 3745785
3327266 3745807
3482222 3850665
4922878 4922888
3621794 3943354
3621795 3943371
3621796 3943387
3621797 3943403
4922971 4922980
4922997 4923008
3547459 3892867
1705582 2536019
141026 443359
4411141 4459595
1587902 2445396
4411142 4459611
4411143 4459628
4923588 4923598
4923633 4923642
173035 533649
4923652 4923661
3547460 3892884
3442743 3818103
1543995 2404295
3547461 3892899
4923701 4923708
723025 1484007
4917695 4917719
4923716 4923723
141521 446296
446288 1099000
3207800 3663845
446646 1100089
4923731 4923738
1402575 2276982
4923745 4923753
289632 807523
446289 1099010
446290 1099020
4924066 4924075
4924085 4924093
2162563 2902806
592 5032
4191407 4310315
4905201 4905237
4924159 4924168
4924187 4924196
4924240 4924249
3076187 3566228
3566222 3904458
4924258 4924265
4924279 4924286
4924294 4924301
2131238 2878412
4924307 4924317
4924416 4924425
4924471 4924480
592489 1326986
4924492 4924499
573912 1289356
795728 1585636
4923590 4923615
197002 592582
772037 1554848
2131239 2878426
4924505 4924514
197003 592596
4924542 4924549
1630860 2477208
4924558 4924567
4924652 4924659
21 174
576478 1292368
4924667 4924677
429671 1073912
4925022 4925032
4925064 4925073
4925082 4925091
409104 1045764
4925103 4925112
3547462 3892911
3547463 3892925
3547464 3892939
81046 281540
4913446 4913472
2421455 3107232
4925122 4925129
4918272 4918295
1045611 1907769
1045612 1907788
3547465 3892952
4925139 4925148
228434 704089
4925159 4925166
197259 593270
283017 793677
4925196 4925205
2159665 2900437
446647 1100105
4925262 4925269
4925276 4925285
794350 1584199
2568259 3207746
15883 81883
267975 769656
4925297 4925306
1104703 1976688
1740243 2570476
1098956 1967115
4925326 4925335
4925362 4925372
790205 1578102
287715 802139
446648 1100123
140728 441095
4912829 4912853
4925691 4925698
4191408 4310337
4925707 4925715
4925739 4925746
4925752 4925759
2162564 2902827
2398570 3090124
1538875 2398586
1538873 2398558
1950688 2724211
202989 609417
4925810 4925819
4925839 4925848
1496284 2361250
4925862 4925871
81131 281981
35530 141194
4925908 4925917
2162565 2902848
3819514 4060818
3054595 3552444
4925930 4925939
4925948 4925958
4926757 4926764
4926776 4926785
4926804 4926813
4926852 4926861
1981157 2754489
4901636 4901665
4901637 4901682
1090519 1954954
4926876 4926885
409021 1045642
4469597 4503975
4926894 4926903
4926917 4926926
4927041 4927050
3470504 3843429
4927109 4927118
4927180 4927189
4927315 4927324
112924 369235
4927342 4927351
3087887 3575350
4927360 4927369
4914020 4914037
4914021 4914053
1045613 1907805
1045614 1907823
4927415 4927424
4927456 4927463
4927476 4927485
4927496 4927504
4927558 4927565
4927580 4927589
4927601 4927610
4927659 4927668
4927746 4927755
1183383 2056217
576678 1292868
4927769 4927778
4927796 4927805
35531 141217
4927798 4927815
1462609 2332673
4927838 4927846
1183384 2056235
4927944 4927953
283505 794286
2742713 3335482
3283669 3717387
366533 964466
4927963 4927972
3606769 3930533
2609561 3240753
4927988 4927996
808497 1610776
808498 1610793
81047 281553
4928018 4928028
4928065 4928072
4928077 4928087
4928079 4928104
4928156 4928163
4928181 4928189
4928216 4928223
4928229 4928238
4928020 4928047
812827 1615129
2742634 3335384
2742635 3335400
141243 444803
281368 789616
281369 789633
4928251 4928260
4928277 4928286
4928311 4928318
4928345 4928352
4924097 4924122
19904 112612
2087969 2841657
2087970 2841674
4928356 4928363
197004 592613
4928453 4928462
1496507 2361642
141225 444526
284807 795737
4928502 4928509
932450 1756733
4138087 4276635
4928515 4928523
4928517 4928536
807749 1609540
81048 281567
4928563 4928574
4928632 4928642
4928634 4928658
4928668 4928678
15884 81895
370737 970792
141522 446310
446303 1099042
2222240 2954084
3549984 3894864
4928808 4928817
4928828 4928838
4183929 4306040
4001363 4183936
4928930 4928937
368498 967337
2197081 2933448
2162566 2902867
1583770 2442030
4928985 4928994
4929007 4929014
282250 792856
237458 723847
4929023 4929032
3995195 4180650
1740244 2570493
4929071 4929080
4929112 4929121
2742714 3335500
2742715 3335519
190133 583521
3812216 4055905
4929130 4929140
190134 583533
4929177 4929184
1615236 2465152
2398853 3090346
4344053 4411913
187077 576775
81132 281999
1242952 2121621
4929190 4929199
35532 141232
2551728 3199305
3087888 3575370
3087889 3575389
81049 281583
281575 790765
35533 141252
795177 1584850
84627 290685
141089 443764
3265522 3706437
3706428 3995137
3706429 3995153
4929217 4929224
4929231 4929246
4929478 4929488
4929518 4929528
4929557 4929566
3521641 3876794
4929575 4929584
4929625 4929634
4929729 4929739
4914337 4914363
512107 1207320
4929763 4929772
4929785 4929792
197054 592931
452256 1110374
4929895 4929905
731611 1502817
752606 1533708
281405 789806
83689 287724
3876588 4103436
4103428 4253425
4930029 4930038
81050 281601
83690 287741
3107934 3590329
2797571 3371319
2797572 3371337
4930077 4930084
4919377 4919401
4930092 4930101
57821 236573
3327286 3745872
3327287 3745886
1100082 1970366
4930126 4930135
4930146 4930153
4930162 4930171
197005 592633
4930190 4930199
443774 1093116
141090 443784
4930224 4930233
57887 236983
4930245 4930254
370738 970807
4930262 4930271
4930327 4930336
15885 81908
15886 81918
4263 42065
3547466 3892965
197245 593220
4930345 4930355
4930415 4930424
4930432 4930439
4930445 4930452
722791 1483670
4930459 4930466
237479 723913
4930589 4930598
721782 1482232
1093788 1959841
721783 1482243
4930656 4930663
4930673 4930680
446649 1100137
4930686 4930693
1462488 2332477
4930744 4930754
446650 1100155
281370 789650
1959894 2730914
2824345 3389985
3818969 4060455
4930798 4930806
4930840 4930852
1667252 2506521
2506513 3174589
794216 1584087
35534 141270
4931106 4931115
1584080 2442374
1584081 2442385
4931126 4931133
18125 91840
4931139 4931148
3051774 3550671
3327288 3745899
3327267 3745827
4913447 4913489
4931159 4931168
3892779 4112479
57 483
520048 1221795
58 495
4931176 4931185
4931231 4931240
4931248 4931255
281459 790012
15887 81929
397828 1006642
287749 802305
83691 287759
287751 802322
968613 1807797
4931260 4931269
2938649 3472182
4931295 4931306
3087874 3575290
3292709 3722877
3663854 3966986
3207801 3663865
3663879 3967086
3207802 3663888
4931371 4931380
4931400 4931408
4931402 4931419
4464508 4499855
3547467 3892982
197006 592653
4931471 4931480
4931491 4931500
4931522 4931529
4929731 4929753
4931587 4931596
4931617 4931624
4923747 4923766
368456 967251
19905 112632
19906 112649
4931629 4931638
4931687 4931697
4931861 4931870
1258037 2135429
42092 173120
81051 281624
4931960 4931967
281615 790859
4932093 4932103
45743 197206
4932130 4932139
1734099 2568269
1246688 2125910
4932153 4932162
4932173 4932182
4932194 4932203
4932217 4932226
3532215 3883661
3207803 3663905
4919774 4919799
19907 112662
3780590 4035811
4932237 4932247
2933326 3467731
3467718 3841211
3467719 3841229
3467720 3841249
3467721 3841268
3467722 3841287
1328398 2200452
2200443 2938608
4932417 4932426
2200444 2938628
795746 1585660
1045634 1907863
1650527 2493097
2742636 3335415
4132015 4271778
283506 794301
4932433 4932443
186655 575813
125264 408860
1826063 2635152
2350490 3047262
3715199 4000033
283507 794320
4932473 4932482
4932505 4932512
3547468 3892996
4932529 4932538
4932547 4932556
4932601 4932612
4143445 4280359
4143446 4280379
4932717 4932724
4932861 4932870
1645237 2487831
4932877 4932886
4933088 4933097
4933110 4933119
3447660 3821684
4933134 4933143
45744 197224
4933206 4933217
4933304 4933313
4933338 4933347
112925 369246
4899975 4900002
3398651 3791797
4933521 4933530
458636 1120727
4933542 4933551
397829 1006662
141689 446807
4901071 4901097
6310 57863
236911 722613
1537487 2396298
4933585 4933594
284771 795627
4933606 4933615
197299 593344
197007 592669
4933663 4933672
4933736 4933745
4933769 4933776
4933803 4933813
81133 282013
4933843 4933852
4933880 4933890
4933882 4933903
4933910 4933917
792492 1582895
743462 1518685
4933926 4933933
4933975 4933982
3211475 3666029
1578753 2437391
4933987 4933996
44125 186637
369257 968862
497657 1183222
6311 57876
112838 368997
4934011 4934018
533984 1248215
533985 1248227
4363079 4425640
4934023 4934032
4934056 4934066
409856 1046547
4934104 4934113
6150 55450
3385619 3784094
283395 794070
4917897 4917941
4917898 4917960
1139447 2010879
285205 796272
4934125 4934135
1139448 2010898
1139449 2010917
722324 1482969
1933742 2709125
368499 967352
4934170 4934180
4934172 4934199
3907977 4121842
4936571 4936580
3893112 4113070
15888 81942
15889 81953
4936588 4936597
4936682 4936691
236605 721672
4936700 4936709
3423644 3806631
3806625 4052215
4936721 4936731
576679 1292885
4936813 4936822
4934127 4934152
283359 793971
35535 141286
1826064 2635166
4936833 4936842
119206 380911
1097430 1964858
4936858 4936867
790223 1578131
3527013 3880394
4936875 4936885
4936941 4936950
2094200 2846796
1139450 2010937
1207287 2083748
1207288 2083765
173087 533960
1606689 2456641
2456633 3135521
19331 110198
59 508
1578492 2437276
807771 1609569
4936981 4936988
4937061 4937070
4937082 4937091
81889 283593
533633 1246733
4937105 4937112
4080773 4234424
1097431 1964872
44217 187098
142825 449536
1347085 2222226
4937123 4937132
1495831 2360933
4937147 4937157
44218 187117
4937190 4937199
4937213 4937222
2964083 3488897
140952 442585
520049 1221806
497658 1183236
4931297 4931325
4937243 4937252
4937264 4937273
369258 968884
4937283 4937292
4937304 4937313
4937339 4937348
4937381 4937390
4937408 4937417
1959861 2730844
4937430 4937439
4937473 4937482
4937493 4937502
4937520 4937529
4937555 4937564
4937572 4937581
4937588 4937597
4937611 4937620
794101 1583970
2838324 3398664
4937631 4937638
4937650 4937659
3686677 3981884
84575 290503
2404304 3093524
4934058 4934087
4937731 4937740
4929233 4929264
4191409 4310356
84576 290521
533986 1248242
4937873 4937882
2188509 2927404
3728793 4007347
4938057 4938066
81134 282032
81135 282045
141690 446818
4938084 4938093
3078770 3568342
533987 1248257
533988 1248272
4938195 4938204
4691944 4696013
4691945 4696029
189626 582949
369259 968901
4938224 4938233
4938258 4938267
4938276 4938285
533989 1248287
1967120 2736129
533990 1248303
1622029 2469879
2469871 3146730
368500 967365
4938332 4938341
4234235 4340366
4938349 4938358
1292893 2170641
245244 733933
2126560 2874616
576680 1292902
4938366 4938375
1207289 2083782
4938386 4938395
446651 1100174
197198 593104
4938409 4938418
4904855 4904882
4929234 4929285
4938431 4938440
57991 237508
4938452 4938461
1183385 2056252
3547469 3893014
3204138 3661585
592125 1325721
2178206 2916616
4938623 4938632
197199 593115
4043033 4207697
44129 186677
1554322 2414611
4938642 4938649
4938675 4938684
66824 255404
4938743 4938753
4938745 4938764
4938746 4938773
4938747 4938782
592798 1327440
4938789 4938798
1606690 2456659
4938811 4938820
45745 197239
4938849 4938856
4929132 4929155
350612 936897
726968 1495863
283018 793689
277566 784509
4938872 4938881
1482178 2349900
290179 808363
2080957 2835420
4931298 4931342
2162567 2902886
3539770 3888610
4938889 4938900
2162568 2902907
2162569 2902924
3358049 3766888
2162570 2902956
4938989 4938998
2162571 2902975
4237276 4342778
4939092 4939103
2162572 2902994
4939295 4939304
4939319 4939328
4929897 4929923
592674 1327343
573913 1289375
1289367 2166859
19908 112675
4939344 4939353
4939372 4939381
4939397 4939406
4939438 4939447
4939471 4939480
4939500 4939509
533991 1248317
1248233 2126551
4939519 4939528
4919593 4919616
4939543 4939552
284758 795600
4928830 4928858
4939561 4939570
140936 442539
1959889 2730898
4939580 4939589
4939601 4939610
4939620 4939627
1552426 2412406
1552427 2412419
4939634 4939643
4927840 4927857
1107805 1980178
1045755 1907991
4939668 4939677
4699 44840
801721 1593138
2933297 3467703
2441239 3123246
4939709 4939716
4939722 4939729
289645 807558
187157 576876
350613 936914
4939746 4939755
4939781 4939790
35536 141304
4939819 4939829
4939889 4939898
4939918 4939927
1967121 2736140
3398653 3791817
4939963 4939972
322445 871864
4939999 4940008
4940103 4940112
522415 1227323
4940131 4940143
592030 1325555
4940346 4940355
45746 197252
4940133 4940160
4940134 4940176
4940135 4940191
4940370 4940379
4940561 4940572
3140874 3616757
4940653 4940662
4940671 4940680
4940563 4940591
4940705 4940714
4940738 4940747
4940775 4940784
4940793 4940803
3207804 3663921
4940877 4940887
4940946 4940955
4940993 4941004
3207805 3663941
442149 1090761
4941138 4941148
1209127 2085143
4941231 4941241
4941233 4941260
443776 1093130
4941315 4941324
4941505 4941515
4941507 4941531
4941541 4941552
4941543 4941570
4941696 4941706
4941698 4941723
4941733 4941742
4940879 4940904
4941752 4941761
4306046 4386392
4921719 4921740
141431 445899
81136 282060
4941772 4941781
445329 1096296
4941790 4941800
4941792 4941817
4941829 4941836
284808 795755
593487 1328340
4941849 4941858
2616981 3246436
1967122 2736151
287135 799883
197008 592683
4941884 4941893
4941901 4941910
4941918 4941927
4941936 4941945
591996 1325497
4941954 4941963
1539182 2398881
4941971 4941980
4520014 4543894
281561 790706
576681 1292919
81769 283402
4905983 4906020
4942000 4942009
1095810 1961693
4942019 4942028
4942571 4942580
497659 1183257
871854 1687565
721784 1482255
369260 968919
4942590 4942599
4942619 4942628
4942640 4942650
1862711 2662664
1862712 2662675
4942677 4942686
369261 968938
936889 1767143
446652 1100191
4942701 4942708
4942714 4942723
812828 1615148
4942736 4942745
4942753 4942762
4942797 4942806
4942816 4942825
1224715 2102661
2507275 3175611
2507276 3175627
4942838 4942845
4942866 4942875
369262 968958
4942884 4942893
812829 1615167
812830 1615187
4942914 4942923
4942975 4942985
197009 592701
4943015 4943022
589802 1322356
4943354 4943363
4943413 4943423
197010 592719
533992 1248332
3466029 3839705
4943628 4943637
4943654 4943664
4943743 4943752
502754 1192282
4943768 4943777
4943789 4943796
1804802 2616990
4943826 4943838
4943922 4943931
3895246 4114014
3895247 4114032
4943947 4943956
3895248 4114050
3895249 4114068
4943965 4943974
1248357 2126699
4943988 4943997
2642364 3264956
4943710 4943735
2051220 2810976
2810967 3379665
2051221 2810995
3379698 3778503
2810987 3379707
81137 282081
81138 282096
81139 282109
15890 81963
3715200 4000052
4944008 4944017
369263 968978
187058 576709
4944029 4944038
4944046 4944053
4944070 4944077
765130 1549208
1549202 2409395
369264 968994
3124288 3601169
369265 969012
4944095 4944102
4944108 4944117
4944125 4944135
4944127 4944150
4944169 4944178
197011 592737
4944228 4944235
1413340 2285046
4939111 4939167
4944240 4944249
4944279 4944286
721647 1482105
4944292 4944301
808355 1610507
4944320 4944329
1103026 1974109
4944339 4944348
4944371 4944380
4944421 4944430
1259125 2136562
4944522 4944531
4944542 4944551
2350704 3047384
4944562 4944570
4944564 4944582
4944590 4944600
4944632 4944641
433817 1080746
950558 1781472
958630 1793442
110208 354154
4944656 4944666
15891 81976
4944986 4944995
964458 1804346
790868 1579749
1100166 1970517
84594 290563
522416 1227342
1043421 1906818
2131240 2878441
3686678 3981898
3686679 3981918
3686680 3981935
4905984 4906038
286566 799198
4928183 4928201
4945010 4945019
4945042 4945049
4945089 4945098
1781464 2598179
1750560 2574256
4915050 4915080
4191410 4310374
4945113 4945122
409022 1045660
4945132 4945141
444266 1094089
444267 1094106
497660 1183274
4945150 4945159
4945170 4945181
4945172 4945202
4945268 4945278
4945270 4945296
237459 723858
4945351 4945360
4945372 4945381
4945391 4945400
4936723 4936749
4943671 4943700
4945413 4945422
3424061 3806893
4112524 4258987
2529052 3188246
4945431 4945440
4945451 4945460
4945491 4945503
4945493 4945514
4945494 4945525
4945495 4945536
4945496 4945547
4945497 4945558
4942642 4942667
1750534 2574210
1045756 1908006
874247 1690769
4945606 4945613
2858537 3411568
4945627 4945638
4945629 4945656
409060 1045699
141650 446733
4945723 4945732
3218917 3671645
35537 141323
3124289 3601185
4945630 4945673
4922928 4922956
4939094 4939121
4945765 4945774
409023 1045678
4945784 4945793
3124290 3601198
4945803 4945812
4945822 4945829
4945882 4945891
4924309 4924337
3821693 4062686
4945917 4945926
586263 1317430
4945934 4945943
274849 780102
4945953 4945962
197012 592754
4945971 4945980
4946003 4946012
4946032 4946042
4946034 4946060
4946084 4946093
4946111 4946122
2442598 3124568
4946222 4946231
4946244 4946251
1961687 2732230
1734002 2568112
81140 282124
4946296 4946306
3400897 3793528
3107935 3590348
4946624 4946633
4946647 4946656
742417 1513200
4946690 4946700
502791 1192411
4946732 4946741
42126 173314
42142 173364
969203 1808535
19909 112693
4946759 4946768
4946780 4946791
3210514 3665389
3335531 3752348
3335532 3752364
4946895 4946904
4946919 4946928
4946949 4946958
4946975 4946984
4947002 4947009
4947155 4947164
4947176 4947185
4947203 4947213
4947249 4947256
4947261 4947268
3663818 3966933
3606745 3930457
1970509 2742313
1325739 2197260
2874452 3424068
4947273 4947282
81052 281643
1100287 1970656
4947296 4947303
19910 112713
4929235 4929303
3192212 3649890
4947317 4947326
2160228 2900890
4947379 4947386
140823 441776
4929236 4929322
81053 281660
1246773 2126011
60 523
369229 968757
1001989 1851328
19911 112730
4947391 4947400
3371424 3774402
4947408 4947417
4947427 4947436
3649880 3959917
4947445 4947452
4947749 4947756
4947764 4947773
19912 112746
4947785 4947792
3821694 4062700
4947802 4947811
4913209 4913236
161973 511334
3371425 3774420
4947823 4947832
4947843 4947852
4947879 4947888
4947903 4947912
19913 112761
519812 1221291
4947934 4947943
4947958 4947967
84503 290188
4947978 4947987
19914 112779
4947998 4948007
4948026 4948035
2332389 3034443
3130607 3606756
4948062 4948071
4948079 4948088
4948100 4948110
4948102 4948124
4948132 4948139
1100147 1970486
1043422 1906829
1043423 1906840
4948147 4948156
4948166 4948173
704133 1462567
4948179 4948188
704134 1462578
704135 1462588
4915051 4915102
19915 112806
408896 1045405
2181910 2919689
141361 445338
4948205 4948212
369266 969031
4948219 4948231
4913210 4913252
4922999 4923026
4923035 4923081
522417 1227363
902891 1712251
4948316 4948325
3606747 3930474
2126293 2874459
522418 1227382
522419 1227401
1056260 1917710
1056261 1917729
4948337 4948346
4948362 4948371
4948381 4948390
3895656 4114485
1539183 2398901
4948400 4948409
1667351 2506666
4948423 4948432
4948447 4948456
4077131 4231312
3585987 3917745
4077132 4231330
4923000 4923044
4948466 4948475
4354095 4419227
4948486 4948495
3425755 3807823
4060708 4217749
4077133 4231348
197013 592770
4948505 4948514
3976672 4166578
2162573 2903012
2162574 2903032
1667331 2506640
4354096 4419245
1667253 2506541
4077134 4231366
3428773 3809700
4948527 4948536
4060014 4217188
4060016 4217209
286470 799090
197014 592788
125265 408880
4948549 4948558
4948567 4948576
4948586 4948595
4948607 4948616
4948629 4948639
4948671 4948680
4948694 4948703
4948719 4948728
3686681 3981952
4937149 4937173
592447 1326914
3888602 4110403
2506632 3174655
1293083 2170771
1293080 2170755
4948631 4948657
2162575 2903054
4060709 4217767
3087890 3575406
1415748 2288648
4948744 4948753
4948763 4948772
852864 1667263
852865 1667282
3087931 3575488
4948785 4948794
283570 794342
4948817 4948826
756107 1538790
4948863 4948870
369267 969052
801888 1593890
4905985 4906058
1097364 1964455
4948875 4948884
4945173 4945222
4920368 4920398
4920369 4920419
1667274 2506586
4948897 4948906
1462489 2332499
4904151 4904178
613430 1351641
15892 81989
4948921 4948930
4948941 4948948
4948961 4948971
4949079 4949088
4949101 4949110
973981 1816306
19916 112825
3087891 3575422
4949120 4949129
533993 1248348
237190 723032
1993224 2763495
4906514 4906540
239703 727141
1650281 2492951
1328399 2200473
2162576 2903071
4949139 4949148
1209128 2085164
4949160 4949169
2838915 3399090
141298 444942
4949182 4949189
4949195 4949204
1398853 2273848
4949217 4949226
4949246 4949255
4949266 4949276
4949268 4949293
140850 441825
2933327 3467749
3087875 3575309
4949303 4949312
3087943 3575604
3087876 3575330
4949328 4949337
55444 228511
4943828 4943855
4949353 4949363
4949394 4949403
446962 1100908
290495 808749
236606 721690
3102028 3586116
3102029 3586136
287896 802421
1227314 2105931
4949425 4949435
4949607 4949617
4949660 4949669
4949687 4949696
112871 369139
4949609 4949634
4949707 4949716
197015 592807
4949728 4949735
2936647 3470399
3470390 3843347
2734398 3324334
704101 1462500
4949742 4949749
4949759 4949766
2430700 3114150
3087892 3575441
4949838 4949848
3686682 3981970
2162577 2903089
4342348 4410713
2162578 2903106
2162579 2903123
2162580 2903141
236798 722332
2162581 2903160
2398571 3090142
2162582 2903178
2162583 2903197
4949881 4949890
1538448 2397631
3912854 4125525
2938598 3472089
2162584 2903213
3090360 3577860
61 537
2797573 3371356
4930842 4930874
4949915 4949925
4950010 4950019
4950170 4950179
4950191 4950200
2442424 3124317
2162585 2903232
3470391 3843367
4950254 4950261
4950283 4950290
794088 1583957
852866 1667299
2398855 3090370
1538449 2397649
3358050 3766907
852867 1667319
852868 1667340
852869 1667360
4950295 4950304
4950340 4950351
1525825 2384141
2422250 3107945
1434209 2304495
3443011 3818375
3442744 3818120
3442745 3818138
2332467 3034511
3034502 3539759
2797574 3371374
2902819 3443849
140953 442597
4924087 4924106
3087932 3575505
794012 1583829
4950420 4950429
4925024 4925050
4906758 4906784
4931427 4931459
4950457 4950466
774264 1559050
4950495 4950504
15893 82005
446653 1100205
4950517 4950526
1751795 2574911
722326 1482982
15894 82015
2085135 2838924
4950551 4950560
141804 447019
4950579 4950588
4950611 4950620
4950631 4950638
4950643 4950652
4950662 4950669
4950677 4950684
2170747 2911811
4950690 4950700
3938984 4143455
2162586 2903248
4950755 4950764
4950779 4950788
3321977 3742622
356327 952370
3321989 3742633
4950805 4950814
3550489 3895258
4950825 4950834
81936 283639
4950845 4950854
824061 1632315
3447661 3821703
3447662 3821719
4950864 4950871
1970760 2742724
802112 1594170
4950911 4950918
4950967 4950976
4951005 4951014
970798 1810130
2199213 2936717
4951028 4951037
4951069 4951079
2162587 2903268
4951130 4951139
1090520 1954970
4906759 4906800
4951203 4951212
2441810 3123702
3123696 3600637
2441811 3123713
2441812 3123723
3123717 3600649
2441813 3123733
4951222 4951231
4951284 4951293
4951304 4951311
4142952 4280118
592818 1327462
4951320 4951329
4951338 4951347
4951359 4951367
2160229 2900908
2160230 2900927
2160231 2900946
4951390 4951399
3912855 4125546
1090521 1954984
522420 1227420
4951429 4951444
4951431 4951455
4951432 4951466
4951433 4951477
4951434 4951488
4951435 4951499
4951436 4951509
4951437 4951519
4951438 4951531
4951851 4951858
1060240 1921597
3315756 3738553
4190498 4309831
822411 1629789
4951866 4951880
4951868 4951898
4951869 4951914
721628 1482054
295083 816247
4952321 4952330
4952338 4952347
4952355 4952364
592819 1327476
4952373 4952382
4952395 4952404
4952462 4952471
197016 592828
3223973 3674824
4077135 4231386
432705 1078959
1162773 2034409
4231378 4338824
4952506 4952515
4952524 4952533
81054 281681
4952542 4952552
2427986 3112070
4952595 4952604
4952614 4952623
4952648 4952658
2170609 2911742
783557 1570089
4952744 4952753
4952776 4952785
926994 1734011
1227355 2105985
4952798 4952807
419318 1059082
81055 281693
4952828 4952837
4952877 4952884
4952854 4952866
4952897 4952906
4952916 4952928
4953175 4953184
4953941 4953948
4939017 4939031
4953953 4953962
4953977 4953987
2936648 3470419
3663779 3966837
55313 228270
4947205 4947231
4954055 4954068
789951 1577077
1462414 2332379
4954450 4954457
4954475 4954482
4954492 4954501
290397 808517
4953979 4954005
4954522 4954532
4954524 4954550
4954633 4954642
4954651 4954660
125266 408890
2160232 2900966
3527014 3880411
4952544 4952570
4954677 4954686
4954733 4954742
1538622 2397777
4948221 4948251
4948222 4948269
4954752 4954762
4954894 4954904
4954935 4954944
4955065 4955074
4948223 4948285
4955679 4955688
4954754 4954781
1107806 1980194
4955703 4955712
4954896 4954922
19917 112850
4955728 4955738
4955763 4955772
4955808 4955817
4955827 4955834
44130 186696
3686683 3981989
4955730 4955754
3188234 3647702
4955932 4955941
2373488 3066354
4043059 4207730
4955952 4955962
4955954 4955980
448128 1103110
4936610 4936619
141691 446830
141692 446849
141693 446862
2160233 2900986
2160234 2901006
2595145 3230464
2160235 2901026
4955989 4955998
4956029 4956038
4956074 4956083
2570679 3210189
4956103 4956112
4956173 4956182
4956232 4956241
1750535 2574228
576590 1292578
1072291 1934201
4956278 4956287
576870 1293095
4933208 4933237
1209129 2085184
369268 969069
140851 441839
2185825 2923657
930231 1750544
4956322 4956329
2121627 2868158
4956356 4956365
4956403 4956412
4956420 4956429
522421 1227439
2162588 2903286
140883 442156
4956527 4956536
4956549 4956558
3213530 3668049
380770 989332
197017 592852
2160236 2901044
4956585 4956594
6151 55466
4956605 4956614
794052 1583913
1615179 2465121
4956635 4956642
44219 187133
2160237 2901063
2160238 2901082
2160239 2901101
2160240 2901119
2775451 3358059
4956649 4956659
1358271 2232567
374580 977776
2775452 3358078
187025 576597
4956700 4956709
4956791 4956800
1977949 2751111
526679 1234829
2162589 2903306
4956860 4956869
374534 977618
4956878 4956887
3686684 3982007
4957178 4957187
2736782 3327334
369269 969087
4957215 4957224
743443 1518633
4957261 4957270
4957314 4957324
3766880 4029240
4936913 4936934
283360 793982
4957377 4957387
4954562 4954610
4933209 4933257
1049532 1911808
4957316 4957344
584583 1312363
4077136 4231404
3090545 3578013
2317217 3024221
4957494 4957504
4957544 4957553
4957577 4957588
2445521 3127193
4957688 4957697
4957708 4957717
4957746 4957755
4957913 4957920
4957935 4957942
4957963 4957972
4957985 4957992
1291753 2168921
3677041 3974535
4940583 4940642
4940564 4940608
4957998 4958007
4958131 4958140
196938 592240
4932603 4932631
2126002 2874153
4958167 4958176
4957579 4957606
1291754 2168932
4957580 4957622
4958219 4958228
4903154 4903183
4927799 4927828
969183 1808505
4958241 4958248
4958261 4958270
4958284 4958293
4958330 4958339
140852 441851
444520 1094673
4903985 4904014
446654 1100223
4958363 4958372
4958382 4958391
44220 187148
4958445 4958454
4958732 4958742
4958734 4958760
4958781 4958790
42042 172991
35538 141341
19918 112864
81141 282141
1327750 2199519
4958934 4958942
369303 969296
764122 1548005
4958958 4958967
4958978 4958985
2412280 3099856
4959024 4959033
4959043 4959054
4919879 4919907
1629708 2476578
1629709 2476598
369270 969107
4959154 4959163
369271 969124
369272 969143
369273 969158
4959402 4959411
1292359 2169673
84368 289818
1093279 1958986
4951870 4951930
4951871 4951946
754924 1536338
4959425 4959434
2579903 3218927
4959465 4959474
3130608 3606778
1629781 2476646
2936907 3470556
576923 1293167
4959483 4959492
4929480 4929506
1781410 2598152
84473 289992
4959502 4959512
4959504 4959530
4959560 4959569
4929237 4929341
4959581 4959590
285206 796288
4959617 4959626
3130609 3606795
4959670 4959679
4959725 4959732
663513 1406228
4950394 4950415
497661 1183291
4950355 4950401
2395950 3088186
81142 282156
2398856 3090390
4959763 4959772
4959788 4959799
2398857 3090412
2398858 3090431
4959934 4959943
2398859 3090451
4959966 4959975
4959990 4959999
4960014 4960023
446655 1100238
2398860 3090471
2398861 3090493
2398862 3090513
2398863 3090533
2398864 3090554
1154650 2026584
2398865 3090573
2398866 3090595
1539086 2398789
19919 112878
4960039 4960046
4960051 4960060
4960110 4960120
4960129 4960138
3577852 3913296
1056147 1917607
4956651 4956679
4960148 4960157
4960170 4960177
849944 1664859
19920 112890
1292778 2170593
1829976 2636905
4960183 4960190
416677 1056272
2587728 3223964
2587729 3223982
1772582 2587739
2587731 3224000
4960196 4960205
4960219 4960228
1832762 2638909
197018 592870
4960237 4960246
4960261 4960268
4960277 4960286
4960296 4960305
4960323 4960332
2568261 3207764
4960348 4960357
4932604 4932650
4960373 4960380
62 552
2192664 2930173
140793 441245
4960386 4960393
4960398 4960407
4960418 4960427
4960458 4960469
4960559 4960568
4959064 4959108
4960579 4960588
4960605 4960614
4960626 4960635
4960647 4960654
4960661 4960671
4951872 4951961
4960880 4960890
4960918 4960927
110742 356444
4960952 4960961
4960975 4960984
4960996 4961005
4961019 4961028
4961074 4961083
2913606 3454974
812831 1615207
4961093 4961102
4961111 4961120
172956 533561
4961143 4961153
4961185 4961194
4961207 4961216
4961249 4961258
4961273 4961284
849945 1664877
4961333 4961340
4950692 4950716
713229 1472359
4939018 4939044
4961351 4961360
4936964 4936973
4961371 4961380
4961407 4961416
4961425 4961434
4961462 4961471
4961486 4961493
4961517 4961526
4961560 4961569
4961580 4961589
4961601 4961610
4961628 4961639
4961630 4961658
4961631 4961673
4961685 4961692
4961787 4961794
236783 722213
2130010 2877376
4961962 4961969
3124291 3601217
3601211 3927087
4961982 4961991
4962010 4962017
4962022 4962031
4962057 4962066
4962164 4962173
4237277 4342794
3123864 3600770
2839044 3399219
3399211 3792295
112705 368711
4962183 4962192
4962203 4962212
4962258 4962267
4962382 4962391
4962405 4962414
3893150 4113087
4962427 4962436
2147248 2889538
1056263 1917748
839520 1650536
4962460 4962469
727092 1496170
87379 297486
4962486 4962495
4962522 4962531
2579904 3218946
4962540 4962549
368771 967956
416 4026
4962693 4962703
4962695 4962721
1056264 1917769
3498179 3857305
3857297 4089479
1347086 2222236
4962862 4962871
4912845 4912900
4912846 4912913
4912894 4913001
4962899 4962908
3532216 3883680
3087933 3575525
4962923 4962932
4946782 4946809
401915 1015482
4963030 4963039
4963350 4963359
1006673 1857145
397830 1006682
4012625 4190507
4963397 4963406
4958936 4958952
378898 984618
1687574 2523646
2763459 3350181
4963415 4963424
2457862 3136264
4960882 4960907
4264 42081
4963434 4963444
4963436 4963461
4963510 4963519
3888711 4110476
4963529 4963538
4963546 4963555
1462491 2332520
4963576 4963585
1486876 2354396
4963599 4963608
1244931 2124008
4963619 4963628
4963640 4963650
2179115 2917320
237501 724064
6152 55479
4963678 4963687
4963713 4963722
4963738 4963747
4174979 4301688
727179 1496514
4963802 4963811
4963642 4963667
376816 980178
4964055 4964066
4964057 4964083
4964058 4964098
4964108 4964115
4964130 4964137
4964142 4964149
4964176 4964183
2436024 3118179
4964211 4964220
4964233 4964240
1128508 2000214
4964245 4964254
4964263 4964272
766309 1550888
4964301 4964310
4964330 4964339
289646 807570
4964408 4964417
4964426 4964435
4964443 4964452
4964462 4964471
4964481 4964491
4964483 4964508
4964529 4964538
4964547 4964556
1959833 2730735
3938985 4143475
801722 1593152
1810873 2622184
1645238 2487850
2162590 2903323
3087934 3575545
369274 969173
369275 969192
4964646 4964655
1058195 1919941
4964675 4964684
4112471 4258950
81143 282170
4475230 4508665
4964693 4964700
1100269 1970630
4964705 4964714
4964724 4964733
4964744 4964753
853370 1667822
4431866 4475239
2736783 3327354
4901263 4901286
4964764 4964774
4964798 4964807
3938986 4143496
4964875 4964885
4964877 4964902
141694 446878
2824346 3390004
446870 1100734
1060796 1922380
4964919 4964928
3087935 3575565
4964947 4964956
197019 592885
63 574
2222241 2954096
4964965 4964974
4964999 4965008
970799 1810146
4965025 4965034
4965041 4965050
3938987 4143517
3090609 3578060
22 197
4965069 4965078
2160241 2901142
3938988 4143538
2763460 3350199
2763461 3350215
2763462 3350231
2763463 3350246
2763464 3350263
2763465 3350279
2763466 3350294
2763467 3350310
4965091 4965098
2838442 3398740
3442746 3818155
3107937 3590366
4965105 4965112
4965158 4965167
4965182 4965191
3575342 3910485
2130493 2877774
4965209 4965216
4965222 4965229
4965234 4965241
4965246 4965253
4965259 4965266
4965271 4965278
18126 91861
1829977 2636922
4965292 4965301
81902 283623
531991 1242971
197317 593494
4965310 4965319
3880365 4105735
4965328 4965337
812832 1615226
4965347 4965356
4965370 4965381
4965372 4965397
4965637 4965646
4965665 4965675
84518 290306
4965706 4965715
4965727 4965736
412942 1051438
4965745 4965754
4965765 4965774
4965785 4965792
4965797 4965806
4241402 4345394
4965815 4965825
4965817 4965843
84519 290325
726217 1495255
4965904 4965913
3463844 3835942
727032 1496010
4965954 4965961
4944499 4944511
4965966 4965975
4965987 4965996
4966011 4966020
3079391 3569023
83692 287778
4966030 4966039
4966055 4966064
4345385 4412889
4966102 4966111
4345386 4412911
4966133 4966142
4496813 4525328
4460775 4496799
4412880 4460784
3966996 4160703
57840 236818
4966160 4966170
4966162 4966189
4966216 4966225
803526 1603000
4525340 4547918
4412903 4460832
4496814 4525349
4966236 4966245
4966266 4966273
4904457 4904483
2162591 2903343
2332489 3034571
4412881 4460805
4966281 4966290
4460797 4496824
4015924 4192155
4966299 4966306
4966312 4966321
4966337 4966346
4903932 4903959
793988 1583793
1539184 2398920
4966356 4966367
4966676 4966685
4966697 4966707
4966699 4966724
4966358 4966387
2398867 3090620
3090713 3578164
4966768 4966777
4903933 4903977
4966864 4966873
4966922 4966931
1690761 2525342
3471495 3844206
801830 1593841
4966944 4966953
4966399 4966449
4966968 4966977
4967029 4967039
4967071 4967080
2332490 3034591
369276 969212
4966400 4966470
4966401 4966490
4966402 4966510
3090362 3577881
4966403 4966531
2162592 2903363
4967105 4967114
2643236 3265531
576682 1292935
4967031 4967057
3370380 3773603
4967128 4967137
378899 984633
4967159 4967167
4967161 4967179
4967197 4967206
4967286 4967293
3087292 3574660
83 778
4967305 4967314
586094 1316992
2601292 3234845
4967354 4967363
4967386 4967395
4967434 4967443
4967459 4967468
4967476 4967483
18127 91878
2449438 3129577
2361268 3057140
4967521 4967530
4967553 4967562
4967570 4967579
4967587 4967594
4967603 4967610
4967615 4967624
4967633 4967640
4967646 4967655
4967662 4967671
4967680 4967689
4967700 4967709
2902878 3443883
4967784 4967791
4967840 4967849
590076 1322819
4967858 4967867
4967913 4967922
4967941 4967950
4967982 4967991
4721983 4723875
4968002 4968011
672912 1415757
4968051 4968060
3370381 3773623
4267516 4359097
1770967 2585276
4968097 4968106
1213 15913
4682614 4687179
4930843 4930894
3057134 3553607
2469891 3146761
4968122 4968131
4968141 4968150
3930565 4137622
3107499 3590058
2159666 2900456
2506533 3174611
4968159 4968168
4968254 4968266
4968335 4968350
4968337 4968369
4968338 4968387
4968339 4968403
4968340 4968419
4968341 4968437
4968342 4968456
369012 968300
4968503 4968512
573914 1289392
2398868 3090642
19332 110215
2398869 3090661
4968525 4968534
3912856 4125567
3912857 4125586
4968569 4968578
2810968 3379680
119172 380894
4954057 4954088
592126 1325732
4968588 4968597
4968605 4968614
4954058 4954110
2797575 3371394
2938599 3472107
3188235 3647720
4968625 4968632
4968638 4968647
2736784 3327376
4968659 4968668
35539 141353
236799 722349
141091 443802
4968683 4968692
4968703 4968713
4968705 4968731
4968773 4968782
2736785 3327396
4968807 4968816
3130610 3606814
3806887 4052384
197020 592896
4968828 4968837
4965667 4965693
4968868 4968877
4968925 4968934
4968256 4968282
4664708 4670489
3649881 3959935
4968982 4968991
4901264 4901306
4969001 4969011
281439 789958
4969145 4969154
4969178 4969187
4968257 4968300
4932435 4932463
573915 1289413
1289405 2166906
2585268 3222281
4969209 4969218
4954059 4954130
4969227 4969236
45747 197269
4946113 4946141
1538782 2398502
4949917 4949943
420568 1060247
2797576 3371412
4969248 4969255
4930906 4931030
2398870 3090682
2398871 3090702
4969280 4969289
45748 197288
1298655 2178215
3439348 3815911
187174 576914
512709 1208016
195657 590222
2398872 3090722
4969340 4969349
4077137 4231423
2461749 3140905
3532217 3883700
3034503 3539779
2332468 3034531
4969361 4969370
4658548 4664698
4658549 4664717
4969389 4969396
4969401 4969408
3922668 4131704
3140875 3616772
1098431 1965248
3204139 3661597
3136632 3611813
4060017 4217226
4969413 4969422
4969437 4969444
4969472 4969481
4969493 4969500
1006692 1857165
397831 1006703
1006694 1857181
1006695 1857198
1826065 2635181
3218919 3671664
1759598 2579913
4969519 4969528
4930865 4930959
2303638 3015216
581825 1299517
4969553 4969560
4969589 4969598
2398873 3090743
4969638 4969647
448193 1103270
4969660 4969669
4969683 4969692
1227315 2105948
3090611 3578079
4957396 4957434
4969716 4969723
4969731 4969740
4969757 4969767
4969759 4969783
256635 751870
283424 794108
4969796 4969803
3439349 3815928
3063 38570
368644 967725
3577554 3912842
4525360 4547946
936354 1766816
355271 950709
3649136 3959523
4060018 4217246
81781 283431
1854084 2655299
1757920 2578480
4077138 4231443
777533 1563711
187175 576930
4060019 4217266
4969860 4969869
4143509 4280406
4932095 4932121
734563 1505926
45749 197307
4969907 4969916
4970283 4970292
289682 807778
4060020 4217286
592127 1325746
1391597 2264995
1577071 2436066
2917965 3457720
4970322 4970329
4970337 4970347
45709 196927
4970383 4970392
4496816 4525369
4970423 4970432
789912 1577010
4970491 4970498
4970513 4970522
378900 984647
4970539 4970548
4085698 4237286
2814949 3382931
4970580 4970589
64 586
4970599 4970608
4525320 4547893
1750488 2574164
4970627 4970637
1552343 2412270
4970669 4970676
1590 19339
1482962 2350505
197301 593355
1622030 2469901
4970684 4970693
4970629 4970655
4970703 4970711
4970705 4970722
4970729 4970738
283485 794197
4952650 4952677
4970756 4970765
1486322 2353823
533634 1246754
4970817 4970826
1612048 2461740
4970844 4970853
2574202 3214656
4970873 4970882
4970894 4970904
4970896 4970922
176977 544853
4930866 4930980
112773 368779
4954036 4954043
4970939 4970948
4970956 4970966
4914272 4914299
2264987 2985355
1748537 2573085
1347087 2222248
4971071 4971080
4971091 4971105
4971092 4971120
4971093 4971134
4971152 4971159
6136 55438
3880385 4105773
3880386 4105788
1752741 2575056
2881549 3428798
4971169 4971178
2574155 3214607
722357 1483048
4971406 4971414
4971444 4971453
2373489 3066364
127672 413627
4930746 4930773
2308988 3019243
590077 1322835
573916 1289432
4971465 4971474
4971482 4971491
4949355 4949379
4971503 4971512
4971526 4971536
186656 575826
4971722 4971729
3663856 3967005
4971736 4971746
4971738 4971765
4971850 4971859
984012 1827851
4971877 4971886
4971900 4971910
3912858 4125605
1059057 1920782
2574156 3214626
285207 796303
141387 445379
1650282 2492970
1780017 2595790
4971999 4972008
2535917 3192221
1080843 1942172
172802 532975
1462492 2332542
2332491 3034610
4972015 4972024
3663857 3967026
4972043 4972052
4972072 4972081
4921534 4921561
4971902 4971930
3527009 3880375
4972154 4972163
4972191 4972200
1248358 2126710
4972209 4972218
4972236 4972245
4972257 4972266
84 792
4972279 4972288
4972300 4972309
4963370 4963380
287897 802439
1440437 2308997
2122482 2870066
533994 1248365
287898 802459
4972337 4972346
3926966 4134136
4905202 4905251
2332469 3034549
4972420 4972427
4972485 4972494
3930573 4137678
3130611 3606834
4972503 4972512
4972570 4972579
2332534 3034650
4972622 4972631
4972653 4972662
4972728 4972737
3398654 3791835
4972799 4972808
1007459 1857520
4972840 4972850
4972897 4972906
4972962 4972971
4972986 4972995
4973052 4973061
4973114 4973123
4973168 4973177
4973195 4973204
4973233 4973240
4973245 4973254
4973265 4973275
4973357 4973366
293632 812847
4973400 4973407
4973495 4973505
4973497 4973522
989323 1835117
4973533 4973540
4973558 4973565
4973570 4973577
4973587 4973594
3912859 4125627
4973610 4973621
172343 531998
4973612 4973639
4973613 4973655
4973689 4973700
4973691 4973718
4973692 4973734
4973664 4973680
4973267 4973294
4913481 4913510
4973856 4973863
4961145 4961170
19921 112904
3034562 3539818
4973868 4973875
809940 1612055
4973880 4973889
4973911 4973918
4973923 4973932
4077139 4231463
781007 1567338
3959909 4155885
3912860 4125650
81056 281707
4973944 4973953
4973963 4973973
4974007 4974016
3398655 3791854
4974048 4974057
4974092 4974099
4974195 4974205
4915848 4915876
512710 1208033
4974236 4974244
2034400 2798434
4974238 4974257
4974299 4974308
4974330 4974339
4974350 4974359
4974368 4974377
4289294 4374805
4970977 4971009
4974391 4974400
4974424 4974433
4974451 4974460
4974470 4974479
4974540 4974549
4974576 4974585
4974596 4974605
4289295 4374820
4289296 4374834
3590321 3920766
3454133 3830655
4922899 4922937
397832 1006718
2162593 2903382
3087944 3575624
2487823 3160643
4974618 4974627
3880367 4105750
4974639 4974648
1538623 2397796
4974661 4974668
4974676 4974685
4974694 4974701
2441247 3123258
4974707 4974716
4974746 4974755
4974766 4974775
2583839 3221714
4974828 4974835
4974861 4974870
4970958 4970986
4974901 4974910
769667 1552353
4974932 4974943
2184203 2921961
4975083 4975091
4975085 4975103
4974934 4974959
4974935 4974974
2930415 3466038
4975120 4975133
197375 593653
4975327 4975336
4975353 4975362
4975370 4975379
4905423 4905473
290316 808450
592364 1326781
3606904 3930646
4975387 4975397
4975389 4975410
4975458 4975467
228505 704195
497662 1183308
4975476 4975485
3539958 3888718
3124557 3601313
3124558 3601333
3124559 3601348
4975390 4975421
4975391 4975433
81877 283579
4971689 4971711
2199193 2936677
45719 196945
2936729 3470477
4975499 4975508
4975539 4975546
755819 1538458
1110392 1982489
4217200 4327558
755820 1538477
4975552 4975562
4217201 4327576
4670480 4675998
432706 1078970
1086699 1948756
4975698 4975707
4975766 4975775
2506617 3174636
290317 808467
281478 790250
3127139 3604158
4975814 4975823
4975841 4975851
802451 1594650
1291755 2168945
283361 793995
4975950 4975959
4975974 4975983
3777407 4034495
1965256 2735173
2569520 3208718
4976010 4976019
4976051 4976060
289633 807537
2934026 3468491
4976087 4976094
1611268 2461274
4976140 4976149
4976193 4976202
1088702 1950715
4976210 4976217
4976242 4976249
4971000 4971032
4971001 4971048
4976254 4976263
4976274 4976283
1327270 2199183
4954102 4954170
1327271 2199203
1327272 2199223
4954060 4954150
1327273 2199242
4976337 4976346
3738544 4012614
4976361 4976371
4976449 4976458
3989563 4174967
4976518 4976527
4976602 4976612
4976604 4976632
4976679 4976688
4976716 4976723
4976746 4976755
1827823 2636593
3912861 4125670
3912862 4125690
4976769 4976779
3989564 4174988
4125682 4267499
4125662 4267475
4976771 4976796
4976806 4976815
4976874 4976883
4976952 4976959
35439 140737
4976963 4976974
4977085 4977094
2397769 3089753
81057 281727
2397788 3089779
4977123 4977130
4899476 4899502
441087 1088692
663514 1406239
448108 1102998
4977143 4977152
4002114 4184269
4977164 4977171
4977176 4977186
35540 141371
4977287 4977296
1587612 2444945
4977306 4977315
1322347 2193307
4977334 4977343
3865375 4094679
420751 1060399
4977357 4977364
4977370 4977378
283272 793944
35541 141396
789913 1577020
4922307 4922334
4977385 4977395
871855 1687583
2199175 2936657
2199215 2936738
2199234 2936759
4977443 4977452
4977497 4977506
1950689 2724230
432707 1078983
1950690 2724248
4977519 4977528
3087293 3574678
4976965 4976992
4976966 4977007
3792286 4043296
2199195 2936697
4977541 4977548
2181911 2919705
4977615 4977624
4977638 4977647
4977741 4977750
4977814 4977823
3090612 3578099
4977832 4977839
4134679 4273461
2197375 2934035
6409 57980
4977862 4977870
4977902 4977909
4977933 4977942
232759 713103
4977962 4977973
1482975 2350528
2065979 2824355
4965373 4965415
3865376 4094696
2458448 3136640
1496290 2361261
4977864 4977882
4978038 4978047
4978062 4978071
4978104 4978111
2397581 3089586
2397582 3089604
4946132 4946188
4946133 4946204
4978126 4978133
3912863 4125708
432202 1077846
4946114 4946159
4978139 4978148
727147 1496298
1496292 2361277
1183268 2056044
4189313 4309077
446208 1098737
4978161 4978168
381746 990776
4978181 4978188
4978222 4978231
4978255 4978264
281440 789968
4978287 4978296
4958518 4958594
4958519 4958610
4978306 4978315
4978345 4978354
4977964 4977991
1098451 1965298
755662 1537929
141363 445357
1826066 2635201
4899477 4899512
4899478 4899522
4899479 4899533
2933421 3467856
2933422 3467870
2933423 3467884
2441714 3123589
4978388 4978397
586374 1317651
4978412 4978421
1325844 2197345
4978464 4978473
284824 795810
799192 1590385
4951361 4951380
592223 1326623
4978526 4978535
141500 446204
3087936 3575585
4978570 4978579
288433 803590
4929520 4929545
3600764 3926711
4978697 4978706
4180642 4303916
4978728 4978737
4978751 4978760
282088 792587
282073 792572
4952918 4952947
2354388 3051960
4936877 4936901
4978788 4978795
4978809 4978818
4978835 4978842
2160242 2901162
2160243 2901181
4978848 4978857
2160244 2901200
2160245 2901219
4901298 4901346
2724222 3315844
968739 1807967
1051429 1914003
1051430 1914025
1695400 2529061
1808527 2620345
4978910 4978919
1248420 2126818
1248421 2126833
3896142 4114853
35542 141415
4949840 4949868
4938891 4938918
4978953 4978962
4978974 4978983
4978992 4979001
4979043 4979050
196920 592134
4979089 4979098
3647694 3958566
4979109 4979118
4 92
4979194 4979204
968726 1807937
3467723 3841304
4979309 4979318
4979332 4979340
4979359 4979368
3865377 4094713
4938892 4938937
1098957 1967132
4899617 4899636
1967124 2736162
4979383 4979392
4160899 4291701
4979420 4979432
4979422 4979450
4979423 4979465
4979424 4979481
239704 727157
4979512 4979521
4979545 4979554
4979583 4979592
4979196 4979224
4979616 4979625
4979653 4979660
4979671 4979678
4979635 4979645
281616 790877
4979783 4979792
187176 576943
4979804 4979811
217517 663533
4979817 4979851
4979855 4979879
4979887 4979894
4979901 4979908
2442339 3124230
1462592 2332656
4979918 4979925
4979943 4979950
4979956 4979963
3905772 4120348
4979971 4979980
3426363 3808129
3130612 3606854
3930592 4137755
4979989 4979998
1392466 2266143
4980027 4980036
4980053 4980062
4980073 4980080
4980100 4980107
4980145 4980154
4981434 4981441
3130613 3606874
3930610 4137775
4982035 4982044
2903392 3444069
2162594 2903402
4982067 4982076
446671 1100367
4973965 4973991
4982089 4982098
2903394 3444086
4982148 4982157
4952919 4952963
4982167 4982180
217518 663545
4982317 4982326
374535 977628
4982334 4982343
3904483 4119566
1586149 2444753
4982169 4982202
4982170 4982222
4982171 4982239
4982172 4982255
4982358 4982367
4933444 4933504
4929238 4929360
4982465 4982472
4982479 4982488
593097 1327730
4982513 4982522
4939113 4939184
4982531 4982540
3575362 3910521
4982568 4982577
1098958 1967142
2736166 3326737
3326729 3745409
4950342 4950362
4950343 4950371
4016743 4192460
81793 283458
81794 283469
4982587 4982594
4982599 4982606
19922 112917
3930566 4137640
4982611 4982620
4982651 4982660
3556026 3899083
3649882 3959953
4982742 4982749
281736 791588
4982785 4982792
42043 173004
4352999 4418200
1967125 2736173
4982816 4982827
4982818 4982846
4982884 4982893
2131241 2878453
1790118 2607272
4982953 4982965
1063461 1925704
4983048 4983057
4982955 4982985
4982956 4983002
4982957 4983018
4983080 4983089
4983120 4983129
4983206 4983215
4983227 4983234
4983240 4983249
4983261 4983270
1292360 2169693
2919681 3459348
3686685 3982025
590078 1322854
4983290 4983300
4960460 4960487
4960461 4960504
42127 173325
4903387 4903406
4983337 4983346
4932239 4932264
4983375 4983384
4983437 4983446
3458276 3832955
4410652 4459283
4983455 4983462
3745403 4016751
4983467 4983476
42143 173373
4983533 4983542
1606691 2456674
4983563 4983575
4971528 4971554
4983655 4983662
4983667 4983676
3188236 3647738
285208 796322
1593099 2450739
704136 1462599
4983687 4983696
4983704 4983713
4983722 4983731
4983744 4983751
4983767 4983778
4983769 4983797
4983770 4983813
592382 1326800
3123364 3600381
4971408 4971429
4984395 4984404
112840 369021
4984416 4984426
4984418 4984445
4984489 4984498
4939095 4939137
3215889 3669598
4984557 4984566
3188237 3647756
4928670 4928698
4975554 4975582
45750 197325
4905405 4905433
2919489 3459085
4984597 4984606
4984638 4984647
4984678 4984689
4984757 4984766
4984774 4984781
4984787 4984794
446275 1098949
4984805 4984812
793965 1583759
4310929 4389647
4389641 4445078
568 4998
4984823 4984832
4969003 4969029
4922880 4922908
4984846 4984853
2456666 3135563
4900919 4900939
4900920 4900957
2131242 2878465
4984897 4984906
4985017 4985026
4094274 4241764
4985069 4985078
4985113 4985122
4985216 4985225
4985250 4985259
3521642 3876810
4985269 4985279
4985304 4985313
141501 446215
533995 1248378
4985271 4985295
1686915 2523015
4983292 4983319
430177 1074588
4930800 4930819
283114 793814
4985348 4985357
4985455 4985462
573917 1289451
3738545 4012634
2421755 3107410
4959045 4959073
4985470 4985480
4985472 4985497
4959046 4959092
763 6143
4985509 4985518
4985535 4985544
2196976 2933304
218551 670373
218552 670391
1826067 2635213
2195603 2932417
1541030 2400790
4985554 4985562
1322348 2193326
4985610 4985619
4985658 4985665
4985676 4985685
4985734 4985741
4985832 4985841
1482976 2350543
4979334 4979351
769648 1552325
4985879 4985888
4985907 4985916
4985955 4985964
4985978 4985988
4985980 4986006
4986018 4986027
4986043 4986052
2162595 2903422
1465945 2335480
4948963 4948990
650056 1391709
650057 1391728
650058 1391748
4986161 4986170
2424058 3109491
1585628 2443972
4986181 4986190
2404252 3093500
4986198 4986207
4986200 4986222
4986201 4986233
4986250 4986257
4977965 4978008
1280624 2157477
4986272 4986281
1436507 2306066
4986295 4986305
4986297 4986324
2797577 3371434
989324 1835135
4986364 4986373
433897 1080852
186766 576005
4924669 4924697
4986389 4986398
4986410 4986419
15905 82033
3208935 3664535
4943415 4943441
4986452 4986459
4986469 4986478
4986489 4986499
3850657 4086065
4986529 4986538
785601 1571937
785350 1571612
1571603 2430370
4173763 4301058
4986549 4986558
4986491 4986517
4986879 4986886
214431 652524
75722 270449
3865378 4094731
197261 593290
3865379 4094750
2620285 3248911
2742637 3335427
3865380 4094769
4943829 4943873
141264 444828
297367 820865
4986892 4986901
4943830 4943893
650059 1391767
650060 1391787
650061 1391806
4986919 4986928
4970339 4970364
4987461 4987470
4987530 4987539
196921 592148
4987549 4987558
3326730 3745420
4987577 4987584
2920641 3460282
4138487 4276908
3840553 4080023
3751439 4021043
3638778 3952931
4987595 4987604
4270005 4360889
4953038 4953095
4987644 4987653
4912847 4912923
4987697 4987706
1851697 2653840
785351 1571632
4987727 4987736
745504 1524253
4789339 4789785
1325649 2197102
57888 236997
4987771 4987780
237480 723926
197218 593181
2903414 3444114
189720 582996
4987828 4987838
4987830 4987851
4987831 4987864
4987888 4987897
3212370 3667536
650062 1391828
808409 1610612
290246 808418
969099 1808459
4987909 4987918
4987970 4987979
4987994 4988003
1100494 1970824
4988024 4988031
4988038 4988047
4940795 4940821
4988058 4988067
447898 1102821
42059 173043
4988079 4988088
4988112 4988121
4988114 4988134
4988115 4988148
4988158 4988167
4988219 4988226
768880 1551838
4988232 4988241
141651 446752
4988282 4988292
4975843 4975871
4988383 4988392
4988403 4988412
584894 1314462
4988441 4988451
4988541 4988551
1090522 1955000
727149 1496310
173037 533664
4988543 4988571
4988621 4988630
1317641 2188518
650063 1391849
1084703 1946849
4988671 4988680
1571604 2430391
4988701 4988711
374536 977638
650064 1391870
4988761 4988768
4988795 4988805
4925709 4925728
4273012 4363315
4077140 4231483
650065 1391891
650066 1391912
721577 1481960
4988875 4988882
3294917 3724265
4987832 4987877
2456653 3135545
721588 1481976
4957496 4957523
2724200 3315765
2724201 3315786
448109 1103015
2724202 3315803
4988888 4988897
4989021 4989031
4989023 4989051
3126877 3603982
4988703 4988730
278342 785360
4984680 4984706
4989107 4989116
3210181 3665139
4989408 4989415
4989442 4989451
4989465 4989474
4789777 4790234
650067 1391933
4989487 4989496
267976 769676
650068 1391954
2724203 3315822
573918 1289470
650069 1391973
239705 727171
4989557 4989566
4989593 4989602
592625 1327292
4989653 4989662
4989679 4989688
2034401 2798454
4989815 4989822
4989828 4989835
239706 727186
3887713 4110026
4989849 4989856
4989870 4989877
141092 443819
4989887 4989896
3326684 3745394
775856 1560615
4989913 4989922
4989944 4989953
112926 369284
4989963 4989972
4989981 4989990
4990000 4990009
4990044 4990053
4944658 4944685
4990065 4990074
4990085 4990095
240872 728814
4990138 4990147
4990195 4990204
369278 969227
3188238 3647772
4990228 4990238
4976363 4976390
4990340 4990351
4990230 4990257
4990249 4990298
1102813 1973575
4990493 4990502
4016745 4192472
4990549 4990558
4990570 4990578
4206597 4320430
2273840 2994468
1298656 2178232
4990597 4990606
2994460 3510365
4990642 4990649
4990685 4990694
4990715 4990725
656535 1398862
4990795 4990804
4990846 4990853
3326731 3745430
4990342 4990372
4990863 4990873
4968258 4968315
4990964 4990971
4990977 4990986
4991120 4991129
4991156 4991165
4917282 4917308
4990865 4990894
4991234 4991243
1970063 2741808
1099949 1970122
4916227 4916243
593281 1328012
4991255 4991264
4239379 4344158
4941544 4941586
4942977 4943004
4991273 4991282
4991292 4991301
4991334 4991343
4991378 4991388
4983565 4983593
796295 1587621
4983566 4983612
4901224 4901252
281933 792332
4991413 4991420
284789 795669
4988356 4988365
4991433 4991440
4991454 4991463
2358622 3054944
4089622 4239358
3791941 4043082
4239350 4344123
4991470 4991479
4991490 4991499
4991516 4991525
82402 284832
4983567 4983630
4991553 4991562
4991597 4991606
4975863 4975900
593282 1328029
1101916 1972231
4991684 4991691
4991696 4991703
4991715 4991724
650070 1391993
4991735 4991742
4991748 4991757
4991778 4991787
4231475 4338862
4991806 4991815
353223 943288
1705583 2536037
892978 1705593
4991831 4991840
3023829 3532786
4991853 4991863
432708 1079000
4991855 4991882
4992220 4992229
1778680 2595168
4992243 4992250
4992287 4992296
4992425 4992432
792326 1582747
4984681 4984723
2162596 2903442
4992437 4992446
2631210 3256337
4991380 4991405
532967 1245540
4992516 4992525
4992614 4992624
4992616 4992643
4992676 4992686
3843339 4082117
4992761 4992770
4992827 4992836
4992871 4992881
4990572 4990590
4992678 4992706
4990343 4990393
4992949 4992956
212826 648115
2936669 3470443
172803 532993
4992985 4992996
4993167 4993176
4992987 4993013
4992988 4993030
4920250 4920267
4993244 4993256
1209130 2085208
1664851 2504723
4993246 4993277
2523007 3185220
968344 1807586
4670481 4676014
140626 440533
4993416 4993423
3606748 3930491
245446 734051
702028 1460042
1326997 2198867
3571519 3908046
3956061 4153348
702029 1460062
4993431 4993440
3987581 4173772
4993247 4993298
4993483 4993492
721603 1481992
4993507 4993514
4993527 4993536
4993548 4993557
4993565 4993574
4168408 4296497
4993585 4993594
4993617 4993626
4993635 4993644
4993666 4993675
3954739 4152850
4993684 4993691
3130614 3606894
4993697 4993706
4993713 4993722
282052 792481
4993730 4993739
4993752 4993762
4993825 4993834
4993754 4993783
35543 141438
4966359 4966412
4899056 4899082
4993852 4993859
4902091 4902130
4993866 4993875
4993892 4993901
3398656 3791870
4994131 4994140
1935336 2710461
23 215
35544 141450
4990717 4990746
4994194 4994201
4929277 4929388
4992873 4992902
4994207 4994216
1603024 2453312
4994222 4994231
4994237 4994246
4265 42099
650071 1392014
4994252 4994261
4994279 4994288
2736123 3326691
4994327 4994336
4959790 4959813
4994366 4994375
1705585 2536058
4994390 4994399
140633 440767
4994424 4994433
4077141 4231502
4077142 4231522
3888651 4110422
3820760 4061828
4077143 4231542
4994444 4994453
4994490 4994499
588701 1320773
941309 1772591
4960663 4960689
1209131 2085230
1209132 2085252
4994538 4994548
4994651 4994660
4993248 4993319
1320765 2191262
4994710 4994717
2397623 3089640
2162597 2903463
4994723 4994732
771863 1554641
573919 1289487
1935337 2710482
3987582 4173793
1950660 2724159
3130615 3606913
42029 172976
2162598 2903484
3694762 3987591
4994752 4994759
3124560 3601365
3439350 3815947
1280901 2157748
2157738 2899093
2157739 2899114
4266 42114
3792287 4043314
2157740 2899135
4994775 4994785
4994862 4994871
4994951 4994960
4931689 4931716
4994975 4994984
1068709 1931741
24 234
2285020 3007014
4995011 4995021
4995013 4995041
1002133 1851706
1209133 2085273
477 4294
4995058 4995067
4995078 4995087
4995173 4995180
4995266 4995275
4924099 4924134
4995296 4995305
4995328 4995337
4995387 4995396
2469893 3146779
1584191 2442607
4995418 4995428
4234210 4340338
4930844 4930915
3938989 4143559
2441248 3123273
3841241 4080483
3149046 3621820
1970096 2741833
4995577 4995586
3263903 3705233
2641224 3263913
3263905 3705252
166 1222
4943656 4943678
4925950 4925979
81058 281743
4267 42135
1482963 2350515
4959791 4959830
4995601 4995608
4994777 4994805
2598146 3232434
4995615 4995622
4995663 4995672
4995685 4995696
4995687 4995715
4995688 4995731
4927498 4927518
2349651 3046621
83693 287796
3601126 3926975
756687 1539193
4995783 4995791
4995785 4995804
3641089 3954387
816199 1620706
4268 42150
4995813 4995823
4995929 4995938
4995949 4995958
3210515 3665407
3717381 4001370
4912830 4912867
4995966 4995973
1609318 2458822
4995999 4996006
391590 1002142
4985567 4985591
4985556 4985575
239707 727199
4996026 4996035
1209134 2085293
4996286 4996295
2085244 2839053
285209 796345
3447724 3821800
112841 369038
2458745 3137087
112842 369057
4996306 4996315
2858538 3411585
4996325 4996334
4996388 4996459
4996389 4996477
4996390 4996493
4996391 4996511
462 4277
1073906 1935346
968751 1807986
4996602 4996609
4996638 4996647
35545 141467
4996392 4996528
4996716 4996725
4996749 4996758
4996768 4996777
3248903 3693315
4996791 4996800
1102989 1973962
1835172 2641233
4996824 4996831
1826068 2635226
4996838 4996847
4977387 4977414
4996874 4996881
4996890 4996897
4996942 4996951
592645 1327312
4996986 4996995
4997006 4997015
1098432 1965263
2935979 3470149
4997029 4997036
4997045 4997052
4997058 4997065
4997070 4997079
1140822 2012282
4961275 4961301
112685 368653
4192453 4310925
4997124 4997134
4997126 4997153
4997170 4997177
1209135 2085314
4997188 4997197
4270006 4360903
4997225 4997234
4928565 4928591
4997251 4997260
4997272 4997281
4928566 4928606
4997296 4997305
4260728 4354746
4997323 4997330
497663 1183330
3335376 3752294
4997366 4997373
4997382 4997391
4997401 4997410
1609319 2458842
796314 1587658
4997420 4997429
4917878 4917907
4997450 4997459
4997507 4997514
4997536 4997543
2736178 3326750
4997559 4997568
1967126 2736185
2126768 2874746
4997577 4997587
287677 802064
4997579 4997603
4997613 4997622
3547470 3893029
4192454 4310936
802413 1594617
4997643 4997652
4997663 4997670
4997674 4997683
4995420 4995447
4997700 4997709
4997835 4997844
4997855 4997864
4997876 4997885
4997916 4997923
2683398 3285628
4998154 4998163
2620286 3248928
727070 1496124
4998173 4998182
4952920 4952980
370739 970823
4998192 4998201
4998209 4998218
4998225 4998234
4114513 4259854
4927990 4928007
4995815 4995841
1121708 1993233
284508 795187
4940995 4941022
4998242 4998251
4998269 4998278
2625449 3253078
4998286 4998293
4988443 4988468
4998300 4998309
284011 794791
4998438 4998447
4940996 4941042
1311780 2184179
4961276 4961317
277567 784528
4998479 4998488
4077144 4231562
3938990 4143580
4077145 4231582
237481 723939
4998506 4998513
1529825 2388207
4998519 4998528
4998547 4998556
1529826 2388227
4998571 4998578
3663837 3966960
4077146 4231602
2797578 3371452
4907881 4907899
284509 795205
213985 650392
1583976 2442347
794144 1583998
4998583 4998590
2442341 3124240
81795 283480
4998596 4998603
4950344 4950380
1554842 2414957
4192466 4310949
3777408 4034513
511536 1206573
4998609 4998618
4939821 4939848
4998654 4998663
4998708 4998717
4998738 4998748
369049 968333
4998740 4998769
2797579 3371471
4998955 4998964
4999197 4999206
4999308 4999317
3294918 3724286
4999327 4999334
4999340 4999347
4999362 4999369
1576994 2436041
724859 1494172
795179 1584870
125267 408903
4999374 4999383
4999615 4999624
593098 1327740
4999634 4999643
4999654 4999663
4999701 4999710
4912720 4912747
4999732 4999741
4999756 4999765
1209136 2085335
4999793 4999802
3777409 4034532
4974197 4974221
3687311 3982681
4999813 4999822
1481952 2349660
3777410 4034554
3377377 3777419
4999870 4999879
4999895 4999904
4999920 4999929
4999967 4999976
5000036 5000045
5000063 5000070
968836 1808160
5000085 5000094
5000147 5000156
5000195 5000204
5000325 5000334
5000379 5000388
5000475 5000484
3745046 4016612
5000531 5000540
4988797 4988826
5000573 5000582
5000649 5000658
5000693 5000703
5000824 5000833
5000695 5000725
1705485 2535926
5000850 5000859
5000875 5000885
5001000 5001009
5001081 5001090
1629506 2476270
5001128 5001137
5000717 5000772
5001169 5001178
1584247 2442628
4975122 4975152
5001216 5001225
4975123 4975173
4975124 4975194
5000877 5000907
4975125 4975215
5001251 5001260
5001310 5001319
5001357 5001366
5001378 5001387
42129 173338
5001431 5001440
5001480 5001489
3443897 3819226
3443898 3819246
3087893 3575458
3443899 3819266
3443900 3819286
5001526 5001535
4988284 4988312
5001547 5001556
1826069 2635243
3600373 3926460
5001571 5001580
4985569 4985600
5001600 5001609
5001617 5001626
5001636 5001645
1554187 2414344
4973377 4973390
287654 801961
2126991 2874891
287655 801979
2728119 3318881
5001677 5001686
3149047 3621839
3124224 3601099
871856 1687599
1406091 2279521
592142 1325765
5001702 5001712
5001704 5001730
795663 1585455
5001753 5001762
5001781 5001790
5001846 5001855
4972842 4972873
5001915 5001924
5001991 5001998
5002004 5002013
2938600 3472128
5002031 5002040
5002098 5002105
112578 368354
443720 1093064
5002129 5002138
5002239 5002248
5002305 5002314
4946783 4946827
3136634 3611825
5002352 5002361
5002412 5002419
2690831 3290217
1183386 2056269
1826070 2635255
141587 446678
1090523 1955013
1955007 2726479
5002460 5002467
5002473 5002480
5002485 5002492
44221 187165
4950345 4950389
807701 1609274
1902679 2683418
721785 1482270
4977178 4977206
45751 197340
1064825 1928356
812834 1615245
1325845 2197357
5002502 5002511
3547471 3893048
3895657 4114503
4949427 4949452
4354097 4419261
35546 141486
55399 228441
237460 723871
4963032 4963059
4963033 4963071
4930347 4930374
5002522 5002529
350632 936955
807714 1609328
446506 1099630
2181912 2919722
1566349 2425655
3547472 3893061
5002580 5002589
284826 795824
650395 1392473
4259844 4354088
3547473 3893080
83694 287813
5002616 5002623
5002628 5002635
2924915 3462817
3547474 3893099
3547475 3893121
1196968 2073694
1325650 2197113
5002646 5002655
5002666 5002673
5002689 5002698
45752 197354
197348 593601
4946298 4946325
4905465 4905515
5002710 5002719
237482 723950
721786 1482282
57972 237221
4944592 4944618
81144 282183
3547476 3893138
1372404 2249280
1624234 2472185
1782329 2598716
3547477 3893159
5002730 5002737
1630861 2477225
5002744 5002753
1829978 2636939
4354098 4419275
5002774 5002781
142324 448135
5002807 5002814
5002827 5002836
5002862 5002869
4235523 4341542
5002875 5002882
5002889 5002898
5003019 5003028
81145 282194
3843245 4082073
4905425 4905494
5003041 5003050
5003060 5003069
5003082 5003089
444936 1095828
4114514 4259877
3895658 4114523
44222 187183
2320296 3025449
778128 1564567
497664 1183353
680811 1433918
5003094 5003101
5003107 5003115
5003109 5003129
5003405 5003414
5003424 5003433
1291756 2168960
4994540 4994567
5003445 5003454
1297388 2176351
5003468 5003477
3398657 3791890
2425647 3110647
118587 379797
281441 789979
727135 1496276
141581 446622
42044 173016
4270 42162
5003493 5003502
5003513 5003522
5003538 5003547
35547 141508
35548 141529
5003559 5003566
116339 374574
1481815 2349451
197021 592908
5003944 5003951
239708 727211
1297407 2176374
5003957 5003966
35549 141544
116340 374587
1496004 2361035
187026 576611
81059 281753
446656 1100251
446657 1100264
307362 839529
5004004 5004013
812835 1615265
446658 1100278
5004042 5004051
416571 1056156
812836 1615285
5004068 5004077
3575473 3910586
792863 1582997
239709 727224
497728 1183495
5004098 5004105
5004112 5004121
2392335 3085013
1248234 2126569
1248422 2126848
5004132 5004141
5004150 5004159
4990087 4990115
1317642 2188540
1317643 2188558
533996 1248388
5004171 5004178
5004210 5004219
4903951 4903994
81146 282205
3600345 3926366
3600346 3926379
3600347 3926389
3600348 3926400
3600349 3926411
3600350 3926421
968727 1807947
1552345 2412287
1609111 2458690
141695 446895
5004244 5004251
1248187 2126518
5004256 5004263
5004274 5004281
57973 237235
950559 1781488
727150 1496319
1183322 2056086
237461 723883
5004291 5004300
197022 592919
4905946 4905994
4946692 4946717
2838325 3398677
1496325 2361334
727151 1496332
4271 42175
1609283 2458767
5004311 5004320
5004352 5004359
5004365 5004372
4957379 4957406
4902735 4902763
4957398 4957451
2056157 2815584
368501 967378
1325651 2197126
4809912 4810123
374537 977650
446659 1100294
5004381 5004390
160328 503867
3988280 4174216
5004407 5004416
1325846 2197370
533997 1248401
5004437 5004444
5004450 5004457
4964766 4964790
576683 1292954
445893 1097438
5004479 5004488
3135539 3610808
45753 197369
81060 281766
446788 1100543
5004508 5004517
5004542 5004551
5004563 5004572
812837 1615303
3986647 4172715
5004581 5004589
5004628 5004637
533998 1248413
5004645 5004654
5004674 5004681
5004713 5004720
81806 283492
4924100 4924144
19923 112934
1667255 2506557
1325652 2197139
81061 281780
5005038 5005047
5005056 5005065
5005082 5005091
5005131 5005140
141186 444276
4581765 4594166
5005235 5005244
5005267 5005276
5005294 5005301
57974 237248
446660 1100306
236607 721705
5005307 5005314
5005364 5005371
5005377 5005384
5005389 5005396
4899493 4899544
1402576 2276996
1826071 2635266
446661 1100317
370740 970839
1046737 1908808
1248423 2126865
4901265 4901323
609996 1348007
5005431 5005440
5005448 5005455
3663780 3966854
1102990 1973981
3256642 3698884
4951071 4951096
448110 1103035
5004583 5004601
771 6159
533999 1248432
1549168 2409353
4925364 4925390
4901207 4901233
5005471 5005479
812838 1615321
141634 446721
283604 794388
4904004 4904037
197319 593505
1583877 2442195
5005473 5005493
81062 281793
5005640 5005647
4933805 4933831
5005727 5005736
5005759 5005768
2560279 3204146
5005780 5005787
6410 57998
2353438 3050904
160329 503878
160330 503891
5005795 5005802
632606 1372290
197200 593129
4908355 4908383
5005807 5005814
1107807 1980205
1100083 1970379
5005825 5005834
812839 1615336
534000 1248446
35550 141559
5005846 5005855
5005953 5005962
65 599
281406 789817
4276229 4366447
19924 112950
81147 282217
2878572 3427026
5005972 5005979
1832504 2638683
1961773 2732322
1898419 2680530
3465591 3837628
4941140 4941164
4899360 4899381
378901 984664
3398658 3791906
350614 936930
1242953 2121634
5005991 5006000
2735165 3325969
446084 1098460
4904091 4904118
82071 283878
5006028 5006037
5006048 5006055
84520 290342
5006060 5006067
239710 727239
45754 197382
446304 1099052
4908356 4908394
237502 724075
1609006 2458455
112928 369297
1494177 2359703
446662 1100331
5006075 5006084
4982819 4982863
84521 290359
534001 1248463
5006095 5006104
772 6172
86 806
1496270 2361235
4899494 4899556
4899495 4899568
4899496 4899579
446663 1100342
5006157 5006166
5006188 5006197
