4633821 4641822
2200142 2937935
3844101 4082679
4900330 4900337
13371698 88171
13391602 13391604
13432489 13432491
14983610 14983612
15017379 15017381
2200153 2938017
15067784 15067786
2200154 2938021
15101407 15101409
15141431 15141433
15141890 15141892
15142791 1256411
1327905 2199850
30014630 30014632
30408055 30408056
30408059 29739592
30408063 30408064
30408067 30408068
30408073 30408074
2938302 3471952
30408077 30408078
30408085 30408086
30408091 30408092
2200158 2938025
30408098 30408099
30408103 30408104
30408105 30408106
2200159 2938028
30408110 30408111
30408113 30408114
30408119 30408120
30408124 30408125
30408129 30408130
30408135 30408136
30408140 30408141
30408142 30408143
30408146 30408147
4082676 4235547
4082677 4235551
30408150 4900337
30408154 30408155
30408159 30408160
30408163 30408164
30408169 30408170
4082678 4235557
30408174 30408175
30408184 30408185
30408189 30408190
15097238 15097242
30408193 30408194
30408199 30408200
30408203 30408204
30408207 30408208
30408211 30408212
30408215 30408216
30408220 30408221
30408225 30408226
30408231 30408232
30408231 30408233
30408234 30408235
30408239 30408240
30408245 30408246
30408249 30408246
3471315 3844107
30408258 30408259
30408262 30408263
30408266 15141433
30408268 15141433
30408271 30408272
30408275 30408276
30408281 30408282
30408283 30408284
30408286 30408287
30408292 30408293
30408296 30408297
30408299 30408300
30408304 30408305
30408309 30408310
30408313 30408314
30408316 30408317
30408320 30408321
30408325 30408326
30408330 30408331
30408335 30408336
30408341 30408342
30408345 30408346
30408350 30408351
30408355 30408356
30408360 30408356
30408366 30408367
30408370 30408371
30408374 30408375
30408378 30408379
30408384 30408385
30408388 30408389
30408392 30408393
30408397 30408398
30408402 30408403
30408407 30408408
30408411 30408412
30408418 30408419
30408423 30408424
30408425 30408426
30408431 30408432
30408435 30408436
30408438 30408436
30408443 30408444
15142351 15142362
30408448 30408449
30408455 30408456
30408459 30408460
30408463 30408464
30408467 30408468
30408471 30408472
30408475 30408476
30408481 30408482
30408484 30408485
30408489 30408490
30408493 30408494
30408497 30408494
30408500 30408501
30408505 30408506
30408512 30408513
30408517 30408518
30408521 30408522
30408525 30408526
30408529 30408530
30408533 30408534
30408537 30408538
30408544 30408538
30408548 30408549
30408551 30408552
30408557 30408558
30408563 30408564
30408568 30408569
30408572 30408573
30408575 30408576
30408578 30408579
30408583 30408584
30408587 30408588
30408591 4389196
30408594 4389196
30408597 30408598
30408602 30408603
30408605 30408606
30408609 30408610
30408612 30408613
30408616 30408617
30408621 30408622
30408625 30408626
30408630 30408631
30408634 30408635
30408639 30408640
30408643 30408644
30408646 30408647
30408649 30408650
30408653 30408654
30408657 30408658
30408659 30408660
30408663 30408664
30408668 30408669
30408671 30408672
30408673 30408674
30408678 30408679
30408682 30408683
4960337 4960343
30408686 30408687
30408686 30408688
4929085 4929092
30408692 30408693
30408695 30408696
30408699 30408700
15142352 15142366
30408702 30408703
30408705 15142370
15142353 15142370
30408707 15142370
30408711 30408712
30408716 30408717
30408720 30408721
30408723 30408724
30408727 30408728
30408732 30408733
30408736 30408733
30408739 30408740
30408744 30408745
30408748 30408749
30408759 30408760
30408762 30408763
30408766 30408767
30408769 30408770
30408773 30408774
30408777 30408778
30408780 30408781
30408787 30408788
30408790 30408791
30408795 30408796
30408799 30408800
30408802 30408803
30408804 30408805
30408808 30408809
30408813 30408814
30408817 30408818
30408820 30408821
30408824 30408821
30408828 30408829
30408832 30408833
30408834 30408835
30408841 30408842
30408846 30408847
30408851 30408852
30408855 30408856
30408859 30408860
30408862 30408863
30408866 30408867
30408870 30408871
30408873 30408874
30408878 30408879
30408883 30408884
30408886 30408884
30408889 30408890
30408894 30408895
30408897 30408895
30408900 30408901
30408902 30408903
30408906 30408907
30408911 30408912
30408917 30408918
30408921 30408922
30408924 30408925
30408929 30408930
30408932 30408933
30408940 30408941
30408943 30408944
30408947 30408948
30408951 30408952
30408953 30408954
30408958 30408959
30408962 30408963
30408965 30408966
30408968 30408969
30408972 30408973
30408974 30408975
30408978 30408979
30408982 30408983
30408986 30408987
30408988 30408989
30408993 30408994
30408997 30408998
30409000 30409001
30409003 30409004
30409006 30409007
30409009 30409010
30409012 30409010
30409016 30409017
30409027 30409028
30409032 30409033
30409035 30409036
30409037 30409038
30409040 30409041
30409044 30409045
30409047 30409048
30409052 30409053
30409055 30409056
30409060 30409061
30409064 30409065
30409068 30409069
30409072 30409073
30409075 30409073
30409077 30409078
30409081 30409078
30409084 30409078
30409088 30409089
30409093 30409094
30409096 30409097
30409100 30409101
30409103 30409104
30409107 30409108
30409110 30409111
30409114 30409115
30409116 30409117
30409119 30409117
30409122 30409123
30409127 30409128
30409132 30409128
30409134 30409135
30409138 30409139
30409143 30409144
30409148 30409149
30409153 30409154
30409155 30409154
30409157 30409158
30409160 30409161
30409165 30409166
30409168 30409169
30409173 30409174
30409176 30409177
30409180 30409181
30409184 30409185
30409188 30409189
30409193 30409189
30409195 30409196
30409200 30409201
30409206 30409207
30409210 30409211
30409215 30409216
30409220 30409221
30409223 30409224
30409227 30409228
30409230 30409231
30409234 30409235
30409237 30409238
30409243 30409244
30409247 30409244
30409250 30409251
30409254 30409255
30409258 30409255
30409261 30409262
30409265 30409262
30409269 30409270
30409273 30409274
30409278 30409274
30409281 30409274
30409284 30409285
30409289 30409285
30409291 30409285
30409295 30409296
30409300 30409301
30409304 30409301
30409306 30409301
30409309 30409301
30409310 30409301
30409313 30409314
30409317 30409318
30409320 4855128
30409322 30409323
30409325 30409323
30409329 30409330
30409333 30409330
30409336 30409337
30409338 30409337
30409341 30409342
30409346 30409347
30409349 30409347
30409352 30409347
30409354 30409355
30409359 30409360
30409362 30409363
30409365 30409366
30409369 30409370
30409373 30409374
30409376 30409377
30409380 30409377
30409381 30409382
30409385 30409386
30409389 30409386
30409392 30409386
30409395 30409396
30409398 30409399
30409402 30409399
30409405 30409406
30409409 30409406
30409411 30409412
30409415 30409416
30409419 30409420
30409423 30409420
30409425 30409426
30409429 30409430
30409432 30409433
30409435 30409436
30409439 30409440
30409443 30409444
30409448 30409449
30409452 30409453
30409456 30409453
30409458 30409459
30409461 30409459
30409465 30409459
30409468 30409459
30409471 30409472
30409475 30409472
30409479 30409480
30409483 4900357
4900332 4900357
30409485 30409486
30409489 30409490
30409494 30409495
30409499 30409500
30409503 30409504
30409507 30409508
30409511 30409512
30409514 30409512
30409517 30409518
30409521 30409518
30409525 30409526
30409530 30409531
30409535 30409531
30409537 30409538
30409540 30409541
30409544 30409545
30409549 30409550
30409552 30409553
30409554 3066725
30409558 30409559
30409563 30409564
30409567 30409568
30409570 30409571
30409575 30409571
30409576 30409577
30409580 30409581
30409585 30409586
30409589 30409590
30409592 30409593
30409596 30409597
30409599 30409600
30409608 30409609
30409612 30409609
30409614 30409615
30409618 30409619
30409622 30409623
30409626 30409627
30409631 30409632
30409634 30409635
30409638 30409639
30409641 30409639
30409644 30409639
30409647 30409648
30409651 30409648
30409653 30409654
30409656 30409657
30409658 30409657
30409660 30409661
30409664 30409665
30409668 30409669
30409671 30409672
30409674 30409675
30409677 30409675
30409679 30409680
30409683 30409684
30409688 30409689
30409691 30409692
30409696 30409697
30409701 30409702
30409706 30409707
30409709 30409710
30409712 30409710
30409714 30409715
30409717 30409718
30409721 30409722
30409726 30409727
30409729 30409730
30409732 30409733
30409735 30409736
30409738 30409739
30409741 30409742
30409745 30409746
30409749 30409750
30409753 30409754
30409756 30409757
30409759 30409760
30409762 30409763
30409766 30409767
30409770 30409767
30409773 30409774
30409776 30409777
30409780 30409781
30409783 30409784
30409786 30409784
30409788 30409789
30409792 30409789
30409795 30409789
30409797 30409798
30409801 29749233
30409803 30409804
30409807 30409808
30409811 30409808
30409814 30409808
30409818 30409819
30409821 30409822
30409825 30409826
30409828 30409829
30409832 30409829
30409835 30409836
30409839 30409840
30409842 30409840
30409844 30409845
30409848 30409849
30409852 30409853
30409858 30409859
30409862 30409863
30409865 30409866
30409868 30409869
30409872 30409873
30409875 29619955
30409878 30409879
30409882 30409879
30409883 30409884
30409886 30409887
30409889 30409890
30409893 30409894
30409897 30409898
30409901 30409902
30409905 30409906
30409908 30409909
30409912 30409913
30409915 30409916
30409919 30409916
30409922 30409923
30409926 30409927
30409930 30409931
30409934 30409931
30409937 30409931
30409940 30409941
30409944 30409945
30409948 30409949
30409951 30409949
30409954 30409955
30409958 30409955
30409962 30409963
30409966 30409967
30409970 30409971
30409973 30409974
30409977 30409978
30409980 30409981
30409984 30409985
30409987 30409988
30409991 30409992
30409995 30409996
30409999 30409996
30410002 30409996
30410003 30410004
30410007 30410008
30410011 30410012
30410015 30410016
30410017 30410018
30410020 30410018
30410023 30410024
30410027 30410028
30410030 30410031
30410034 30410035
30410037 30410035
30410039 30410040
30410043 30410044
30410047 30410048
30410049 30410050
30410053 30410054
30410057 30410058
30410060 30410058
30410062 30410063
30410066 30410067
30410071 30410072
30410075 30410076
30410079 30410080
30410082 30410080
30410085 30410086
30410089 30410090
30410092 30410093
30410097 30410098
30410101 30410102
30410105 30410106
30410109 30410110
30410115 30410116
30410119 30410120
30410123 30410124
30410126 30410127
30410129 30410130
30410133 30410134
30410137 30410138
30410140 30410141
30410143 30410144
30410145 30410146
30410148 30410146
30410151 30410152
30410156 30410152
30410159 30410152
30410162 30410163
30410165 30410166
30410168 30410169
30410171 30410172
30410175 30410176
30410178 30410179
30410181 30410182
30410185 30410182
30410188 30410189
30410192 30410189
30410195 30410196
30410199 30410200
30410203 30410200
30410205 30410206
30410208 30410209
30410212 30410213
30410216 30410217
30410219 30410220
30410222 30410223
30410225 30410226
30410228 30410229
30410232 30410233
30410235 30410236
30410238 30410236
30410241 30410242
30410245 30410246
30410250 30410251
30410254 30410255
30410257 30410258
30410261 30410262
30410265 30410266
30410268 30410266
30410270 30410266
30410272 68483
30410274 30410275
30410277 30410278
30410281 30410282
30410285 30410286
30410288 30410289
30410291 30410292
30410294 30410295
30410297 30410298
30410300 30410298
30410302 30410303
30410305 30410306
30410308 30410309
30410312 30410313
30410315 30410316
30410318 30410319
30410322 30410323
30410325 30410326
30410329 30410330
30410332 30410333
30410337 30410338
30410340 4892740
30410342 30410343
30410346 30410347
30410349 30410350
30410352 30410353
30410356 30410353
30410359 30410360
30410362 30410360
30410366 30410360
30410367 30410368
30410370 30410371
30410373 30410371
30410376 30410377
30410380 30410381
30410383 30410384
30410387 30410388
30410390 30410391
30410394 30410395
30410398 30410395
30410401 30410402
30410404 30410405
30410408 30410409
30410411 30410409
30410414 30410409
30410415 30410416
30410419 30410416
30410421 30410422
30410424 30410425
30410428 30410429
30410432 30410433
30410436 30410437
30410440 30410441
30410443 30410441
30410445 30410446
30410449 30410450
30410454 30410455
30410457 30410458
30410460 30410461
30410464 30410461
30410466 30410467
30410471 30410472
30410474 30410475
30410477 30410475
30410479 30410480
30410482 30410483
30410486 30410487
30410490 30410491
30410494 30410495
30410497 30410498
30410501 30410498
30410504 30410505
30410509 30410510
30410512 30410510
30410513 30410514
30410516 30410514
30410519 30410520
30410523 30410524
30410526 30410527
30410530 30410531
30410533 30410534
30410537 30410538
30410544 30410545
30410547 30410545
30410550 30410545
30410553 30410554
30410557 30410558
30410561 30410562
30410564 30410565
30410567 30410568
30410571 30410572
30410575 30410572
30410578 30410572
30410580 30410572
30410583 30410584
30410588 30410589
30410592 30410593
30410595 30410593
30410597 30410593
30410600 30410601
30410604 30410605
30410608 30410609
30410612 30410613
30410614 30410615
30410617 30410618
30410620 30410621
30410625 30410626
30410628 30410629
30410632 30410633
30410636 30410637
30410640 30410637
30410642 30410637
30410644 30410645
30410647 30410648
30410650 30410651
30410654 30410651
30410656 30410651
30410658 30410651
30410659 30410660
30410662 30410663
30410665 30410666
30410669 30410670
30410673 30410674
30410676 30410677
30410680 30410681
30410684 30410685
30410689 30410690
30410693 30410694
30410697 30410698
30410701 30410702
30410704 30410705
30410707 30410708
30410710 30410711
30410713 30410711
30410716 30410717
30410720 30410721
30410725 30410726
30410729 30410730
30410733 30410734
30410736 30410737
30410739 30410740
30410742 30410743
30410746 30410743
30410749 30410750
30410752 30410753
30410756 30410757
30410760 30410761
30410763 30410761
30410765 30410766
30410770 30410771
30410774 30410771
30410776 30410777
30410780 30410781
30410784 30410785
30410787 30410788
30410790 30410791
30410793 30410791
30410796 30410791
30410799 30410800
30410802 30410803
30410806 30410807
30410809 30410810
30410813 30410814
30410816 30410817
30410820 30410821
30410823 30410824
30410825 30410824
30410828 30410829
30410831 30410832
30410834 30410832
30410837 30410832
30410840 30410832
30410844 30410845
30410848 30410849
30410851 30410852
30410855 30410856
30410858 30410859
30410860 30410861
30410864 30410861
30410867 30410868
30410870 30410871
30410878 30410879
30410881 30410882
30410885 30410886
30410888 30410889
30410891 30410892
30410895 30410896
30410898 30410899
30410901 30410902
30410903 30410904
30410908 30410909
30410911 30410909
30410913 30410914
30410917 30410914
30410918 30410919
30410921 30410922
30410925 30410926
30410927 30410928
30410931 30410932
30410935 30410936
30410939 30410940
30410941 30410942
30410945 30410946
30410948 30410949
30410951 30410952
30410954 30410955
30410956 30410957
30410961 30410962
30410965 30410962
30410969 30410970
30410973 30410974
30410976 30410977
30410980 30410981
30410984 30410981
30410987 30410988
30410991 30410992
30410995 30410996
30410999 30411000
30411003 30411004
30411006 30411007
30411011 30411007
30411015 30411016
30411018 30411019
30411021 30411022
30411023 30411024
30411029 30411030
30411032 30411033
30411035 30411036
30411039 30411036
30411042 30411043
30411046 30411047
30411050 30411051
30411054 30411055
30411059 30411060
30411062 30411063
30411066 30411067
30411069 30411070
30411072 30411073
30411077 30411073
30411079 30411080
30411082 30411083
30411086 30411087
30411090 30411087
30411092 30411093
30411095 30411096
30411098 30411096
30411100 30411096
30411103 30411104
30411106 30411107
30411111 30411112
30411115 30411116
30411118 30411119
30411122 30411123
30411126 30411127
30411130 28493965
30411133 28493965
30411136 30411137
30411139 30411137
30411142 30411143
30411146 30411147
30411150 30411151
30411153 30411151
30411155 30411156
30411159 30411160
30411162 30411160
30411163 30411164
30411166 30411164
30411173 30411174
30411179 30411180
30411182 30411183
30411184 30411185
30411187 30411188
30411190 30411191
30411193 30411194
30411196 30411197
30411199 30411200
30411203 30411204
30411206 70791
30411207 30411208
30411210 30411211
30411213 30411214
30411217 30411218
30411221 30411218
30411224 30411218
30411226 30411227
30411230 30411231
30411234 30411235
30411237 30411238
30411240 30411241
30411243 30411241
30411246 30411247
30411250 30411251
30411253 30411254
30411257 30411258
30411260 30411258
30411263 30411264
30411267 30411268
30411271 30411272
30411273 30411274
30411276 30411277
30411280 30411281
30411283 30411284
30411286 30411287
30411288 30411289
30411291 30411292
30411294 30411295
30411297 30411295
30411298 30411299
30411301 30411302
30411303 30411304
30411306 30411307
30411310 30411311
30411313 30411314
30411316 30411317
30411319 30411317
30411323 30411324
30411326 30411327
30411329 30411330
30411332 30411333
30411334 30411335
30411337 4796334
30411340 30411341
30411344 30411345
30411347 30411348
30411350 30411351
30411353 30411354
30411356 30411357
30411359 30411360
30411363 30411364
30411365 30411366
30411370 30411366
30411371 30411372
30411375 30411376
30411378 30411376
30411380 30411381
30411384 30411385
30411386 30411387
30411390 30411391
30411393 30411394
30411395 30411394
30411396 30411397
30411400 30411401
30411403 30411404
30411407 30411408
30411409 30411410
30411411 30411412
30411414 30411415
30411419 30411420
30411423 30411424
30411427 30411428
30411430 30411431
30411433 30411431
30411435 30411436
30411438 30411439
30411442 30411443
30411445 30411446
30411447 30411448
30411451 30411452
30411453 30411454
30411456 30411457
30411460 30411461
30411463 30411461
30411466 30411467
30411468 30411469
30411514 4861939
30411516 4861939
30411518 4861939
30411521 30411522
30411525 30411526
30411529 30411530
30411532 30411533
30411536 30411537
30411538 30411539
30411541 30411542
30411545 30411546
30411549 30411550
30411552 30411550
30411554 30411555
30411557 30411558
30411560 30411561
30411563 30411564
30411566 30411567
30411570 30411571
30411573 30411574
30411576 30411577
30411578 30411579
30411581 30411582
30411584 30411585
30411589 30411590
30411592 30411593
30411596 30411597
30411599 30411600
30411602 30411603
30411605 30411606
30411605 30411607
30411615 30411616
30411618 30411616
30411621 30411607
30411623 30411607
30411626 30411627
30411628 30411629
30411631 30411629
30411634 30411629
30411636 30411637
30411639 30411640
30411641 30411642
30411645 30411646
30411649 30411646
30411651 30411652
30411654 30411655
30411657 30411658
30411659 30411660
30411663 30411664
30411667 30411668
30411670 30411671
30411673 30411674
30411677 30411674
30411679 30411680
30411681 30411682
30411685 30411686
30411688 30411689
30411691 30411692
30411694 30411695
30411697 30411698
30411701 30411702
30411704 30411705
30411708 30411709
30411710 30411711
30411713 30411711
30411716 30411717
30411719 30411720
30411722 30411723
30411725 30411726
30411729 30411730
30411734 30411730
30411735 30411730
30411737 30411738
30411740 30411741
30411742 30411743
30411745 30411746
30411747 30411748
30411751 30411752
30411755 30411756
30411759 30411760
30411763 30411760
30411764 30411765
30411768 30411769
30411771 30411772
30411774 30411775
30411778 30411779
30411782 30411783
30411785 30411786
30411789 30411786
30411792 30411793
30411794 30411795
30411796 30411797
30411799 30411800
30411803 30411804
30411807 30411808
30411811 30411812
30411816 30411817
30411819 30411820
30411823 30411824
30411826 30411827
30411828 30411829
30411830 29741813
30411832 30411833
30411835 30411836
30411837 30411838
30411840 30411841
30411844 30411845
30411847 30411848
30411850 30411848
30411852 30411853
30411856 30411857
30411860 30411857
30411863 30411864
30411867 30411868
30411870 30411871
30411873 30411874
30411877 30411878
30411881 30411878
30411883 30411884
30411886 30411887
30411890 30411891
30411894 30411895
30411898 30411899
30411902 30411903
30411906 30411907
30411909 30411907
30411912 30411913
30411916 30411917
30411919 30411920
30411922 30411923
30411926 30411927
30411929 30411927
30411931 30411932
30411934 30411935
30411936 30411937
30411940 30411941
30411943 30411944
30411947 30411948
30411950 30411951
30411954 30411951
30411957 30411958
30411959 30411958
30411962 30411963
30411965 30411966
30411969 30411970
30411971 30411972
30411974 30411972
30411976 30411977
30411979 30411980
30411982 30411983
30411986 30411987
30411989 30411990
30411993 30411994
30411996 30411997
30412000 30411997
30412002 30412003
30412006 30412007
30412009 30412010
30412013 30412014
30412016 30412017
30412020 30412021
30412023 30412024
30412027 30412028
30412031 30412028
30412034 30412035
30412036 30412035
30412037 30412038
30412040 30412038
30412043 30412044
30412046 30412044
30412048 30412049
30412053 30412054
30412056 30412057
30412060 30412061
30412063 30412064
30412066 30412067
30412069 30412067
30412071 30412072
30412074 30412075
30412077 30412078
30412080 30412081
30412084 30412085
30412088 30412089
30412090 30412091
30412093 30412094
30412096 30412097
30412099 30412100
30412102 30412103
30412105 30412106
30412107 30412108
30412110 30412111
30412114 30412115
30412117 30412118
30412121 30412118
30412124 30412125
30412127 30412128
30412130 30412131
30412134 30412135
30412138 30412139
30412141 30412139
30412144 30412145
30412147 30412148
30412151 30412152
30412155 30412152
30412157 30412158
30412161 30412162
30412164 30412165
30412167 30412168
30412170 30412171
30412173 30412174
30412176 30412177
30412178 30412179
30412182 30412183
30412185 30412186
30412188 30412189
30412192 30412193
30412195 30412193
30412196 30412197
30412199 30412200
30412203 30412204
30412206 30412207
30412210 30412207
30412212 30412213
30412214 30412213
30412216 30412217
30412219 30412220
30412223 30412224
30412226 30412227
30412229 30412230
30412232 30412233
30412235 30412236
30412239 30412240
30412244 30412240
30412246 30412247
30412250 30412247
30412251 30412252
30412254 30412252
30412257 30412258
30412260 30412261
30412263 30412261
30412265 30412266
30412268 30412269
30412271 30412272
30412274 30412275
30412277 30412278
30412281 30412278
30412284 30412278
30412286 30412287
30412289 30412290
30412292 30412293
30412294 30412295
30412297 30412298
30412299 30412300
30412303 30412304
30412307 30412308
30412310 30412308
30412312 30412313
30412315 30412316
30412318 30412316
30412320 30412321
30412323 30412321
30412326 30412327
30412328 30412327
30412330 30412331
30412333 30412334
30412337 30412338
30412340 30412341
30412344 30412345
30412347 30412345
30412349 30412350
30412353 30412354
30412356 30412354
30412358 30412359
30412362 30412363
30412366 30412367
30412369 30412367
30412372 30412373
30412376 30412373
30412377 30412378
30412380 30412381
30412384 30412385
30412387 30412385
30412389 30412390
30412393 30412394
30412397 30412398
30412400 30412401
30412403 30412401
30412406 30412407
30412411 30412412
30412415 30412416
30412418 30412419
30412422 30412423
30412425 30412423
30412428 30412429
30412431 30412432
30412435 30412436
30412439 30412436
30412441 30412436
30412443 30412444
30412446 30412447
30412450 30412451
30412453 30412454
30412456 30412454
30412458 1958757
30412460 30412461
30412464 30412465
30412469 30412470
30412473 30412474
30412476 30412477
30412480 30412481
30412483 30412484
30412486 30412487
30412489 30412490
30412492 30412490
30412495 30412490
30412497 30412498
30412500 30412501
30412504 30412505
30412507 30412508
30412511 30412512
30412515 30412516
30412519 30412520
30412523 30412520
30412526 30412527
30412528 30412529
30412531 30412532
30412535 30412536
30412538 30412539
30412540 30412541
30412544 30412545
30412548 30412549
30412552 30412553
30412556 30412557
30412559 30412560
30412562 30412560
30412564 30412565
30412567 30412565
30412569 30412570
30412572 30412570
30412575 30412576
30412578 30412576
30412580 30412581
30412583 30412584
30412586 30412587
30412590 30412591
30412594 30412595
30412597 30412598
30412600 30412601
30412604 30412605
30412607 30412608
30412610 30412611
30412614 30412615
30412617 30412618
30412620 30412621
30412623 30412624
30412626 30412627
30412629 30412630
30412633 30412630
30412635 30412636
30412638 30412636
30412640 30412641
30412644 30412645
30412648 30412649
30412652 30412653
30412654 30412653
30412657 30412658
30412661 30412662
30412664 30412665
30412667 30412668
30412670 30412668
30412672 30412673
30412675 30412673
30412676 30412677
30412679 30412677
30412682 30412683
30412686 30412687
30412689 30412690
30412694 30412695
30412698 30412699
30412702 30412703
30412706 30412707
30412709 30412710
30412712 30412713
30412716 30412717
30412719 30412720
30412722 30412723
30412726 30412727
30412729 30412730
30412733 30412734
30412737 30412738
30412739 30412738
30412742 30412743
30412746 30412743
30412748 30412749
30412751 30412752
30412754 30412752
30412757 30412758
30412760 30412758
30412762 30412763
30412766 30412767
30412769 30412770
30412773 30412774
30412776 30412777
30412780 30412781
30412783 30412784
30412787 30412784
30412789 30412790
30412793 30412794
30412797 30412798
30412800 30412801
30412803 30412804
30412806 30412807
30412810 30412807
30412812 30412807
30412814 30412815
30412819 30412820
30412822 30412823
30412826 30412827
30412830 30412831
30412834 30412835
30412837 30412838
30412840 30412838
30412842 30412843
30412846 30412847
30412849 30412850
30412854 30412855
30412857 30412858
30412860 30412861
30412864 30412865
30412868 30412869
30412871 30412872
30412875 30412872
30412878 30412879
30412881 30412882
30412884 30412882
30412887 30412888
30412891 30412892
30412895 30412892
30412897 30412898
30412901 30412898
30412904 30412905
30412907 30412908
30412910 30412911
30412913 30412914
30412917 30412914
30412919 30412914
30412921 30412922
30412923 2961486
30412925 2961486
30412926 2961486
30412929 30412930
30412932 30412930
30412934 30412935
30412938 30412939
30412941 30412942
30412944 30412945
30412947 30412948
30412951 30412952
30412956 30412957
30412960 30412961
30412963 30412964
30412965 30412966
30412969 30412970
30412972 30412970
30412975 30412976
30412978 30412979
30412981 30412979
30412982 30412983
30412985 30412986
30412990 30412991
30412995 30412996
30412998 30412996
30413001 30413002
30413005 30413006
30413007 30413008
30413009 30413008
30413011 30413012
30413014 135035
30413016 30413017
30413020 30413021
30413024 30413021
30413026 30413027
30413029 30413030
30413032 30413033
30413035 30413036
30413039 30413036
30413042 30413043
30413046 30413047
30413049 30413047
30413050 30413051
30413054 30413055
30413057 30413058
30413061 30413062
30413065 30413066
30413069 30413070
30413072 30413073
30413075 30413073
30413077 30413078
30413079 30413078
30413082 30413083
30413085 30413083
30413088 30413089
30413091 30413092
30413094 30413095
30413097 30413098
30413100 30413101
30413103 30413101
30413105 30413106
30413108 30413109
30413111 30413112
30413115 30413112
30413117 30413118
30413120 30413121
30413123 30413124
30413126 30413127
30413129 30413130
30413133 30413134
30413136 30413137
30413139 30413140
30413143 30413140
30413145 30413140
30413148 30413149
30413152 30413153
30413156 30413157
30413159 30413157
30413160 30413161
30413163 30413164
30413166 30413167
30413169 30413167
30413172 30413173
30413175 30413176
30413178 30413179
30413181 30413182
30413184 30413185
30413187 30413185
30413188 30413185
30413189 30413185
30413191 30413192
30413194 30413192
30413196 30413192
30413198 30413199
30413202 30413203
30413205 30413206
30413210 30413211
30413213 30413214
30413217 30413218
30413221 30413222
30413226 30413227
30413230 30413227
30413231 30413232
30413234 30413235
30413236 30413237
30413240 30413241
30413243 30413244
30413247 30413248
30413250 30413251
30413253 30413251
30413255 30413256
30413259 30413260
30413262 30413263
30413266 30413267
30413268 30413269
30413272 30413273
30413275 30413276
30413279 30413280
30413283 30413284
30413286 30413287
30413290 30413291
30413293 30413294
30413296 30413297
30413299 30413297
30413300 30413301
30413304 30413305
30413308 30413309
30413311 30413312
30413314 30413315
30413318 30413315
30413320 30413315
30413321 30413322
30413325 30413326
30413328 30413329
30413331 30413329
30413333 30413334
30413337 30413338
30413340 30413341
30413345 30413346
30413348 30413349
30413351 30413349
30413352 29647571
30413354 30413355
30413357 30413355
30413359 30413355
30413361 30413362
30413364 30413362
30413366 30413362
30413368 30413369
30413372 30413373
30413375 30413376
30413377 30413376
30413379 30413380
30413383 30413384
30413386 30413384
30413388 30413389
30413391 30413392
30413395 30413396
30413399 30413400
30413401 30413402
30413404 30413405
30413408 30413405
30413411 30413412
30413415 30413412
30413416 30413412
30413418 30413412
30413420 30413412
30413423 30413424
30413426 30413427
30413430 30413427
30413431 30413432
30413433 30413434
30413437 30413438
30413439 30413440
30413442 30413443
30413448 30413443
30413449 30413450
30413453 30413454
30413457 30413458
30413459 30413460
30413463 30413464
30413465 30413466
30413469 30413470
30413471 30413470
30413473 30413470
30413475 30413476
30413478 30413476
30413481 135036
30413484 135036
30413488 30413489
30413493 30413489
30413494 30413495
30413497 30413498
30413501 30413502
30413505 30413506
30413510 30413506
30413513 30413514
30413517 30413514
30413520 30413521
30413522 30413523
30413526 30413527
30413530 30413531
30413534 30413535
30413538 30413539
30413541 30413542
30413546 30413547
30413551 30413552
30413555 30413552
30413559 30413560
30413562 30413563
30413565 30413566
30413568 30413569
30413571 30413572
30413573 30413574
30413576 30413577
30413581 30413582
30413584 30413585
30413587 30413585
30413589 30413590
30413592 30413593
30413595 30413596
30413598 30413599
30413603 30413604
30413607 30413608
30413611 30413612
30413614 30413615
30413617 30413618
30413621 30413622
30413624 30413622
30413626 30413627
30413630 30413627
30413632 30413633
30413635 30413636
30413640 30413641
30413643 30413644
30413646 30413644
30413648 30413649
30413651 30413649
30413655 30413656
30413658 30413659
30413661 30413662
30413664 30413665
30413667 30413668
30413670 30413671
30413672 30413673
30413676 30413677
30413679 30413680
30413682 30413683
30413685 30413683
30413687 30413688
30413690 30413691
30413694 30413695
30413697 30413698
30413700 30413701
30413703 30413704
30413706 30413707
30413709 30413710
30413712 30413710
30413714 30413715
30413717 30413715
30413719 30413720
30413722 30413723
30413725 30413726
30413729 30413730
30413733 1192833
30413737 1192833
30413740 30413741
30413743 30413741
30413746 30413747
30413749 30413750
30413752 30413753
30413755 30413753
30413758 30413759
30413761 30413762
30413765 30413762
30413767 30413768
30413770 30413771
30413774 30413771
30413776 30413777
30413783 30413784
30413787 30413784
30413790 30413791
30413794 30413795
30413797 30413798
30413801 30413802
30413805 30413806
30413808 30413809
30413811 30413812
30413813 30413814
30413816 30413817
30413819 30413820
30413823 30413824
30413826 30413824
30413829 30413830
30413833 30413834
30413837 30413838
30413841 30413842
30413844 30413842
30413848 30413842
30413851 30413852
30413855 30413856
30413857 30413858
30413861 30413862
30413865 30413866
30413869 30413870
30413873 30413874
30413876 30413877
30413879 30413877
30413883 4795729
30413885 4795729
30413887 4795729
30413889 30413890
30413892 30413893
30413895 30413896
30413898 30413899
30413902 30413903
30413905 30413903
30413908 30413909
30413911 30413912
30413916 30413917
30413921 30413922
30413925 30413926
30413929 30413930
30413932 30413933
30413935 30413933
30413937 30413938
30413941 30413942
30413945 30413946
30413948 30413949
30413951 30413952
30413953 30413952
30413955 30413956
30413958 30413959
30413963 30413964
30413967 30413968
30413970 30413971
30413973 30413974
30413977 30413978
30413981 30413978
30413984 30413985
30413988 30413989
30413991 30413989
30413993 30413989
30413995 30413996
30413999 30414000
30414002 30414003
30414005 30414006
30414009 30414010
30414013 30414010
30414015 30414016
30414018 30414019
30414022 30414023
30414026 30414027
30414029 30414027
30414031 30414032
30414034 30414035
30414037 30414038
30414039 30414040
30414043 30414044
30414046 30414044
30414048 30414049
30414051 30414049
30414053 30414054
30414056 30414057
30414059 30414060
30414062 30414063
30414065 30414066
30414070 30414071
30414073 30414074
30414076 30414077
30414080 30414081
30414084 30414085
30414087 30414088
30414090 30414091
30414093 30414094
30414096 30414097
30414098 30414099
30414101 30414102
30414104 30414105
30414108 30414109
30414110 30414111
30414113 30414111
30414115 30414116
30414119 30414116
30414122 30414123
30414126 30414127
30414130 30414131
30414132 30414133
30414136 30414137
30414139 30414140
30414141 30414140
30414143 30414144
30414147 30414148
30414151 30414152
30414154 30414155
30414156 30414157
30414160 30414157
30414164 30414165
30414168 30414169
30414172 30414173
30414176 30414177
30414179 30414177
30414181 30414182
30414185 30414186
30414189 30414190
30414193 30414194
30414197 30414194
30414199 30414200
30414202 30414203
30414205 30414206
30414207 30414206
30414209 30414210
30414213 30414214
30414216 30414217
30414220 30414221
30414223 30414224
30414226 30414227
30414229 30414230
30414232 30414233
30414235 30414233
30414239 30414240
30414243 30414244
30414246 30414244
30414248 30414249
30414252 30414249
30414253 30414254
30414255 30414256
30414258 30414259
30414262 30414263
30414267 30414268
30414270 30414271
30414274 30414275
30414278 30414279
30414281 30414279
30414284 30414279
30414287 30414288
30414291 30414292
30414294 30414295
30414298 30414299
30414301 30414299
30414303 30414304
30414306 30414307
30414309 30414310
30414312 30414313
30414315 30414316
30414318 30414319
30414322 30414319
30414325 30414326
30414328 30414329
30414331 30414329
30414333 30414334
30414336 30414334
30414339 30414340
30414342 30414343
30414345 30414346
30414349 30414350
30414353 30414354
30414357 30414358
30414360 30414361
30414364 30414365
30414367 29739647
30414369 1293191
30414372 30414373
30414376 30414377
30414379 30414377
30414381 30414382
30414384 30414385
30414387 30414388
30414390 30414391
30414393 30414394
30414397 30414394
30414399 30414400
30414402 30414400
30414404 30414405
30414408 30414409
30414411 30414412
30414414 30414412
30414416 30414412
30414419 30414420
30414423 30414424
30414427 30414428
30414430 30414431
30414433 30414431
30414434 30414435
30414436 30414437
30414441 30414437
30414443 30414444
30414446 30414447
30414449 30414450
30414452 30414453
30414454 30414455
30414457 30414458
30414461 30414458
30414463 30414464
30414466 30414464
30414468 30414469
30414471 30414472
30414475 30414476
30414479 30414476
30414480 30414476
30414481 30414482
30414484 30414482
30414485 30414486
30414488 30414489
30414491 30414492
30414494 30414495
30414498 30414499
30414501 30414502
30414504 30414502
30414506 30414507
30414510 30414511
30414513 30414511
30414515 30414516
30414518 30414519
30414522 30414523
30414525 30414526
30414528 30414529
30414530 30414531
30414533 30414534
30414537 30414538
30414540 30414541
30414543 30414544
30414547 30414548
30414551 30414552
30414554 30414552
30414556 30414557
30414560 30414561
30414564 30414565
30414568 30414569
30414571 30414569
30414573 30414569
30414575 30414576
30414578 30414576
30414580 30414581
30414584 30414585
30414587 30414588
30414590 30414591
30414594 30414595
30414597 30414595
30414599 30414600
30414602 30414603
30414607 30414608
30414611 30414612
30414615 30414616
30414617 30414616
30414620 30414621
30414622 30414621
30414626 30414627
30414630 30414627
30414631 30414632
30414634 30414632
30414636 30414637
30414640 30414641
30414643 30414644
30414647 30414648
30414651 30414652
30414654 30414652
30414656 30414657
30414659 29744375
30414661 29744375
30414662 30414663
30414666 30414667
30414670 30414671
30414674 30414671
30414675 30414676
30414678 30414676
30414680 30414681
30414683 30414684
30414687 30414684
30414689 30414684
30414692 30414693
30414695 30414696
30414698 30414699
30414702 30414703
30414705 30414706
30414708 30414709
30414712 30414709
30414715 30414716
30414718 30414719
30414721 30414722
30414725 30414726
30414728 30414729
30414731 30414732
30414735 30414732
30414737 30414738
30414740 30414738
30414742 30414743
30414745 30414746
30414748 30414749
30414751 30414749
30414753 30414754
30414755 30414754
30414757 30414758
30414762 30414758
30414764 30414765
30414767 30414765
30414769 30414770
30414772 30414773
30414775 30414773
30414777 30414778
30414781 30414782
30414785 30414786
30414788 30414789
30414792 30414793
30414795 30414796
30414798 29740043
30414799 30414800
30414802 30414803
30414805 30414803
30414807 30414808
30414810 30414808
30414812 30414813
30414816 30414817
30414818 30414819
30414821 3357657
30414824 3357657
30414828 30414829
30414830 30414831
30414833 30414834
30414836 30414834
30414838 30414839
30414841 30414839
30414844 30414845
30414847 30414848
30414850 30414851
30414853 30414854
30414857 30414858
30414860 30414861
30414864 30414865
30414868 30414869
30414872 30414869
30414875 30414876
30414878 30414876
30414880 30414881
30414883 30414884
30414886 30414887
30414889 30414890
30414892 30414893
30414896 30414893
30414898 30414899
30414901 30414902
30414906 30414907
30414909 30414910
30414913 30414914
30414916 30414917
30414919 30414920
30414921 30414922
30414924 30414925
30414927 30414928
30414930 30414928
30414932 30414928
30414934 30414935
30414937 30414938
30414940 30414941
30414944 30414945
30414947 30414945
30414950 30414951
30414953 30414951
30414956 30414957
30414960 30414961
30414963 30414964
30414966 30414964
30414968 30414964
30414971 30414972
30414975 30414976
30414979 30414980
30414983 30414980
30414984 30414985
30414987 30414988
30414990 30414991
30414993 30414994
30414996 30414997
30414999 30415000
30415002 30415003
30415007 30415008
30415010 30415011
30415014 30415015
30415017 30415015
30415020 30415021
30415023 30415024
30415026 30415024
30415028 30415029
30415031 30415032
30415034 30415032
30415036 30415037
30415039 30415040
30415042 30415043
30415045 30415046
30415049 30415050
30415052 30415053
30415056 30415057
30415060 30415061
30415063 30415064
30415066 30415067
30415070 30415067
30415072 30415073
30415075 30415076
30415078 30415079
30415081 30415082
30415085 30415086
30415088 30415086
30415091 30415092
30415095 30415096
30415099 30415096
30415102 30415103
30415104 30415105
30415108 30415109
30415110 30415111
30415113 30415114
30415116 30415117
30415119 30415120
30415123 30415124
30415126 30415124
30415129 30415130
30415133 30415134
30415137 30415138
30415140 30415141
30415143 30415144
30415146 30415147
30415150 30415147
30415153 30415154
30415156 30415154
30415159 30415160
30415161 30415162
30415165 30415166
30415169 30415166
30415171 30415166
30415172 30415173
30415176 30415177
30415179 30415177
30415182 30415183
30415185 30415183
30415187 30415188
30415189 30415188
30415190 30415191
30415193 30415194
30415197 30415198
30415200 30415201
30415203 30415204
30415206 30415207
30415209 30415210
30415213 30415214
30415217 30415214
30415219 30415220
30415223 30415224
30415226 30415227
30415230 30415231
30415233 30415231
30415235 30415236
30415238 30415236
30415242 30415243
30415245 30415246
30415249 30415250
30415254 30415255
30415259 30415260
30415262 30415263
30415265 30415266
30415268 30415269
30415272 30415269
30415274 30415275
30415278 30415279
30415282 30415283
30415285 30415286
30415288 30415289
30415294 30415295
30415297 30415298
30415301 30415302
30415304 30415302
30415305 30415306
30415309 30415310
30415313 30415314
30415316 30415317
30415319 30415320
30415322 30415323
30415325 30415326
30415328 30415329
30415332 30415333
30415336 30415333
30415337 30415338
30415341 30415342
30415344 30415345
30415347 30415348
30415350 30415351
30415354 30415355
30415358 30415359
30415361 30415362
30415364 30415365
30415367 30415368
30415370 30415371
30415373 30415374
30415376 30415377
30415380 30415381
30415383 30415384
30415385 30415386
30415389 30415390
30415391 30415392
30415394 30415392
30415397 30415398
30415400 30415401
30415403 30415404
30415406 30415404
30415408 30415409
30415412 30415413
30415415 30415416
30415419 30415420
30415423 30415424
30415427 30415428
30415431 30415428
30415433 30415434
30415437 30415438
30415440 30415441
30415443 30415441
30415445 30415446
30415448 30415449
30415451 30415452
30415454 30415452
30415457 30415452
30415459 30415460
30415463 30415460
30415465 30415466
30415468 30415469
30415471 30415472
30415474 30415472
30415476 30415477
30415480 30415481
30415483 30415484
30415485 30415486
30415488 30415489
30415492 30415493
30415495 30415496
30415499 30415500
30415503 30415504
30415506 30415504
30415509 30415504
30415511 30415512
30415514 30415515
30415517 30415518
30415519 30415520
30415522 13531860
30415524 13531860
30415527 30415528
30415530 30415531
30415533 30415534
30415537 30415534
30415541 30415542
30415544 30415545
30415548 30415549
30415551 30415549
30415552 30415553
30415556 30415557
30415560 4883147
30415563 75799
30415565 75799
30415566 30415567
30415569 30415570
30415573 30415574
30415576 30415577
30415579 30415580
30415582 30415583
30415585 30415586
30415589 30415590
30415592 30415593
30415595 30415596
30415598 30415599
30415601 30415602
30415604 30415605
30415607 30415608
30415611 30415612
30415614 30415615
30415617 30415615
30415619 30415620
30415622 30415623
30415625 30415623
30415628 30415629
30415632 30415633
30415634 30415635
30415637 30415638
30415640 30415641
30415644 30415645
30415647 30415648
30415650 30415651
30415654 30415655
30415656 30415657
30415659 30415660
30415663 30415664
30415667 30415668
30415670 30415671
30415673 30415674
30415675 30415676
30415678 30415679
30415681 30415682
30415684 30415685
30415687 30415685
30415689 30415690
30415692 30415693
30415695 30415696
30415698 30415699
30415702 30415699
30415706 30415707
30415709 30415710
30415712 30415710
30415714 30415715
30415718 30415715
30415720 30415721
30415723 30415721
30415724 30415725
30415728 30415729
30415731 30415732
30415734 30415735
30415737 30415738
30415740 30415741
30415742 30415743
30415747 30415748
30415750 30415751
30415753 30415754
30415757 30415758
30415761 30415762
30415765 30415766
30415768 30415769
30415771 30415772
30415775 30415776
30415778 30415779
30415781 30415782
30415784 30415785
30415788 30415789
30415794 30415795
30415797 30415798
30415799 30415800
30415803 30415804
30415806 30415807
30415809 30415810
30415813 30415810
30415814 30415815
30415817 30415818
30415821 30415822
30415825 30415826
30415829 30415830
30415833 30415834
30415836 30415837
30415839 30415840
30415843 30415844
30415847 30415848
30415850 30415851
30415852 30415851
30415856 30415857
30415861 30415862
30415865 30415862
30415867 30415868
30415869 30415870
30415873 30415874
30415877 30415878
30415879 30415880
30415882 30415880
30415884 30415885
30415887 30415888
30415890 30415888
30415892 30415893
30415897 30415898
30415901 30415902
30415905 30415906
30415908 30415909
30415912 30415913
30415914 30415915
30415917 30415918
30415920 30415921
30415924 30415925
30415928 30415929
30415932 29639365
30415935 30415936
30415939 30415936
30415941 30415942
30415944 30415945
30415947 30415948
30415950 30415951
30415953 30415954
30415956 30415957
30415959 30415957
30415961 30415962
30415965 30415966
30415968 30415969
30415972 30415973
30415976 30415977
30415980 30415977
30415982 30415983
30415985 30415986
30415988 30415986
30415990 30415991
30415994 30415995
30415997 30415998
30416000 30416001
30416004 30416005
30416007 30416005
30416010 30416005
30416012 30416013
30416014 30416015
30416017 30416015
30416019 30416015
30416022 30416023
30416026 30416027
30416029 30416030
30416033 30416034
30416036 30416037
30416040 30416037
30416041 30416042
30416045 30416046
30416049 30416050
30416053 30416054
30416057 30416058
30416060 30416061
30416063 30416064
30416066 30416067
30416069 30416070
30416072 30416070
30416074 30416075
30416078 30416079
30416081 30416082
30416083 30416084
30416086 30416087
30416089 13527574
30416091 30416092
30416094 30416095
30416097 30416098
30416101 30416098
30416102 30416103
30416105 30416106
30416109 30416110
30416112 30416113
30416115 30416116
30416117 30416118
30416121 30416122
30416124 30416125
30416127 30416128
30416131 30416132
30416134 30416135
30416138 30416135
30416140 30416141
30416143 30416144
30416146 30416144
30416148 30416144
30416151 30416152
30416155 30416156
30416159 30416160
30416163 30416164
30416166 30416167
30416169 30416170
30416172 30416173
30416175 30416176
30416179 30416180
30416182 30416183
30416186 30416187
30416189 30416190
2937426 3471265
30416192 3471265
30416195 30416196
30416198 30416199
30416201 30416202
30416204 30416202
30416206 30416207
30416209 30416210
30416213 30416214
30416217 30416218
30416220 30416221
30416224 30416225
30416227 30416228
30416230 30416231
30416233 30416234
30416237 30416238
30416240 30416241
30416244 30416245
30416246 30416247
30416250 30416251
30416253 30416251
30416255 30416256
30416259 30416256
30416262 30416263
30416265 30416266
30416268 30416269
30416271 30416272
30416274 30416275
30416277 30416278
30416280 30416281
30416284 30416285
30416288 30416289
30416292 30416289
30416295 30416296
30416298 30416299
30416301 30416302
30416304 30416305
30416307 30416308
30416310 30416311
30416313 30416314
30416316 30416317
30416319 30416320
30416321 30416322
30416325 30416326
30416330 30416331
30416334 30416335
30416338 30416339
30416341 30416342
30416345 30416346
30416348 30416349
30416351 30416352
30416354 30416352
30416356 30416352
30416358 30416359
30416362 30416363
30416366 30416367
30416369 30416370
30416372 30416373
30416375 29739490
30416377 30416378
30416380 30416381
30416386 30416387
30416389 30416390
30416395 30416396
30416398 30416399
30416400 30416401
30416403 30416404
30416406 2494788
30416409 2494788
30416412 30416413
30416415 30416416
30416419 30416420
30416422 30416420
30416424 30416425
30416426 30416427
30416429 30416427
30416432 30416433
30416435 30416436
30416438 30416439
30416441 30416442
30416444 30416445
30416447 30416448
30416450 30416451
30416453 30416454
30416457 30416458
30416460 30416461
30416463 30416464
30416466 30416467
30416469 30416470
30416474 30416475
30416477 30416478
30416480 30416481
30416483 30416484
30416487 30416488
30416491 30416492
30416495 30416496
30416498 30416499
30416501 30416502
30416504 30416505
30416507 30416505
30416508 30416509
30416511 30416512
30416515 30416512
30416517 30416518
30416520 30416521
30416523 30416524
30416526 30416527
30416529 30416530
30416533 30416534
30416537 30416538
30416541 30416542
30416544 30416542
30416547 30416548
30416553 30416548
30416554 30416555
30416556 30416555
30416558 30416559
30416562 30416563
30416564 30416565
30416567 30416568
30416571 30416572
30416574 30416575
30416577 30416578
30416581 30416582
30416583 30416584
30416586 30416587
30416589 30416590
30416593 30416594
30416596 30416597
30416599 30416600
30416602 30416603
30416606 30416607
30416610 4871961
30416612 30416613
30416616 30416617
30416619 30416617
30416621 30416622
30416625 30416626
30416628 30416629
30416631 30416632
30416635 30416636
30416639 30416640
30416643 30416644
30416646 30416647
30416649 30416650
30416652 30416653
30416655 4295587
30416657 30416658
30416660 30416661
30416663 30416664
30416666 30416667
30416668 30416667
30416672 30416673
30416676 30416673
30416679 30416680
30416684 30416685
30416688 30416689
30416691 30416692
30416694 30416695
30416697 30416698
30416700 15031663
30416702 15031663
30416704 30416705
30416707 30416708
30416710 30416708
30416713 30416714
30416717 30416718
30416720 30416721
30416723 30416724
30416726 30416727
30416729 30416730
30416733 30416734
30416736 30416737
30416739 30416740
30416742 30416743
30416744 30416745
30416747 30416748
30416751 30416752
30416754 30416755
30416757 30416758
30416760 30416761
30416763 30416764
30416766 30416767
30416769 30416770
30416772 30416773
30416774 30416775
30416777 30416778
30416781 30416782
30416784 30416785
30416788 30416789
30416792 30416793
30416795 30416796
30416798 30416799
30416801 30416802
30416804 30416805
30416807 4857256
30416809 4857256
30416811 30416812
30416815 30416816
30416818 30416819
30416820 30416821
30416824 30416821
30416826 30416827
30416829 30416830
30416833 30416834
30416835 30416836
30416838 30416839
30416841 30416842
30416844 30416845
30416847 30416848
30416851 30416852
30416854 30416852
30416855 30416856
30416858 30416859
30416861 30416862
30416864 30416865
30416868 30416869
30416872 30416873
30416876 30416877
30416879 30416880
30416883 30416884
30416886 30416887
30416890 30416891
30416894 30416895
30416897 30416898
30416899 30416900
30416901 30416900
30416904 30416900
30416906 30416907
30416909 30416910
30416913 30416914
30416916 30416914
30416919 30416920
30416922 30416923
30416927 30416928
30416930 30416931
30416933 30416934
30416936 30416937
30416939 30416940
30416942 30416943
30416946 30416947
30416949 30416947
30416952 30416953
30416955 30416956
30416958 30416959
30416962 30416963
30416965 30416966
30416968 4688165
30416970 30416971
30416973 30416974
30416976 30416977
30416980 30416981
30416983 30416984
30416985 30416984
30416988 30416989
30416991 30416992
30416994 30416995
30416998 30416999
30417001 30417002
30417004 30417005
30417007 30417008
30417010 30417011
30417013 30417014
30417015 30417016
30417018 30417019
30417021 30417022
30417024 30417025
30417028 30417029
30417032 30417033
30417035 30417036
30417037 30417038
30417039 30417040
30417042 30417040
30417043 30417044
30417047 30417048
30417050 30417048
30417052 30417053
30417055 30417056
30417059 30417060
30417063 30417064
30417066 30417067
30417068 30417069
30417071 30417069
30417073 30417074
30417076 30417077
30417079 30417080
30417084 30417085
30417088 30417089
30417092 30417093
30417095 30417096
30417098 30417096
30417101 30417096
30417103 30417104
30417107 30417108
30417110 30417111
30417113 30417114
30417116 30417117
30417118 30417117
30417120 30417121
30417123 30417124
30417126 30417127
30417130 30417131
30417133 30417134
30417138 30417139
30417140 30417141
30417143 30417144
30417146 30417144
30417148 4813171
30417151 4813171
30417153 30417154
30417156 30417157
30417160 30417161
30417164 30417165
30417168 30417169
30417171 30417172
30417173 30417172
30417175 30417176
30417180 30417181
30417183 30417181
30417185 30417186
30417189 59746
30417191 59746
30417192 30417193
30417195 30417196
30417198 29746632
30417201 30417202
30417204 30417205
30417207 30417208
30417210 30417211
30417213 30417214
30417218 30417219
30417221 30417222
30417223 30417224
30417226 30417227
30417230 30417231
30417233 30417234
30417237 30417238
30417240 30417241
30417243 30417244
30417246 30417247
30417249 30417250
30417251 30417252
30417255 30417256
30417258 30417256
30417262 30417263
30417265 30417266
30417268 30417269
30417272 1276319
30417275 30417276
30417277 30417278
30417280 30417281
30417284 30417285
30417287 30417288
30417290 30417291
30417293 30417294
30417297 30417298
30417299 30417298
30417301 30417302
30417304 30417302
30417306 30417307
30417309 30417310
30417311 30417312
30417315 30417316
30417318 30417319
30417321 30417322
30417325 30417322
30417327 30417322
30417329 30417330
30417332 30417333
30417336 30417337
30417340 30417341
30417343 30417344
30417346 30417347
30417349 30417350
30417352 30417350
30417353 30417354
30417356 30417357
30417359 30417360
30417362 30417363
30417366 30417367
30417368 30417369
30417371 30417372
30417375 30417376
30417379 30417376
30417381 30417376
30417382 30417383
30417385 30417386
30417388 4757473
30417391 30417392
30417394 30417395
30417397 30417398
30417400 30417401
30417403 30417404
30417406 30417407
30417409 30417410
30417413 30417414
30417417 30417418
30417420 30417421
30417423 30417424
30417426 4815168
30417429 4815168
30417432 4815168
30417434 4815168
30417436 30417437
30417439 30417440
30417442 30417440
30417444 30417445
30417447 30417448
30417451 30417452
30417454 30417455
30417457 30417458
30417460 30417461
30417464 30417465
30417467 30417468
30417471 30417468
30417473 30417474
30417475 30417476
30417478 30417479
30417480 30417479
30417482 30417483
30417485 30417486
30417488 30417489
30417492 30417493
30417495 30417496
30417498 30417499
30417501 30417502
30417505 30417506
30417508 30417509
30417511 30417512
30417514 30417515
30417517 30417518
30417521 30417522
30417525 30417526
30417529 30417530
30417532 30417530
30417534 30417535
30417536 30417537
30417538 30417539
30417541 30417542
30417544 30417545
30417547 30417548
30417550 30417551
30417553 30417554
30417556 30417557
30417559 30417560
30417563 30417564
30417566 30417567
30417569 30417570
30417572 30417573
30417575 30417576
30417578 30417579
30417581 30417582
30417584 30417582
30417587 30417588
30417591 30417592
30417594 30417595
30417598 30417599
30417601 30417602
30417605 30417606
30417608 30417609
30417611 30417609
30417613 30417614
30417616 30417617
30417619 30417620
30417622 30417623
30417625 30417626
30417629 30417630
30417632 30417633
30417635 30417636
30417639 30417640
30417642 30417643
30417644 30417645
30417647 30417648
30417650 3831565
30417652 3831565
30417653 30417654
30417657 30417658
30417660 30417661
30417663 30417664
30417666 30417667
30417669 30417670
30417673 30417674
30417677 30417678
30417679 30417680
30417683 30417684
30417686 30417687
30417688 30417689
30417693 30417694
30417696 30417697
30417699 30417700
30417702 30417703
30417705 30417706
30417708 30417709
30417711 30417712
30417715 30417712
30417717 30417718
30417720 30417721
30417722 30417723
30417725 30417726
30417728 30417729
30417732 30417733
30417735 30417736
30417739 1276052
30417742 1276052
30417743 30417744
30417746 30417747
30417749 30417750
30417752 30417753
30417755 30417756
30417758 30417759
30417763 30417764
30417767 30417768
30417770 30417771
30417772 30417773
30417776 30417773
30417777 30417778
30417780 30417781
30417783 30417784
30417786 30417787
30417789 30417790
30417792 30417793
30417794 30417793
30417795 30417796
30417798 30417799
30417801 30417802
30417804 30417805
30417807 30417808
30417810 30417811
30417814 30417815
30417817 30417818
30417819 30417820
30417821 4774812
30417824 30417825
30417828 30417829
30417831 30417832
30417834 30417835
30417837 30417838
30417840 30417841
30417843 30417844
30417847 30417848
30417850 30417851
30417852 30417853
30417855 30417856
30417858 4783129
30417860 30417861
30417863 30417864
30417866 30417867
30417869 30417870
30417873 30417874
30417876 30417877
30417879 30417880
30417881 30417882
30417884 30417885
30417886 30417887
30417889 30417890
30417891 30417892
30417895 30417896
30417897 30417898
30417900 30417901
30417904 30417905
30417908 30417909
30417911 30417912
30417914 30417915
30417917 30417918
30417921 30417922
30417924 30417925
30417927 30417928
30417932 30417933
30417936 30417937
30417939 30417940
30417942 30417943
30417945 30417946
30417948 30417949
30417952 30417953
30417956 30417957
30417959 30417960
30417962 30417963
30417965 30417966
30417968 30417969
30417971 30417972
30417975 30417972
30417978 30417979
30417982 30417983
30417985 30417986
30417988 30417989
30417992 30417993
30417995 30417996
30417998 30417999
30418002 30418003
30418005 30418006
30418009 30418006
30418012 30418013
30418018 30418019
30418021 30418022
30418024 30418025
30418027 30418028
30418029 30418030
30418034 30418035
30418038 30418039
30418041 30418042
30418046 30418047
30418048 30418049
30418051 4721827
30418053 30418054
30418056 30418057
30418059 30418060
30418062 30418063
30418065 30418066
30418068 4787584
30418070 30418071
30418073 30418074
30418076 30418077
30418080 30418081
30418083 30418084
30418086 30418087
30418089 30418090
30418091 30418092
30418096 30418097
30418100 30418101
30418103 30418104
30418107 30418108
30418109 30418110
30418112 30418113
30418117 30418118
30418119 30418118
30418121 30418122
30418124 30418125
30418127 188263
30418129 30418130
30418133 30418134
30418136 30418137
30418139 30418140
30418142 30418143
30418145 30418143
30418148 30418149
30418151 30418152
30418155 30418156
30418159 30418160
30418162 30418163
30418165 30418166
30418169 30418170
30418172 4523694
30418174 4523694
30418176 4523694
30418178 30418179
30418182 30418183
30418186 30418187
30418189 30418190
30418192 30418193
30418195 30418196
30418198 30418199
30418201 30418202
30418204 30418205
30418206 581141
30418209 30418210
30418213 30418214
30418216 30418217
30418218 30418219
30418221 4074621
30418223 30418224
30418226 30418227
30418229 30418230
30418232 30418233
30418235 1293192
30418237 30418238
30418242 30418243
30418244 30418245
30418249 30418250
30418252 4711914
30418253 4564639
30418254 30418255
30418257 30418258
30418260 30418261
30418262 30418263
30418265 4703246
30418266 30418267
30418272 188339
30418274 30418275
30418277 1578687
30418278 30418279
30418281 30418282
30418286 30418287
30418288 188349
30418289 30418290
30411477 255858
30418291 188376
30411509 188376
30411506 188376
30411470 188477
30418294 30418295
30418296 736508
30418301 30418302
30418303 30418304
30418307 188601
30418308 30418309
30418310 30418311
30411498 188624
30418312 1244531
30418314 30418315
30418320 30418321
30418323 30418324
30418327 1349963
30418329 537500
30418330 30418331
30418332 10352
30418336 276198
30418337 30418338
30418339 30418340
30418341 740481
30418342 740481
30418343 840448
30418344 15543
30418345 8084
30418346 6971
30418351 9415
30418352 180012
30418353 30418354
30418356 1333416
30418357 29619445
30418358 452620
30418360 29627874
30418361 162936
30418363 29693782
30418364 43619
30418366 2518
30418367 250103
30418368 29641983
30418369 2835005
30418370 30418371
30418372 62835
30418375 611473
30418378 334227
30418380 29619110
30418381 306578
30418386 30418387
30418389 2519
30418390 241631
30418392 1589834
30418394 255642
30418395 89449
30418396 547454
30418399 244465
30418401 244465
30418402 244496
30418403 616210
30418404 30418405
30418406 89661
30418407 89523
30418408 211907
30418409 4374256
30418410 474779
12539759 12539764
30418411 30418412
30418414 483543
30418416 30418417
30418419 30418420
30418422 6531
30418424 90934
30418425 740073
30418426 244553
30418427 7133
30418429 7813
30418430 89417
30418432 2520
