5007276 5007280
2108886 1213424
7035323 153009
7035323 1511649
10096166 10096167
5458469 5458492
536421 293893
1716395 1716396
11678391 1748583
11678391 1748585
11685595 11685597
4028102 4200068
561625 743891
1541016 2400761
4059095 932
13224488 6959371
12619611 12619620
13234249 12571815
13270830 959604
1598437 2452441
1598437 2452442
38870 158761
198412 595600
3231334 1282020
539743 1259930
265973 508243
617446 1256083
13510376 1074085
9233502 1279740
3796713 3405353
1468194 2337189
14981692 14981694
15008273 354102
15014749 3211490
15037335 703650
15067052 15067056
15067094 15067096
15086532 15086534
15171563 121880
15171630 1256792
15176990 6399315
15179853 3047778
2040960 595600
15599640 1791570
15599640 15466335
15914366 6878417
15917009 223595
15924400 15924402
15925981 15925983
15930668 6878417
15943285 1702889
15943309 3334147
15943320 3334147
15944296 1946684
15947259 15947261
15947754 498925
15949739 1250558
15953940 15943259
15970441 15970443
15974547 313593
15979347 15979349
196111 590575
570553 182897
102458 266642
9206167 656477
28399507 13450481
28399527 116301
28399656 9482691
7511757 140976
557730 1280596
759423 1542263
756339 1538910
28400290 6456990
194771 589498
28400950 952493
5145260 5145265
1284956 2163167
28401401 7836036
28401505 433740
270871 44034
498951 768973
267306 768973
767950 768973
3654927 3962945
1356463 1203766
689663 586286
28402159 585878
28402161 28402162
28402167 28402168
28402172 10645393
28402174 10775640
28402176 28402177
28402180 10862642
28402181 2734456
28402186 2921706
28402188 2921706
3670183 3670191
3670183 3970798
13230519 143243
13230519 200437
28402189 14815633
28402190 3972344
28402193 14810665
28402194 14810665
28402195 12517934
28402197 15087330
28402199 15087330
28402201 15087330
28402205 15087330
28402207 15087330
28402209 15087330
28402211 15087330
28402213 15087330
28402215 15087330
28402217 15087330
28402219 15087330
28402221 15087330
28402223 15087330
28402225 15087330
28402227 15087330
28402229 15087330
28402231 15087330
28402233 15087330
28402235 15087330
28402237 15087330
28402239 15087330
28402241 15087330
28402243 15087330
28402245 15087330
28402247 15087330
28402249 15087330
28402251 15087330
28402253 15087330
28402255 15087330
28402257 15087330
28402259 15087330
28402261 15087330
28402263 15087330
28402265 15087330
28402267 15087330
28402269 15087330
28402271 15087330
28402273 15087330
28402275 15087330
28402277 15087330
28402279 15087330
28402281 15087330
28402283 15087330
28402285 15087330
28402287 15087330
28402289 15087330
28402291 15087330
28402293 15087330
28402295 15087330
28402297 15087330
28402299 15087330
28402301 15087330
28402303 15087330
28402305 15087330
28402307 15087330
28402309 15087330
28402311 15087330
28402313 15087330
28402315 15087330
28402317 15087330
28402319 15087330
28402321 15087330
28402323 15087330
28402325 15087330
28402327 15087330
28402329 15087330
28402331 15087330
28402333 4159330
28402334 25423787
28402335 25423787
28402336 25423787
28402337 25423787
28402338 25423787
28402339 25423787
28402340 28402341
28402343 28402341
28402344 6229044
6229034 6229044
28402345 6229044
28402346 28402347
28402350 3133619
28402351 28402352
28402354 705430
28402355 14811348
28402356 28402357
28402359 10396385
28402360 10396385
28402362 10396385
28402363 14812904
28402365 7958439
28402369 7958439
28402370 7958439
28402371 7958439
28402372 7958439
28402373 7958439
28402374 7958439
28402377 7958439
28402378 7958439
28402379 7958439
28402380 7958439
28402381 7958439
28402382 28402383
28402385 28402383
28402387 28402383
28402390 28402383
28402391 28402383
28402392 28402383
28402396 28402383
28402400 28402383
28402401 28402383
28402403 28402383
28402404 28402383
28402405 28402383
28402407 28402383
28402408 28402383
28402409 28402383
28402411 28402383
28402413 28402383
28402415 28402383
28402417 28402383
28402419 28402383
28402420 28402383
28402421 28402383
28402423 28402383
28402424 28402383
28402426 28402383
28402428 28402383
28402429 28402383
28402430 28402383
28402432 28402383
28402433 28402383
28402434 25411116
28402436 28402437
28402439 89857
162342 511997
162342 511998
162342 511999
162342 512000
162342 512001
28402440 1735672
28402445 1735672
28402448 13229393
28402450 28402451
28402453 13132366
28402462 306379
28402463 306379
28402472 306379
12083124 12083126
28402473 212827
9842266 77343
3396564 2835373
28402476 11648599
8191744 1192543
3555064 3898348
28402477 3898348
28402481 3898348
28402483 3898348
28402490 484603
28402493 94674
28402496 28402497
28402503 808625
28402503 28402504
28402503 28402505
28402503 28402506
28402503 15173493
3796718 3405353
28402510 3405353
28402511 3405353
28402512 3405353
28402513 28402514
28402520 1202604
28402524 14814021
28402525 12230839
3656575 3963121
28402527 8299072
1755312 2576871
28402528 28402529
28402530 911
4906462 4906506
3943673 573996
2875522 3424718
590733 845701
3510321 36458
6561191 6561210
6561191 6561211
6561191 6561212
28402532 13161451
28402534 10386631
28402540 3047778
555645 76467
28402543 7587042
28402546 14601153
564978 497808
564978 23081
564978 69145
28402547 8012175
28402547 820992
28402550 5853896
28402551 4352152
28402552 10382727
28402554 10382727
28402558 12987448
28402560 14814518
28402561 28402562
28402565 28402562
28402567 28402562
28402569 28402562
28402571 28402572
28402574 28402572
28402576 28402572
28402578 28402572
28402580 28402572
28402582 28402572
28402584 28402572
28402586 28402572
28402588 28402572
28402590 28402572
28402592 28402572
28402595 28402572
28402597 28402572
28402599 28402572
28402601 28402572
28402603 28402604
28402607 28402604
28402609 28402604
28402611 28402604
28402613 28402604
28402615 28402604
28402617 28402604
28402619 28402604
28402621 28402622
28402624 28402622
28402626 15620139
28402628 15620139
28402630 15669583
8065642 31713
28402632 765325
28402635 2118035
28402638 28402639
28402641 15336545
28402643 15336545
28402645 15336545
28402647 15336545
28402649 15336545
28402651 12036914
28402652 2577921
28402653 14812140
28402654 28402655
28402656 28402657
28402660 28402657
28402662 28402657
28402664 28402657
28402666 28402657
28402668 28402657
28402670 28402657
28402672 28402657
28402674 28402657
28402676 28402657
28402678 28402657
28402680 28402657
28402682 28402657
28402684 28402657
28402686 28402657
28402688 28402657
28402690 28402657
28402692 28402657
28402694 28402657
28402696 28402657
28402698 28402657
28402700 14813688
28402702 10435753
5122829 10646
28402704 28402705
28402708 28402705
28402709 11600090
28402710 11390286
28402713 288010
28402716 288010
28402716 802688
28402719 288010
28402719 802688
28402722 14814735
28402726 14814735
28402728 14814735
590250 1184322
28402730 28402731
28402732 14302555
28402735 14302555
28402737 10382710
28402741 28402742
28402741 28402743
28402746 28300562
28402748 28269530
28402749 28269530
28402750 28269530
28402752 28269530
28402753 28269530
28402754 28269530
28402755 28269530
28402756 28269530
28402757 28269530
28402758 28269530
28402759 28269530
28402760 28269530
28402761 28269530
28402762 28269530
28402763 28269530
28402764 28269530
28402765 12231343
28402766 1305113
28402769 8656193
28402773 6446488
28402775 6446488
28402779 28402780
28402782 28402783
28402782 28402784
28402782 28402785
28402782 28402786
28402782 28402787
28402782 28402788
28402791 28402784
28402791 28402785
28402791 28402792
28402791 28402786
28402791 28402787
28402791 28402788
28402795 28402796
28402799 28402796
28402803 28402796
28402806 28402807
10370878 10370885
28402811 28402812
2361026 3057015
28402816 28402817
28402821 28402822
28402826 15677467
8519981 8520006
28402830 3419553
28402833 3419553
28402835 28402836
28402839 28402840
28402844 28402840
28402848 28402840
28402851 28402840
28402854 28402840
28402858 28402840
28402862 28402840
28402865 28402840
28402868 28402840
28402871 28402840
28402875 28402840
28402878 28402840
28402895 28402840
28402899 28402840
28402902 28402840
28402906 28402840
28402909 10999030
28402911 28402912
28402916 28402912
28402920 28402921
28402924 28402925
28402928 28402929
28402933 28402934
28402937 28402938
28402937 28402939
73688 266592
28402942 28402943
28402947 28402943
28402949 28402943
28402951 28402943
28402953 28402943
28402955 28402943
28402957 28402943
28402959 28402943
28402961 28402943
28402963 28402943
28402965 28402943
28402967 28402943
28402969 28402943
28402971 28402943
28402973 28402943
28402975 28402943
28402977 28402943
28402979 28402943
28402981 28402943
28402983 28402943
28402985 28402943
28402987 28402943
28402989 28402943
28402991 28402943
28402993 28402943
28402995 28402943
28402997 28402943
28402999 28402943
28403001 28402943
28403003 28402943
28403005 28403006
28403008 28403009
5111352 5111358
28403011 28403012
28403014 14811639
28403016 14811639
28403018 14811639
28403020 14811639
28403024 14811639
28403026 14863578
28403028 14863578
28403030 14863578
28403032 14863578
28403035 14863578
28403037 14863578
28403039 14863578
28403041 14863578
28403043 14863578
28403045 14863578
28403047 14863578
28403049 14863578
28403051 14863578
28403053 14863578
28403055 14863578
28403057 14863578
28403059 14863578
28403061 14863578
28403063 14863578
28403065 14863578
28403067 14863578
28403069 14863578
28403071 14863578
28403073 14863578
28403075 14863578
28403078 14863578
28403080 14863578
28403082 14863578
28403084 14863578
28403086 14863578
28403088 14863578
28403090 14863578
28403092 14863578
28403094 14863578
28403096 14863578
28403098 14863578
28403100 14863578
28403102 14863578
28403104 14863578
28403106 14863578
28403108 14863578
28403110 14863578
28403112 14863578
28403114 14863578
28403116 14863578
28403118 14863578
28403120 14863578
28403122 14863578
28403124 14863578
28403126 14863578
28403128 14863578
28403130 14863578
28403132 14863578
28403134 14863578
28403136 14863578
28403138 14863578
28403140 14863578
28403142 14863578
28403144 14863578
28403146 14863578
28403148 14863578
28403150 14863578
28403153 14863578
28403155 14863578
28403157 14863578
28403159 14863578
28403161 14863578
28403163 14863578
28403165 14863578
28403167 14863578
28403169 14863578
28403171 14863578
28403173 14863578
28403175 14863578
28403177 14863578
28403179 14863578
28403181 14863578
28403183 14863578
28403185 14863578
28403187 14863578
28403189 14863578
28403191 14863578
28403193 14863578
28403195 14863578
28403197 14863578
28403199 14863578
28403201 14863578
28403203 14863578
28403205 14863578
28403207 14863578
28403209 14863578
28403211 14863578
28403213 14863578
28403215 14863578
28403217 14863578
28403219 14863578
28403221 14863578
28403223 14863578
28403225 14863578
28403227 14863578
28403229 14863578
28403231 14863578
28403233 14863578
28403235 14863578
28403237 14863578
28403239 14863578
28403241 14863578
28403243 14863578
28403245 14863578
28403247 14863578
28403249 14863578
28403251 14863578
28403253 14863578
28403255 14863578
28403257 14863578
28403259 14863578
28403261 14863578
28403263 14863578
28403265 14863578
28403267 14863578
28403269 14863578
28403271 14863578
28403273 14863578
28403275 14863578
28403277 14863578
28403279 14863578
28403281 14863578
28403283 14863578
28403285 14863578
28403287 14863578
28403289 14863578
28403291 14863578
28403293 14863578
28403295 14863578
28403297 14863578
28403299 14863578
28403301 14863578
28403303 14863578
28403305 14863578
28403307 14863578
28403309 14863578
28403311 14863578
28403313 14863578
28403315 14863578
28403317 14863578
28403319 14863578
28403321 14863578
28403323 14863578
28403325 14863578
28403327 14863578
28403329 14863578
28403331 14863578
28403333 14863578
28403335 14863578
28403337 14863578
28403339 14863578
28403341 14863578
28403343 14863578
28403345 14863578
28403347 14863578
28403349 14863578
28403351 14863578
28403353 14863578
28403355 14863578
28403357 14863578
28403359 14863578
28403361 14863578
28403363 14863578
28403365 14863578
28403367 14863578
28403369 14863578
28403371 14863578
28403373 14863578
28403375 14863578
28403377 14863578
28403379 14863578
28403381 14863578
28403383 14863578
28403385 14863578
28403387 14863578
28403389 14863578
28403391 14863578
28403393 14863578
28403395 14863578
28403397 14863578
28403399 14863578
28403401 14863578
28403403 14863578
28403405 14863578
28403407 14863578
28403409 14863578
28403411 14863578
28403413 14863578
28403415 14863578
28403417 14863578
28403419 14863578
28403421 14863578
28403423 14863578
28403425 14863578
28403427 14863578
28403429 14863578
28403431 14863578
28403433 14863578
28403435 14863578
28403437 14863578
28403439 14863578
28403441 14863578
28403443 14863578
28403445 14863578
28403447 14863578
28403449 14863578
28403451 14863578
28403453 14863578
28403455 14863578
28403457 14863578
28403459 14863578
28403461 14863578
28403463 14863578
28403465 14863578
28403467 14863578
28403469 14863578
28403471 14863578
28403473 14863578
28403475 14863578
28403477 14863578
28403479 14863578
28403481 14863578
28403483 14863578
28403485 14863578
28403487 14863578
28403489 14863578
28403491 14863578
28403493 14863578
28403495 14863578
28403497 14863578
28403499 14863578
28403501 14863578
28403503 14863578
28403505 14863578
28403507 14863578
28403509 14863578
28403511 14863578
28403513 14863578
28403515 14863578
28403517 14863578
28403519 14863578
28403521 14863578
28403523 14863578
28403525 14863578
28403527 14863578
28403529 14863578
28403531 14863578
28403533 14863578
28403535 14863578
28403537 14863578
28403539 14863578
28403541 14863578
28403543 14863578
28403545 14863578
28403547 14863578
28403549 14863578
28403551 14863578
28403553 14863578
28403555 14863578
28403557 14863578
28403559 14863578
28403561 14863578
28403563 14863578
28403565 14863578
28403567 14863578
28403569 14863578
28403571 14863578
28403573 14863578
28403575 14863578
28403577 14863578
28403579 14863578
28403581 14863578
28403583 14863578
28403585 14863578
28403587 14863578
28403589 14863578
28403591 14863578
28403593 14863578
28403595 14863578
28403597 14863578
28403599 14863578
28403601 14863578
28403603 14863578
28403605 14863578
28403607 14863578
28403609 14863578
28403611 14863578
28403613 14863578
28403615 14863578
28403617 14863578
28403619 14863578
28403621 14863578
28403623 14863578
28403625 14863578
28403627 14863578
28403629 14863578
28403631 14863578
28403633 14863578
28403635 14863578
28403637 14863578
28403639 14863578
28403641 14863578
28403643 14863578
28403645 14863578
28403647 14863578
28403649 14863578
28403651 14863578
28403653 14863578
28403655 14863578
28403657 14863578
28403659 14863578
28403661 14863578
28403663 14863578
28403665 14863578
28403667 14863578
28403669 14863578
28403671 14863578
28403673 14863578
28403675 14863578
28403677 14863578
28403679 14863578
28403681 14863578
28403683 14863578
28403685 14863578
28403687 14863578
28403689 14863578
28403691 14863578
28403693 14863578
28403695 14863578
28403697 14863578
28403699 14863578
28403701 14863578
28403703 14863578
28403705 14863578
28403707 14863578
28403709 14863578
28403711 14863578
28403713 14863578
28403715 14863578
28403717 14863578
28403719 14863578
28403721 14863578
28403723 14863578
28403725 14863578
28403727 14863578
28403729 14863578
28403731 14863578
28403733 14863578
28403735 14863578
28403737 14863578
28403739 14863578
28403741 14863578
28403743 14863578
28403745 14863578
28403747 14863578
28403749 14863578
28403751 14863578
28403753 14863578
28403755 14863578
28403757 14863578
28403759 14863578
28403761 14863578
28403763 14863578
28403765 14863578
28403767 14863578
28403769 14863578
28403771 14863578
28403773 14863578
28403775 14863578
28403777 14863578
28403779 14863578
28403781 14863578
28403783 14863578
28403785 14863578
28403787 14863578
28403789 14863578
28403791 14863578
28403793 14863578
28403795 14863578
28403797 14863578
28403799 14863578
28403801 14863578
28403803 14863578
28403805 14863578
28403807 14863578
28403809 14863578
28403811 14863578
28403813 14863578
28403815 14863578
28403817 14863578
28403819 14863578
28403821 14863578
28403823 14863578
28403825 14863578
28403827 14863578
28403829 14863578
28403831 14863578
28403833 14863578
28403835 14863578
28403837 14863578
28403839 14863578
28403841 14863578
28403843 14863578
28403845 14863578
28403847 14863578
28403849 14863578
28403851 14863578
28403853 14863578
28403855 14863578
28403857 14863578
28403859 14863578
28403861 14863578
28403863 14863578
28403865 14863578
28403867 14863578
28403869 14863578
28403871 14863578
28403873 14863578
28403875 14863578
28403877 14863578
28403879 14863578
28403881 14863578
28403883 14863578
28403885 14863578
28403887 14863578
28403889 14863578
28403891 14863578
28403893 14863578
28403895 14863578
28403897 14863578
28403899 14863578
28403901 14863578
28403903 14863578
28403905 14863578
28403907 14863578
28403909 14863578
28403911 14863578
28403913 14863578
28403915 14863578
28403917 14863578
28403919 14863578
28403921 14863578
28403923 14863578
28403925 14863578
28403927 14863578
28403929 14863578
28403931 14863578
28403933 14863578
28403935 14863578
28403937 14863578
28403939 14863578
28403941 14863578
28403943 14863578
28403945 14863578
28403947 14863578
28403949 14863578
28403951 14863578
28403953 14863578
28403955 14863578
28403957 14863578
28403959 14863578
28403961 14863578
28403963 14863578
28403965 14863578
28403967 14863578
28403969 14863578
28403971 14863578
28403973 14863578
28403975 14863578
28403977 14863578
28403979 14863578
28403981 14863578
28403983 14863578
28403985 14863578
28403987 14863578
28403989 14863578
28403991 14863578
28403993 14863578
28403995 14863578
28403997 14863578
28403999 14863578
28404001 14863578
28404003 14863578
28404005 14863578
28404007 14863578
28404009 14863578
28404011 14863578
28404013 14863578
28404015 14863578
28404017 14863578
28404019 14863578
28404021 14863578
28404023 14863578
28404025 14863578
28404027 14863578
28404029 14863578
28404031 14863578
28404033 14863578
28404035 14863578
28404037 14863578
28404039 14863578
28404041 14863578
28404043 14863578
28404045 14863578
28404047 14863578
28404049 14863578
28404051 14863578
28404053 14863578
28404055 14863578
28404057 14863578
28404059 14863578
28404061 14863578
28404063 14863578
28404065 14863578
28404067 14863578
28404069 14863578
28404071 14863578
28404073 14863578
28404075 14863578
28404077 14863578
28404079 14863578
28404081 14863578
28404083 14863578
28404085 14863578
28404087 14863578
28404089 14863578
28404091 14863578
28404093 14863578
28404095 14863578
28404097 14863578
28404099 14863578
28404101 14863578
28404103 14863578
28404105 14863578
28404107 14863578
28404109 14863578
28404111 14863578
28404113 14863578
28404115 14863578
28404117 14863578
28404119 14863578
28404121 14863578
28404123 14863578
28404125 14863578
28404127 14863578
28404129 14863578
28404131 14863578
28404133 14863578
28404135 14863578
28404137 14863578
28404139 14863578
28404141 14863578
28404143 14863578
28404145 14863578
28404147 14863578
28404149 14863578
28404151 14863578
28404153 14863578
28404155 14863578
28404157 14863578
28404159 14863578
28404161 14863578
28404163 14863578
28404165 14863578
28404167 14863578
28404169 14863578
28404171 14863578
28404173 14863578
28404175 14863578
28404177 14863578
28404179 14863578
28404181 14863578
28404183 14863578
28404185 14863578
28404187 14863578
28404189 14863578
28404191 14863578
28404193 14863578
28404195 14863578
28404197 14863578
28404199 14863578
28404201 14863578
28404203 14863578
28404205 14863578
28404207 14863578
28404209 14863578
28404211 14863578
28404213 14863578
28404215 14863578
28404217 14863578
28404219 14863578
28404221 14863578
28404223 14863578
28404225 14863578
28404227 14863578
28404229 14863578
28404231 14863578
28404233 14863578
28404235 14863578
28404237 14863578
28404239 14863578
28404241 14863578
28404243 14863578
28404245 14863578
28404247 14863578
28404249 14863578
28404251 14863578
28404253 14863578
28404255 14863578
28404257 14863578
28404259 14863578
28404261 14863578
28404263 14863578
28404265 14863578
28404267 14863578
28404269 14863578
28404271 14863578
28404273 14863578
28404275 14863578
28404277 14863578
28404279 14863578
28404281 14863578
28404283 14863578
28404285 14863578
28404287 14863578
28404289 14863578
28404291 14863578
28404293 14863578
28404295 14863578
28404297 14863578
28404299 14863578
28404301 14863578
28404303 14863578
28404305 14863578
28404307 14863578
28404309 14863578
28404311 14863578
28404313 14863578
28404315 14863578
28404317 14863578
28404319 14863578
28404321 14863578
28404323 14863578
28404325 14863578
28404327 14863578
28404329 14863578
28404331 14863578
28404333 14863578
28404335 14863578
28404337 14863578
28404339 14863578
28404341 14863578
28404343 14863578
28404345 14863578
28404347 14863578
28404349 14863578
28404351 14863578
28404353 14863578
28404355 14863578
28404357 14863578
28404359 14863578
28404361 14863578
28404363 14863578
28404365 14863578
28404367 14863578
28404369 14863578
28404371 14863578
28404373 14863578
28404375 14863578
28404377 14863578
28404379 14863578
28404381 14863578
28404383 14863578
28404385 14863578
28404387 14863578
28404389 14863578
28404391 14863578
28404393 14863578
28404395 14863578
28404397 14863578
28404399 14863578
28404401 14863578
28404403 14863578
28404405 14863578
28404407 14863578
28404409 14863578
28404411 14863578
28404413 14863578
28404415 14863578
28404417 14863578
28404419 14863578
28404421 14863578
28404423 14863578
28404425 14863578
28404427 14863578
28404429 14863578
28404431 14863578
28404433 14863578
28404435 14863578
28404437 14863578
28404439 14863578
28404441 14863578
28404443 14863578
28404445 14863578
28404447 14863578
28404449 14863578
28404451 14863578
28404453 14863578
28404455 14863578
28404457 14863578
28404459 14863578
28404461 14863578
28404463 14863578
28404465 14863578
28404467 14863578
28404469 14863578
28404471 14863578
28404473 14863578
28404475 14863578
28404477 14863578
28404479 14863578
28404481 14863578
28404483 14863578
28404485 14863578
28404487 14863578
28404489 14863578
28404491 14863578
28404493 14863578
28404495 14863578
28404497 14863578
28404499 14863578
28404501 14863578
28404503 14863578
28404505 14863578
28404507 14863578
28404509 14863578
28404511 14863578
28404513 14863578
28404515 14863578
28404517 14863578
28404519 14863578
28404521 14863578
28404523 14863578
28404525 14863578
28404527 14863578
28404529 14863578
28404531 14863578
28404533 14863578
28404535 14863578
28404537 14863578
28404539 14863578
28404541 14863578
28404543 14863578
28404545 14863578
28404547 14863578
28404549 14863578
28404551 14863578
28404553 14863578
28404555 14863578
28404557 14863578
28404559 14863578
28404561 14863578
28404563 14863578
28404565 14863578
28404567 14863578
28404569 14863578
28404571 14863578
28404573 14863578
28404575 14863578
28404577 14863578
28404579 14863578
28404581 14863578
28404583 14863578
28404585 14863578
28404587 14863578
28404589 14863578
28404591 14863578
28404593 14863578
28404595 14863578
28404597 14863578
28404599 14863578
28404601 14863578
28404603 14863578
28404605 14863578
28404607 14863578
28404609 14863578
28404611 14863578
28404613 14863578
28404615 14863578
28404617 14863578
28404619 14863578
28404621 14863578
28404623 14863578
28404625 14863578
28404627 14863578
28404629 14863578
28404631 14863578
28404633 14863578
28404635 14863578
28404637 14863578
28404639 14863578
28404641 14863578
28404643 14863578
28404645 14863578
28404647 14863578
28404649 14863578
28404651 14863578
28404653 14863578
28404655 14863578
28404657 14863578
28404659 14863578
28404661 14863578
28404663 14863578
28404665 14863578
28404667 14863578
28404669 14863578
28404671 14863578
28404673 14863578
28404675 14863578
28404677 14863578
28404679 14863578
28404681 14863578
28404683 14863578
28404685 14863578
28404687 14863578
28404689 14863578
28404691 14863578
28404693 14863578
28404695 14863578
28404697 14863578
28404699 14863578
28404701 14863578
28404703 14863578
28404705 14863578
28404707 14863578
28404709 14863578
28404711 14863578
28404713 14863578
28404715 14863578
28404717 14863578
28404719 14863578
28404721 14863578
28404723 14863578
28404725 14863578
28404727 14863578
28404729 14863578
28404731 14863578
28404733 14863578
28404735 14863578
28404737 14863578
28404739 14863578
28404741 14863578
28404743 14863578
28404745 14863578
28404747 14863578
28404749 14863578
28404751 14863578
28404753 14863578
28404755 14863578
28404757 14863578
28404759 14863578
28404761 14863578
28404763 14863578
28404765 14863578
28404767 14863578
28404769 14863578
28404771 14863578
28404773 14863578
28404775 14863578
28404777 14863578
28404779 14863578
28404781 14863578
28404783 14863578
28404785 14863578
28404787 14863578
28404789 14863578
28404791 14863578
28404793 14863578
28404795 14863578
28404797 14863578
28404799 14863578
28404801 14863578
28404803 14863578
28404805 14863578
28404807 14863578
28404809 14863578
28404811 14863578
28404813 14863578
28404815 14863578
28404817 14863578
28404819 14863578
28404821 14863578
28404823 14863578
28404825 14863578
28404827 14863578
28404829 14863578
28404831 14863578
28404833 14863578
28404835 14863578
28404837 14863578
28404839 14863578
28404841 14863578
28404843 14863578
28404845 14863578
28404847 14863578
28404849 14863578
28404851 14863578
28404853 14863578
28404855 14863578
28404857 14863578
28404859 14863578
28404861 14863578
28404863 14863578
28404865 14863578
28404867 14863578
28404869 14863578
28404871 14863578
28404873 14863578
28404875 14863578
28404877 14863578
28404879 14863578
28404881 14863578
28404883 14863578
28404885 14863578
28404887 14863578
28404889 14863578
28404891 14863578
28404893 14863578
28404895 14863578
28404897 14863578
28404899 14863578
28404901 14863578
28404903 14863578
28404905 14863578
28404907 14863578
28404909 14863578
28404911 14863578
28404913 14863578
28404915 14863578
28404917 14863578
28404919 14863578
28404921 14863578
28404923 14863578
28404925 14863578
28404927 14863578
28404929 14863578
28404931 14863578
28404933 14863578
28404935 14863578
28404937 14863578
28404939 14863578
28404941 14863578
28404943 14863578
28404945 14863578
28404947 14863578
28404949 14863578
28404951 14863578
28404953 14863578
28404955 14863578
28404957 14863578
28404959 14863578
28404961 14863578
28404963 14863578
28404965 14863578
28404967 14863578
28404969 14863578
28404971 14863578
28404973 14863578
28404975 14863578
28404977 14863578
28404979 14863578
28404981 14863578
28404983 14863578
28404985 14863578
28404987 14863578
28404989 14863578
28404991 14863578
28404993 14863578
28404995 14863578
28404997 14863578
28404999 14863578
28405001 14863578
28405003 14863578
28405005 14863578
28405007 14863578
28405009 14863578
28405011 14863578
28405013 14863578
28405015 14863578
28405017 14863578
28405019 14863578
28405021 14863578
28405023 14863578
28405025 14863578
28405027 14863578
28405029 14863578
28405031 14863578
28405033 14863578
28405035 14863578
28405037 14863578
28405039 14863578
28405041 14863578
28405043 14863578
28405045 14863578
28405047 14863578
28405049 14863578
28405051 14863578
28405053 14863578
28405055 14863578
28405057 14863578
28405059 14863578
28405061 14863578
28405063 14863578
28405065 14863578
28405067 14863578
28405069 14863578
28405071 14863578
28405073 14863578
28405075 14863578
28405077 14863578
28405079 14863578
28405081 14863578
28405083 14863578
28405085 14863578
28405087 14863578
28405089 14863578
28405091 14863578
28405093 14863578
28405095 14863578
28405097 14863578
28405099 14863578
28405101 14863578
28405103 14863578
28405105 14863578
28405107 14863578
28405109 14863578
28405111 14863578
28405113 14863578
28405115 14863578
28405117 14863578
28405119 14863578
28405121 14863578
28405123 14863578
28405125 14863578
28405127 14863578
28405129 14863578
28405131 14863578
28405133 14863578
28405135 14863578
28405137 14863578
28405139 14863578
28405141 14863578
28405143 14863578
28405145 14863578
28405147 14863578
28405149 14863578
28405151 14863578
28405153 14863578
28405155 14863578
28405157 14863578
28405159 14863578
28405161 14863578
28405163 14863578
28405165 14863578
28405167 14863578
28405169 14863578
28405171 14863578
28405173 14863578
28405175 14863578
28405177 14863578
28405179 14863578
28405181 14863578
28405183 14863578
28405185 14863578
28405187 14863578
28405189 14863578
28405191 14863578
28405193 14863578
28405195 14863578
28405197 14863578
28405199 14863578
28405201 14863578
28405203 14863578
28405205 14863578
28405207 14863578
28405209 14863578
28405211 14863578
28405213 14863578
28405215 14863578
28405217 14863578
28405219 14863578
28405221 14863578
28405223 14863578
28405225 14863578
28405227 14863578
28405229 14863578
28405231 14863578
28405233 14863578
28405235 14863578
28405237 14863578
28405239 14863578
28405241 14863578
28405243 14863578
28405245 14863578
28405247 14863578
28405249 14863578
28405251 14863578
28405253 14863578
28405255 14863578
28405257 14863578
28405259 14863578
28405261 14863578
28405263 14863578
28405265 14863578
28405267 14863578
28405269 14863578
28405271 14863578
28405273 14863578
28405275 14863578
28405277 14863578
28405279 14863578
28405281 14863578
28405283 14863578
28405285 14863578
28405287 14863578
28405289 14863578
28405291 14863578
28405293 14863578
28405295 14863578
28405297 14863578
28405299 14863578
28405301 14863578
28405303 14863578
28405305 14863578
28405307 14863578
28405309 14863578
28405311 14863578
28405313 14863578
28405315 14863578
28405317 14863578
28405319 14863578
28405321 14863578
28405323 14863578
28405325 14863578
28405327 14863578
28405329 14863578
28405331 14863578
28405333 14863578
28405335 14863578
28405337 14863578
28405339 14863578
28405341 14863578
28405343 14863578
28405345 14863578
28405347 14863578
28405349 14863578
28405351 14863578
28405353 14863578
28405355 14863578
28405357 14863578
28405359 14863578
28405361 14863578
28405363 14863578
28405365 14863578
28405367 14863578
28405369 14863578
28405371 14863578
28405373 14863578
28405375 14863578
28405377 14863578
28405379 14863578
28405381 14863578
28405383 14863578
28405385 14863578
28405387 14863578
28405389 14863578
28405391 14863578
28405393 14863578
28405395 14863578
28405397 14863578
28405399 14863578
28405401 14863578
28405403 14863578
28405405 14863578
28405407 14863578
28405409 14863578
28405411 14863578
28405413 14863578
28405415 14863578
28405417 14863578
28405419 14863578
28405421 14863578
28405423 14863578
28405425 14863578
28405427 14863578
28405429 14863578
28405431 14863578
28405433 14863578
28405435 14863578
28405437 14863578
28405439 14863578
28405441 14863578
28405443 14863578
28405445 14863578
28405447 14863578
28405449 14863578
28405451 14863578
28405453 14863578
28405455 14863578
28405457 14863578
28405459 14863578
28405461 14863578
28405463 14863578
28405465 14863578
28405467 14863578
28405469 14863578
28405471 14863578
28405473 14863578
28405475 14863578
28405477 14863578
28405479 14863578
28405481 14863578
28405483 14863578
28405485 14863578
28405487 14863578
28405489 14863578
28405491 14863578
28405493 14863578
28405495 14863578
28405497 14863578
28405499 14863578
28405501 14863578
28405503 14863578
28405505 14863578
28405507 14863578
28405509 14863578
28405511 14863578
28405513 14863578
28405515 14863578
28405517 14863578
28405519 14863578
28405521 14863578
28405523 14863578
28405525 14863578
28405527 14863578
28405529 14863578
28405531 14863578
28405533 14863578
28405535 14863578
28405537 14863578
28405539 14863578
28405541 14863578
28405543 14863578
28405545 14863578
28405547 14863578
28405549 14863578
28405551 14863578
28405553 14863578
28405555 14863578
28405557 14863578
28405559 14863578
28405561 14863578
28405563 14863578
28405565 14863578
28405567 14863578
28405569 14863578
28405571 14863578
28405573 14863578
28405575 14863578
28405577 14863578
28405579 14863578
28405581 14863578
28405583 14863578
28405585 14863578
28405587 14863578
28405589 14863578
28405591 14863578
28405593 14863578
28405595 14863578
28405597 14863578
28405599 14863578
28405601 14863578
28405603 14863578
28405605 14863578
28405607 14863578
28405609 14863578
28405611 14863578
28405613 14863578
28405615 14863578
28405617 14863578
28405619 14863578
28405621 14863578
28405623 14863578
28405625 14863578
28405627 14863578
28405629 14863578
28405631 14863578
28405633 14863578
28405635 14863578
28405637 14863578
28405639 14863578
28405641 14863578
28405643 14863578
28405645 14863578
28405647 14863578
28405649 14863578
28405651 14863578
28405653 14863578
28405655 14863578
28405657 14863578
28405659 14863578
28405661 14863578
28405663 14863578
28405665 14863578
28405667 14863578
28405669 14863578
28405671 14863578
28405673 14863578
28405675 14863578
28405677 14863578
28405679 14863578
28405681 14863578
28405683 14863578
28405685 14863578
28405687 14863578
28405689 14863578
28405691 14863578
28405693 14863578
28405695 14863578
28405697 14863578
28405699 14863578
28405701 14863578
28405703 14863578
28405705 14863578
28405707 14863578
28405709 14863578
28405711 14863578
28405713 14863578
28405715 14863578
28405717 14863578
28405719 14863578
28405721 14863578
28405723 14863578
28405725 14863578
28405727 14863578
28405729 14863578
28405731 14863578
28405733 14863578
28405735 14863578
28405737 14863578
28405739 14863578
28405741 14863578
28405743 14863578
28405745 14863578
28405747 14863578
28405749 14863578
28405751 14863578
28405753 14863578
28405755 14863578
28405757 14863578
28405759 14863578
28405761 14863578
28405763 14863578
28405765 14863578
28405767 14863578
28405769 14863578
28405771 14863578
28405773 14863578
28405775 14863578
28405777 14863578
28405779 14863578
28405781 14863578
28405783 14863578
28405785 14863578
28405787 14863578
28405789 14863578
28405791 14863578
28405793 14863578
28405795 14863578
28405797 14863578
28405799 14863578
28405801 14863578
28405803 14863578
28405805 14863578
28405807 14863578
28405809 14863578
28405811 14863578
28405813 14863578
28405815 14863578
28405817 14863578
28405819 14863578
28405821 14863578
28405823 14863578
28405825 14863578
28405827 14863578
28405829 14863578
28405831 14863578
28405833 14863578
28405835 14863578
28405837 14863578
28405839 14863578
28405841 14863578
28405843 14863578
28405845 14863578
28405847 14863578
28405849 14863578
28405851 14863578
28405853 14863578
28405855 14863578
28405857 14863578
28405859 14863578
28405861 14863578
28405863 14863578
28405865 14863578
28405867 14863578
28405869 14863578
28405871 14863578
28405873 14863578
28405875 14863578
28405877 14863578
28405879 14863578
28405881 14863578
28405883 14863578
28405885 14863578
28405887 14863578
28405889 14863578
28405891 14863578
28405893 14863578
28405895 14863578
28405897 14863578
28405899 14863578
28405901 14863578
28405903 14863578
28405905 14863578
28405907 14863578
28405909 14863578
28405911 14863578
28405913 14863578
28405915 14863578
28405917 14863578
28405919 14863578
28405921 14863578
28405923 14863578
28405925 14863578
28405927 14863578
28405929 14863578
28405931 14863578
28405933 14863578
28405935 14863578
28405937 14863578
28405939 14863578
28405941 14863578
28405943 14863578
28405945 14863578
28405947 14863578
28405949 14863578
28405951 14863578
28405953 14863578
28405955 14863578
28405957 14863578
28405959 14863578
28405961 14863578
28405963 14863578
28405965 14863578
28405967 14863578
28405969 14863578
28405971 14863578
28405973 14863578
28405975 14863578
28405977 14863578
28405979 14863578
28405981 14863578
28405983 14863578
28405985 14863578
28405987 14863578
28405989 14863578
28405991 14863578
28405993 14863578
28405995 14863578
28405997 14863578
28405999 14863578
28406001 14863578
28406003 14863578
28406005 14863578
28406007 14863578
28406009 14863578
28406011 14863578
28406013 14863578
28406015 14863578
28406017 14863578
28406019 14863578
28406021 14863578
28406023 14863578
28406025 14863578
28406027 14863578
28406029 14863578
28406031 14863578
28406033 14863578
28406035 14863578
28406037 14863578
28406039 14863578
28406041 14863578
28406043 14863578
28406045 14863578
28406047 14863578
28406049 14863578
28406051 14863578
28406053 14863578
28406055 14863578
28406057 14863578
28406059 14863578
28406061 14863578
28406063 14863578
28406065 14863578
28406067 14863578
28406069 14863578
28406071 14863578
28406073 14863578
28406075 14863578
28406077 14863578
28406079 14863578
28406081 14863578
28406083 14863578
28406085 14863578
28406087 14863578
28406089 14863578
28406091 14863578
28406093 14863578
28406095 14863578
28406097 14863578
28406099 14863578
28406101 14863578
28406103 14863578
28406105 14863578
28406107 14863578
28406109 14863578
28406111 14863578
28406113 14863578
28406115 14863578
28406117 14863578
28406119 14863578
28406121 14863578
28406123 14863578
28406125 14863578
28406127 14863578
28406129 14863578
28406131 14863578
28406133 14863578
28406135 14863578
28406137 14863578
28406139 14863578
28406141 14863578
28406143 14863578
28406145 14863578
28406147 14863578
28406149 14863578
28406151 14863578
28406153 14863578
28406155 14863578
28406157 14863578
28406159 14863578
28406161 14863578
28406163 14863578
28406165 14863578
28406167 14863578
28406169 14863578
28406171 14863578
28406173 14863578
28406175 14863578
28406177 14863578
28406179 14863578
28406181 14863578
28406183 14863578
28406185 14863578
28406187 14863578
28406189 14863578
28406191 14863578
28406193 14863578
28406195 14863578
28406197 14863578
28406199 14863578
28406201 14863578
28406205 14863578
28406207 14863578
28406209 14863578
28406211 14863578
28406213 14863578
28406215 14863578
28406217 14863578
28406219 14863578
28406221 14863578
28406223 14863578
28406225 14863578
28406227 14863578
28406229 14863578
28406231 14863578
28406233 14863578
28406235 14863578
28406237 14863578
28406239 14863578
28406241 14863578
28406243 14863578
28406245 14863578
28406247 14863578
28406249 14863578
28406251 9646278
28406253 9646278
28406255 9646278
28406257 9646278
28406259 9646278
28406261 9646278
28406263 9646278
28406265 9646278
28406267 9646278
28406269 9646278
28406271 9646278
28406273 9646278
28406275 9646278
28406277 9646278
28406279 9646278
28406281 9646278
28406283 9646278
28406285 9646278
28406287 9646278
28406289 9646278
28406291 9646278
28406293 9646278
28406295 9646278
28406297 9646278
28406299 9646278
28406301 9646278
28406303 9646278
28406305 9646278
28406307 9646278
28406309 9646278
28406311 9646278
28406313 9646278
28406315 9646278
28406317 9646278
28406319 9646278
28406321 9646278
28406323 9646278
28406325 9646278
28406327 9646278
28406329 9646278
28406331 9646278
28406333 9646278
28406335 9646278
28406337 9646278
28406339 9646278
28406341 9646278
28406343 9646278
28406345 9646278
28406347 9646278
28406349 9646278
28406351 9646278
28406353 9646278
28406355 9646278
28406357 9646278
28406359 9646278
28406361 9646278
28406363 9646278
28406365 9646278
28406367 9646278
28406369 9646278
28406371 9646278
28406373 9646278
28406375 9646278
28406377 9646278
28406379 9646278
28406381 9646278
28406383 9646278
28406385 9646278
28406387 9646278
28406389 9646278
28406391 9646278
28406393 9646278
28406395 9646278
28406397 9646278
28406399 9646278
28406401 9646278
28406403 9646278
28406405 9646278
28406407 9646278
28406409 9646278
28406411 9646278
28406413 9646278
28406415 9646278
28406417 9646278
28406419 9646278
28406421 9646278
28406423 9646278
28406425 9646278
28406427 9646278
28406429 9646278
28406431 9646278
28406433 9646278
28406435 9646278
28406437 9646278
28406439 9646278
28406441 9646278
28406443 9646278
28406445 9646278
28406447 9646278
28406449 9646278
28406451 9646278
28406453 9646278
28406455 28406456
28406462 28406463
28406464 28406465
28406466 15619462
28406468 6460767
28406472 12197031
28406475 2066519
28406478 14821261
28406480 12796400
28406488 28406489
28406490 28406489
28406491 28406489
28406492 28406489
28406493 28406489
28406494 28406489
28406495 28406489
28406496 28406489
28406497 28406489
28406498 28406489
28406499 28406489
28406500 28406489
28406501 28406489
28406502 28406489
28406503 28406489
28406504 28406489
28406505 28406489
28406506 28406489
28406507 28406489
28406508 28406489
28406509 28406489
28406510 28406489
28406511 28406489
28406513 28406489
28406514 28406489
28406515 28406489
28406516 28406489
28406517 28406489
28406518 28406489
28406519 28406489
28406520 28406489
28406521 28406489
28406522 28406489
28406523 28406489
28406524 28406489
28406525 28406489
28406526 28406489
28406527 28406489
28406528 28406489
28406529 28406489
28406530 28406489
28406531 28406489
28406532 28406489
28406533 28406489
28406534 14810662
28406540 14810662
28406542 14810662
1622325 2470031
1622325 251207
28406544 1671516
28406545 28406546
4289761 4158018
28406548 15659375
2399593 270379
28406549 12489950
28406550 4473326
28406551 10391930
28406553 28406554
28406556 28406554
28406558 28406554
28406560 25452729
28406561 14811435
28406562 14813022
28406563 10990549
28406567 28406568
28406569 28406570
28406573 14822708
28406575 14822708
28406577 1256792
28406580 1256792
582708 1256792
28406583 13219410
28406584 28406585
28406586 28406585
28406587 28406585
28406588 28406585
28406589 28406585
28406590 28406585
28406592 28406593
28406595 28406593
28406596 28406593
28406597 28406598
28406600 28406598
28406601 28406602
28406604 28406602
28406605 28406602
28406606 28406602
28406607 28406602
28406608 28406609
28406611 28406609
28406613 28406609
28406614 28406615
28406617 28406615
28406618 28406619
28406621 28406619
28406623 28406619
28406624 28406619
28406625 28406619
28406626 28406619
28406628 28406619
28406630 28406619
28406632 28406619
28406633 28406619
28406635 28406619
28406636 28406619
28406637 28406619
28406638 28406619
28406639 28406619
28406640 28406619
28406642 28406619
28406643 28406619
28406645 28406619
28406646 28406619
28406647 28406619
28406649 2335
28406650 11006246
28406653 28406654
28406657 11384728
28406658 11384728
28406659 11384728
28406660 11384728
28406661 11384728
28406662 11384728
28406663 11384728
28406664 11384728
28406665 11384728
28406666 11384728
28406667 11384728
28406668 11384728
28406669 11384728
28406670 11384728
28406671 11384728
28406672 11384728
28406673 11384728
28406674 11384728
28406675 11384728
28406676 11384728
28406677 11384728
28406678 11384728
28406679 11384728
28406680 11384728
28406681 11384728
28406682 11384728
28406683 11384728
28406685 11384728
28406686 11384728
28406687 11384728
28406688 11384728
28406689 11384728
28406690 11384728
28406691 11384728
28406692 11384728
28406693 11384728
28406694 11384728
28406695 11384728
28406696 11384728
28406697 11384728
28406698 11384728
28406699 11384728
28406700 11384728
28406701 11384728
28406702 11384728
28406703 11384728
28406704 11384728
28406705 11384728
28406706 11384728
28406707 11384728
28406708 11384728
28406709 11384728
28406710 11384728
28406711 11384728
28406712 11384728
28406713 11384728
28406714 11384728
28406715 11384728
28406716 11384728
28406717 11384728
28406718 11384728
28406719 11384728
28406720 11384728
28406721 11384728
28406722 11384728
28406723 11384728
28406724 11384728
28406725 11384728
28406726 11384728
28406727 11384728
28406728 11384728
28406729 11384728
28406730 11384728
28406731 11384728
28406732 11384728
28406733 11384728
28406734 11384728
28406735 11384728
28406736 11384728
28406737 11384728
28406738 11384728
28406739 11384728
28406740 11384728
28406741 11384728
28406742 11384728
28406743 11384728
28406744 11384728
28406745 11384728
28406746 11384728
28406747 11384728
28406748 11384728
28406749 11384728
28406750 11384728
28406751 11384728
28406752 11384728
28406753 11384728
28406754 11384728
28406755 11384728
28406756 11384728
28406757 11384728
28406758 11384728
28406759 11384728
28406760 11384728
28406761 11384728
28406762 11384728
28406763 11384728
28406764 11384728
28406765 11384728
28406766 11384728
28406767 11384728
28406768 11384728
28406769 11384728
28406770 11384728
28406771 11384728
28406772 11384728
28406773 11384728
28406774 11384728
28406775 11384728
28406776 11384728
28406777 11384728
28406778 11384728
28406779 11384728
28406780 11384728
28406781 11384728
28406782 11384728
28406783 11384728
28406784 11384728
28406785 11384728
28406786 11384728
28406787 11384728
28406788 11384728
28406789 11384728
28406790 11384728
28406791 11384728
28406792 11384728
28406793 11384728
28406794 11384728
28406795 11384728
28406796 11384728
28406797 11384728
28406798 11384728
28406799 11384728
28406800 11384728
28406801 11384728
28406802 11384728
28406803 11384728
28406804 11384728
28406805 11384728
28406806 11384728
28406807 11384728
28406808 11384728
28406809 11384728
28406810 11384728
28406811 11384728
28406812 11384728
28406813 11384728
28406814 11384728
28406815 11384728
28406816 11384728
28406817 11384728
28406818 11384728
28406819 11384728
28406820 11384728
28406821 11384728
28406822 11384728
28406823 11384728
28406824 11384728
28406825 11384728
28406826 11384728
28406827 11384728
28406828 11384728
28406829 11384728
28406830 11384728
28406831 11384728
28406832 11384728
28406833 11384728
28406834 11384728
28406835 11384728
28406836 11384728
28406837 11384728
28406838 11384728
28406839 11384728
28406840 11384728
28406841 11384728
28406842 11384728
28406843 11384728
28406844 11384728
28406845 11384728
28406846 11384728
28406847 11384728
28406848 11384728
28406849 11384728
28406850 11384728
28406851 11384728
28406852 11384728
28406853 11384728
28406854 11384728
28406855 11384728
28406856 11384728
28406857 11384728
28406858 11384728
28406859 11384728
28406860 11384728
28406861 11384728
28406862 11384728
28406863 11384728
28406864 11384728
28406865 11384728
28406866 11384728
28406867 11384728
28406868 11384728
28406869 11384728
28406870 11384728
28406871 11384728
28406872 11384728
28406873 11384728
28406874 11384728
28406875 11384728
28406876 11384728
28406877 11384728
28406878 11384728
28406879 11384728
28406880 11384728
28406881 11384728
28406882 11384728
28406883 11384728
28406884 11384728
28406885 11384728
28406886 11384728
28406887 11384728
28406888 11384728
28406889 11384728
28406890 11384728
28406891 11384728
28406892 11384728
28406893 11384728
28406894 11384728
28406895 11384728
28406896 11384728
28406897 11384728
28406898 11384728
28406899 11384728
28406900 11384728
28406901 11384728
28406902 11384728
28406903 11384728
28406904 11384728
28406905 11384728
28406906 11384728
28406907 11384728
28406908 11384728
28406909 10429457
28406912 28406913
28406915 28406916
28406919 28406920
28406923 28406920
28406926 28406927
508649 1052375
28406930 1060802
2327149 2448810
28406931 14811413
28406935 14811413
28406936 28406937
28406939 12557439
28406942 12557439
28406944 12557439
28406946 12557439
28406948 12557439
28406950 12557439
28406952 12557439
28406954 12557439
28406956 12557439
28406958 12557439
28406960 12557439
28406962 12557439
28406964 12557439
28406966 12557439
28406968 12557439
28406972 12557439
28406975 12557439
28406977 12557439
28406979 12557439
28406981 12557439
28406983 12557439
28406985 12557439
28406987 12557439
28406989 12557439
28406991 12557439
28406993 12557439
28406995 12557439
28406997 12557439
28406999 12557439
28407001 12557439
28407003 12557439
28407005 12557439
28407007 12557439
28407009 12557439
28407011 12557439
28407013 12557439
28407015 12557439
28407017 12557439
28407019 12557439
28407021 12557439
28407023 12557439
28407025 12557439
28407027 12557439
28407029 12557439
28407031 12557439
28407033 12557439
28407035 12557439
28407037 12557439
28407039 12557439
28407041 12557439
28407043 12557439
28407046 12557439
28407048 28402187
28407049 28407050
28407054 28407050
28407056 28407050
28407059 28407050
28407062 28407050
28407065 28407050
28407071 161543
39394 161543
28407072 517668
28407073 28407074
28407077 11969631
260368 754925
260368 756166
28407079 28407080
260783 370178
28407082 28407083
28407087 14839993
28407090 5656490
28407093 5656490
28407096 5656490
28407099 5656490
28407102 28407103
28407108 28407109
28407113 28407114
28407118 28407114
28407121 28407122
28407125 28407122
28407128 28407122
28407131 28407122
28407137 28407122
28407142 14570778
28407145 28407146
28407149 28407146
28407152 28407146
28407155 28407146
28407158 28407146
28407161 28407146
28407164 28407146
28407167 28407146
28407170 28407146
28407173 28407146
28407176 28407146
28407179 28407146
28407182 28407146
28407189 28407146
28407192 28407146
28407195 28407146
28407198 28407146
28407201 28407146
28407204 28407205
28407208 28407209
28407215 28407209
28407218 28407209
28407221 28407209
28407224 28407209
28407229 28407230
28407236 28407237
28407240 28407237
28407243 28407237
28407246 28407237
28407251 28407237
28407254 28407255
28407258 28407259
28407262 28407259
28407266 28407267
28407270 28407271
28407274 28407271
28407278 28407279
28407283 28407279
28407286 28402845
28407286 28407287
28407290 28407291
28407294 28407295
28407298 28407299
28407304 28407299
28407307 28407299
28407311 28407312
28407319 28407320
28407323 28407324
28407327 28407328
28407331 11318334
28407335 28407336
28407339 28407340
28407344 28377039
28407347 28407348
28407353 28407354
28407357 28407358
28407361 28407362
28407366 14257947
28407369 28407370
28407373 28407374
28407377 13208668
28407380 28407381
28407387 28407388
28407391 28407392
28407396 28407392
28407399 28407392
28407402 28407392
28407405 28407392
28407409 28407392
28407413 28407392
28407416 28407392
28407420 28407392
28407423 28407424
28407427 28407424
28407430 28407431
28407435 28407436
28407440 28407441
28407444 28407445
28407448 28407449
28407452 28407453
28407457 28407458
28407461 28407462
28407465 28407466
28407470 28407471
28407473 28407474
28407477 28407478
28407482 28407483
28407487 10693296
28407489 10693296
28407492 10693296
28407496 28407497
28407501 28407502
28407505 28407506
28407510 28407511
28407515 28407516
28407519 28407520
28407523 11420498
28407526 28407527
28407531 28407532
28407535 28407532
28407538 28407532
28407541 28407532
28407544 28407532
28407547 28407548
28407553 4489674
28407554 744253
269670 111170
28407555 4363
28407558 557231
28407560 8893785
1048830 1911119
28407563 28407564
28407570 28407571
28407575 28407576
28407578 15925983
28407581 28407582
28407584 28407585
28407590 28407591
28407594 28407595
28407598 28407599
2417658 3104546
28407602 28407603
28407605 6886995
28407609 6886995
28407611 6886995
28407613 6886995
28407615 6886995
28407617 6886995
28407618 6886995
28407620 6886995
28407622 6886995
28407624 6886995
28407626 6886995
28407628 6886995
28407630 6886995
28407632 6886995
28407634 6886995
28407637 6886995
28407638 6886995
28407640 6886995
28407642 6886995
28407644 28407645
28407648 28407649
28407654 28407655
28407660 28407661
28407663 28407664
28407666 28407664
28407668 28407664
28407670 28407664
28407672 28407664
28407674 28407675
28407679 28407680
28407683 28407684
28407686 11073494
28407689 28407690
28407693 10939273
28407696 28407697
28407698 28407697
28407699 28407700
28407701 28407702
28407714 28407715
28407718 28407715
28407721 28407722
28407725 14374137
28407728 14374137
28407731 28407732
28407735 28407732
28407738 28407732
28407743 28407744
28407744 28407748
28407754 28407755
28407758 28407755
28407763 28407755
28407765 28407755
28407767 28407768
28407767 28407769
28407770 28407771
28407773 28407774
28407776 28407777
28407779 28407780
28407781 28407782
28407785 28407786
28407792 28407786
28407795 28407796
28407800 28407801
28407804 28407805
28407807 28407808
28407832 28407833
28407847 28407848
28407852 28407853
28407869 9139604
28407870 9139604
28407872 9139604
28407876 9139604
28407878 28407879
28407885 14811410
28407887 14811410
28407889 14811410
28407891 14811410
28407893 14811410
28407895 14811410
28407897 14811410
28407899 14811410
28407901 3334147
28407908 28407909
28407914 9362335
28407917 9362335
28407920 9362335
28407923 9362335
28407926 9362335
28407929 9362335
28407932 9362335
28407935 9362335
28407938 28407939
28407941 28407942
28407944 28407942
28407947 28407942
28407950 28407942
28407953 28407942
28407956 28407942
28407960 28407942
28407963 28407942
28407966 28407967
28407970 9439614
28407979 9439614
28407982 9439614
28407985 9439614
28407990 9439614
28408009 9439614
28408023 9439614
28408030 9439614
28408033 28408034
28408039 28408034
28408042 28408043
28408046 28408047
28408050 28408051
28408053 28408054
28408059 28408060
28408062 28408063
28408067 28408068
28408072 28408073
28408076 28408077
28408080 28408081
28408083 28408084
28408089 28408090
28408094 28408095
28408100 28408101
28408104 28408105
28408109 28408105
28408113 28408114
28408118 28408119
28408123 28408119
28408126 28408127
28408135 28408136
28408138 28408136
28408140 28408141
28408143 28408144
28408153 7264805
28408158 28408159
28408163 28408164
28408166 11708003
28408168 28408169
28408173 28408174
28408177 28408174
28408181 28408174
28408185 28408174
28408190 28408191
28408196 28408191
28408199 28408191
28408202 28408203
28408206 28408203
28408209 28408203
28408212 28408213
28408216 28408217
28408220 28408221
28408224 10776831
28408225 28408226
28408230 28408231
28408234 28408235
28408238 5945739
28408240 5945739
28408242 28408243
28408245 28408246
28408249 28408250
28408253 2720272
28408257 28408258
28408260 28408258
28408263 2366155
28408268 11634476
28408271 2051812
28408272 28408273
28408276 10798603
28408283 28408284
28408287 28408288
28408292 28408293
28408296 4399904
28408297 28408298
28408305 28408306
14827072 14827074
28408315 1250558
28408318 1250558
28408321 1250558
28408324 1250558
28408328 1250558
28408331 1250558
28408333 1250558
28408335 1250558
28408337 1250558
28408342 7305890
28408345 3982109
28408347 28408348
28408349 28408350
28408353 3279663
28408353 965963
28408353 1805991
28408356 11580299
28408358 12021031
28408361 12021031
28408363 12021031
276068 782760
28408366 4745593
433752 186101
28408369 28408370
28408373 11253881
28408374 11253881
28408375 7935205
28408377 1946684
28408379 1946684
28408383 1946684
28408385 1946684
28408388 1946684
28408391 1946684
28408394 1946684
28408396 8937980
28408399 11146315
28408401 1789844
28408402 1789844
28408403 1789844
28408404 14856227
28408405 36095
2596316 12068
28408406 28408407
28408417 7272989
28408419 10764385
28408419 28408420
28408422 28408423
28408426 46345
28408427 6087929
28408429 6087929
28408431 354102
28408434 354102
28408435 354102
28408439 354102
28408444 354102
28408446 354102
28408449 354102
28408453 354102
28408456 354102
28408460 6413470
28408464 10384889
191738 586218
239804 727387
466556 1133402
28408468 28408469
28408471 28408472
28408474 367926
28408474 28408472
28408474 28408475
28408477 367926
28408477 28408472
28408477 28408475
28408479 28408472
28408481 28408482
28408485 28408486
28408488 28408489
28408492 28408493
28408496 11562324
28408499 11562324
28408503 11562324
28408506 11562324
28408509 11562324
28408513 28408514
28408518 28408519
28408525 28408526
28408529 28408530
11444870 11444866
28408537 28408538
28408541 28408542
28408545 28408546
28408549 5844581
28408552 11251054
28408555 11251054
28408559 11251054
28408562 28408563
28408566 28408567
28408570 28408571
28408579 28408571
28408583 28408584
28408587 28408588
28408591 11959293
28408596 28408597
28408600 28408601
28408604 28408605
28408613 28408614
28408617 28408618
28408621 14812019
28408622 14812019
28408623 14812019
28408625 28408626
28408629 10803210
14441946 7948377
28408631 11016739
28408633 11016739
28408635 11016739
28408637 11016739
28408639 11016739
28408641 50812
28408646 11035472
561330 1281821
28408647 11393854
28408648 28408649
28408655 8079544
28408656 10925889
5567146 5567150
28408662 2452590
28408665 9033342
28408666 9033342
28408667 9033342
28408668 9033342
28408669 9033342
28408671 9033342
28408672 9033342
28408673 9033342
28408674 9033342
28408675 9033342
28408676 9033342
28408677 9033342
28408678 9033342
28408679 9033342
28408680 9033342
28408682 9033342
28408683 9033342
28408684 9033342
28408685 9033342
28408687 7859887
28408690 2286943
28408693 2286943
28408696 7247825
28408697 7247825
28408698 7247825
28408699 7247825
28408701 7247825
28408703 1967578
8249395 656477
28408707 11205291
28408709 983917
28408713 983917
28408717 983917
28408725 983917
28408731 2837302
28408734 2837302
28408737 28408738
28408743 28408738
28408745 28408738
158728 126143
28408748 5379874
28408751 409538
28408754 28408755
28408761 11008371
28408764 28408765
28408768 28408769
28408772 2015008
28408773 28408774
28408778 28408774
28408781 28408782
28408786 28408787
28408791 6797743
28408799 6797743
28408820 6797743
28408842 1486368
28408848 1486368
28408853 10370504
28408856 14834610
28408859 133633
28408861 28408862
28408866 28408862
28408868 28408862
28408870 28408862
28408872 313593
252084 160168
28408875 8975056
12083853 982363
5164656 3652311
28408877 3658953
28408879 4397632
28408880 28408881
28408882 6916590
28408884 28408885
28408887 70914
28408888 887059
28408893 5045895
28408897 5045895
28408899 10386079
28408902 158924
28408903 499408
28408905 6814381
28408907 6814381
28408908 6814381
28408909 6814381
28408911 6814381
28408913 28408914
499385 1184488
28408923 28408924
28408926 9355839
28408928 4307817
28408935 11003079
10087332 3464110
10087332 4599186
28408938 11428884
28408940 11428884
28408942 11428884
28408944 11428884
28408946 11428884
28408948 11428884
28408950 28403151
28408951 4612003
28408952 12236321
28408954 28408955
28408957 28408955
28408958 28408955
28408961 28408955
28408963 13152505
28408965 776034
28408966 776099
28408967 3795453
28408968 4323472
28408969 15298780
12352286 85457
28408972 1805991
28408981 11400261
70131 260566
28408983 28408984
28408989 2574081
28408992 2574081
28408994 2574081
28408996 161630
28408999 2928255
28409002 2928255
28409004 15360504
9650711 1096438
28409006 28409007
28409011 28409007
1622509 444331
28409014 2188335
28409016 2188335
28409018 2188335
28409020 2188335
28409022 4082619
28409023 4082619
28409024 4082619
28409026 4082619
28409027 4082619
28409028 4082619
28409029 4082619
28409030 4082619
28409031 4082619
28409032 4082619
28409033 4082619
28409034 4082619
28409035 4082619
28409036 4082619
28409037 4082619
28409038 4082619
28409039 4082619
28409040 4082619
28409041 4082619
28409043 4082619
28409048 4082619
28409049 8747727
28409051 28409052
28409058 28409059
28409062 11554120
28409064 2182346
1304123 2182346
28409069 2182346
28409072 2182346
28409075 4268224
28409078 4268224
28409081 4268224
28409086 928362
3146514 2125332
251416 743242
28409089 28409090
905039 70905
28409093 14629633
28409094 934
28409098 8489579
28409109 11145158
28409112 11145158
28409115 4397676
28409116 28409117
28409120 411111
40164 3900
28409121 3545436
262840 14649
28409122 28409123
2859 36270
28409124 6844166
28409126 6844166
28409128 6844166
28409130 6844166
28409132 6844166
28409134 6844166
28409136 6844166
28409138 6844166
28409140 6844166
28409142 6844166
28409144 6844166
28409146 9388810
28409148 15603495
28409149 15603495
28409151 15603495
28409152 15603495
28409153 15603495
28409155 15603495
28409156 15603495
28409157 15603495
28409159 15603495
28409160 15603495
28409161 15603495
28409162 15603495
28409163 15603495
28409165 15603495
28409166 15603495
28409167 15603495
28409168 15603495
28409170 15603495
28409171 15603495
28409173 15603495
28409175 15603495
28409176 15603495
28409177 15603495
28409178 15603495
28409179 15603495
28409180 15603495
28409182 15603495
28409186 15603495
28409187 15603495
28409189 15603495
28409190 15603495
28409192 15603495
28409194 15603495
28409195 15603495
28409196 15603495
28409197 15603495
28409198 12009522
28409199 28409200
28409202 24405028
28409204 24405028
28409206 24405028
28409208 24405028
28409211 11084489
28409213 28409214
28409215 28409214
28409216 11768050
28409218 7847934
28409220 28409221
28409223 28409224
28409228 28409229
28409232 28409233
522717 73495
28409237 73495
5284455 73495
28409238 8016333
28409240 6078208
28409241 6078208
28409242 6078208
28409243 6078208
28409244 6078208
28409245 6078208
28409247 6078208
28409248 6078208
28409249 6078208
28409250 6078208
28409251 6078208
28409252 6078208
28409253 12984331
28409257 45468
28409258 45468
28409259 45468
28409260 5539457
28409262 5539457
28409264 5539457
28409266 5539457
28409268 5539457
28409270 5539457
28409272 5539457
28409274 5539457
28409276 5539457
28409278 5539457
28409280 5539457
28409282 17960
