583694 1302583
5038469 5038507
5054294 5054316
1662638 2501661
5081222 5081242
5138324 5138333
930397 1750970
5185586 5185611
5186811 5186836
5228564 5228593
5265335 5265347
5267780 5267795
5296197 5296206
1481842 2349523
5368813 5368836
5406224 5406249
2869438 3419583
1525388 2383300
50456 213318
1230250 2109072
649927 1391507
2193896 2930910
5499838 5499853
5501024 5501044
5501862 5501884
928837 1740990
1501987 2366279
3171247 3637091
1413546 2285273
874881 1691770
223349 689481
2181756 2919374
106016 340795
721556 1481894
928369 1736218
3451751 3827815
5664945 5664969
5678112 5678144
1494090 2359643
50460 213549
5746731 5746771
359396 958364
5549028 5549087
900439 1710767
5858862 5858882
4656074 4662495
928861 1742170
1074525 1936538
975833 1818674
957509 1789918
5930573 5930594
687029 1441680
5960286 5960309
5965310 5965341
5986288 5986298
5993033 5993040
6006728 6006757
6022467 6022487
6034139 6034163
958374 1793032
6063118 6063139
1208038 2084452
930968 1753441
2506960 3175058
5788829 5788910
735058 1506472
6094836 6094851
6100382 6100411
6112538 6112558
6120934 6120952
5112590 5112627
73495 266026
6123881 6123900
724660 1488434
928874 1742706
2479331 3153796
6166819 6166833
6168615 6168645
214793 653575
3469821 3842914
583775 1306233
1303578 2182073
583777 1306308
579792 1296812
6232055 6232075
6234713 6234742
265952 765258
1439854 2308298
583784 1306589
6257696 6257723
6258925 6258937
583788 1306748
106106 344588
6276671 6276695
1592794 2449518
6291245 6291259
6291487 6291503
6295770 6295789
6320112 6320135
3175047 3640261
1458698 2329489
583798 1307104
215698 654816
6360637 6360672
6362978 6363005
6379044 6379068
3236950 3685557
6415316 6415357
2350767 3047493
2427978 3112026
1898162 2680359
6439320 6439340
6413280 6413327
6465968 6465995
213783 650285
583815 1307602
2914079 3455132
2814743 3382705
935716 1766257
1775167 2591822
6552525 6552549
6556892 6556911
6584297 6584308
6590543 6590554
6594740 6594746
6220482 6220515
6617540 6617558
1557745 2418069
6623929 6623944
6626099 6626124
6639582 6639602
6640789 6640805
6643932 6643952
6644637 6644655
6658752 6658775
6660306 6660309
265953 765311
6679914 6679940
6710914 6710936
928908 1743867
6737129 6737162
6737324 6737330
6743464 6743486
6774049 6774065
6320248 6320279
3669955 3970731
6883684 6883706
6947517 6947531
6967730 6967744
6983159 6983170
332180 905429
7007853 7007865
7035128 7035139
169250 522731
2106231 2855967
7066115 7066142
7085394 7085416
5081061 5081104
7164522 7164541
7215406 7215432
2264493 2984743
7277182 7277200
7289796 7289815
7322556 7322572
2880947 3428329
7371300 7371313
7401825 7401850
7419604 7419616
2877442 3426228
7491676 7491692
7502048 7502067
7517936 7517960
7538659 7538680
7579351 7579363
7584292 7584308
6398855 6398898
7647978 7647992
7670004 7670016
7690819 7690839
7718751 7718759
7745876 7745893
5236413 5236464
7787950 7787967
3211151 3665736
7796384 7796396
2563975 3205563
7843103 7843118
7845476 7845497
7863536 7863549
2286822 3007820
583853 1308697
1418384 2293752
7917099 7917110
7917254 7917269
7920230 7920254
7926326 7926343
4992334 4992363
8046565 8046578
8047606 8047630
8078513 8078526
8085905 8085915
8107490 8107501
8146688 8146703
8169703 8169712
8182483 8182499
4031307 4201398
8252424 8252439
8276263 8276285
2389696 3082115
8305671 8305702
8310088 8310100
8315407 8315413
8333149 8333163
8374800 8374819
8391579 8391600
8416265 8416282
8419310 8419345
8446014 8446035
8446909 8446925
8460671 8460695
8463818 8463835
4011169 4189486
8481004 8481014
8491440 8491460
8508576 8508590
8527169 8527182
8527268 8527294
8553704 8553721
8570075 8570095
1083750 1945578
8594713 8594726
8599415 8599421
8607801 8607812
583865 1309046
8629412 8629434
8658360 8658382
8689958 8689969
1250777 2129299
8718151 8718169
8765750 8765761
8774704 8774716
8775892 8775907
3419858 3804657
1691730 2526126
8808042 8808058
8824397 8824412
8836539 8836561
6379046 6379100
8998935 8998956
9009122 9009137
1304719 2182591
3665725 3968294
9023888 9023907
196359 590914
9037584 9037609
9040282 9040299
9040390 9040412
9040427 9040444
9042226 9042252
9049849 9049866
2526109 3186598
9051705 9051713
9060565 9060577
5503665 5503698
6413251 6413298
583877 1309355
9073083 9073090
9099699 9099721
9103274 9103293
9109908 9109923
9111245 9111258
9143210 9143219
9143330 9143337
9146510 9146527
8121640 8121673
9252390 9252408
9256224 9256238
9263015 9263029
2869273 3419410
586215 1317203
6321468 6321528
2270036 2988512
9357481 9357488
9365820 9365842
2635727 3259588
9439524 9439537
3791529 4042835
9557919 9557930
928945 1744726
9571069 9571076
9588086 9588108
1486365 2353887
9614064 9614067
5921059 5921082
9628110 9628121
9634830 9634839
9655796 9655806
9774344 9774358
1392252 2265900
9888099 9888106
9821637 9821659
9937963 9937976
5438889 5438948
9973986 9974013
5282647 5282669
10008012 10008019
10017577 10017596
3585368 3917396
2572008 3211686
7578377 7578394
3075131 3565203
10050491 10050511
3127046 3604082
10068356 10068365
3074209 3564227
10070954 10070967
10072157 10072165
1744668 2572044
10073953 10073962
10074789 10074795
10075175 10075184
10077060 10077075
10077462 10077473
10080206 10080211
10080676 10080683
10082329 10082337
6786977 6787013
4511582 4537566
10089702 10089707
10091843 10091846
10092369 10092376
10128365 10128373
10355793 10355804
4324268 4398671
10368271 10368288
10369464 10369473
10369504 10369510
10370751 10370756
10371295 10371300
10372229 10372247
10373698 10373707
2182231 2920099
10377093 10377104
10377173 10377190
10379188 10379195
9370688 9370722
1934443 2709673
1304010 2182265
10384641 10384650
10385649 10385669
10386561 10386576
10386833 10386850
6364694 6364714
10387533 10387542
10390218 10390231
10391380 10391395
512995 1210536
10392895 10392899
10393145 10393156
5324288 5324313
10395905 10395924
3046348 3547111
10398269 10398279
10400408 10400419
10400466 10400477
10416153 10416160
10417783 10417785
3025814 3533846
10421690 10421696
10425276 10425290
10425751 10425760
10426257 10426268
10426829 10426838
2751143 3341873
10428533 10428539
10428897 10428912
10428897 10428913
10430345 10430353
10435862 10435880
10438641 10438652
10675459 10675477
10685973 10685981
10725277 10725290
10739691 10739704
10748052 10748061
10751640 10751650
9437144 9437180
10761176 10761193
10766834 10766847
10775419 10775431
10777759 10777766
10781993 10782006
10782976 10782991
10786018 10786028
7215409 7215458
10787841 10787861
10832071 10832093
10834085 10834094
4283648 4371310
7722576 7722607
2122291 2869539
5678114 5678169
10861763 10861774
10873518 10873531
5064355 5064387
5930606 5930627
10886402 10886412
10889002 10889010
10894304 10894311
10896397 10896408
10903641 10903657
3075458 3565335
10909450 10909462
10927905 10927921
10928126 10928137
10930289 10930301
10931099 10931114
10938696 10938705
10940521 10940535
10952384 10952390
10955600 10955607
10958025 10958041
10961094 10961102
10972093 10972103
10797070 10797094
10973889 10973904
11003660 11003676
11008503 11008508
6707182 6707207
11046239 11046246
3713161 3998995
11053098 11053108
11090289 11090298
11093815 11093825
1570937 2429893
11111999 11112019
11114403 11114416
1481211 2348718
11126974 11126981
11130333 11130340
11161264 11161275
11162060 11162071
3144227 3619370
11168032 11168043
11168565 11168578
11182485 11182499
4129302 4269913
10849382 10849415
10849382 10849416
11203724 11203732
11220576 11220587
11221239 11221248
11222646 11222655
11235537 11235548
11246708 11246714
1818647 2629355
11249298 11249306
11253763 11253783
11256132 11256141
11256428 11256438
2501628 3170533
11275980 11275989
11278831 11278841
11283843 11283855
11285696 11285708
583933 1310494
11298342 11298361
11298791 11298805
2264498 2984822
11304254 11304267
11304880 11304888
11305467 11305478
2099779 2851592
11308668 11308681
11313902 11313911
11313915 11313928
11314348 11314364
11318193 11318200
11321506 11321513
11328310 11328323
11339232 11339238
11339968 11339982
2711746 3305961
1549936 2410094
11362141 11362148
11387469 11387478
11390197 11390212
11391691 11391701
3113031 3593907
11393375 11393395
11393653 11393670
11396665 11396672
11397299 11397314
11404056 11404076
11406688 11406699
11411165 11411173
11412386 11412399
11419369 11419381
11423326 11423339
11433630 11433637
11436288 11436302
583940 1310629
944543 1775120
5073028 5073045
11452934 11452950
11462155 11462167
11467282 11467291
11468540 11468549
4212813 4324449
11482534 11482549
11496593 11496602
11511234 11511245
11512809 11512825
11513597 11513608
2349625 3046564
11517887 11517898
11518607 11518624
11534238 11534256
11534535 11534551
11547925 11547931
11550412 11550420
11554078 11554088
10675461 10675500
11571724 11571729
11575586 11575590
11586342 11586354
11586681 11586697
11587147 11587151
4825184 4825247
11596959 11596971
11597652 11597659
11597998 11598007
11599103 11599120
11599264 11599280
9425814 9425830
11623493 11623504
11631452 11631465
9170359 9170420
11641064 11641080
11647405 11647426
11700485 11700489
11715808 11715817
11772790 11772796
11787683 11787694
11816119 11816127
5930616 5930666
11834114 11834118
11840048 11840054
11863987 11863992
11864004 11864015
11878450 11878465
11887297 11887306
11888254 11888263
11890191 11890198
2181815 2919547
2985837 3502110
11908696 11908702
11910971 11910979
11210119 11210145
11931798 11931809
11933069 11933077
11933908 11933921
11934350 11934360
11940633 11940644
11943718 11943731
11955154 11955164
11965357 11965364
11995443 11995448
3236977 3685601
1501988 2366303
12038740 12038759
11412055 11412068
12062004 12062012
12068436 12068444
12075468 12075473
12168008 12168013
773364 1557731
12177652 12177657
12200877 12200883
12207103 12207107
12210233 12210239
12239265 12239273
12243772 12243778
4957833 4957902
12273502 12273506
12276506 12276512
12286287 12286297
11922859 11922888
12323988 12323991
12327469 12327476
12329503 12329513
12329620 12329631
12334221 12334230
1101071 1971581
12335715 12335723
12367180 12367190
12369629 12369634
12378407 12378417
12396479 12396482
12396493 12396498
12397598 12397602
3537775 3887159
8026475 8026504
3672805 3972100
4051014 4212826
12457720 12457728
3972096 4163830
12459891 12459898
12464238 12464241
12495185 12495190
12157998 12158012
12559648 12559655
12559658 12559667
12571733 12571740
12574183 12574191
2349606 3046542
3086956 3574452
12613051 12613063
12614991 12614998
12617082 12617094
10090620 10090635
12626397 12626402
5470004 5470014
12628066 12628072
12639410 12639413
1289456 2166950
12676640 12676648
12693670 12693673
12694742 12694749
12704877 12704884
12718485 12718488
12726984 12726994
12743709 12743714
3929059 4136150
12178835 12178852
5930608 5930648
12762686 12762692
12777256 12777265
12777256 12777266
12779195 12779203
12782538 12782544
12804077 12804085
12807349 12807362
36283 142941
12814271 12814275
12814278 12814284
12816591 12816607
12916149 12916156
12945695 12945704
8677658 8677694
12972168 12972178
3933239 4139398
1592812 2449855
4283900 4371459
13115211 13115217
2629327 3255241
13133874 13133887
9774359 9774369
13204581 13204590
6238633 6238651
13205351 13205358
13206173 13206187
13211008 13211016
13211158 13211169
14227858 14227866
14244363 14244369
14251456 14251465
8092067 8092084
14401108 14401111
7028985 7029015
14452939 14452945
14453316 14453325
14453801 14453810
14454018 14454025
7107306 7107338
14461398 14461406
14463211 14463220
14468265 14468272
14494657 14494663
14497021 14497027
14509134 14509141
14531394 14531401
14541100 14541114
14568561 14568567
12183580 12183595
14573011 14573019
9462215 9462241
2846772 3405202
10842464 10842496
14663521 14663524
14665711 14665715
14670512 14670517
14675767 14675775
7265784 7265815
14700983 14700988
14725418 14725421
14732939 14732948
14734996 14735003
14739987 14739994
14759175 14759181
14779668 14779673
14779756 14779763
14780892 14780896
3537778 3887170
14784146 14784150
14784163 14784169
14784460 14784464
14784584 14784589
2711751 3306012
14784793 14784801
14784977 14784982
14785852 14785855
14787350 14787354
14787616 14787621
14788016 14788021
3892534 4112144
14788864 14788868
14789987 14789992
14790015 14790021
14790037 14790040
2309693 3020126
14790775 14790781
4287127 4373138
14791031 14791036
14791031 14791037
14791363 14791368
14792514 14792518
14792682 14792688
2851574 3408053
14793638 14793641
14794008 14794012
14794346 14794351
14794547 14794552
14794650 14794653
14795988 14795993
14796114 14796119
14796585 14796588
14796739 14796744
14796839 14796846
14796984 14796990
14797603 14797609
14780990 14781002
14798663 14798667
14799223 14799228
14799398 14799403
14800167 14800173
14800836 14800840
14801621 14801626
14801914 14801921
14802961 14802965
14803812 14803815
14804465 14804474
14805615 14805621
14805964 14805972
14806027 14806034
14806405 14806409
14807098 14807105
14807398 14807402
14808227 14808234
14808401 14808406
6239044 6239068
14808964 14808970
14809255 14809260
14809569 14809574
14809687 14809693
14809924 14809927
3685545 3981095
14810449 14810453
7128165 7128170
14810590 14810594
14812259 14812264
14815836 14815839
14816002 14816005
14816573 14816578
14816839 14816846
14820477 14820483
14820709 14820712
14821696 14821700
14821718 14821724
14822500 14822505
14822681 14822685
2541297 3195637
14824438 14824448
5456133 5456180
14825080 14825084
14825192 14825196
14826114 14826121
14828098 14828103
14828223 14828227
14828337 14828341
14828410 14828413
14830064 14830067
14830412 14830416
14830608 14830613
14831517 14831521
14832160 14832164
14801749 14801765
14834190 14834195
14835758 14835761
14837148 14837153
14838455 14838461
14838732 14838737
14839545 14839551
14839937 14839941
14839942 14839945
14840457 14840463
3529371 3881880
14841797 14841802
14841959 14841964
14842353 14842356
14842443 14842447
14843805 14843810
1549938 2410106
14844581 14844584
14845583 14845586
14845880 14845886
14846007 14846015
14846309 14846320
14846309 14846321
14848418 14848424
14849028 14849031
12714616 12714637
14850592 14850598
14851467 14851472
2602964 3236984
1786616 2602972
14852870 14852874
14826116 14826131
14853797 14853802
14855203 14855208
14855213 14855216
9703184 9703188
14855251 14855257
9392497 9392526
14856257 14856261
14856759 14856764
4163815 4293557
14857650 14857655
14865742 14865746
14865799 14865803
14866513 14866518
14866527 14866533
14866537 14866540
14866541 14866544
3291687 3722204
14866565 14866570
14867545 14867553
14867555 14867558
14867573 14867578
14867667 14867671
14867683 14867686
14867716 14867723
14867829 14867834
14867862 14867866
14867884 14867887
14867903 14867906
14867910 14867915
14867916 14867919
14867943 14867947
14868003 14868007
14868075 14868079
14868133 14868137
14868162 14868167
14868223 14868226
14868245 14868248
14868260 14868263
14868264 14868271
14868280 14868287
14868296 14868305
14868336 14868339
14868367 14868371
14868375 14868379
14868407 14868412
14868450 14868453
14868468 14868473
14868489 14868493
14868504 14868508
14868525 14868530
14868580 14868585
14863326 14863332
14870145 14870149
14873752 14873755
14874091 14874095
14874254 14874257
14874751 14874756
8401955 8401969
14874880 14874884
14876838 14876842
14877223 14877227
14877388 14877391
14877621 14877626
14877832 14877836
14877949 14877953
14878458 14878464
14878738 14878743
14879018 14879022
14879025 14879031
14879226 14879230
14879549 14879554
15344950 15344956
15351273 15351279
15470485 15470489
15470776 15470786
15471150 15471155
15474599 15474606
15475436 15475441
4356296 4420718
15503770 15503776
8093030 8093047
15561707 15561713
15636206 15636209
24352591 24352593
24364539 24364543
2602966 3236989
24401183 24401186
24406250 24406252
25454425 25454427
28299161 28299165
12626399 12626406
28377041 28377042
28628152 28628154
28628429 28628432
28701452 28701455
2122409 2870040
29370692 29370695
30318878 30318879
30319266 30319267
30319277 30319278
30353679 30353680
30356340 30356341
30373441 30373442
30373443 30373444
30378948 30378950
4425367 4469566
30485450 30485452
15080084 15080088
30781233 30781235
30378951 30378953
1592832 2449981
31091862 31091865
15150027 15150031
31113699 31113700
31113778 31113779
31113805 31113808
31134875 31134876
31171046 31171047
31171068 31171070
31174475 31174477
31174490 31174492
31174497 31174501
32996155 32996157
33003398 33003400
10390143 10390153
33013780 33013782
33113142 33113145
2602967 3236994
33113190 33113193
33114251 33114253
11959629 11959637
33115040 33115041
33115815 33115817
33115865 33115867
11599272 11599288
33117325 33117327
33118359 33118361
10868962 10868979
33122412 33122414
33124872 33124875
33251461 33251463
33401524 33401526
33590932 33590934
33591548 33591551
33592576 33592578
33592935 33592938
33594927 33594929
33597257 33597260
33597814 33597818
33598735 33598737
33600255 33600257
33600978 33600981
33601456 33601458
33602845 33602847
33602889 33602892
33602976 33602978
33605277 33605279
33605526 33605528
33606665 33606667
33607010 33607012
33607245 33607247
33607456 33607458
33607697 33607699
33609455 33609457
33609468 33609470
33609779 33609781
33610292 33610294
5930583 5930614
33611065 33611067
33612847 33612849
33613334 33613336
33613451 33613453
33613483 33613485
33613610 33613612
33752443 33752444
2602968 3236997
3150664 3622920
34996288 34996291
34996289 34996293
33115419 33115423
34996603 34996604
14866529 14866536
14457037 14457041
34998364 34998365
35000846 35000847
35003205 35003206
35004828 35004829
33116144 33116147
33116146 33116148
31486735 31486738
35009363 35009364
35353085 35353086
35353350 35353351
35385718 35385721
35389817 35389821
35389856 35389858
35389932 35389934
31715640 31715642
35531981 35531983
35532195 35532197
31300448 31300450
35532508 35532510
31448670 31448672
15180660 15180665
35533251 35533253
34011974 34011976
31721195 31721197
35533838 35533839
31590187 31590188
10430350 10430357
31276587 31276589
8809708 8809710
35534723 35534725
35535053 35535054
35535346 35535349
35535531 35535532
35535632 35535634
35535985 35535989
32861912 32861916
35864049 35864050
35864300 35864301
31755556 31755559
36485038 36485040
36485251 36485252
36485995 36485996
36486454 36486455
30916802 30916806
34040288 34040290
36681660 36681661
36683684 36683685
3067672 3560567
11023755 11023760
31486737 31486740
15150356 15150358
31721496 31721499
31743553 31743554
31282650 31282653
31685703 31685704
31601826 31601828
31751345 31751346
34037818 34037819
34038191 34038194
34038192 34038195
31738321 31738322
31280153 31280157
31754724 31754726
33943923 33943925
37666144 37666145
37666443 37666445
37666499 37666500
37666574 37666577
38052978 38052981
36801200 36801203
9520751 9520764
38214888 38214890
38214909 38214911
2574485 3214803
38214940 38214942
38214962 38214965
38214971 38214973
38215410 38215413
38218387 38218389
39121867 39121869
39635586 39635587
39635638 39635639
39636000 39636002
39636101 39636103
39636135 39636136
39646381 39646384
40102690 40102691
40112807 40112808
40141070 40141071
40142473 40142474
40143011 40143012
40145829 40145830
40146635 40146636
40150072 40150073
40150419 40150420
40177860 40177861
40178536 40178538
33611751 33611754
40216952 40216953
40217840 40217841
40217877 40217879
14879551 14879559
40218013 40218015
40218217 40218219
40218239 40218241
40223788 40223790
40616791 40616792
40616839 40616840
40617511 40617513
40617662 40617664
40618087 40618088
40618203 40618205
12571738 12571743
34038193 34038197
34038196 34038198
41201155 41201156
5248636 5248639
5248636 5248640
41727726 41727728
41727729 41727730
41727743 41727744
42497648 42497650
42498280 42498282
42498801 42498803
42498880 42498882
42498967 42498969
42499075 42499077
43224879 43224880
43224881 43224882
43224884 43224885
43224887 43224888
43224889 43224890
43224891 43224892
43224895 43224896
43224897 43224898
43224899 43224900
43224901 43224902
43224903 43224904
43224905 43224906
43224907 43224908
43224910 43224911
43224913 43224914
43224915 43224916
43224917 43224918
43224919 43224920
43224921 43224922
43224923 43224924
43224925 43224926
43224928 43224929
43224930 43224931
43224932 43224933
43224934 43224935
43224936 43224937
43224938 43224939
43224940 43224941
43224942 43224943
43224944 43224945
43224946 43224947
43224948 43224949
43224950 43224951
43224952 43224953
43224954 43224955
43224956 43224957
43224958 43224959
43224960 43224961
43224962 43224963
43224964 43224965
43224966 43224967
43224968 43224969
43224970 43224971
43224972 43224973
43224974 43224975
43224976 43224977
43224978 43224979
43224980 43224981
43224982 43224983
43224984 43224985
43224986 43224987
43224988 43224989
43224990 43224991
43224992 43224993
43224994 43224995
43224996 43224997
43224998 43224999
43225000 43225001
43225002 43225003
