5044701 5044726
4011473 4189788
5050708 5050717
5051107 5051135
5051152 5051177
5057480 5057512
5061125 5061152
380182 986579
5080355 5080376
5095126 5095152
5128872 5128884
5134264 5134284
5136612 5136631
4322408 4397235
5141173 5141232
1619898 2468739
5219851 5219870
5254122 5254133
1718005 2553281
5288171 5288181
5288222 5288241
5360772 5360796
4450323 4489593
383676 994930
1539524 2399213
592549 1327088
3816991 4058806
192709 587708
5427207 5427241
5441770 5441782
1051443 1914115
3737121 4011511
3232052 3681294
2094019 2846650
479406 1154145
3079178 3568821
4408489 4457899
5552762 5552778
3203124 3660964
5557954 5558003
18696 101234
3464110 3836047
3022741 3531924
5617824 5617850
18555 94349
45157 191838
141472 446062
5659007 5659030
1318316 2189432
2060031 2819335
5703631 5703662
4374960 4434756
192129 586800
5290800 5290821
2287450 3008269
5769499 5769532
45162 192200
5783827 5783840
1444846 2313586
5803623 5803645
3640013 3953548
5829254 5829285
3784322 4039123
5851573 5851587
5860102 5860128
3568776 3906052
5344451 5344538
5892671 5892689
5899576 5899593
197419 593706
45172 192756
1254032 2132441
1322419 2193391
3975953 4166213
815414 1618529
3022694 3531794
4979209 4979271
589790 1322340
6000280 6000305
2590630 3226396
3964069 4158553
6017494 6017524
2690620 3289983
6033172 6033189
3240630 3687844
2422710 3108430
6054646 6054654
871817 1687543
6076361 6076381
6086320 6086352
6086418 6086441
6092798 6092815
6102643 6102668
6114184 6114211
4860195 4860249
1949219 2722749
4985624 4985646
2926209 3463296
3612238 3934994
6160787 6160814
5141163 5141210
724668 1488783
5344447 5344474
5344448 5344489
6173628 6173647
6183008 6183025
4817534 4817643
4817534 4817644
5141175 5141252
1563543 2422583
1781294 2597864
3200491 3659552
6235319 6235347
4337814 4407986
6248156 6248210
2468286 3145869
796364 1587796
6243613 6243662
3964070 4158563
3995690 4180948
1215951 2092148
6300783 6300798
2841662 3401060
6320529 6320555
6322730 6322747
6334845 6334889
194994 589716
1717970 2553201
4045367 4209448
380205 987138
3022697 3531857
261060 757240
6399101 6399120
6408675 6408690
3964320 4158989
319091 859902
3263049 3704606
6461749 6461762
6468912 6468942
2264087 2984223
6480299 6480328
1097852 1965103
449034 1104781
6515309 6515324
3562451 3902106
6521188 6521216
6521459 6521492
6523182 6523197
6523423 6523449
165158 518087
3200302 3659171
1209219 2085437
6544575 6544586
6544804 6544829
6545028 6545058
6017496 6017547
3883470 4107795
5851575 5851603
2818807 3385810
3228540 3678522
6594309 6594325
2889826 3433646
6651495 6651513
6661542 6661571
6668374 6668394
5204723 5204769
4378200 4437057
4167699 4295738
6793763 6793788
2468109 3145652
6830741 6830756
6880138 6880162
5134498 5134535
6900694 6900724
320727 867213
6911425 6911443
6915015 6915046
6003998 6004031
6003998 6004032
6945278 6945297
6951446 6951461
6957658 6957666
6958631 6958655
1317404 2188320
6973237 6973246
332775 907714
950469 1781264
745016 1523551
7016010 7016037
7036255 7036276
7061679 7061693
3568512 3905894
2086315 2840110
796022 1586048
4303506 4384823
3326324 3745249
7107271 7107287
7108220 7108242
3325901 3744974
1813540 2624610
2986035 3502210
4290159 4375417
7133007 7133047
7136655 7136673
7143009 7143030
7144520 7144541
4567733 4582555
2399119 3090873
7167452 7167478
7168632 7168651
7172819 7172830
4450338 4489630
3200492 3659593
4204554 4319139
4209451 4322437
2993656 3509364
7246088 7246097
5552765 5552825
777423 1563623
7283498 7283522
6017497 6017561
3568777 3906076
1587764 2445289
1618869 2468313
994839 1841335
7396886 7396899
3977648 4167741
7403720 7403742
4389601 4445019
3403429 3795129
7452612 7452618
7456849 7456857
7461353 7461369
1958097 2728861
3226351 3676416
4616122 4625527
7500272 7500293
5769067 5769144
7531044 7531066
7534402 7534416
4397297 4450365
3310746 3734050
1949221 2722803
3627129 3946269
2597665 3231965
7619396 7619413
2913497 3454758
7396888 7396913
1781295 2597896
4444506 4485515
7674872 7674897
6008990 6009030
4209430 4322403
3273082 3711479
7689904 7689929
7705006 7705027
4106657 4255413
1949222 2722843
1085723 1947866
1091384 1955818
7799693 7799711
101126 331866
4125890 4267737
2200560 2938757
3145625 3620166
398024 1007213
5783850 5783867
7843429 7843438
2502935 3171736
1563610 2422666
1586001 2444587
7889585 7889594
3665959 3968554
7912540 7912557
4256353 4352265
7916250 7916275
1563611 2422703
1966363 2735768
7956788 7956808
2938872 3472346
7960143 7960156
7963527 7963543
7966046 7966068
7967053 7967063
5899596 5899631
7968472 7968492
7976166 7976186
194995 589743
7991981 7991995
165159 518101
8004855 8004870
1527289 2386038
1714593 2544609
8030468 8030485
8050651 8050661
3199245 3658286
8063854 8063871
8066867 8066889
8070478 8070487
8070518 8070534
8072130 8072135
8075616 8075633
2266148 2986052
7629026 7629053
1811002 2622383
7941097 7941104
8095808 8095816
8112666 8112674
5134499 5134568
1774784 2590644
1774787 2590699
8143166 8143183
518123 1218203
5769607 5769632
8149606 8149613
445950 1098100
593678 1328567
1087728 1949950
8190941 8190957
3232115 3681383
3860693 4091543
8203487 8203505
4167769 4295773
1781297 2597938
8224205 8224233
8238622 8238630
6017582 6017587
8247524 8247538
8247885 8247896
1098681 1966302
8259345 8259363
4039137 4206037
7502448 7502489
8289881 8289896
8293019 8293030
8299853 8299870
8312863 8312885
3651653 3961154
8326848 8326858
4003834 4185594
4290311 4375596
8362134 8362150
8365222 8365233
8368687 8368703
3226352 3676443
3403430 3795152
8419310 8419356
8419542 8419555
907661 1718868
3403431 3795177
4107848 4256398
5441772 5441789
3401009 3793613
5769053 5769088
5370695 5370726
8471723 8471729
2093313 2845997
8485857 8485879
4185719 4307134
8501300 8501307
8504511 8504522
1318302 2189350
4303534 4384848
8517241 8517263
8519185 8519194
8526788 8526811
4375092 4434932
2889794 3433597
8540133 8540155
8541122 8541130
2597988 3232263
8549771 8549786
4120543 4263745
3795159 4045442
8556459 8556473
2921911 3461283
8564017 8564022
589722 1322280
3941900 4145407
1949928 2723621
8580554 8580587
6009016 6009055
8599972 8599998
8601968 8601981
6521525 6521560
4450340 4489648
1618479 2468141
4107849 4256410
3964071 4158581
3236002 3684671
45220 195041
3929765 4136814
8645930 8645972
5783851 5783882
8658645 8658663
1397105 2271578
5803626 5803691
3488884 3854384
8665829 8665841
8666811 8666836
8667715 8667732
8669786 8669799
8670785 8670799
2385537 3078474
8673265 8673276
2692089 3291480
589723 1322297
3291493 3722086
8688099 8688114
8692595 8692606
8702273 8702288
8702762 8702772
6315192 6315222
1539531 2399386
8724290 8724300
8724475 8724488
3226354 3676458
3836935 4077195
8728695 8728710
4865094 4865134
2590682 3226437
1097716 1965049
8735649 8735662
799408 1591030
2542308 3196068
3232116 3681419
1781220 2597606
4515197 4540211
8748314 8748323
8756739 8756749
8149961 8149992
8762055 8762064
3964072 4158605
8787930 8787943
8788165 8788170
8788194 8788201
8794286 8794301
8795197 8795213
5899578 5899613
4515198 4540235
1527079 2385566
8810306 8810334
8810434 8810444
8811080 8811092
8816632 8816646
5242361 5242399
3022887 3532051
1316646 2187609
4494990 4523918
8869127 8869138
8869992 8870016
7283500 7283539
2187683 2926238
4669263 4674940
7960145 7960166
6009058 6009078
8916818 8916835
8923352 8923363
8923367 8923385
8933071 8933094
7144000 7144023
8937755 8937767
8942100 8942115
8948752 8948771
8958485 8958496
8960610 8960615
3441034 3817029
1781274 2597719
4322351 4397213
8996717 8996742
7154101 7154138
5370712 5370746
3314488 3736974
9024490 9024503
1189915 2064370
4772974 4773638
4384828 4441565
9052127 9052136
2542309 3196095
3314682 3737198
4179859 4303531
512993 1210502
1091385 1955847
9246764 9246779
9253204 9253238
6000282 6000332
9269121 9269150
9272137 9272153
9287274 9287290
4206006 4319980
9308985 9309009
9321279 9321295
4157608 4289609
4483289 4515221
3568064 3905708
1841307 2647233
9342797 9342814
5769503 5769588
7564352 7564392
3232095 3681351
2609340 3240596
9467489 9467515
744397 1522257
9476040 9476049
1781319 2598018
9548952 9548965
45227 195383
18610 97110
8149395 8149460
9759797 9759809
9760254 9760272
9761726 9761746
3660992 3965228
8665832 8665861
2920873 3460407
4294890 4378184
9778780 9778801
3072045 3562683
9779615 9779622
5769580 5769616
9779718 9779733
3977649 4167755
6322732 6322758
9782372 9782382
4045447 4209534
9789244 9789255
3640019 3953655
9797288 9797293
4045369 4209462
9818632 9818642
7318725 7318746
9829775 9829782
1949391 2723057
9831207 9831219
9832933 9832939
9833521 9833542
1563612 2422730
2691637 3291047
7468810 7468830
1527290 2386077
6798612 6798631
1946573 2720246
9842878 9842884
3694443 3987394
9851619 9851627
9853603 9853614
9855892 9855898
9859855 9859868
3268901 3708433
3400174 3793078
9069792 9069837
9871671 9871680
9873690 9873708
4228768 4337082
9892358 9892390
7896088 7896108
9902791 9902807
8568578 8568589
3137266 3612259
9917885 9917894
3200495 3659665
9932212 9932240
197422 593784
5552802 5552836
3313889 3736369
9938477 9938492
2481516 3156063
4268518 4359772
4384829 4441592
9943925 9943940
9945418 9945432
9952556 9952572
4374962 4434767
9964735 9964746
9966826 9966834
9969952 9969965
5552804 5552846
3318144 3739785
2819306 3386130
9980678 9980686
9981859 9981872
6915063 6915098
9983001 9983025
3466211 3839811
9983950 9983957
9985418 9985429
3962773 4157617
9987347 9987359
3654112 3962691
8665852 8665873
9994881 9994894
9994944 9994953
9994955 9994967
8731416 8731442
3234628 3683693
1091386 1955883
1328532 2200587
2598005 3232337
3744993 4016586
2399133 3090886
10008086 10008095
10008115 10008131
3078984 3568487
3962088 4157101
10012372 10012383
10019179 10019190
4441668 4483329
10022711 10022721
8731417 8731455
3460440 3833964
10023947 10023953
10024372 10024387
10025626 10025638
10025796 10025804
10027511 10027523
10028761 10028772
4384830 4441605
10032605 10032617
10034081 10034094
10034697 10034701
10035561 10035568
1209324 2085571
4322335 4397201
3620279 3942387
10051060 10051067
239052 726641
10051204 10051212
8810447 8810464
10051421 10051424
10052029 10052040
10053192 10053203
10053885 10053892
2092154 2844678
10054457 10054476
10054788 10054792
4379608 4437944
10054986 10055010
4573814 4587680
4045353 4209406
3905876 4120446
10056889 10056897
3677084 3974560
10057729 10057734
9622265 9622316
4434860 4478103
4136778 4275547
10058675 10058697
10060112 10060119
6492356 6492391
1527291 2386100
10062209 10062222
10024375 10024410
10063450 10063471
10063598 10063605
8810308 8810347
10064094 10064109
10064239 10064246
10064480 10064484
10065038 10065046
10065152 10065160
10065222 10065227
10065506 10065509
4619910 4629310
7961508 7961522
5134953 5134976
2385964 3079121
10066787 10066795
1209325 2085591
3929766 4136829
8072612 8072618
10067408 10067417
412848 1051146
4511215 4537294
5134500 5134576
5134500 5134577
10068090 10068094
3079197 3568862
6596289 6596293
10068610 10068619
10068745 10068753
10068798 10068810
6661633 6661659
586348 1317594
10056891 10056917
10069680 10069692
3964258 4158953
10053194 10053213
10070691 10070696
10070834 10070846
10071101 10071114
10056173 10056201
10072157 10072168
10073022 10073025
10073374 10073378
10073677 10073684
4209467 4322484
10074190 10074201
9873693 9873720
10074485 10074499
5008841 5008859
3681489 3977682
5027553 5027573
10075925 10075933
8112669 8112679
2385927 3079015
7963530 7963550
10076751 10076760
726679 1495660
3461248 3834472
3945600 4147450
10078203 10078210
10078436 10078440
10078666 10078669
5015929 5015945
10079691 10079695
10079772 10079777
4397169 4450297
10080228 10080232
10080434 10080439
744825 1523328
10080719 10080731
4209453 4322454
10081230 10081239
10081462 10081467
5102140 5102175
2597827 3232111
10050918 10050930
10082543 10082559
4637910 4646034
3401011 3793622
9873694 9873732
9873694 9873733
10062971 10062984
4003835 4185614
10084550 10084553
10084795 10084809
5416610 5416631
10085936 10085943
10086562 10086567
10087063 10087067
1216400 2092576
10087946 10087965
10088005 10088008
10088368 10088373
10069682 10069705
10088794 10088802
2921914 3461335
239083 726696
10084273 10084294
10079655 10079665
1216053 2092167
2466034 3144420
10090277 10090288
5204725 5204799
8810448 8810481
6661544 6661585
10090915 10090918
10091086 10091093
10091212 10091216
4322458 4397314
4166175 4294881
10091556 10091572
2200619 2938818
7961509 7961527
593680 1328581
10092953 10092977
10093160 10093165
4385457 4442035
10093749 10093755
10094041 10094061
10094147 10094156
10094349 10094353
10094598 10094604
10095010 10095015
6830795 6830835
10095202 10095210
10095212 10095215
6830775 6830817
3152793 3624434
5219609 5219652
3914650 4126948
1051243 1913758
4422873 4467821
10366876 10366885
10419325 10419331
10432598 10432607
2600453 3234251
1320797 2191292
1913725 2691208
3743466 4015592
10727195 10727208
586252 1317420
1091387 1955903
10770721 10770728
10794945 10794965
10808358 10808377
10822032 10822038
10051070 10051091
10883368 10883380
10906902 10906907
10954347 10954360
4157610 4289624
10956095 10956112
10985615 10985632
815661 1619923
11015264 11015279
11017463 11017476
11092587 11092606
11116671 11116684
1539495 2399147
435534 1083104
516761 1216049
11319512 11319530
9316510 9316544
518376 1218681
2622362 3250461
11401471 11401485
11406330 11406337
813417 1616070
11434842 11434850
11444011 11444025
4572019 4586187
1949931 2723639
11463139 11463146
11463306 11463320
1966368 2735798
11473977 11473993
11511841 11511850
2622363 3250478
11535709 11535723
4478562 4511671
3964557 4159057
11585287 11585302
4147447 4282382
11602558 11602565
11649892 11649907
4306964 4386948
11713046 11713050
2845980 3404561
2132418 2879348
3736948 4011416
7976169 7976197
11866775 11866784
10029840 10029861
11929641 11929654
4549291 4566679
1587768 2445338
3228542 3678549
3056844 3553351
1949932 2723653
777427 1563637
4444410 4485440
12019689 12019699
12020058 12020067
7963531 7963564
3790355 4042082
12038470 12038480
2189324 2927849
12044171 12044179
10024377 10024414
12183669 12183682
12242863 12242873
3472375 3844560
4354452 4419555
6656 58751
12210794 12210805
12299874 12299884
12327093 12327105
4003799 4185576
12344486 12344492
7054654 7054683
1316766 2187824
6205222 6205233
2221778 2953740
10054640 10054653
4185690 4307080
12472770 12472780
12481822 12481834
12493936 12493944
2591493 3226711
12498783 12498797
12503035 12503043
8241852 8241883
3250442 3694451
743067 1517510
12634480 12634489
4126233 4268052
9964737 9964754
12648822 12648829
8154255 8154259
4674908 4679966
4166219 4294937
4521247 4544818
12659290 12659301
1781224 2597634
4389617 4445049
2593309 3228553
10080721 10080741
12720012 12720028
12733875 12733883
1781342 2598116
12740584 12740598
1317440 2188342
12875128 12875140
1712278 2542323
1972339 2744127
6880144 6880183
4384834 4441665
13082003 13082010
8515398 8515425
726669 1495574
13125922 13125927
2691668 3291138
13130092 13130107
13174780 13174788
1781301 2597971
1781343 2598124
9892363 9892407
14325184 14325188
14345876 14345881
4384835 4441679
8665834 8665867
14345967 14345971
14396507 14396512
14469562 14469566
14475687 14475694
994853 1841401
14482177 14482185
14510038 14510053
3152813 3624598
4629303 4637908
6661549 6661605
5325869 5325880
14635041 14635051
4260196 4354461
3708418 3996254
14644559 14644565
8762057 8762074
14661883 14661890
9829777 9829793
3681175 3977549
13077556 13077569
1086812 1949238
2132421 2879361
6661634 6661667
14828859 14828866
4076514 4230837
14867657 14867664
15272346 15272350
15380045 15380055
9566106 9566115
4282367 4370606
15462647 15462658
1781302 2597983
15555481 15555490
4192041 4310744
15580698 15580702
6183013 6183050
15623776 15623788
15642595 15642602
15649878 15649885
7281102 7281128
15653461 15653470
21625419 21625428
1781231 2597642
1781231 2597643
21679288 21679294
21711361 21711370
21712928 21712933
3676746 3974419
21753560 21753566
21792712 21792718
2200568 2938778
21834952 21834961
2553172 3200504
21886433 21886440
21905062 21905072
21917142 21917151
21945294 21945306
21953419 21953426
2597698 3232019
23736375 23736378
23736610 23736614
23736691 23736696
5552809 5552854
23736893 23736902
23737067 23737071
23737220 23737224
23737247 23737250
23737483 23737488
9778669 9778679
5783852 5783889
23737795 23737798
23736895 23736908
23738672 23738682
7254204 7254220
23738777 23738780
23738798 23738801
23738931 23738935
23739638 23739643
6521196 6521223
2735786 3326328
4296744 4379629
23740122 23740132
9778634 9778651
4209523 4322534
23740501 23740513
23740605 23740609
10067573 10067579
23740890 23740893
23740924 23740927
23740937 23740941
8317764 8317779
23741312 23741317
23741325 23741332
4167577 4295636
23739640 23739648
165162 518128
3325914 3745011
23742017 23742022
2590686 3226443
23742204 23742212
4563223 4578622
9759800 9759816
23742538 23742545
23742873 23742879
23742943 23742948
23743137 23743142
8149946 8149959
6798593 6798618
3676426 3974261
23744036 23744040
23744240 23744246
11473995 11474002
23744309 23744314
1318267 2189302
23745159 23745165
23745346 23745353
23741175 23741180
23745532 23745535
3977651 4167766
23746210 23746218
23746446 23746451
6661552 6661614
3056888 3553422
23747079 23747086
23747641 23747646
23747693 23747698
23748251 23748258
744732 1522537
23748744 23748748
23748881 23748888
23748894 23748898
23749508 23749513
23749781 23749788
23749963 23749968
7505528 7505539
23747008 23747023
4073524 4228776
22024546 22024555
2422713 3108441
8790872 8790884
4306986 4386954
23751214 23751219
23751289 23751296
23751421 23751426
23751718 23751723
3708421 3996266
23752352 23752358
23752387 23752394
7468815 7468837
3232009 3681225
23752658 23752662
2544641 3197590
4511662 4537629
6923983 6924010
23753070 23753074
4374964 4434776
1322422 2193427
5288229 5288247
23754332 23754339
10015170 10015180
23754436 23754440
23754559 23754563
23740939 23740945
3056920 3553462
4629305 4637915
23755085 23755088
4974438 4974447
3108445 3590753
23755248 23755253
23755466 23755471
23756077 23756082
3964075 4158618
12498786 12498803
23756333 23756338
23756688 23756694
7240953 7240975
23757074 23757079
14262499 14262512
1841315 2647244
1947844 2721507
23758029 23758033
9971191 9971205
3250447 3694459
4039071 4205930
12044184 12044202
23758655 23758663
23759165 23759171
5219858 5219880
4374966 4434783
2399555 3091064
23760145 23760150
4445042 4485699
23760426 23760435
586778 1318263
23761373 23761380
23761504 23761507
23761522 23761528
23761584 23761589
3314684 3737213
23761944 23761950
12210774 12210786
23762394 23762398
23762428 23762432
7674881 7674905
23762882 23762885
23762900 23762907
4306987 4386963
3660939 3965204
3472357 3844503
23763463 23763467
23763825 23763834
23763987 23763993
23764321 23764327
23764576 23764584
23764707 23764710
23764960 23764965
1616061 2465976
195006 589798
23765447 23765451
3839817 4079528
2385552 3078530
3661044 3965277
23766114 23766117
23766344 23766350
23766370 23766375
3061457 3556347
5617834 5617874
23766784 23766789
4184350 4306273
23744311 23744319
15634036 15634044
8149949 8149968
2422715 3108452
23767705 23767710
23767759 23767764
8942106 8942124
3250481 3694479
8515428 8515444
25405344 25405346
5134585 5134637
28417256 28417257
28417373 28417376
28417786 28417788
28417805 28417806
28417860 28417861
28418022 28418024
28418083 28418084
28418126 28418127
28419595 28419603
28422247 28422249
28422423 28422425
28422831 28422832
3913525 4126236
3913526 4126238
28423092 28423094
28423160 28423162
28423301 28423303
28423345 28423348
28423454 28423456
3681431 3977663
4440541 4482456
28423686 28423688
28423856 28423858
28423670 28423675
12733879 12733888
28424101 28424103
4359507 4422690
28640515 28640516
9778830 9778841
3553245 3896971
28733073 28733085
28736994 28737001
10092761 10092775
29369609 29369611
23764963 23764970
29370291 29370293
4384840 4441697
29370292 29370295
3905697 4120328
30294775 30294779
12469727 12469737
9851624 9851632
10091088 10091094
10091090 10091095
6910122 6910126
30297300 30297307
30297464 30297470
30297669 30297672
30330866 30330868
3883591 4107851
30342400 30342402
30343035 30343036
30343106 30343107
4120505 4263697
30399786 30399787
30403029 30403030
30754931 30754937
6798615 6798635
4366694 4428474
31092807 31092808
3314685 3737216
3737193 4011536
31109685 31109687
31109723 31109724
31109726 31109727
31109756 31109758
7462316 7462321
4268054 4359509
31109786 31109788
31109814 31109819
31109938 31109939
31109978 31109984
12242867 12242875
4011453 4189762
2399375 3091020
4300999 4383281
23766347 23766353
31113148 31113150
31126709 31126712
31126775 31126777
31126782 31126785
31126783 31126786
15649373 15649381
31128386 31128387
8709884 8709897
4289604 4375094
31128412 31128413
4683373 4687925
31128492 31128495
31128508 31128512
31128648 31128650
4441578 4483287
9779004 9779020
31128716 31128718
589793 1322345
31131085 31131087
9968606 9968628
31131130 31131133
31131199 31131201
31131232 31131234
31136866 31136872
4294447 4377915
10034203 10034206
31136904 31136908
31136891 31136893
31136927 31136930
23751721 23751727
6968768 6968800
31136942 31136943
31136944 31136945
31136954 31136955
31136957 31136958
31136961 31136966
31136971 31136972
4395444 4449051
31136991 31136992
12200910 12200921
31137046 31137048
9942557 9942560
8515404 8515431
31137067 31137071
31137073 31137076
23744313 23744321
31137074 31137078
29372108 29372112
31137135 31137143
31136852 31136860
3232013 3681233
30754933 30754942
8299874 8299876
8070544 8070554
31137186 31137189
4384841 4441703
8515438 8515450
31137209 31137212
4465227 4500618
31137220 31137223
31137232 31137233
31137252 31137259
23747082 23747088
31137276 31137279
31137280 31137282
2422718 3108458
7144003 7144026
3232092 3681332
4637913 4646039
3200295 3659130
23752972 23752982
8948762 8948776
14501813 14501824
31137438 31137439
31137444 31137447
31137454 31137457
23743210 23743219
30328323 30328329
31137468 31137475
31137480 31137481
31137482 31137483
12676872 12676875
31137529 31137531
31137533 31137534
3694469 3987426
5134289 5134291
7144032 7144039
4377910 4436838
10081245 10081254
4003942 4185701
31137599 31137603
31136917 31136919
12200919 12200931
31137624 31137626
31137627 31137633
2188336 2927349
31137644 31137647
2399376 3091022
3834477 4076045
12344489 12344493
31137692 31137695
12210797 12210809
31137732 31137736
31137751 31137752
4488571 4519355
8667723 8667735
31137829 31137833
31137841 31137842
14631356 14631365
31137862 31137867
1616077 2465983
31139267 31139268
2938795 3472270
23762514 23762517
4076736 4231100
4209439 4322411
30297465 30297474
31158123 31158126
5219862 5219883
31158128 31158129
23760999 23761001
4173701 4301004
31158181 31158184
4173702 4301010
31158187 31158193
4173703 4301018
31158209 31158211
4301007 4383292
9958294 9958308
31161065 31161068
31161952 31161954
2690781 3290144
32636543 32636546
31137221 31137226
32989128 32989129
33101648 33101649
33101690 33101691
30485091 30485093
33102640 33102641
33103184 33103185
33103563 33103564
12036451 12036455
33129651 33129653
33186520 33186522
5899587 5899619
33186605 33186606
7240961 7240979
5552817 5552857
10868972 10868982
33186711 33186713
10015164 10015175
31137602 31137606
33186754 33186756
33187940 33187941
33251344 33251345
33186742 33186746
33252101 33252103
3385802 3784261
4374969 4434786
33252432 33252433
33252455 33252457
33252456 33252460
33252498 33252501
33284029 33284033
5783886 5783914
33325102 33325108
33339285 33339289
33339835 33339839
33340019 33340023
33340092 33340096
33340097 33340102
33349379 33349384
33349400 33349404
33349469 33349473
33349516 33349519
31137136 31137148
33359071 33359075
33359076 33359079
33359208 33359214
33359223 33359226
33364052 33364055
33364075 33364080
33364507 33364512
33365043 33365047
33368765 33368770
33368831 33368834
23758658 23758670
33373162 33373165
33373184 33373187
33373274 33373277
33373905 33373909
3200835 3659823
33374055 33374059
33374060 33374065
1209291 2085499
33374096 33374101
33374127 33374131
33374165 33374168
33374169 33374174
33359209 33359218
33374179 33374183
33374191 33374195
33374211 33374215
33374220 33374224
33374249 33374252
23740126 23740141
33374345 33374349
3694447 3987398
33374892 33374895
33374903 33374907
33374923 33374926
33374974 33374977
33375221 33375224
33375237 33375240
33375245 33375248
33375284 33375287
33375323 33375326
33375598 33375603
33375935 33375938
33376205 33376208
33376338 33376341
33376798 33376803
28419598 28419614
33376973 33376978
33377208 33377211
33377256 33377261
33377435 33377436
33377477 33377480
33378002 33378007
33378292 33378295
28419599 28419618
33378374 33378376
33378577 33378579
33378695 33378698
33349475 33349482
33378747 33378750
33378814 33378816
31137137 31137151
14904031 14904042
33379051 33379054
33379072 33379074
33379301 33379305
33379314 33379316
9269138 9269161
33382295 33382298
33382356 33382359
33382547 33382550
33386634 33386638
33388508 33388512
33390653 33390656
33388509 33388516
33399618 33399625
33400600 33400603
33325103 33325111
33406286 33406289
33461153 33461157
33874406 33874407
34373532 34373533
34458706 34458708
30777863 30777866
3472267 3844429
34978583 34978585
34978705 34978706
10086184 10086187
6435243 6435259
34979015 34979016
34979148 34979149
34979276 34979277
3578318 3913527
34979350 34979351
34979367 34979368
34979400 34979401
34979438 34979439
34979444 34979445
34979573 34979575
34980374 34980375
33689833 33689836
2927346 3463875
4440542 4482458
3834482 4076049
35388361 35388363
12720019 12720033
2422721 3108468
36670785 36670787
36687316 36687319
29372368 29372370
508183 1201720
36736871 36736872
23762403 23762410
36744318 36744320
36744324 36744325
33738259 33738262
33733969 33733973
2193375 2930599
23745065 23745069
39117102 39117104
39117210 39117212
39117399 39117404
23749784 23749792
40097394 40097395
40097516 40097518
40097519 40097520
40097521 40097523
4290160 4375419
40097561 40097562
4479487 4512361
31136928 31136933
40097727 40097728
1051197 1913633
40098127 40098128
40098130 40098132
40098241 40098242
40098255 40098256
2840158 3400161
10074495 10074512
40098401 40098403
33242871 33242872
33251914 33251916
40098647 40098648
40098736 40098738
3964077 4158622
40098775 40098776
40098838 40098841
40098853 40098854
40098895 40098900
40101064 40101065
40101072 40101074
9952567 9952580
3056545 3553201
40127128 40127129
1841276 2647195
10062988 10062990
40127245 40127248
40127251 40127256
40127268 40127270
3203135 3660995
3964088 4158648
40127349 40127351
40127354 40127355
3226384 3676475
40127698 40127700
40133088 40133089
40133090 40133092
40139373 40139374
40139795 40139797
40143540 40143542
40145267 40145268
40147620 40147622
40153442 40153443
40153526 40153527
4307088 4383281
4230941 4338634
40153532 40153533
40154044 40154045
40154345 40154346
5102170 5102192
7144007 7144027
40155841 40155843
40158736 40158738
8645954 8646004
40167248 40167254
40167295 40167296
40167575 40167576
40174630 40174633
9992908 9992913
40181981 40181982
40188260 40188261
1322292 2193269
40193277 40193278
23759169 23759176
23745515 23745520
40222593 40222594
40229343 40229345
40278394 40278397
40278751 40278754
6798603 6798621
31136892 31136894
5769613 5769638
6596288 6596290
23742208 23742216
9778835 9778843
34979574 34979576
4301001 4383283
4441693 4483353
3707592 3995691
3226386 3676476
8490593 8490599
10055508 10055514
8419391 8419398
8419392 8419400
41646929 41646931
14345896 14345899
28423566 28423568
44461149 44461151
44461285 44461287
44461522 44461525
44461942 44461945
44909370 44909372
44909628 44909630
7144540 7144545
46008575 46008576
46465728 46465730
46467058 46467059
47889101 47889102
48053700 48053701
48053702 48053703
48053704 48053705
48053706 48053707
48053708 48053709
48053710 48053711
48053712 48053713
48053714 48053715
48053717 48053718
48053719 48053720
