2909258 3448359
5730730 5730737
3448318 3822240
4453138 4491755
4453139 4491767
6567963 6567976
6806573 6806583
3443602 3819050
3443217 3818471
7181953 7181961
1283683 2162171
2901840 3442772
2393982 3086490
1283506 2161639
3443669 3819143
1283755 2162396
1283623 2161910
576558 1292464
2909170 3448246
9164045 9164053
9164055 9164062
3574257 3909888
2161649 2902143
1283388 2161062
1283652 2162077
9408573 9408578
3443587 3818995
44206 186994
1283618 2161869
1283756 2162405
1283624 2161921
9541017 9541025
1283415 2161249
1283416 2161268
1283417 2161278
3818494 4060089
4217693 4327838
9813788 9813793
1283757 2162414
9877580 9877584
9912401 9912407
2395324 3087802
2393991 3086660
3442867 3818237
2393994 3086685
2393995 3086713
2393996 3086723
9995821 9995826
4563473 4578813
2902069 3443036
1283625 2161937
2161924 2902518
1283626 2161947
2902070 3443041
3443209 3818453
10272718 10272723
1283645 2162056
2162398 2902682
10273132 10273136
3574247 3909858
1283389 2161070
1283656 2162086
4682795 4687380
10274188 10274192
3443198 3818440
2909259 3448364
4123224 4265389
3818480 4060078
44207 187007
2161772 2902211
1283512 2161666
10275371 10275376
10275857 10275862
1283684 2162175
3442857 3818206
10276247 10276251
10276481 10276483
3819056 4060532
1283657 2162095
1283766 2162451
10276758 10276762
1283791 2162525
10277247 10277251
1283767 2162464
1283513 2161676
2395540 3087984
10278066 10278070
1283706 2162269
1283390 2161081
10278729 10278732
2902180 3443237
1283619 2161892
2901841 3442787
2909274 3448404
1283418 2161287
4544740 4563166
2161202 2901874
2902648 3443689
10280160 10280165
3443223 3818488
1283391 2161091
10280559 10280562
10277054 10277064
4123225 4265393
3818185 4059963
1283658 2162101
10281645 10281647
10281806 10281811
2161253 2901928
10282162 10282167
3574239 3909854
1283419 2161296
10282309 10282314
3574251 3909866
10282437 10282442
2902071 3443047
1283785 2162498
1283392 2161097
1283420 2161301
2909171 3448250
3818174 4059958
1283627 2161959
3443657 3819091
3574248 3909862
4060493 4217595
1283493 2161583
1283768 2162469
10285069 10285072
1283675 2162142
10285425 10285427
1283751 2162361
1283685 2162181
10287601 10287605
10287852 10287858
10288162 10288164
2169753 2909194
3574235 3909843
3443255 3818502
4060561 4217626
3443593 3819010
1283393 2161113
4060562 4217631
1283514 2161693
10291482 10291484
2902705 3443740
3574258 3909895
10291724 10291728
2909260 3448368
2162003 2902533
10292327 10292331
1283786 2162506
2901876 3442912
2161203 2901880
10292622 10292624
2902706 3443747
2909195 3448310
3819057 4060537
10277055 10277067
10293923 10293929
183467 565715
10294473 10294477
3442868 3818244
3443670 3819146
1283640 2162048
1283676 2162148
10295717 10295720
4266015 4358136
10297266 10297269
2902072 3443052
3574252 3909870
1283700 2162256
3443588 3819003
10299682 10299687
3910705 4123837
1283421 2161316
1283686 2162189
4060563 4217636
1283628 2161964
3574236 3909847
3818256 4059995
1283515 2161698
2909122 3448167
3819058 4060542
3443213 3818457
1283687 2162194
1283629 2161978
1283688 2162200
1283689 2162205
3443218 3818475
10303356 10303361
3818186 4059968
4060564 4217646
1283394 2161123
1283395 2161131
1283752 2162368
1283630 2161986
3574253 3909876
4060565 4217651
3448319 3822246
2909232 3448328
2901842 3442794
2909123 3448171
10305097 10305104
1283758 2162419
10305250 10305255
3087825 3575267
1283631 2161991
1283677 2162152
2901843 3442800
1283649 2162067
2169754 2909200
1283632 2162002
1283753 2162374
1283633 2162010
2909261 3448375
10309235 10309239
2161699 2902178
1283516 2161705
1283494 2161589
4623018 4632111
4123226 4265403
10309734 10309737
10309817 10309819
3819177 4060658
1283396 2161137
10314075 10314078
1283517 2161711
2902181 3443245
1283634 2162021
3443671 3819148
1283759 2162424
10315229 152034
10315394 10315399
4491111 4521046
1283456 2161427
10316392 10316396
10316624 10316630
1283782 2162493
1283397 2161142
1283635 2162030
2395325 3087811
2902603 3443616
1283518 2161717
1283792 2162530
3442913 3818269
1283495 2161595
1283422 2161324
1283398 2161149
1283399 2161155
3442914 3818273
1283400 2161165
2161134 2901824
1283457 2161436
1283423 2161330
1283424 2161339
10318848 10318850
2902649 3443698
1283425 2161344
2161204 2901885
10319545 10319549
2902073 3443059
1283401 2161172
1283715 2162285
1283426 2161349
10320102 10320104
1283402 2161180
2161272 2901938
2902074 3443063
1283716 2162292
10321757 10321761
1283427 2161353
10321883 10321886
1283458 2161442
10321954 10321956
1283403 2161191
1283428 2161360
1283404 2161197
1283459 2161447
2902092 3443124
2901917 3442933
10324461 10324466
10324659 10324662
2902075 3443067
1283460 2161455
2161811 2902365
1283429 2161366
2162483 2902725
4563451 4578792
2901921 3442942
10326843 10326846
4491156 4521136
10328160 10328167
1283430 2161370
1283431 2161374
1283461 2161461
4060628 4217704
1283462 2161466
10330799 10330805
1283717 2162298
1283463 2161473
1283464 2161477
1283737 2162329
1283738 2162335
1283739 2162340
4491113 4521052
4491157 4521157
10333626 10333629
4491114 4521057
10333777 10333783
10333823 10333827
1283465 2161482
4491115 4521063
2902094 3443131
10334415 10334421
1283466 2161487
4590096 4601469
10336052 10336055
2902095 3443134
10281808 10281815
1283467 2161492
2902707 3443755
10339535 10339539
2902708 3443759
2902633 3443647
2162260 2902638
4327797 4400592
3574259 3909900
1283507 2161645
3819059 4060548
2902182 3443251
10355211 10355219
1283690 2162210
1283519 2161723
4123227 4265407
1283740 2162345
10357814 10357816
2033503 2795725
2395326 3087815
3574217 3909822
2901861 3442878
1283432 2161380
2901844 3442806
4060497 4217602
3443658 3819097
1283520 2161729
1283760 2162430
2909275 3448408
1283691 2162214
3443219 3818479
3819060 4060552
2909276 3448412
2909233 3448336
2902709 3443763
1283754 2162383
2901845 3442815
1283653 2162081
1283521 2161734
1283775 2162482
2909262 3448381
1283692 2162219
10364542 10364546
2902650 3443716
3443194 3818430
3818426 4060059
1283693 2162226
2901846 3442822
1283761 2162434
1283762 2162441
3819170 4060653
1283636 2162037
3443214 3818464
3819062 4060560
2394006 3086795
3459773 3833610
4123228 4265420
4123838 4266010
2169748 2909169
12198904 12198914
12356370 12356375
2902076 3443072
6846678 6846882
13077218 13077221
1283787 2162515
3087985 3575657
15222343 15222350
15264420 15264426
15560266 15560272
4060987 4218010
15579752 15579759
1283434 2161385
2902096 3443137
28360274 28360277
1283522 2161742
4123821 4265992
28621100 28621102
28621735 28621737
2902643 3443656
3574218 3909829
28674231 28674237
2161926 2902519
3448382 3822275
3448383 3822277
3448384 3822280
3448385 3822282
28732703 28732707
28732704 28732709
2738218 3329673
2909172 3448255
2161670 2902154
2909263 3448388
4591775 4602992
2161102 2901810
2161103 2901814
2162005 2902537
2162006 2902540
1283468 2161496
2901862 3442885
28732705 28732711
2161928 2902523
28736464 28736466
1283659 2162107
2162103 2902580
2738220 3329678
28736509 28736511
1283469 2161500
1283523 2161747
2162023 2902546
3442880 3818255
2902605 3443624
3443620 3819083
2162104 2902583
4521554 4545087
2909173 3448258
1283471 2161512
31087783 31087787
31088028 31088032
3443267 3818507
4060567 4217656
4501845 4528909
31111435 162832
3822191 4062962
4401534 4453129
31116193 31116196
3087986 3575660
3087987 3575662
31118359 31118363
4062927 4219521
4062928 4219522
3822179 4062958
3822113 4062919
3448201 3822106
4123229 4265425
3448202 3822111
2909175 3448266
31154427 31154430
31155473 31155476
2901864 3442890
3448315 3822229
31158416 31158420
4329089 51430
4062937 4219544
3448224 3822161
31162095 31162101
32917310 32917314
3819154 4060645
33013733 202406
33013735 193101
33013737 332712
33013822 76285
33013988 213157
33013990 33013992
11191458 145107
33253205 33253209
33253210 33253214
3448208 3822125
4062929 4219526
2909265 3448392
3818444 4060070
33253236 33253239
2909266 3448397
2901865 3442894
3818258 4060000
33253634 33253637
33253673 33253677
4062938 4219548
2169756 2909204
2395329 3087818
2169757 2909208
3443724 3819190
33253678 33253681
33253682 33253685
3443596 3819024
33256455 33256457
3443589 3819006
2902651 3443721
33256458 33256463
2901961 3442990
1283497 2161604
33265601 33265604
33265605 33265606
33265608 33265611
30796425 30796436
33270108 33270111
33270119 33270122
33270132 33270134
33270135 33270137
3749281 4019310
33273365 33273371
1283474 2161517
2901940 3442968
1283498 2161609
1283499 2161613
2901941 3442972
1283500 2161615
1283437 2161394
33274377 33274380
3442853 3818200
3443673 3819151
2901866 3442900
1283525 2161751
33274381 33274384
33274428 33274431
3327126 3745698
3443660 3819111
2394021 3086857
1283526 2161754
33274612 33274616
3578170 3913431
33275776 33275778
33275779 33275784
2161207 2901893
1283694 2162232
33279100 33279103
2161208 2901898
33279104 33279107
33279108 33279110
33279111 33279112
33279113 33279114
33279115 33279119
33279123 33279125
33279126 33279127
33279130 33279134
33279140 33279141
33279143 33279144
33279145 33279148
33279149 33279150
33279151 33279152
3448316 3822232
33279155 33279157
2169759 2909214
33279158 33279161
33279162 33279165
33279169 33279171
2902183 3443254
33279178 33279180
2902185 3443261
2162454 2902703
33279191 33279192
33279193 33279194
33279195 33279196
33279197 33279198
33279199 33279200
33279201 33279202
33281122 33281125
33285799 33285802
1283438 2161399
1283439 2161405
1283660 2162112
1283440 2161409
1283475 2161520
1283744 2162349
33286460 33286465
33286716 33286717
33286718 33286719
33286720 33286725
1283445 2161413
2902099 3443143
33296081 33296084
1283527 2161758
33296085 33296087
3574219 3909833
33296088 33296092
33296093 33296096
4060582 4217680
33296097 33296099
33296100 33296102
33296108 33296112
33296113 33296115
4060629 4217708
3443662 3819125
4060503 4217608
33296116 33296120
33296121 33296124
4491745 4521545
4123840 4266014
33296125 33296130
33296131 33296134
33296135 33296137
4060568 4217659
3448209 3822129
3822133 4062946
4062939 4219552
33300422 33300423
2169760 2909221
4667294 4673042
33301600 33301602
10281809 10281825
1283476 2161522
2901849 3442830
2909268 3448399
33303772 33303777
33303785 33303790
33303794 33303798
2901850 3442834
33303799 33303802
33304701 33304703
33304705 33304706
33304713 33304715
30794082 30794092
33304763 33304766
30794115 30794119
33304773 33304775
30794083 30794095
33305284 33305287
33305294 104402
33305298 33305303
33305331 33305333
28494467 28494471
33307101 33307106
3442860 3818211
33307249 33307254
33307285 33307287
4491771 4521552
33307378 33307380
4401535 4453133
4603183 4613403
33307578 33307584
33307585 33307590
33307860 33307863
33307868 33307872
33309133 33309134
33309796 33309799
33309834 33309836
33309837 33309841
33310671 33310676
2909281 3448414
33311144 33311146
33311147 33311149
3910673 220555
33311183 33311185
33311186 33311188
33311805 48996
33311806 33311810
33311811 33311816
30794089 30794110
33312242 33312244
33312293 33312295
33312308 33312312
3087989 121135
33320767 33320769
33320770 33320773
33320776 33320778
33320779 33320780
33320781 33320782
33320821 33320823
33321156 33321159
33321783 33321786
33324646 33324649
2162410 2902689
33325102 33325107
33325126 33325128
33325144 33325146
33325283 33325286
1283639 2162044
33325711 33325713
2395543 3087997
33326088 33326090
3575666 3910677
4060630 4217711
33326363 33326365
3442861 3818213
33326378 33326382
2395330 3087824
2162130 2902592
33330290 33330292
33330335 33330338
33330484 33330486
33330487 33330488
33330991 33330993
33330994 33330996
33330997 33330999
33331000 33331002
33331003 17878
33331017 33331021
30794084 30794097
33331022 33331023
33331490 33331492
2909282 3448417
2169762 2909226
2395332 3087831
2901851 3442839
2901852 3442843
2901853 3442846
2901854 3442849
2901855 3442852
2901856 3442856
2169763 2909230
2909238 3448344
33331662 33331666
33333961 33333966
2395535 3087969
33336067 33336069
33336070 33336072
33336075 33336077
33336078 33336080
33336081 33336083
33336084 33336086
33336102 33336105
2901867 3442904
33336945 33336948
2169764 2909231
2909176 3448274
4060041 4217316
4060042 4217318
33341764 33341766
30796426 616581
1283477 2161526
33341767 33341771
1283478 2161530
33341774 33341778
30796428 30796441
30796429 30796444
33347805 33347807
1283480 2161537
1283481 2161541
33347808 33347811
30794085 30794101
33347812 33347815
33347816 33347819
33347821 33347824
1283720 2162300
2902079 3443076
33347826 33347829
33347830 33347833
33347863 33347866
33348170 33348173
33349975 33349979
33349980 33349984
33351895 33351898
33351899 33351903
33351987 33351989
4060495 4217598
3442862 3818218
3442863 3818221
33353320 33353323
33353751 33353753
33353846 33353849
33353940 33353942
4123232 4265432
2395333 3087834
33363709 33363712
3443663 3819129
3442864 3818227
3819064 4060578
1283680 2162157
1283661 2162116
33364043 33364047
33364048 33364051
4217616 4327808
33366387 33366390
33375516 33375519
4062930 4219531
33381711 33381715
3822114 4062923
33396588 33396591
33396592 33396596
3822115 4062926
33396597 33396601
33396614 33396617
33396622 33396625
33396626 33396629
33396652 33396655
3574212 3909816
3087998 3575687
33396733 33396736
33396743 33396748
33396790 33396791
33396793 33396795
33421332 33421335
2909125 3448175
3575511 3910617
3448235 3822187
3822192 4062967
2909177 3448279
33461207 33461211
1283798 2162538
4630958 4639223
1283410 2161214
1283411 2161218
33502152 33502157
33502158 33502162
4544729 4563146
1283764 2162444
1283765 2162447
33502171 33502174
33502175 33502179
33502183 33502187
33502188 33502192
33502357 33502360
3448320 3822249
2902541 3443581
33502892 33502894
33502961 33502965
33502966 33502969
3448213 3822140
33503155 33503158
3448214 3822146
3822134 4062950
3822135 4062954
33503219 10756634
33503229 33503233
33503296 33503299
33503309 33503312
33503315 33503317
33503343 33503347
33503366 33503370
33503371 33503374
3448229 3822176
33503630 33503632
33503680 33503683
3822193 4062971
33503807 29789671
2909178 3448284
33503825 33503828
3448215 3822150
33503879 33503882
3448216 3822153
3448225 3822165
4358119 4421827
33504078 33504082
2909179 3448287
3448226 3822169
33504200 33504202
3448236 3822190
4501846 4528910
33504250 33504252
33504272 33504274
5341735 5341753
33504600 33504603
2909180 3448291
3448204 3822120
33504768 33504772
4267783 4359361
3448227 3822171
3822194 4062974
2909181 3448293
4422537 4467548
33505146 33505152
33505277 33505280
33505311 33505314
3087972 3575643
33505373 33505375
2395537 3087979
33505403 33505407
33505454 33505457
33505492 33505495
33505573 33505576
33505577 33505580
33505609 33505612
33505625 33505629
33505702 33505705
33505732 33505736
33505767 33505770
3087961 3575637
33505801 33505805
33506088 33506091
33506267 33506271
33506308 33506312
33506346 33506349
33506351 33506354
33506383 33506386
33506413 33506416
33506424 33506428
33506448 33506451
33506482 33506485
33506534 33506537
33506584 33506587
33506610 33506615
33506620 33506623
33506737 33506739
33506740 33506743
3574254 3909879
33506880 33506884
33506924 33506927
33506979 33506982
33507076 33507079
33507080 33507083
33507084 33507087
33507135 33507139
33507169 33507172
33507177 33507181
4358132 4421834
33507391 33507394
33507400 33507402
33507524 33507527
4266017 4358140
33507594 33507596
33307102 33307111
4060569 4217662
33507972 33507975
33507703 33507706
33508068 33508072
33508073 33508077
4060570 4217666
33508430 33508433
3819065 4060581
4060573 4217673
33508751 33508754
2901859 3442873
3819066 4060588
4217617 4327814
3819067 4060592
3819068 4060596
3819055 4060526
33509643 33509645
33509664 33509667
33509995 33509999
3443664 3819131
3443675 3819158
4060631 4217715
2909126 3448178
3448321 3822253
3819184 4060661
4060632 4217719
33510441 33510444
3818187 4059973
4452382 4491198
9864994 9865003
4060633 4217721
33510853 33510855
33510901 33510905
3443665 3819135
33341757 33341760
4217336 4327607
33511066 33511069
1283529 2161764
4060499 4217604
33511234 33511237
2161469 2901972
33511260 33511263
33511396 33511400
33511403 33511405
33511474 33511476
2169767 2909245
2161761 2902205
33511709 33511711
33511726 33511728
3443598 3819034
33511895 33511897
3443599 3819038
3819026 4060521
2909127 3448181
33512136 33512139
33512147 33512149
33512221 33512223
33512232 33512234
33512239 33512241
33512471 33512475
3443578 3818986
9847294 9847303
33512617 33512620
3819155 4060648
2902654 3443731
3818489 4060082
33512923 33512926
3443692 3819169
3443600 3819041
33513207 33513209
2161671 2902159
2909128 3448183
33513282 33513285
2909129 3448186
33513293 33513296
33513297 33513300
1283530 2161768
1283531 2161771
33513386 33513389
33513425 33513428
33513429 33513432
2902186 3443266
33513634 33513638
33513657 33513660
3443183 3818398
2169746 2909134
33513743 33513748
4327833 4400600
1283532 2161774
33513882 33513885
2909130 3448190
33514164 33514168
33514350 33514353
1283533 2161776
2902608 3443628
2902609 3443630
2902610 3443632
28488906 28488909
33056915 33056917
33514775 33514778
33514784 33514787
2902187 3443271
33514858 33514861
33514881 33514884
33514923 33514926
33514937 33514940
33514941 33514944
1283697 2162244
33515286 33515289
1283799 2162542
33515485 33515487
33515535 33515539
33515605 33515608
33515648 33515651
2902611 3443636
33516055 33516058
33516059 33516062
33516229 33516232
33516241 33516243
2902635 3443650
1283795 2162533
33516311 33516313
33516314 33516317
1283771 2162471
1283790 2162519
1283698 2162247
2902612 3443639
33516669 33516672
1283535 2161780
33516832 33516836
2902613 3443641
1283662 2162121
2162158 2902598
33517486 33517489
33517490 33517493
33517494 33517497
33517498 33517501
1283772 2162476
33517515 33517517
33517644 33517648
1283773 2162478
33517840 33517843
33517857 33517860
33517884 33517886
33517899 33517902
3442825 3818194
33517986 33517989
33517990 33517993
33518032 33518035
33518149 33518153
1283682 2162162
33518288 33518291
4544730 4563149
33518367 33518370
33518396 7737928
2902710 3443765
1283699 2162251
33518677 33518679
33518696 33518699
33518003 33518006
33519018 33519020
33519237 33519240
33519400 33519403
1283663 2162124
33519404 33519407
33519408 33519411
33519412 33519415
33519502 33519504
33519588 33519592
1283664 2162126
3442917 3818279
1283621 2161896
33519693 33519695
2902711 3443768
2902080 3443080
33519756 33519758
33519779 33519782
33519848 33519852
33520017 33520021
2902712 3443771
3442918 3818282
33520226 33520229
33520496 33520499
2161617 2902125
33521130 33521133
2902081 3443083
33521570 33521573
33521618 33521621
2902100 3443146
1283665 2162129
33521731 33521734
1283666 2162134
2162131 2902595
2902713 3443774
33521831 33521834
2902714 3443777
33521885 33521888
33521911 33521914
33521918 33521920
33521935 33521937
33521950 33521952
33522042 33522045
33522063 33522066
33522080 33522082
3442919 3818285
33522298 33522301
2902715 3443780
33522562 33522564
1283721 2162303
2902082 3443087
2902083 3443090
33502176 33502182
2162024 2902549
33522693 33522697
3442920 3818288
33522715 33522718
1283745 2162354
33522841 33522843
3442921 3818291
33523424 33523427
2902101 3443149
2902102 3443153
33523666 33523669
4491118 4521074
33523676 33523679
4491119 4521077
33523745 33523748
3442976 3818343
1283483 2161546
33524202 33524206
33524227 33524230
33524234 33524238
33524333 33524336
33524348 33524351
3442922 3818294
33524353 33524358
2902103 3443159
4312454 4390714
2161209 2901902
33524423 33524426
33524487 33524490
33524533 33524536
2902084 3443093
33524626 33524629
33511006 33511010
1283502 2161622
2902085 3443097
2902086 3443100
2902087 3443103
33525034 33525037
1283503 2161625
28934240 28934260
33525272 33525276
2902088 3443111
2902089 3443114
33525628 33525631
33525724 33525727
2902090 3443117
1283484 2161550
4491120 4521080
2902091 3443120
33525972 33525975
33525979 33525982
33525997 33525999
1283504 2161629
33526051 33526055
33526081 33526084
3442923 3818298
33526219 33526222
33526223 33526227
33526228 33526231
4491121 4521083
1283485 2161558
2902716 3443787
33526591 33526594
4491122 4521086
4491123 4521091
33526644 33526647
33526730 33526733
4060043 4217321
33526788 33526791
4491124 4521097
33527123 33527126
33527186 33527189
33527257 33527260
1283486 2161561
4060044 4217324
4491125 4521100
33527584 33527587
4491126 4521103
33527588 33527591
33286462 33286473
33527623 33527626
33527653 33527656
32038024 32038035
3442977 3818347
30796430 30796447
4491127 4521106
33527971 33527974
33527994 33527997
4491128 4521109
1283487 2161564
33528171 33528174
1283722 2162306
2902104 17883
2902105 3443164
33528221 33528224
1283709 2162273
1283488 2161567
33528253 33528255
2902106 3443168
2902107 3443173
33528421 33528424
33528475 33528478
33528494 33528497
2902108 3443176
33528715 33528717
33528756 33528760
2162025 2902552
1283489 2161570
1283723 2162309
33529375 33529381
33529385 33529388
2902109 3443180
33529615 33529617
33529618 33529620
33529676 33529678
4389985 4445382
3443105 3818387
33529748 33529750
33529752 33529756
30796431 30796449
33529833 33529835
4060045 4217329
33529852 33529854
4060046 4217331
33529891 33529896
33529913 33529915
33529916 33529918
33529980 33529982
33530105 33530108
2161825 2902398
33530252 33530254
33530260 33530262
33336103 33336109
33530265 33530267
33530268 33530271
33530272 33530274
33530300 33530302
33530390 33530392
3575688 3910704
3087991 3575675
3575667 3910679
3575668 3910681
3575669 3910683
3087992 3575677
3575670 3910685
4563455 4578795
4521556 4545090
3088000 3575693
3575671 3910688
4578817 4592011
4545093 4563472
3330099 3747966
4329090 4401544
33538902 33538904
1292460 2169725
2395545 3088004
4401546 4453144
4521557 4545092
2395546 3088006
4578798 4591981
4545095 4563478
34709625 34709627
4267717 4359254
34710067 34710068
2740694 3333038
34826218 34826220
34859710 18042
34859714 80421
34859716 2856
34859718 34859720
34896595 34896598
34900577 551986
34927212 34927215
34927614 34927616
34927617 34927619
33309797 33309801
34964685 34964687
34964738 34964740
34965713 34965714
34971330 34971332
34971333 34971335
34971655 34971656
34979098 34979100
2162183 2902601
2901963 3442994
34988883 34988885
33514798 33514801
33270109 33270116
3448217 3822155
2161292 2901946
2161849 2902479
35639822 35639824
2902110 3443182
35652676 35652678
35654401 35654403
35658498 35658500
35658774 102919
3442995 3818364
35662158 35662160
35662162 35662164
35662221 35662223
35673973 35673974
35734885 35734887
3442924 3818301
3818300 4060007
35738154 35738156
35738293 35738295
35738546 35738548
35739185 35739186
35739187 35739188
35740161 35740163
35743218 35743221
36505116 36505118
36711174 36711175
1283711 2162279
3819028 4060523
3087993 3575678
3818163 4059952
39468277 39468282
2902111 3443187
4491129 4521112
4060047 4217335
39500915 39500919
39513332 39513335
4491130 4521116
39517055 39517060
39535323 39535325
30794117 30794123
1283725 2162314
39538274 39538277
39579271 39579274
4491131 4521119
39584319 39584322
1283490 2161576
39617572 39617574
39936237 39936239
39936240 39936241
39936242 39936243
39938059 360550
4545096 4563481
3910695 4123828
4329092 4401548
10277062 10277077
2161471 2901974
4061055 4218086
40719687 40719689
40719700 40719703
40719704 40719707
40719708 40719710
4401537 4453135
40719713 40719715
4491746 4521547
40719719 40719721
40719722 40719724
40719728 40719730
40719731 40719733
30794087 30794104
30794102 30794113
40719734 40719735
40719737 40719738
40719739 40719741
3910674 83547
40719744 40719746
2169768 2909247
40719752 40719754
30794088 30794106
40719757 40719759
40719762 40719764
40719765 40719767
40719770 40719772
4491132 4521121
40719775 40719777
40719778 40719780
4491133 4521123
4060507 4217612
40719781 40719783
40719786 40719788
40719789 40719791
40719792 40719794
40719797 40719799
4062932 4219536
40719800 40719802
40719805 40719807
4545097 4563483
40719817 40719818
2901964 3442997
40719819 40719821
40719824 40719826
40719832 40719835
4491134 4521125
40719837 40719839
40719845 40719846
40719847 40719849
40719858 40719860
4062933 4219538
40719874 40719876
40719870 40719873
3448230 3822178
40719877 40719879
40719882 40719884
4491135 4521126
40719887 40719888
4060590 4217682
40719889 40719891
4060048 4217338
40719895 40719897
40719898 40719900
40719904 40719906
2161312 2901954
40719911 40719913
4578799 4591983
4563457 4578801
40719915 40719917
40719922 40719924
40719925 40719927
40719928 40719929
40719930 40719932
4491136 4521128
40719935 40719937
40719942 40719944
40719945 40719947
40719951 40719953
3448218 3822157
3448228 3822173
4401538 4453137
4491137 4521130
40719956 40719958
40719961 40719963
40719964 40719966
40719967 40719969
40719970 40719972
4563458 4578803
40719973 40719975
3443678 3819161
40719976 40719978
40719979 40719981
40719988 40719990
40719995 40719997
40720001 40720003
40720006 40720008
4123842 4266019
40720010 40720012
40720013 40720015
40720016 40720019
4563459 4578805
3443679 3819163
40720023 40720025
40720026 40720028
40720029 40720031
40720032 40720035
40720038 40720040
40720041 40720043
40720046 40720048
40720049 40720051
40720052 40720053
40720054 40720056
4123823 4265997
4123843 4266021
3088001 3575695
40720057 40720059
3575681 3910702
4123824 4265999
4501847 4528912
40720060 146125
40720062 40720064
40720067 40720069
4060635 4217723
33341768 33341773
40720074 40720075
4060049 4217339
40720078 40720079
40720080 40720082
40720083 40720085
40720086 40720088
40720089 40720092
40720093 40720095
40720099 40720101
40720102 40720104
40720105 40720107
40720108 40720110
40720111 40720113
40720114 40720116
40720117 40720119
40720120 40720122
40720123 238362
40720125 40720127
40720130 40720132
40720133 40720135
4544733 4563157
40720139 252442
40720146 40720148
40720149 40720151
40720153 40720155
40720156 40720158
40720161 40720163
40720164 40720166
40720167 40720169
40720170 40720172
40720173 40720175
40720177 40720179
4521559 4545101
40720180 40720182
40720183 40720185
40720188 40720189
40720192 40720194
40720195 40720197
40720198 40720200
33320771 33320775
40720202 40720204
40720205 40720207
40720208 110845
4521560 4545103
40720210 40720212
40720213 40720216
40720217 40720219
40720220 40720222
40720225 40720227
40720228 40720230
40720233 40720234
40720235 40720237
40720240 40720242
40720243 40720245
41193915 41193917
40720033 40720037
45871479 45871481
45871482 45871484
45871485 45871487
45871490 45871492
3910697 5545
3910698 4123831
45871497 45871499
45871500 45871502
3443680 3819165
4329088 4401540
4062934 4219539
3822136 4062955
45871523 45871524
45871525 281986
45871526 45871527
45871528 45871529
45871530 45871531
45871532 45871533
3443666 3819136
3819116 4060638
45871534 45871535
45871536 45871537
4060504 4217609
4060505 4217610
3819171 4060655
45871538 45871539
45871540 45871541
45871542 45871543
45871544 45871545
45871546 45871547
45871548 45871549
1283669 2162138
45871550 45871551
45871552 45871553
45871554 45871555
45871556 45871557
3442925 3818302
45871558 45871559
45871560 45871561
45871562 45871563
45871564 45871565
4265429 651
