226470 214955
1296993 2175425
10438764 1390701
698320 4077
10438883 10438887
677054 190495
10439100 598328
223350 15801
1419978 15857
10439443 41179
10439461 2286917
110245 15801
698321 213732
676162 253572
237285 408873
677055 93676
219879 4077
224603 460655
10440388 10440393
117073 473
224605 4077
2350518 2523
10440948 10440950
10441151 119911
224606 30642
604469 1341606
698322 1396813
1450902 970209
10441680 237307
42103 173211
10442048 4077
686680 1440948
5928529 5928584
110248 4077
328775 4077
686550 30177
226252 700694
1396802 63391
5536538 36338
224608 4077
698560 1455035
226701 701219
10442982 10442984
649368 2523
698323 1454869
10443176 10443178
5603852 373275
50468 213732
390530 1001043
1664009 2503996
1664010 2523
225210 2523
10455674 119911
686682 1440995
10459058 460655
10465095 3927176
1664011 330986
50824 165746
1664012 15801
50825 214955
10484011 598328
51811 45691
1664013 36338
1664014 119911
1664015 213732
1664016 4077
23090 63391
370187 970209
4174443 119911
5928530 36338
5928531 2272643
605715 4077
10504818 237307
10507315 63391
692177 63391
224912 697173
10517238 30177
6416714 63391
1664017 4077
10523074 10523079
655959 237307
605716 4077
605717 1342998
2948831 4077
605718 1343040
2503634 237307
224913 697224
605719 103999
605720 4077
605721 237307
207453 618645
10474437 36338
10483994 119911
223841 4077
10655867 10655871
779576 1565800
113500 237307
9346251 4077
500426 2523
57984 237307
13276560 2523
653888 1396813
13320812 13320818
281469 790050
226262 700844
54389 97581
259399 754253
6723686 354462
52386 218206
50484 2523
500607 2523
2323847 63391
13515189 13515309
1664020 2504060
340160 930404
10042857 10042899
1342607 2217333
1837193 2643291
1579576 890150
14047842 119911
14123515 36338
14123570 14123572
14128177 14128179
14133478 588514
14174035 14174038
14191967 14191969
14191972 29837
10438012 288319
500553 2523
1847659 63391
3898293 1454869
649157 1390701
340162 930415
436225 354462
4093224 3730217
14765735 14765739
679483 1422492
679671 1422492
679672 165746
679673 1423799
679484 1422492
679485 1422516
3998789 2480512
4138545 4276936
15111589 598328
3206050 3662699
15180083 63391
10577846 10577864
649160 1390736
15521129 4077
1634893 2480512
226869 4077
14899938 14899943
649166 4077
21964165 63391
4429800 20278
21965254 30177
10488579 63391
21966435 21966438
21966795 21966798
14923052 354462
10485663 756683
21968808 290467
21970177 21970181
21970503 237307
21970537 21970540
21970595 29837
21970756 1817605
21971069 21971072
21972187 31277
14922184 187054
21972794 21972798
21974436 21974439
21974852 15801
4171230 30232
21975496 224657
3680366 756683
2847023 29837
21976949 542159
14921768 542159
2216924 1594037
21977774 202815
21978172 119911
10450635 1805853
21980057 1293445
21980709 213732
21980961 1424668
84098 90162
21983755 3137696
21984065 1686
21984154 290467
3131080 39449
3944624 3280579
1796620 31277
801995 1594029
14895391 1293445
14921766 4077
21688825 63391
21987347 9789202
21988720 21988723
290330 808487
21989511 2421770
14922607 187054
21989894 1594037
21990336 21990339
14923291 14923323
21991514 354462
4275858 4366161
21991914 21991917
801997 1594037
14923152 588514
21992546 238085
10914643 4211739
21992671 4077
83909 288319
21993081 21993084
21993225 4077
21994369 21994372
6850664 6850696
21994900 21994903
21995153 63391
21995783 21995786
21996537 87399
4686541 3280579
21996754 2175425
21996919 1341606
21978535 3137696
1298336 354462
21998480 9789202
21999085 290467
21999806 63391
22000333 1424926
22000463 73508
21969378 21969405
22001879 1730250
22001918 63391
22001950 4429821
3688659 3983527
22002187 4429821
22002517 588514
14910000 290467
3885081 63391
22004391 29837
14921771 63391
4275859 63391
22004848 237307
22005055 22005059
3672150 63391
22005678 63391
21997171 237307
22006283 87399
22007184 63391
13498120 13498145
21993227 21993232
4626745 2286917
9133553 9133569
4661827 4667796
22008911 3280579
4908872 4911199
21966363 21966378
22009691 354462
10516467 141379
22009914 1454869
22010369 165746
22010526 3626359
1418158 2293496
22010887 22010890
58027 237307
22011300 22011303
22011557 22011560
22011799 4077
22012047 22012051
22012102 2523
14922602 237307
22012110 187054
3611387 3934552
22012805 416747
4373004 4433382
22013498 290467
3606956 165746
22013957 4077
22014172 63391
4368257 4429821
22014316 162693
21970645 1817605
22014855 21993232
6365468 29837
22015753 22015757
3934155 4140206
22016294 237307
22016357 187054
22016594 22016597
22016973 366704
21969375 409382
22017822 22017827
4429803 1594037
22018528 22018530
22018764 63391
22019026 22019029
22019548 13675027
22020011 354462
4651339 2421770
21974438 460655
22021413 22021416
4629277 1341606
4666381 187054
4749093 4750232
22022514 63391
2984003 3500904
3606957 2480512
22023138 588514
22023146 162280
22023825 63391
14923289 4077
22024462 3627636
4171219 3747844
22024758 592551
14923282 9789202
3130766 3607111
22025307 22025310
22025388 187054
21996921 1341606
22025489 4077
22025525 22025528
22025735 21993084
14923298 119911
21970089 21970096
22026413 4429821
22026520 201002
4722918 4077
22027741 35079
22027898 13150293
22028240 22028243
14923068 29837
3025943 29837
22028880 165746
22029366 756683
691923 63391
1090181 2523
13521327 165746
28224185 6847
4917489 90162
28976310 63391
29365667 29365669
29713579 9789202
30249374 30249377
30488893 137688
30532911 29837
30532912 30532913
30532920 4077
30532927 1818547
30532939 30532940
30533064 1935571
30533070 2523
30533072 30533073
3396754 29837
30537030 87399
30537031 30537032
30537033 29837
30537034 29837
3255844 3698476
30537067 1484068
30537121 29837
30537128 30537129
30537132 4077
30537148 30537150
30537164 4077
2598155 36338
30539922 237307
30539947 2523
30539962 2523
30539967 30539968
30542310 14174038
9363679 9363686
3396755 29837
30542425 29837
2309679 3020090
30542471 119911
3019803 3529760
3020040 1342998
30546711 30546712
30548486 5006177
2309680 6847
30548502 30548503
30548526 29837
30550302 29837
30551882 4077
28366241 28366249
30554548 30554549
30554551 63391
2309677 1440948
3255846 29837
30559033 2523
30559051 2175425
30559054 30548503
30560191 30560192
30560228 4077
30562368 13320818
2309682 97991
30301375 30301381
30566197 63391
30566229 700694
30568828 2286917
3529922 3453280
2309517 3019875
30570136 2523
2309313 3019801
30573258 4077
3560809 4077
30577663 30577664
30577710 29837
30577712 29837
30577719 30577720
30577724 36338
30577747 1390736
30577756 4077
30577769 30577772
30577809 30577810
30579545 36338
30580941 30580942
30580945 4077
28367520 1484068
30580996 119911
30581015 4077
30581020 2523
30581023 119911
30581036 30581037
30581039 29837
30581054 4077
30583249 63391
30583759 4077
30583763 4077
30583839 30532940
30583864 4077
30583899 4077
30583908 1390766
30583913 4077
30583942 119911
30585940 119911
30586525 4077
30586558 29837
30586559 23335332
30586565 369238
30586574 30532940
30586587 30586588
30586613 30586614
23335320 23335332
30589036 213732
30589117 13302713
30589118 30589119
30589126 4077
30589146 29837
30589148 29837
30589210 4077
30589221 87399
30589229 30589230
30589258 7745230
30591568 1390766
30591638 29837
30595159 4077
30724554 14174038
679714 1422492
679487 1422492
679715 416747
679488 1422492
679716 1424592
679717 1424602
679489 15801
1422552 2297895
3014276 2297895
1424612 969830
679718 1424615
679719 4077
679720 1424634
679721 1422492
679722 165746
679723 1424668
679724 1422492
679725 1424691
679726 1424702
679727 1424711
679728 995452
679729 1424731
679730 1424740
679731 1424751
577094 1293445
679732 1424763
679733 1424773
679734 29837
679735 1424788
679736 4077
679737 1424806
679738 1424815
679739 29837
679740 1424830
679741 1424840
679742 756683
679743 366704
679744 1424731
679745 1424873
679746 1422492
679747 1424711
679748 1422492
679749 1424909
679750 4077
679751 1424926
679752 15857
679753 1424711
679754 1424949
679755 15857
679756 1422492
679757 1424980
679758 1424989
679759 1425000
679760 1422492
679490 1422492
679761 460655
679491 1686
679492 1422492
679493 1422492
679494 1422605
679495 1422492
679762 1422492
679763 1422492
679764 1422492
679765 1422492
679496 36338
679766 1422492
679767 1422492
679768 237307
679769 1422492
679770 165746
679771 1422492
679772 1422492
679773 1422492
679774 1422492
679775 1422492
679776 1422492
1425138 1422492
1422870 1422492
679777 1422492
679778 1422492
679779 1422492
679780 1422492
1425165 1422492
1422878 1422492
679781 1422492
679782 141699
679783 1422492
679784 1422492
1425191 1422492
679785 1422492
1425199 1422492
679786 1422492
679787 1422492
679788 1422492
221006 681118
31048765 119911
31757252 409382
31771870 63391
31838025 11888095
1664036 890150
2217332 63391
4460322 4496458
31873387 1396813
52784 135621
94243 319724
31880821 237307
1664038 2523
1664039 588514
31907776 588514
31907782 588514
32676258 594941
32692553 4077
32753802 32753803
32753835 32753836
21740522 4077
32754881 273795
32754914 32754915
33047980 4077
33053357 29837
33053369 4077
33055716 354462
4442490 2480512
30533061 29837
29610532 29610534
30327090 30327094
28366243 28366249
81696 4077
15863 4077
81697 4077
117106 376671
379890 4077
368290 119911
33575534 33575535
28224186 6847
33781307 2523
31947265 542159
649209 473
31946429 4077
4565768 2310349
32754163 63391
6273592 31277
33816769 119911
32754161 1396813
1664051 588514
4547771 63391
32754157 510690
33875478 460655
33875480 33875481
680408 1432967
33994476 2523
31877948 31877950
31877964 31877966
31877967 19627
34008828 1594037
6970852 63391
34019605 34019606
4090109 2457452
1453260 237307
34025539 354462
4496459 63391
34029946 63391
32025402 32025407
33995854 237307
4412108 4460320
4593756 4604802
34030020 213732
33995860 63391
34030474 4496458
33995897 30232
22211135 22211139
31877954 237307
34031179 4077
33995902 33995904
33995877 33995879
33995874 33995876
33995872 4077
34033735 34033736
34033737 4077
34033738 237307
34033739 354462
34033740 2286917
34033741 34033742
34033743 30177
34033744 4077
34033745 1565800
34033747 30232
34033748 34033749
34033750 187054
34033751 87399
34033752 34033753
34033754 354462
34033755 4077
34033756 4941840
34033757 34033749
34033758 34033759
34033760 34033761
34033762 34033763
34033764 3025383
34033765 588514
34033766 34033767
34033768 4077
34033770 34033771
34033772 9271637
34033773 4429821
34033774 34033775
34033776 30177
34033777 59788
34033778 34033779
34033780 2286917
34033781 1046634
34033782 34033783
34033784 354462
34033785 34033786
34033787 6281008
34033788 4077
34033789 2523
34033790 34033791
34033792 34033793
34033794 34033795
34033796 34033795
34033797 34033798
34033799 34033800
34033801 34033763
34033802 1454869
34033803 59788
34033804 63391
34033805 2957923
34033806 4077
34033807 1390701
34033808 165746
34033809 30177
34033810 34033811
34033812 34033813
34033814 63391
34033815 34033816
34033817 63391
34033818 55428
34033820 34981
34033821 2523
34033822 34033823
34033824 2523
34033825 63391
34033826 29837
34033827 34033828
34033829 34033830
34033831 756683
34033832 3370819
34033833 34033834
34033835 34033836
34033837 4077
34033838 1454869
34033839 2286917
34033840 63391
34033841 34033842
34033843 3191732
34033844 1766083
34033845 4941840
34033846 4077
34033847 63391
34033848 34033793
34033849 9737500
34033850 63391
34033851 63391
34033852 34033853
34033854 213732
34033855 221448
34033856 63391
34033857 2217333
34033859 1390736
34033861 409812
34033862 34033863
34033864 231476
34033865 221448
34033866 1343040
34033867 354462
34033868 63391
34033872 165746
34033873 34033874
34033877 313049
34033894 3025383
34033895 13737960
34033896 29837
34033897 4941840
34033898 34033899
34033900 62128
34033901 30177
4276812 63391
34033902 165499
34033903 34033904
34033906 63391
34033907 36338
34033908 34033909
34033910 2175425
34033911 63391
34033912 1454869
34033913 4077
34033914 165499
34033915 36338
34033916 35079
34033917 2423395
34033918 3591235
34033919 354462
34033920 4941840
34033921 10460820
34033922 34033923
34033924 87399
34033927 34033928
34033929 34033823
34033930 3370819
34033931 63391
34033932 237307
34033933 4922298
34033934 354462
34033935 34033936
34033938 28231990
34033939 4429821
34033940 473
34033941 34033942
34033943 34033944
34033945 30177
34033946 4077
34033947 34033948
34033949 313049
34033950 34033951
34033953 30177
34033954 4077
34033955 4077
34033956 187054
34033957 34033958
34033959 354462
34033960 30689505
34033961 808487
34033962 2286917
34033964 10006679
3882033 3370819
649210 1390766
34054466 2217333
34054900 15801
34055043 4077
1664053 2504076
1664055 116046
1664056 2504079
1664057 862727
1664059 4077
1664062 119911
1664064 922866
1664066 15801
1664067 2504081
1664068 2504082
1664069 2217333
1664070 83579
1664071 2504083
1664074 194886
34074132 213732
34343618 139190
215106 63391
4588988 2480512
34397775 34397776
34400787 237307
4305361 1594037
4559655 1594037
34422992 119911
4575447 1594037
34434038 618645
3712811 3998790
22007399 22007402
34476737 354462
34482659 21729788
34483036 36338
2062906 4077
34741640 34741641
34741643 87399
34763952 63391
35070071 6847
35074202 4211739
35079494 35079496
35080142 63391
22237347 2523
28502878 28502880
35086897 231476
35086962 35086964
35091098 237307
4782940 63391
35093530 35093532
35095836 63391
35097107 201002
35097346 90162
35098355 4547035
35099671 35099673
3858591 4077
3275044 473
3275042 221448
3275045 1594037
789879 1576979
35410025 35410026
35411240 119911
35411970 35411971
35412543 26309019
13379820 460655
7419461 2480512
35413225 35413226
7529406 4077
35860727 6847
35890800 4077
3606997 1980168
3607001 592551
118631 4077
2984001 3500901
36652809 9789202
36653382 4344284
2480529 354462
36849596 473
36849622 35411971
3886671 2523
4239646 63391
36849819 36849821
36849946 2523
36849961 237307
36849985 214955
31161906 31161908
37876471 37876472
37890781 1454869
37890787 15801
21963845 21963847
10102005 10102010
794075 4077
1687607 2523657
1687608 237307
38824911 4077
38825109 4077
38826187 542159
39134100 36338
39134101 36338
39134103 36338
39134104 39134105
39134106 36338
39134107 36338
4054586 36338
3858590 4090111
39134108 33873376
39134109 39134110
39134111 39134112
39134113 36338
39134114 165746
39134115 39134116
39134118 1594037
39134119 594941
39134121 36338
39134122 36338
39134123 36338
39134124 594941
39134125 33026999
39134126 39134127
3573084 3908944
39134130 26247014
39134132 5783640
39134133 39134134
39134135 348878
39134136 39134137
39134138 36338
39134140 36338
39134141 87399
39134142 87399
39134143 87399
39134144 36338
39134145 87399
39134146 1390736
3500900 1390736
39134151 36338
39134155 39134156
39134157 1373766
39134158 22012051
39134159 39134160
39134161 39134162
39134163 592138
39134164 229325
39134165 39134166
39134167 39134168
39134169 28245942
39134170 3137696
39134171 34397776
39134172 34397776
39134173 34397776
39134174 3137696
39134175 13804695
39134176 165499
39134177 39134178
39134180 121219
39134181 39134182
39134183 1686
39134184 1686
34024460 1686
39134186 37516160
39134188 3941
39134189 39134190
39134191 4926579
39134192 330984
39134194 39134195
39134196 34033834
39134197 39134198
39134199 39134198
39134200 39134198
39134201 39134198
39134202 39134198
39134203 39134198
13359222 13359234
39134204 39134205
39134206 473
39134207 141379
39134209 598328
39134210 1046634
36684186 61214
9987031 24329
39134211 39134212
815816 1620183
39134213 39134214
39134216 39134217
33643136 2293496
39134219 39134220
39134222 39134223
39134225 39134226
39134227 782600
39134228 2876478
39134229 2286917
39134230 2286917
39134231 2286917
39134232 4306
39134235 4306
39134236 39134237
39134238 63391
39134241 63391
39134242 63391
39134243 63391
39134244 4941840
39134245 4941840
39134246 4941840
39134247 4941840
39134248 63391
39134249 63391
39134251 63391
39134252 63391
39134253 2523
39134255 39134256
39134258 2523
39134261 2523
39134263 2523
39134264 2523
39134265 2523
39134266 34033761
39134267 39134268
3858593 63391
3500907 63391
39134269 63391
39134270 63391
39134271 237307
39134272 237307
39134273 237307
39134274 34033795
39134275 63391
39134276 63391
39134277 63391
39134278 39134279
39134281 115239
39134286 30586588
39134288 90162
39134289 39134290
39134291 2888885
39134292 39134293
39134294 201002
39134295 39134296
39134297 2422428
39134298 39134299
39134300 39134301
39134302 30828278
39134304 1579171
39134305 39134306
39134307 1701536
39134308 39134309
39134310 13637924
4115765 1454869
39134311 1454869
39134312 1454869
39134313 1454869
39134314 1454869
39134315 31889165
39134317 39134318
39134319 30426312
2984002 1343040
39134320 1343040
39134321 2480512
39134322 39134323
39134325 39134326
22105835 231476
39134327 39134328
39134329 460655
39134330 1390701
39134331 1390701
5879648 1390701
39134332 15801
39134333 39134334
39134335 35226560
39134336 39134337
39134339 231476
39134340 231476
34024449 366704
39134341 39134342
39134343 39134344
39134345 4430671
39134346 39134347
39134348 39134349
39134350 730954
39134351 2484552
39134353 39134354
39134355 30546712
39134358 445927
39134359 39134360
39134361 4285542
39134362 1817605
39134363 29597666
39134365 39134366
39134367 39134368
39134369 1561192
39134371 1561192
39134372 1561192
39134373 7081618
39134374 2310349
39134375 2310349
39134376 39134377
39134378 1835375
2364183 3059388
39134379 39134380
39134381 39134382
39134383 3909667
39134384 39134385
39134388 4430205
39134389 4211739
39134390 4211739
39134393 4211739
39134394 39134395
10806224 2457452
10806220 2457452
39134396 2457452
39134397 39134398
4239642 4344284
39134399 416747
39134400 4077
39134401 4077
39134402 4077
39134403 4077
39134404 4077
39134405 4077
39134406 4077
39134407 4077
39134408 4077
39134409 4077
39134410 4077
39134411 4077
39134412 4077
39134413 4077
39134414 4077
39134415 4077
39134416 4077
39134417 4077
39134419 4077
34024462 213732
39134420 213732
39134421 213732
39134422 4077
39134423 4077
39134426 4077
39134427 4077
39134428 4077
39134429 4077
39134431 4077
39134432 4077
39134433 4077
39134434 4077
33678245 4077
39134435 4077
39134436 4077
2293697 4077
39134437 4077
39134438 588514
39134439 119911
39134441 119911
39134442 119911
39134445 119911
39134447 119911
39134448 119911
39134450 119911
39134451 39134452
39134453 313049
39134454 313049
39134455 313049
39134456 313049
39134457 39134458
39134459 39134460
39134461 59788
39134462 59788
39134463 39134464
39134465 3370819
39134466 39134467
39134468 39134469
39134470 39134471
39134472 930415
39134473 39134474
39134475 39134476
39134477 39134478
39134479 29837
39134481 29837
39134483 29837
39134488 29837
39134490 39134491
39134492 354462
39134494 354462
39134496 354462
39134497 354462
39134498 354462
39134499 39134500
34024458 2423395
39134501 30577810
39134502 30577810
39134503 41032
39134505 445835
39134506 542159
39134508 542159
39134509 1148754
39134510 39134511
39134512 4382146
39134513 26209670
39134514 4036888
39134516 39134517
