5031248 5031278
5031633 5031653
5031838 5031860
5032041 5032062
5032325 406246
5032325 5032345
5032873 5032890
2552246 3199676
1229188 2107866
5038263 5038282
5040248 5040271
975290 1818095
3678231 3975544
5053835 5053859
2647576 3267810
5076456 5076474
5079105 5079125
5031635 5031677
5081391 5081409
5086019 5086034
5089741 5089770
355351 950854
3990041 4175243
5101702 5101724
5115697 5115718
5116467 5116485
5129753 5129768
5134986 5135011
955903 1787086
5147306 5147323
358521 956394
5157442 5157466
5157980 164896
5161351 5161364
685120 1438015
5164892 5164915
3354026 3764680
5173130 364583
2820594 3387182
2820594 3387183
222038 685013
5180744 5180763
4209748 635846
4209748 4322661
5182429 5182448
5190438 5190469
5191045 5191062
5193612 5193625
5194478 5194535
5201206 5201222
5203602 5203635
5204637 5204649
2357681 3054037
2720209 3312376
5218224 5218240
5224142 504439
5224142 5224158
5228823 5228838
222039 685072
5240428 5240452
126533 411620
5241154 5241206
985172 499841
5246811 5246837
5252126 5252145
1311070 2184003
5258901 5258922
5264072 5264094
5265007 5265028
5269440 5269470
5271978 5271995
5276873 5276891
5277946 5277977
5283635 5283648
5284314 5284336
5293461 5293473
3237464 3686096
3237632 3686186
5302561 5302578
5303083 5303108
1826836 2635842
603030 1339997
2632973 3257640
5318262 5318298
5319779 5319796
111278 358166
54359 221929
5321823 5321845
332185 905600
1448819 2317944
1186522 2060649
5326693 5326707
5326753 5326779
34271 135780
1518454 2377320
5224144 5224179
1034730 1898109
691690 1446573
956568 1788052
1787090 2603399
5333010 5333038
934852 1760847
687419 1442069
2415163 3102661
358524 956505
5339336 5339378
4914533 4914595
957046 1789051
358739 957199
5343443 316068
5343443 5343467
1105430 1977363
687729 1442745
5345192 5345235
5345775 5345811
135650 425096
5346535 150685
5347037 5347067
1827049 2636012
5348135 5348156
5349588 5349609
5349714 5349742
5349743 5349767
1457605 2328256
4428590 4472900
298530 822727
1081321 1943180
5353197 267604
5353197 5353240
5354018 299079
5354018 5354047
3151052 3623130
332149 903863
5356611 5356629
222145 685666
5358380 5358403
3536934 3886375
1444840 2313389
5361562 5361575
5361807 5361837
815969 1620398
5363977 5364004
588772 1320949
222661 687416
5364443 5364463
5364542 5364580
5364611 5364644
141356 445327
5364813 5364844
5365253 5365266
5365811 5365844
378499 983556
1856289 2657443
294963 816042
111282 358343
1414938 2287704
5345194 5345266
5372768 5372795
5372768 5372796
5373644 5373659
441468 1089210
5376921 257077
693569 1448347
4996652 4996694
905476 1716505
1438090 2307267
5380300 5380338
1347381 2222615
5380998 5381020
586419 1317707
2084765 2838540
442939 867486
358740 957268
696636 1452266
2078241 2833911
5382314 5382346
5382396 5382443
499102 1186048
5383635 5383676
225403 697976
140817 441630
5384579 5384600
5385340 5385386
905477 1716576
5387164 5387203
5388412 5388441
5388700 5388733
222662 687504
5389413 5389449
1304815 2182637
685121 1438086
319374 863067
319374 863068
425012 1067706
125207 408646
3073161 3563380
373319 976128
54360 222036
5393503 5393543
270491 773472
5394127 5394154
691691 1446643
447386 1101693
1978706 2752030
779787 1566082
5396429 5396461
605706 1342670
115283 371938
441470 1089277
3715555 4000331
5398652 5398666
1842524 2648078
3144660 3619579
5400209 5400247
955904 1787143
5403079 5403117
5403079 5403118
358599 956904
693570 1448411
592549 1327093
167509 521169
1089966 1954324
858419 1673541
222663 687640
1281491 2158936
2420449 3106357
1215403 2091026
2666663 3280442
5406862 5406882
3343757 3759225
3759099 4025664
1716866 2552288
685122 1438196
135651 425182
442940 1091739
5409860 5409878
16685 85975
2096597 379696
905737 1717660
5409993 5410029
905478 1716633
222042 685230
425013 1067772
111283 358401
44481 189160
1339907 2211470
332151 903981
358525 956562
223263 689264
905479 1716687
1788506 2604660
5413369 5413394
5194480 5194590
5414817 5414839
447845 1102630
516442 1215506
442941 1091819
358111 955987
5420338 5420360
976044 1819070
5422162 381140
542385 1264195
353517 943992
669755 1413491
309363 842920
5426145 5426166
1046874 1908981
698966 1455277
425014 1067869
815971 1620435
5428547 5428593
5428766 5428811
5429374 5429415
5429671 218235
1716692 2552170
5430837 99252
5431517 5431570
445247 1096137
1313097 2185110
5433118 8077
5433306 5433360
5434040 5434061
1551965 2411821
5434929 5434972
727028 1495979
727028 1495980
742944 1516735
742944 1516736
4198071 4314893
327794 888547
84834 290958
1725687 295254
5436963 5436991
5437110 358948
5437639 1343619
4914534 4914623
5438044 383707
5438257 5438280
499103 1186127
905480 1716774
5438789 5438817
5438996 5439013
499104 395955
1418230 2293549
609634 1347378
936330 1766780
2937339 3471026
1457607 2328353
135652 425235
5442030 24216
135653 425350
5305408 435396
5443480 5443501
5443803 5443811
62216 243398
1836180 218241
1766737 2583022
425101 1067945
955820 1786771
696888 1452707
983757 1826884
111284 358463
955906 1787216
163358 513787
956791 1788359
685126 1438358
5450993 5451002
358527 956641
5208420 5208502
5452228 5452254
685127 1438444
3069254 3561345
5222849 5222921
995250 1842126
685128 1438536
936272 1766719
5453719 5453772
5454209 5454259
3951730 652381
3951730 4150873
983639 1826377
609635 1347413
609635 1347414
536173 1253738
3132577 324312
3132577 3608614
3199413 3658443
2431299 3114994
2870659 3420702
222665 687800
111286 358596
2823 35844
1489032 2355862
5462801 5462846
4293057 338437
5464562 5464577
5465333 5465366
555439 1278657
5316617 5316665
723798 399384
676142 30524
1441988 2310199
6418 58110
5466715 5466747
221937 684757
5467652 5467699
5467829 5467878
5467885 5467914
691692 1446683
693572 1448540
5186389 5186467
1067630 1930377
5470980 5471029
333731 225330
333731 910335
2296154 3013314
5472201 5472217
4780638 4781166
5472345 5472357
5473038 5473060
358529 956682
298463 822597
956847 1788559
5474980 5474998
1002349 1852074
224597 696353
215056 654240
345 2942
5479822 5479848
1788017 2604237
442159 355577
5482701 5482723
5483720 5483734
1787093 2603462
111287 358672
5487344 5487361
5487846 5487884
5488537 6833
5489668 5489677
3466964 3840414
85979 293978
85979 294037
5493878 5493905
5494485 5494512
5494596 5494644
5497107 5497143
2476220 3151096
5497951 273132
5497951 5497981
728453 1498144
5408138 5408203
691906 1447105
956580 1788087
691907 1447175
1253743 581503
5070650 5070729
3534369 3885301
5506397 5506419
111289 358841
375606 978539
2552025 3199445
3338243 3754581
728454 1498212
5510677 5510697
142193 447842
2107688 2857446
693573 1448599
332187 905793
2619896 3248659
773347 1557431
957346 1789404
1500215 2364315
1446685 2315367
5516792 5516829
2534105 3190486
983760 1826985
358601 956977
222441 145641
222441 686881
2375663 3067901
293931 813604
900528 1710947
5526240 5526252
2603531 3237569
2603531 3237570
5309418 5309484
5526672 5526716
5527101 5527123
5222074 5222120
5528557 5528586
5529186 341073
5529405 5529437
728455 1498268
693574 1448661
1448602 2317458
609636 1347461
85893 293730
293932 813676
734466 1505894
222442 349126
222442 687025
5536115 5536137
1525213 2382463
609637 1347503
609637 1347504
692093 31716
728457 1498350
2472440 3148470
1339908 2211513
728458 629990
2087253 2840785
2198968 2936301
5547763 5547785
838000 1649102
3068036 3560755
5549367 5549395
1067631 1930445
5551348 5551364
970376 1809514
5554883 5554889
5556067 5556092
1498300 2362974
5557278 5557318
135654 425410
603032 1340155
4914535 4914649
3794792 4045180
441779 1090377
5559743 5559772
339556 929722
5560866 5560891
5561505 698350
5561815 5561826
822607 1629998
1448666 2317750
358531 79928
358531 956784
3267812 3707873
5389824 5389880
5567650 5567671
5568574 5568601
5570071 219933
5570071 5570102
5464564 5464588
815972 1620485
5571877 27186
4322409 4397261
5572389 5572416
5572419 99900
5572419 5572456
173591 160909
5400211 5400278
546904 341485
546904 1270170
71059 261635
106008 340275
4379746 4438121
978786 1822397
192492 587272
722201 1482649
676148 1418955
689186 1444152
5586011 5586030
1787262 147398
1787262 2603584
1786926 2603312
1441989 2310235
1090046 1954437
2216897 2949739
222044 685437
2382400 3073459
5596937 5596970
5596997 5597042
1454226 2323999
3630095 3948573
5603818 5603834
5604894 5604936
2820596 3387231
602701 1339814
5610916 5610936
54368 222862
5613387 5613429
685132 1438867
5614852 5614874
1046877 1909139
5616156 5616175
728462 1498611
224696 696717
5620882 5620902
5621655 5621683
5622816 5622829
5622831 5622845
905481 1716822
5626153 5626191
5312265 5312352
1446485 2315200
5548855 5548916
1067632 1930498
332163 904826
2630156 3255814
293934 813781
5637087 5637121
691694 1446764
685133 1438928
293935 813818
5639699 5639714
5639715 5639742
5640014 5640040
5640192 441525
4082345 271597
4082345 4235281
4082345 4235282
3050323 3549761
5643406 5643430
696638 1452325
1339909 2211591
4123632 4265653
603033 1340228
222045 685492
141472 446078
5649336 5649362
5651942 5651983
686886 1441089
693575 1448719
2358497 3054914
1438094 2307429
5659855 5659878
5660543 274624
957833 1790657
2592581 98798
2067067 2825268
423829 1065914
5234466 123885
5234466 5234625
50916 215230
5667972 5667999
728464 1498756
1617057 2466753
5668856 5668877
5669872 5669899
728465 1498824
5675758 5675780
685136 1439142
1229189 2107886
905482 1716863
5677194 5677226
5677302 5677335
3026663 3534422
5679510 5679545
50917 215306
5684481 13332
5684481 5684522
2175049 2914347
318691 857491
5686053 5686093
5348137 5348185
5687429 5687448
777068 1562366
1566031 2425429
5690822 5690838
5691357 5691402
293936 813849
1189979 2064487
5698544 5698567
685137 1439193
3731744 4009065
1339910 2211614
905483 1716901
4826030 31611
4826030 4826150
5703723 5703748
215238 654554
584735 1313164
1215406 2091142
5706954 5706980
2603730 109692
2603272 3237426
5716448 5716462
5716875 660149
5717335 5717346
983765 1827132
958038 1792143
5719299 5719343
373234 102040
2844329 95949
2844329 3403075
685138 1439234
1788056 2604283
2307915 3018310
955907 1787259
3680656 3977307
5740211 5740228
86304 294749
523790 1229143
5746238 5746259
5747941 412207
821894 1629113
5749169 94296
5749169 5749224
5751202 5751223
2322287 3026621
955908 98934
955908 348443
955908 1787317
955908 1787318
5758076 5758106
5758418 197794
5760784 5760801
5762749 5762766
687509 1128085
3267813 3707897
3153616 3625317
689094 1443970
670191 1413974
425239 1068047
3686267 3981487
728466 1498890
5771300 95249
1127592 1999664
5772005 5772049
1643180 2486164
687510 1442339
2222438 2954241
5781319 5781356
5783610 5783672
5783758 5783794
5784755 229318
728467 1498928
5787938 102968
5789756 267546
3668522 3969877
214146 651143
3237391 3685986
373239 975784
1842173 2647626
5810756 5810774
5811915 5811931
3843884 4082598
813713 1616374
5814733 5814747
5815216 5815243
1452214 2322345
293938 813951
5816096 5816110
5816750 5816770
3794760 4045126
5819777 5819816
5195052 5195101
4800681 4800891
713108 9519
5822719 5822734
5825595 5825638
5827382 5827413
2995263 3510817
5828797 5828814
5829011 5829048
1491107 2357743
676153 1419296
5833993 5834001
3228128 3678182
2657018 3274775
5839551 5839593
5841945 5841967
4353673 4418717
45168 192587
2317419 3024449
5846480 5846496
995949 1843748
585330 1315088
3072 38657
4074486 4229591
5855600 5855624
5856080 5856121
5358382 5358436
1279569 2155906
5858486 5858510
5858908 5858945
2317416 3024387
724648 1487949
1818051 2628561
5861560 5861592
54373 223152
54373 223153
1822127 2632027
5865978 5865996
1818052 2628594
1457666 2328615
5869891 5869911
5871759 5871788
5874227 5874244
5874742 5874755
5880915 5880949
5882094 5882118
5883471 5883493
3234009 3683138
1215408 2091227
5893433 5893474
5894927 5894944
2552131 3199538
5899757 5899780
1229070 2107730
5901249 5901272
5364613 5364669
5909003 5909016
3759235 543655
5915164 5915192
5915259 5915282
2552132 3199573
2552034 3199482
3538068 3887348
5919072 5919108
5486894 5486934
3901603 4118033
3901603 4118034
5923205 5923220
5925531 5925591
5928496 5928523
4625094 4634168
5933671 5933692
956850 1788666
5937403 5937417
821876 1629032
685140 1439338
974192 1816694
685141 1439380
2182986 2920921
5945460 5945478
1716695 2552214
5945821 5945849
218749 671881
5950147 5950180
5951501 5951521
5955756 5955770
3403044 3794790
5958520 216075
5958520 5958558
5960336 5960376
2605237 3238467
293939 813995
2296157 3013411
686887 1441116
5964311 5964335
813715 1616426
5966868 5966906
293940 814008
293940 814029
3238370 3686456
5968363 5968376
5969989 5970008
813716 351860
813716 1616455
5976622 5976641
5980514 5980533
5982554 5982573
5982708 312671
5982708 5982737
5985122 5985167
944745 1776013
5988248 5988273
5988463 5988479
5988657 5988676
5988686 5988718
813821 1616560
5991135 5991172
5993385 5993405
447203 1101309
5995036 5995066
5995419 5995435
5996061 5996093
1441117 2309794
5999609 5999622
5999957 5999980
1819029 2629719
6004231 189568
6004231 6004265
135655 425480
6005680 6005711
724654 1488176
3537303 3886715
6012995 276592
6014216 6014235
6014403 16018
1044919 25567
6016183 6016203
6016204 6016241
6016875 6016911
6018851 6018869
728471 1499063
3676271 3974150
4359900 4423060
6028677 6028699
686888 1441152
3317322 3739105
2365511 3060289
813609 1616240
813894 1616611
6035398 6035420
1067777 1930747
2466059 3144446
293944 814115
3974020 4165019
520211 1222200
6039923 6039940
6041785 6041812
6041851 6041893
813998 1616708
6043564 416393
1836073 2642161
6050035 6050046
6051771 6051809
5572809 5572860
6059857 6059901
1492163 2358559
6063815 6063846
6065989 6066038
745241 1523907
6068362 6068378
6070663 6070675
6079347 6079370
6083516 6083532
1793716 2610161
6084551 6084570
1091675 1956121
55997 230508
1787264 2603598
3307045 3731620
6111603 6111629
6116983 6117022
6119201 6119239
6120381 6120417
6120681 6120701
5309402 5309454
6126030 6126061
5453721 5453802
4940808 80183
972876 1812717
6132322 6132356
2493609 3165518
975834 1818737
4045129 4209187
6137993 6138017
956911 1788822
6142456 6142492
652305 1394452
6144492 739318
6146877 6146910
6147534 6147572
6150883 6150928
694399 1449412
3302358 3728283
6153942 6153962
45179 193194
2615875 3245238
6157032 6157053
6160830 102104
2642098 3264659
6162397 6162421
6165744 6165766
6166370 6166388
905484 1716961
373241 975881
5348158 5348252
6177306 136877
6178019 6178053
6183457 6183490
5998129 5998196
3166428 3634798
1647026 2489792
441475 493379
6014661 6014736
5194482 5194675
6191661 17126
6191696 6191730
2274768 2995318
2317658 3024608
1748310 2572964
1342592 2217212
905485 1717005
6203674 86095
6203674 6203703
1443291 8729
1443291 2311057
6207072 6207113
2413296 3101209
3237591 3686154
6209612 6209635
686889 1441190
6210805 6210830
6212208 6212233
6218278 6218299
1316242 2187271
6224549 6224576
2725557 3316770
2632977 3257713
6231916 6231946
6232669 6232687
6234072 6234098
772167 161170
685365 1439966
6241841 6241868
6244221 6244255
6244690 6244714
6248741 6248760
6249286 6249306
6249494 6249522
6249524 6249554
6252258 6252283
6258540 6258576
5358405 5358479
6259481 339922
6260063 6260080
358234 956196
6263870 6263888
6266002 6266034
994836 1841263
6269289 6269305
6270127 6270151
296682 819188
6275178 6275202
6276457 6276493
4852221 4852261
6277462 6277488
6277462 6277489
545685 1268618
373103 975365
135221 424383
728478 1499325
6290321 6290337
6291416 381562
6292273 6292288
693576 1448761
6302149 6302172
1089636 1953821
6252260 6252308
6307386 6307411
6308734 6308762
1826957 2635934
6312431 6312451
4140264 4278301
6319347 6319369
5218226 5218271
6323805 6323833
6325272 6325309
6330726 6330777
1516671 2376385
957347 1789439
2552248 3199709
606408 1343779
5050439 5050499
1067633 1930530
6363876 6363915
6370926 6370961
6372493 6372533
6373593 6373602
6378384 6378409
1822088 2631978
6380885 6380916
128937 415296
6386445 6386461
6386915 275803
1327033 2198922
3237529 3686137
6390025 691863
5779151 5779194
6394962 6395006
140962 442680
1955675 2727379
6409800 6409832
6409800 6409833
6414411 6414420
6415580 389830
6416711 6416754
3913804 4126416
6433932 6433968
6440888 6440914
6447424 152291
696640 1452415
6449337 211832
1930532 2706787
6450065 6450097
685144 1439483
3272690 3711238
5348138 5348228
6457609 6457629
1398759 542064
5101704 5101746
671826 1414936
6465378 6465410
6467460 6467486
1616202 2466082
2632979 3257740
5191602 5191643
6485165 6485195
6492132 6492145
6496792 6496806
1206456 2083009
1046881 1909238
6500770 6500796
6512962 6512994
6523364 6523384
813155 1615639
36285 142972
6216602 6216653
6233681 6233741
5479473 343621
6538549 6538570
1067778 1930775
2328196 3031008
685145 1439504
6555098 6555122
728482 1499442
1448605 2317556
2060592 2820636
1554950 2415197
5339439 5339479
6575488 6575509
6578617 6578643
4040379 4206673
6581691 6581712
6584369 6584386
6585779 6585802
4300224 4382651
4479897 4512825
6591932 6591969
6595950 6595966
6599695 6599715
1827032 2635986
6606811 6606823
5734300 5734354
5499482 5499529
6613538 6613555
696641 1452445
6626645 6626672
6629154 6629182
6631672 6631713
6637599 6637631
6638072 6638086
4761940 4763019
2954311 3482804
819129 1626036
6651193 6651204
995258 1842560
6658647 6658671
6665840 6665855
6667477 6667490
6672133 6672183
6672608 6672640
4870763 4870797
6673963 613873
6673963 6673982
6674763 6674771
3218200 3671056
6680650 101489
6680650 6680671
6689367 6689382
6692352 6692387
934916 1762300
6704239 6704276
6711175 6711207
6715865 6715890
3031136 3537204
6736666 24810
6741673 42551
6746915 6746935
1499743 110131
1499743 2363768
6753194 6753223
1616261 2466158
6766348 6766374
6766448 6766477
1525237 12453
1525237 2382718
3085247 3573097
6772311 6772343
4787331 4787762
3156897 98378
6785900 6785918
2308126 4144
2308126 3018558
6797143 6797166
6798399 6798450
4417237 4463894
6826314 6826347
6828825 6828839
6217898 6217947
6832953 6832967
6834314 6834332
1204894 2081381
5500767 5500790
6854978 6855004
6860688 6860697
6866402 6866435
6308572 100092
6881988 6882010
16686 86069
6895679 6895690
6901800 6901819
6904251 6904276
2107825 2857575
1299086 2178752
6496416 6496455
371865 972051
5845575 332421
5845575 5845624
39065 159524
6921281 6921297
6921350 6921364
6922258 6922269
6923049 6923075
6926621 6926649
6160832 6160914
6931673 6931692
6936878 6936908
6937584 6937600
5005145 249882
5005145 5005202
1279575 399701
1279575 2156105
6945862 6945894
1229147 2107822
6950460 6950478
6961757 98719
6968087 6968132
6970734 6970754
6978126 332573
6979633 6979653
2352961 3050351
6994830 6994857
6994830 6994858
3686188 3981393
6997148 6997167
6998802 6998820
441478 922189
7004502 7004510
7005359 146084
7019114 7019137
651017 1393544
7023850 7023878
7026171 7026193
2603534 3237604
7066071 7066088
7066336 7066349
581539 1299122
440395 1087725
7069592 7069619
7072810 7072846
6216686 6216711
96382 323926
3237633 3686210
523792 1229217
7092681 7092705
7105977 7105996
6931675 6931718
7111941 7111964
7115521 7115540
2107691 2857486
813526 1616143
1499404 2363697
7127085 7127111
1067634 1930558
1498302 2363018
7131501 7131524
7131575 7131586
3237393 3686045
2211517 2947187
7140399 7140440
7141063 7141091
6273779 6273813
7150888 7150916
222678 688490
486453 1164210
5283482 5283532
7156153 7156187
2868621 3418732
1453274 412299
905487 1717046
5988465 5988500
7171822 7171848
7175445 7175470
7179645 7179664
3337452 3753812
7180561 7180575
7188655 7188680
7190488 7190520
7192973 7192984
2642100 3264712
685148 1439612
7199618 7199635
1299089 2178804
7211857 1306087
7211857 7211897
696642 1452482
7219105 7219129
7220230 7220254
7222435 7222445
7226588 7226621
7236778 7236803
7241057 7241079
7241575 7241588
1762263 2581347
7244232 7244254
7244299 7244320
5536284 5536329
7266160 7266205
7278535 7278555
4170518 4298556
1035131 1898739
7303047 7303069
7304307 7304318
7305154 7305176
7305193 7305209
7308018 7308047
7310568 7310582
7323101 7323127
7325512 7325527
3716949 4001148
7327630 7327658
7330245 7330271
7332881 7332902
7341655 7341677
7348999 7349014
7366817 7366857
7367740 7367786
7369568 7369589
7375500 7375519
7379490 7379520
7386009 136678
7392093 7392111
7392461 7392481
7398736 7398764
2350229 364995
7403560 7403596
7405433 7405463
7407164 7407179
4662098 132109
7416193 7416213
7424973 7424997
7431135 7431151
1448455 2317350
6219848 6219892
1498303 2363048
3701036 3990659
7464114 7464133
7481198 7481222
7494372 7494391
1766645 2582883
7503713 7503723
7505374 7505390
4372566 4433001
7513973 7513988
4382758 4440127
6621233 6621263
7530435 7530460
7535004 7535022
7539181 7539188
3673032 3972216
7556154 11337
7567268 7567285
7577540 324549
7601382 7601416
7601991 7602021
744676 1522529
957420 221881
7621599 7621620
7625961 7625992
7629694 7629717
7644743 7644755
7693952 10545
7698632 7698652
7705997 7706015
290893 809133
7728988 7729026
7733050 7733069
7736388 7736419
7752649 7752657
449068 1104965
1046884 1909306
7765529 7765541
7770343 7770383
1616649 2466324
6558206 6558283
7818156 7818181
1446577 678133
7838419 7838435
7844378 7844394
2629734 3255544
7849105 7849125
3190439 3648935
7878243 7878255
7879431 1142375
7879431 7879444
6902000 6902134
7891673 259950
7899719 7899734
2603588 3237654
7917325 7917331
7918527 7918547
7955146 7955162
4008956 4188385
8020062 8020080
8022245 8022259
8078777 8078800
7384994 7385020
8148974 8148988
224600 696543
2624283 3252089
8166432 98797
7847197 7847239
7847197 7847240
8178060 8178077
4696154 4699789
71972 263954
8182868 8182883
752409 1533414
8185237 8185261
8186107 8186129
8188699 8188742
8188953 8188972
7341657 7341701
8190249 8190277
8188701 8188781
8190961 8190980
8192284 8192323
8193393 8193417
8196401 8196420
8197930 8197957
2492327 3164654
8200244 8200268
8208065 8208077
671827 1414963
8213806 8213834
6062941 6062971
8236504 8236535
8238665 8238689
54374 223204
54374 223205
8243616 49393
8255967 8255994
8263103 8263128
8269172 8269188
8279177 8279189
8279242 8279265
8280911 8280930
8283012 8283029
8287720 8287742
8302513 8302524
8309658 8309676
8320235 110989
8328567 8328591
8337113 8337137
8339468 8339484
8391147 8391171
8392252 8392270
8403685 331074
8405575 8405593
8406555 8406562
4114037 4259609
111323 360484
8446169 8446198
5392757 346531
8457238 8457245
8473917 8473938
8474552 8474574
293945 814148
4456872 4494163
8506908 8506925
162681 512529
8570325 8570333
8584647 8584665
8594761 8594764
8598039 8598045
8599972 8600002
8649582 8649610
8656712 8656726
8705163 8705186
8748829 8748839
8772280 8772300
8790398 8790417
8797844 8797861
8797974 8797993
4126375 4268195
1452215 2322386
8867297 8867311
728491 1499724
8888654 8888674
8895488 8895505
1229074 2107807
8920753 638954
8921210 108681
8921210 8921227
8927861 8927874
4583527 4595561
8960774 8960802
5364544 5364609
5364544 5364610
8972675 8972697
9000707 9000730
957203 1789241
9017110 9017130
9071425 9071439
9071609 479262
9072748 9072756
9121115 9121140
9136163 9136181
5175825 5175853
9197863 9197883
957204 1789262
1067780 1930823
9247133 9247154
9248343 221973
9248343 9248362
9259324 9259336
2857461 3410982
9276805 9276826
1101520 1971897
9356008 9356028
9362397 9362413
9383960 325105
9383960 9384018
391709 1002422
9425137 9425162
9446972 9446989
9477394 9477416
9487090 9487117
9518557 9518585
9518557 9518586
9547077 9547088
9566512 181521
9566512 9566531
6271988 40898
9580986 9581002
9597942 9597952
5501837 5501861
2149176 2891060
1789103 2605202
814000 917416
814000 1616733
10177321 10177327
10177808 10177825
813719 1616478
3050372 3549818
2309841 3020205
10181475 10181496
10184454 10184460
10341858 10341898
10419114 10419142
3128697 3605277
10668204 10668214
10669799 10669812
2820602 3387316
1452217 2322408
10714719 10714727
10845261 10845274
10998291 27279
3053881 323468
11041868 1408
11041868 11041885
957110 1789144
11062126 11062135
7847220 7847262
11068673 11068690
11070921 11070938
11079754 11079762
990637 1836538
11087111 11087125
4289638 4375118
11101768 11101783
11105759 11105770
11117011 263195
11147956 11147981
11175806 11175813
6252262 6252324
11180650 27374
11196939 11196960
734469 25484
11330105 298977
11368642 11368653
11426873 11426880
11544137 11544149
5276585 329410
11612837 83794
11612837 11612847
11650409 11650425
11655911 11655925
3403049 3794839
11683755 11683760
11754213 11754220
3794824 4045185
2466062 3144450
11793953 11793960
1789171 2605244
1441158 2309840
1616470 2466251
3050329 3549791
11796005 11796009
1616163 2466058
3058774 3554554
957114 1789179
2363474 3058788
9487094 9487146
11806539 11806543
11828927 11828939
12485177 12485185
11797327 11797336
11793961 11793973
12488219 419413
12488219 12488224
1499030 2363489
11071895 11071904
1616161 2466052
4045133 4209194
12491808 12491817
12491871 12491878
12493141 12493155
813535 1616181
1215421 2091486
3050373 3549823
2466273 3144555
12681442 12681449
12973526 12973530
13196355 13196359
5005146 5005217
14357535 14357542
15321596 15321600
15558537 15558545
15616431 15616441
15625095 15625098
28360975 28360976
28360977 28360978
28382321 28382327
11793955 11793962
2363478 3058807
3534329 3885194
12492408 12492410
3026602 3534331
28499306 28499309
28761359 28761361
29369683 29369684
29371409 479292
29371409 29371411
813743 1616520
30312301 30312302
30318484 30318485
33008401 33008404
28444295 28444298
34750229 34750231
34795782 34795783
34800025 34800026
6580468 6580476
35046094 35046097
35086816 35086818
39429131 39429133
45164191 45164193
47881886 47881887
32181502 32181504
50505100 50505101
51765571 51765572
51765573 51765574
51765575 51765576
51765577 51765578
51765579 51765580
51765581 51765582
