8526188 146125
9576159 117483
9597348 52332
9610052 635180
10897782 393842
10901367 5461
10919165 327667
2397782 76285
871319 166626
10931487 41917
10947591 326973
10965022 98662
10971526 323633
2197147 105229
11381943 103059
11483831 98315
11498719 887846
11510414 52567
11553215 96931
777190 93168
11598377 52146
11745654 340763
11769184 93490
4125530 54526
12948120 218185
3467982 36005
13138552 171614
14262830 94102
14271820 243347
14283390 141926
14285800 125325
14453855 172689
4217730 215184
14564550 288090
14569925 608579
14597413 316876
14598422 95543
14612789 5159
14628721 528891
14629534 345360
14641893 330651
14641896 604127
14668693 53912
15182103 1140186
15182639 530424
15186114 1350401
15187992 162577
15191936 819431
15192163 658073
15253888 2249701
15259853 325021
15260862 220360
15261277 2461722
15349178 376286
15365524 989719
3467983 117485
15443817 37622
15447737 551986
3470404 94516
2961792 308389
3470405 189310
15518866 1430546
15520358 186701
15525874 449796
15548455 635846
15591463 698250
15617384 40952
15624198 124131
15642685 42219
15647904 35961
15656063 617334
15657716 17961
15762560 155436
15769075 322613
15771501 659193
28463752 215666
12236008 123298
15291271 210660
15005472 332930
15005479 436830
3189917 107879
28736255 330818
4125633 313698
28909340 987693
30846012 756167
30849299 1719275
31081380 197487
31090953 103861
31091200 94241
31091805 726514
31092045 94379
32790966 248263
33260390 621384
33260400 92349
33260402 104403
33260413 130414
33260416 38791
33260422 332550
33260425 573977
33260511 1023317
33260666 53373
33260871 287247
33260942 56377
33260989 252045
33261034 901052
33261039 336159
33261050 1309698
33261078 5596
33261080 324313
33261085 95717
33261391 126765
33261529 152826
33262332 3101153
33262335 880099
33262385 914060
33262394 2265949
33262779 1612844
33262820 362867
33262833 78210
33262844 3477197
33262971 1023826
33263008 111051
33263019 862913
33263089 94106
33332193 1183086
33333142 886947
33344680 330067
33344684 249912
4878391 406147
33354617 470596
33354667 52774
33354728 139149
33354737 54973
33354756 93136
33354757 626416
33354760 508306
33354761 49226
33354762 874028
33354763 662482
33354764 220092
33354767 204156
33354786 445275
33354787 8483
33354788 88062
33354800 238233
33354801 190414
4359084 218795
33354845 112012
33354846 5619
33354879 97671
33354908 38891
33354963 612884
33355044 213065
33355254 220192
33355281 127329
33355323 97670
4125656 6067
33355343 83945
33356415 701379
33356465 256260
33356490 941139
15420300 1774658
33356516 119698
33356624 34593
33356626 954715
33356653 48669
33356720 287398
33356724 2759390
33262160 1193419
33356752 217677
33356765 739616
33356767 422379
2199228 116343
33356863 359082
33356885 11938
33356900 3769527
33356964 21574
33356982 68555
33356998 333749
33357005 3150555
33362386 913894
33362395 1646120
33362404 1117628
33362406 325380
33362411 1838736
33362415 2278807
2058053 872973
33362422 1226601
2936723 1968896
33362430 860295
33362445 358485
33362447 2083734
33362453 1305891
33362462 1266815
33362464 902468
33362466 3269906
33362470 1619759
33362474 890776
33362476 295317
33362478 806270
33362482 990175
33362485 1497632
33362503 4388641
33362505 2194352
33362513 1406652
33362515 4077360
33362521 2189719
33362531 688086
33362535 1750010
33362539 424755
33362542 333048
33362561 1162695
33362621 367524
33362625 836306
33362637 857775
33362640 367304
33362694 324654
33362771 201379
33362779 1360188
33362782 340663
33362892 71116
33362894 26574
33362898 35777
28418939 3443094
33362901 525827
33362903 51648
33362906 96961
33362910 32502
33362918 193419
33362922 30717
3470482 3328484
33362924 342317
33362929 151278
33362931 105683
33362943 29037
33362950 833370
33362954 358125
33500916 507859
592108 50088
3467988 222178
3467989 55626
3467990 1448368
3467991 517878
3467992 1029176
34652883 658704
34653024 510898
34752997 740813
34758719 1342620
34758720 3329598
34758871 924533
34758880 407181
34759235 731514
34761239 435449
34762378 959097
34828767 208721
34831414 358070
34833497 31536
34851113 2096876
34851618 190417
34853470 181422
34860062 293695
34863548 954065
34863927 35963
34865925 144987
34866063 326972
34866082 1338239
3819271 394570
34868330 114870
34868331 163738
34868332 226496
34868365 145824
34872401 608446
34880787 500847
34880810 332345
28532851 95296
34881596 155826
34881602 135878
34886491 45298
34886942 158261
34889411 109296
34894249 329915
34894414 390995
28824634 292923
34894530 366606
34894532 333064
34894587 1120056
34897257 2478429
34903854 203764
34904859 107041
34906664 947502
34906832 140021
4125657 325023
34908531 246503
34908640 2367760
34910572 1042785
34911267 651770
34911448 945918
34911652 106700
34911685 1307006
34913542 2542212
34913949 217532
14928726 504252
34915363 109873
30972214 782285
34955401 355577
34975946 312625
34975991 27688
35403922 307798
2199188 862067
35404933 1311728
35537763 314876
35540677 325288
35540803 142276
35541462 23548
35636732 2367430
35637047 148091
35637102 519389
35637138 396557
35637140 1746968
35637367 686418
35637489 51187
35637546 62372
35637739 1608789
35637756 554680
35638307 1293364
5005070 510154
35654195 403011
35658386 201487
35662496 1753122
35669829 3970410
35670195 455492
35670890 1633628
35671136 1790717
35671315 99774
35671921 2193993
35672401 356721
35672402 2134399
35672403 1462879
35672404 649532
35672405 1095688
35672407 406308
35672462 136136
35672719 981998
35672728 179588
35672729 347458
35672734 333751
35672736 26269
3470424 397259
35672742 98992
35672747 108414
35672757 3899696
35672761 676039
35672762 218802
35672763 1577212
35672789 108376
35672794 739662
35672804 2688496
35672814 1162486
35672842 222322
35672854 683020
35672911 338572
35672941 524081
35672996 946442
35673002 163482
35673013 43952
35673033 251627
35673036 686128
35673139 25567
35673140 227038
35673142 581801
35673153 38019
35673200 3524049
35673201 141257
35673224 83930
35673230 2553219
35673244 325468
35673323 283829
35673332 1805887
35673337 343904
35673338 1724818
35673380 1553132
35673382 394982
35673395 677083
35673398 624724
35673399 329458
35673400 858428
35673466 320269
35673467 934011
35673470 365151
35673471 102963
35673472 5161
35673474 95373
3470425 117555
35673475 51077
35673654 1055057
35673787 26674
35673789 43033
35674370 11830
35674540 663800
871321 51994
35738851 521735
35738859 1532903
35739002 2506927
35739014 300597
35739180 293445
35739856 899989
35739859 1198223
35739861 1563395
35741361 8362
35741363 172287
35741378 886792
35741379 858753
35741382 2637239
35776481 321609
35863507 95948
35863951 2765230
35671316 105189
36487746 219889
4092908 129322
32141467 449761
36683354 49453
36683657 1402
36683666 185072
36684124 127043
2961793 1627
36689526 53775
36692820 308708
36692821 425276
36701049 330444
36733709 54017
36745622 398052
1357321 91652
37684021 628165
37692374 241678
37692393 160777
37698142 98856
38101398 347346
38102430 1393024
38104779 1407703
38134401 3565842
38147044 1004701
38149144 1309663
38151031 739639
38158640 2405572
38161464 323743
38172864 1451451
38174450 869672
38176467 2525686
38179769 830320
38186473 1002446
38197190 1867885
38197541 984043
38198666 317786
38222198 170838
3574667 82054
4359105 718655
3470485 41757
2187584 669374
3819273 645102
2936664 1036054
3912850 219723
4125555 94446
3819274 343230
4125678 158138
2187585 129759
4125556 170839
10988515 1535927
8695642 803747
38648751 332986
28313047 232179
35673355 1097010
4233554 325281
14607961 634370
30974773 646133
10998676 97306
28702452 1303871
38700953 841098
12991418 1114870
34818856 50960
35525432 388414
38756685 191023
6999211 216932
38773590 952930
38778801 49394
14455423 1085990
30244002 5464
33287535 31829
5662496 129066
35536694 112008
38817941 1009967
38819921 831772
38823497 236431
38824031 960543
12164503 95193
39225862 394901
39226703 219935
39226705 323468
39274085 1848752
39458832 1721793
39458943 3156290
39459350 3089653
39459746 441544
39459890 659847
39459920 43409
39459937 2136711
39460011 5655
39460221 698255
39461249 631215
35672408 186151
39461708 336221
39461741 294437
39463478 2209938
39464324 19071
39464837 2274653
39464862 231295
39464869 612424
39464975 945319
39465099 636617
39465476 440773
39466809 820752
39467159 3088549
39467163 628649
39467165 1742951
39468327 22602
31083075 276008
39470646 370006
39470658 890934
39470663 288091
39471158 1427946
39471758 3109649
39472771 353354
39472794 94747
39472806 18887
39472810 234127
39472950 624595
39473097 97708
39473249 353627
39473295 72676
39473741 56306
39474104 101382
39474435 1166602
39474577 146323
39474686 36477
39475294 107100
39475964 1981600
39476353 1438124
39476860 54559
39478305 682708
39478316 149326
39478397 340190
39478890 3328948
39479106 1741569
39479236 1689944
39479459 216939
39480296 406859
39480395 51067
39481270 217645
39482748 98162
39482993 297869
39483008 256261
39484455 861903
39484476 305944
39485822 116956
39489131 102748
39489143 3112144
39489871 1088381
39490407 592007
39491043 520796
39491045 548583
39491114 236620
39491116 157427
39491132 1630
39491142 43408
39492062 2201470
30244062 346814
39494271 920872
39494942 157102
33362913 18110
39495454 1141074
39497284 99939
39497416 202362
39497794 37295
39498112 295677
39498156 1574177
39498358 215318
39499093 1708474
39499108 740598
39499637 691745
39499915 264212
39500247 18171
39500250 215408
39500266 108200
39500464 893059
39501636 327410
39502284 423710
39503813 1357084
39505042 3791206
39505187 869974
39505345 289052
39509681 3329376
39509936 188743
39511023 51910
39513981 294673
39513983 295450
39514211 1740642
39514454 37362
39514620 1705685
39515232 641730
39515411 319817
39515418 217004
39516734 559207
39517822 323737
39518032 217719
39518036 12103
39518038 441665
39518412 2605378
39518447 399671
39518570 332917
39519977 95588
39520112 1105924
39520419 932236
39520808 689208
39522825 80303
39523419 161079
39523939 507416
39524298 669404
39526213 361224
39526506 1452623
39526915 583051
39529951 66524
39531435 192828
39531668 1128988
30340913 37722
39532447 16954
39521517 424660
39636900 142972
30661133 51431
39637686 275723
39637692 582426
39637696 2261212
39637697 50632
39637698 103447
39637773 723155
39936432 35463
39937259 54271
39937827 228617
39938455 158339
39938848 308688
39939348 1028360
39939546 793546
39939652 270467
39940027 21102
39940200 28720
39940321 3070394
39940355 108319
39940820 325607
39940854 445147
39940882 267323
39940897 761292
39941014 2493503
39941136 365772
39941222 100356
39941268 332855
30656820 696399
39941857 332216
39941937 1713328
39942017 321268
39942240 135432
39942272 1750265
39942442 332253
39942554 103060
39942776 110915
39942788 188490
39942801 249861
39942845 100050
39942853 513021
39942867 345850
39942886 333948
39942892 961434
39942901 181904
39942903 328943
39942907 79784
39942912 65895
39942926 64173
39942957 120
39943053 285217
39943071 253506
39943279 2126783
39943496 249794
39943511 86646
39943519 413491
39943539 99171
15221010 21163
39943654 94380
39943892 1198701
39943897 1267618
39348220 671199
39944082 55259
39944105 216884
39944115 486914
39944135 92391
39944140 744938
39944421 251767
39944674 145392
39944693 347343
39944707 1029729
39944780 1768468
39944849 440938
39945038 40984
39945039 522951
39945416 515801
39945439 392706
39945443 483259
39945457 403728
39945568 186206
39945600 34683
39945620 349281
39945655 90010
39945764 53376
39945812 1129178
39946045 1332185
39946066 97640
39946094 401505
39946156 2888353
39946319 966431
39946327 336994
39946337 1569413
39946346 160655
39946364 460251
39946380 219891
39946381 1549230
39946401 328585
39946426 89007
39946429 276393
39946434 357763
39946442 98041
39946452 65892
39946465 221976
39946468 412619
39946469 391910
39946473 233431
39946478 233106
39946494 54014
39946495 94295
39946505 50137
39946506 14967
39946522 21711
39946529 65893
39946609 442981
39946656 107816
39946676 63457
39946874 6428
39946956 360805
33489688 1224319
39947117 43098
39947157 337731
30221160 150039
39947193 109197
39947197 95248
15221008 301353
39947247 386002
39947353 1028748
39947355 214574
39947401 22251
39947410 259815
39947435 124625
39947566 1533022
39947616 1166258
39947830 181952
39947841 584026
39947849 1597314
39947901 35231
39947917 220090
39947936 678801
39947984 880706
39948052 308152
39948602 5597
39948750 1141025
39948862 387913
39948890 898426
39948983 2436099
39948991 3222182
39949006 392747
39949054 368056
39949063 2592170
39949073 3375087
39949189 868342
39949205 51909
39949232 144182
39949332 353624
39949335 475459
39949356 154332
39949357 173966
39949387 1006825
39949426 131420
39949582 192467
39949619 107608
39949637 448032
39949662 332487
39949681 280588
39949683 485770
39949685 98318
39949692 97847
39949693 58260
39949697 91515
39949698 19587
39949702 5466
39949709 108226
39949721 47126
39949731 214371
39949732 72843
39949741 193147
39949765 221648
39949780 17122
39949784 43405
39949803 94441
39949820 18042
39949847 52283
39949849 586932
39949855 207959
39949947 316365
39950038 2603860
39950056 271348
39950114 1054776
39950168 110131
39950389 27994
39950399 828566
39950461 329680
39950526 934574
39950637 227346
39950647 141979
39950658 109362
39950663 2693836
39950807 84855
39950812 52443
39950823 422601
39950824 671605
39950887 77153
39950957 1310574
39950966 201912
39950967 884317
39951071 4412
39951072 48996
39951100 3924
39951127 54189
39951226 1391405
39951235 188506
39951421 248617
39951450 593391
39951554 1759008
39951556 43893
39951570 92718
39951603 165501
39951612 121508
39951615 5458
39951620 98599
39951667 219699
39951941 889191
39951954 1050895
39952038 1375350
39952060 303181
39952064 19072
39952119 3240437
39952164 252943
39952259 1704618
39952352 202919
39952403 1458673
39952404 954064
39952465 87783
39952569 80421
39952709 119439
39952762 43894
39952769 181901
39952786 361228
39952799 52557
39952802 332250
39952803 549880
39952816 275621
39952902 16409
39952982 99466
39953024 3378399
39953100 226288
39953263 2312102
39953270 39345
39953281 1305577
39953381 882909
39953413 100478
39953434 872252
39953488 326370
39953489 1419353
39953574 116952
3604212 223921
39953620 283933
39953668 72776
39953813 230465
39953867 668153
39953889 534281
39954031 1754452
39954072 344676
39954089 163481
39954100 18440
39954113 716151
39954193 148382
39954194 153672
39954213 366605
39954262 644613
39954292 98092
39954373 373264
39954374 1488457
39954383 98990
39954419 314364
39954428 295495
39954430 98038
39954436 400700
39954439 172188
39954453 882209
39954454 284728
39954457 889947
39954458 240412
39954459 2051
39954469 227444
39954495 252046
39954517 144456
39954520 213165
39954524 672299
39954525 753936
39954531 639225
39954532 551125
39954540 109597
39954541 333747
39954545 100561
39954548 128212
39954560 35682
39954566 102227
39954578 100131
39954579 616661
39954580 285250
39954583 52666
39954597 228832
39954599 759646
39954600 54269
39954601 505294
39954604 323327
39954632 371155
39954637 682014
39954679 2295384
39954695 142624
39954784 35921
39954796 1391214
39954799 376072
39954837 665442
39954839 121380
39954910 5543
39954956 1037797
39955077 922189
39955078 26781
39955087 2127476
39955100 371901
39955153 130140
39955226 2225658
39955227 110318
39955231 1122130
39955235 225656
39955254 189385
39955283 308712
39955284 59467
39955358 1187489
39955405 2785580
39955406 380310
39955407 152252
39955413 1280741
39955419 101490
39955421 627231
39955423 227406
39955442 92079
39955481 367295
39955490 219984
39955533 200342
39955536 225446
39955566 2329209
39955772 1708567
39955846 318823
39955907 268350
39955916 89891
39955946 376713
39955952 261556
39955955 139146
39955962 272734
39956064 56475
39956133 1922124
39956196 406785
39956200 2146804
39956211 414353
39956404 108012
39956441 1381207
39956459 1096459
39956532 395465
39956653 102297
39956659 137091
39956660 112766
39956707 343902
39956730 125064
39956766 149474
39956804 362166
39956850 678249
39956852 247334
39956872 902968
39956886 642752
39956889 53917
39956909 1752100
39956910 584285
39957016 397998
39957032 165537
39957042 173390
39957100 340600
39957164 4471235
39957186 101773
39957231 625241
39957342 47455
39957346 273311
39957351 785675
39957367 276737
39957389 6243
39957394 104404
39957404 51072
39957412 308695
39957416 418104
39957423 12104
39957429 42322
39957441 350445
39957469 739700
39957471 504439
39957472 316556
39957476 615141
39957477 73593
39957479 103163
39957480 217838
39957483 220554
39957497 100865
39957507 215088
39957511 160657
39957536 864162
39957538 537634
39957554 722638
39957558 510844
39957577 829422
39957679 222998
39957792 225051
39957793 609044
39957911 142296
39957912 51275
39957938 642477
39958031 1564261
39958041 220352
39958046 564090
39958047 201210
39958062 1392824
39958072 333656
39958081 19586
39958186 349982
39958200 486194
39958203 345400
39958228 829114
39958239 88202
39958247 1470501
39958294 630859
39958298 274623
39958306 224302
39958311 56033
39958312 16994
39958332 352242
39958374 392054
39958377 102919
39958385 1109958
39958400 235886
39958401 952960
30656818 46759
39958513 116218
39958550 749158
39958645 424839
39958646 2496209
39958687 180892
39958843 109651
39958875 423315
39958876 386066
39958877 27689
39958880 342104
39958891 363836
39958918 219826
39958919 141402
39958937 47366
39958963 961052
39959028 212532
39959082 899510
39959196 1417754
39959267 137998
39959278 52723
39959279 1451372
39959295 347115
39959354 455081
39959369 294241
39959379 925141
39959499 22824
39959549 1544575
39959703 335647
39959858 96047
39959874 318540
39959876 714483
39959890 621337
39959899 299651
39959913 212375
39959917 109460
39959960 1019404
39960011 904013
39960139 849180
39960246 2552495
39960255 213071
39960268 488862
39960272 67151
39960344 43643
39960457 270892
39960467 392846
39948751 899991
39960528 2035177
39960536 1410753
39960592 1817322
39960701 2748910
39960743 52045
39960753 83928
39960764 4891537
39960790 1258087
39960822 942384
39960844 46497
39960926 100512
39960980 597678
39960999 312775
39961011 349251
39961017 109691
39961027 789590
39961056 391310
39961063 348001
39961065 194270
39961069 939247
39961071 37238
39961073 225053
39961084 577267
39961100 308646
39960754 51999
39961142 406526
39961149 502458
39961155 218119
39961157 138393
39961158 219936
39961162 627895
39961163 630368
39961189 226733
39961190 933284
39961216 99638
39961236 396895
39961293 97380
39961313 189478
39961351 351331
39961360 117045
39961364 739571
39961391 578078
39961436 754823
39961446 2489484
39961457 55147
39961489 2873630
39961535 2799849
39961614 91690
39961622 2985014
39961627 272199
39961649 99835
39961685 305554
39961702 64949
39961704 915586
39961714 653905
39961717 77789
39961750 2765
39961820 100905
39961865 2307307
39961899 428878
39961972 92648
39961995 4881594
39962000 276659
39962012 313488
39962015 50846
39962020 36140
39962025 897341
39962026 105379
39962027 120745
39962038 665480
39962060 933754
39962070 319306
39962108 820839
39962175 344568
39962250 179329
39962987 180223
39962988 430714
39963005 113073
39963085 667657
39963168 283028
39963170 963344
39963199 942015
39963243 393193
39963259 122803
39963269 228940
39963280 36589
39963353 85430
39963359 96571
39963384 346564
39963401 19408
39963403 45017
39474689 240274
39963424 503778
39963436 96823
39963451 133348
39963460 93546
30222100 121381
39963559 1492533
39963604 93768
39963605 3071012
39963708 22469
39963798 1310948
39963900 1403260
39963901 471217
15297686 1607
39964014 684482
39964018 24713
39964042 392884
39964050 358953
39964077 537149
39964139 1083423
39964140 217566
39964141 346668
39964180 2769830
39964184 99520
39964196 208979
39964257 613374
39964261 343396
39964280 219572
39964282 88039
39964297 43548
39964299 530808
39964304 57140
39964309 1747235
39964310 573858
39964317 677511
39964318 344515
39964327 240646
39964329 56469
39964330 498756
39964342 313069
39964350 100612
39964351 1536057
39964362 432714
39964397 851258
39964430 24015
39964462 915804
39964476 92649
39964675 1566894
39964684 799549
39964697 1400250
39964700 551462
39964701 1659466
39964702 202621
39964708 127911
39964723 679250
39964727 94443
39964737 189268
39964738 26477
39964886 488274
39964945 387017
39964956 17124
39964964 193512
39964976 653804
39964986 218719
39964991 108842
39965046 346296
39965062 1841177
39965303 101551
39965312 250972
39965345 332286
39965358 673946
39965373 879954
39965384 759654
39965431 892373
39965461 602489
39965462 64945
39965501 218290
39965504 924532
39965507 211889
39965548 312772
39965566 238002
39965581 104229
39965582 56835
39965583 251760
39965584 388993
39965599 392486
39965606 408278
39965607 1458486
39965638 1438395
39965641 2261160
39965726 133317
39965731 453904
39965733 83929
39965774 144724
39965775 161376
39965831 218110
39965845 100557
39965874 576244
39965912 199398
3924861 170776
39965991 897644
39966000 1016774
39966006 53914
39966025 1394046
12756861 213366
39966064 112245
39966079 81079
39966088 349750
39966112 2979776
39966175 708470
39966228 1528777
39966331 227278
39966454 883680
39966507 356621
39966515 336190
39966525 222723
39966536 532184
39966625 94927
39966644 207413
39966645 25767
39966795 249914
39966801 105860
39966813 177027
39966816 41921
39966843 63433
39966861 340003
39966916 51719
39966919 130413
39966922 95372
39966930 363884
39966963 662349
39966988 295494
39967000 5457
39967001 5460
39967030 98720
39967043 44159
39967045 51188
39967054 27489
39967056 43834
39967061 681815
39967274 1848727
39967298 190353
39967322 43323
39967385 161030
39967401 4845844
39967476 673148
39967534 198921
39967642 107619
39967647 1968732
39967655 319014
39967701 1146005
39967708 1694230
39967780 35962
39967826 1193911
39967830 643266
39951949 1162756
39967849 92865
39967852 99583
39967870 339827
39967878 1403
39967882 449374
39967888 55177
39967898 319356
39967907 177083
39968049 62878
39968183 1776337
39968196 900229
39968217 175541
39968218 1436736
39968252 78187
39968275 630947
39968294 155437
39968303 1012976
39968317 1443237
39968356 790346
39968403 2161940
39968406 365097
39968411 2050
39968752 96283
39968863 190196
39968869 324498
39968870 317984
39968971 1495720
39969007 1067911
39969159 299079
39969162 51069
39969173 100776
39969182 607515
39969188 36248
39969213 1192440
39969259 330445
39969265 213166
39969294 1312344
39969319 99703
39969328 101934
39969342 451847
39969345 83634
39969354 290225
39969362 26161
39969363 393094
39969394 14556
39969454 7121
39969472 170097
39969475 800674
39969476 335704
39969486 308672
39969497 387077
39969508 110314
39969869 552813
39969877 322951
39969905 415568
39969911 335133
39969987 157454
39970022 1045246
39970035 52722
39970043 216734
39970054 164414
39970118 443337
39970175 94298
39970201 225659
39970248 867035
39970251 336721
39970324 740816
39970453 5620
39970906 191090
39971018 350851
39971038 298995
39971040 1823954
39967648 2948525
39971228 207621
39971269 134868
39971518 547933
40004435 3249895
40023061 331028
15548458 92138
40038497 1490115
40038673 339829
40132764 541679
40174918 568564
40200600 903016
15649038 4110209
3811165 295773
39967901 695536
39967057 898041
39948753 320674
41193647 2765260
41201300 684151
41449642 341484
41489711 4878862
41709035 104232
39593587 662981
41722129 175235
44502336 344644
44502339 2128208
45119271 2538359
45119272 78074
3328008 644432
45119434 11829
45119461 126782
39966065 1415318
45119719 25665
45119720 80423
45119741 1933
45119742 145939
45119784 19732
45119788 971047
45119789 188549
45119797 620074
45120433 120716
45153563 3087819
28816539 143626
45174047 144277
45298243 68199
45308939 395461
45863587 68705
45863590 342607
45863591 922680
45863592 162832
45863595 554805
45863596 40953
45863598 103397
45863599 893222
45863600 157139
45863601 40040
45863610 831074
45863611 2463233
45863612 2463415
45863613 791219
45863615 333700
45863616 196218
45863617 914624
45863618 138390
45863619 941948
45863620 325951
45863621 858160
45863624 3273428
45863627 876375
45863631 163885
45863632 1650266
45863634 1815204
45863636 1757257
45863638 934546
45863640 678673
45863642 3697796
45863643 50292
45863646 330582
45863647 810250
45863648 956993
45863649 1456809
45863652 1540609
45863653 602824
45863655 35771
45863656 828979
45863657 732297
45863659 338528
45863660 449404
45863661 1205759
45863664 1358954
45863666 1581500
45863667 213070
45863669 92103
45863671 261961
45863673 122638
45863674 1520303
45863676 976074
45863678 294887
45863680 551772
45863682 226279
45863684 892663
45863687 340193
45863688 366034
45863689 1250166
45863691 1210854
45863693 2472769
45863696 1019840
45863697 2826954
45863699 1006911
45863700 131950
45863701 1431080
45863702 487338
45863704 1125950
45863705 442359
45863706 1984825
45863707 56308
45863711 345751
45863712 29137
45863713 2163687
45863714 1580618
45863719 477159
45863722 110841
45863723 2624658
45863724 37361
45863725 21710
45863733 2133060
45863734 2948449
45863736 521139
45863737 18252
45863739 96393
45863740 1753547
45863741 942043
45863742 1699177
45863743 4352346
45863745 431951
33786930 1326257
45863747 328486
45863748 390740
45863749 79168
45863751 216359
45863755 1717861
45863756 109599
45863758 1431197
45863759 309596
45863761 2428637
45863762 529534
45863763 3842392
45863764 358131
45863766 387549
45863768 883049
45863769 591084
45863770 911998
45863771 676074
45863772 830918
45863773 344109
45863774 749393
45863775 1307818
45863776 1070571
45863777 126615
45863778 1012946
45863783 3375853
45863784 701937
45863789 34875
45863790 218065
45863793 263436
45863796 54483
45863798 104605
45863801 50514
45863803 77324
45863805 597428
45863807 156164
45863812 50389
45863818 60040
45863819 139147
45863823 72375
45863827 72377
45863828 72378
45863834 6351
45863835 1489902
45863839 100677
45863843 60164
45863844 97775
45863845 200961
45863846 216360
45863847 41919
45863848 189037
45863850 46217
45863853 132493
45863854 54415
45863855 946190
45863857 1256735
45863859 330019
45863860 102103
45863864 831766
45863865 121844
45863866 249882
45863867 5574
45863869 121432
45863870 176595
45863871 120908
45863872 389771
45863874 134253
45863876 740388
45863877 526738
45863878 341571
45863881 49352
45863885 226499
45863889 347382
45863892 553712
45863894 393030
45863896 52402
45863900 224060
45863901 403793
45863902 100679
45863903 367549
45863904 225326
45863906 452575
45863908 213367
45863910 6371
45863911 1007351
45863913 16118
45863915 8207
45863916 634973
45863918 193460
45863919 480922
45863922 215185
45863923 5342
45863929 642954
45863931 19043
45863932 881533
45863933 400462
45863938 209388
45863939 422567
45863941 674552
45863942 275751
45863946 181694
45863948 417049
45863952 380832
45863954 867486
45863955 1487121
45863956 589303
45863957 483012
45863961 161796
45863965 238361
45863966 237572
45863971 888455
45863972 339734
45863975 713917
45863978 322840
45863980 324238
45863981 742107
45863982 139100
45863985 841992
45863988 56237
45863989 534870
45863993 742091
45863998 662034
45864001 1198618
45864002 1401979
45864003 1233416
45864004 107396
45864005 332711
45864035 13587
45864041 398839
45864047 180836
45864060 326333
45864062 219628
45864065 236667
45864067 78774
45864068 251737
45864069 328151
45864071 130350
45864072 40042
45864073 227537
45864076 192376
45864080 353551
45864089 17883
45864090 101893
45864091 196376
45864100 180837
45864101 5794
45864102 255374
45864104 165133
45864105 52832
45864106 12558
45864107 105278
45864110 24916
45864111 213930
45864115 411139
45864125 756942
45864131 349661
45864135 539310
45864146 121064
45864154 160030
45864156 330879
45864157 342186
45864161 131781
45864164 530842
45864167 200309
45864175 98442
45864183 105326
45864189 299643
45864191 28079
45864193 376113
45864203 416172
45864204 221973
45864205 321462
45864208 36474
45864212 72284
45864214 94643
45864215 94517
45864216 126730
45864217 50033
45864219 207674
45864222 369871
45864224 1043431
45864226 136191
45864227 385926
45864228 1349521
45864229 202358
45864230 396954
45864232 195239
45864233 343986
45864234 203404
45864236 53079
45864238 765060
45864239 343397
45864241 836837
45864242 248487
45864243 212966
45864247 51361
45864248 344954
45864250 1897306
45864251 13331
45864252 56113
45864254 252474
45864258 730359
45864259 30988
45864261 743917
45864262 221647
45864263 471211
45864264 1328212
45864265 104193
45864266 461364
45864267 190184
45864268 353158
45864270 367521
45864271 332548
45864272 505712
45864278 39344
45864281 94741
45864282 344395
45864283 363121
45864284 570370
45864286 628031
45864288 606239
45864290 75956
45864294 144989
45864295 578061
45864296 318824
45864298 37581
45864299 37582
45864301 318425
45864302 333822
45864303 646530
45864305 228367
45864307 934730
45864313 27790
45864314 144131
45864317 141974
45864318 48889
45864319 43717
45864321 323878
45864322 713211
45864324 144278
45864326 52395
45864327 91465
45864330 43100
45864331 285669
45864332 96826
45864333 842555
45864336 309537
45864337 100868
45864339 332679
45864347 403376
45864348 333610
45864351 252442
45864353 176323
45864356 339825
45864357 334000
45864358 1057003
45864359 554198
45864360 630332
45864361 96049
45864363 623460
45864364 209913
45864365 1535511
45864366 9726
45864367 59891
45864368 878565
45864369 215786
45864370 421507
45864373 350421
45864376 237419
45864377 101600
45864381 53430
45864384 754170
45864387 363485
45864388 635308
45864389 312584
45864390 824634
45864391 162198
45864392 1678845
45864397 137390
45864399 142164
45864401 159430
45864404 87760
45864405 122644
45864406 53974
45864408 76810
45864409 22245
45864419 20064
45864420 48890
45864421 376170
45864424 362519
45864429 51519
45864431 220615
45864432 271960
45864434 362061
45864435 136877
45864437 53110
45864439 161170
45864443 273078
45864445 580708
45864446 250003
45864447 210927
45864448 552833
45864452 97203
45864453 219480
45864454 329409
45864455 956462
45864456 320426
45864457 719843
45864458 194015
45864459 160825
45864461 322104
45864462 342871
45864469 487977
45864472 724384
45864475 362202
45864476 234169
45864477 345684
45864478 890402
45864479 313808
45864481 95425
45864483 29032
45864487 751543
45864489 39295
45864490 1945561
45864493 1620834
45864495 224070
45864496 53777
45864498 87761
45864507 325404
45864508 703181
45864509 226888
45864510 33574
45864512 160909
45864513 327088
45864514 937114
45864515 149069
45864519 892089
45864520 93544
45864521 330474
45864523 30625
45864525 53189
45864527 64126
45864528 103865
45864529 739318
45864530 51065
45864532 347381
45864533 37053
45864534 926781
45864540 677910
45864541 1050809
45864544 226593
45864548 40039
45864550 38525
45864553 290916
45864558 60116
45864561 324240
45864562 8728
45864564 832665
45864565 36989
45864566 10678
45864567 176863
45864572 75957
45864577 28177
45864579 90495
45864585 83427
45864588 14804
45864589 247642
45864590 554795
45864591 1005203
45864594 87215
45864597 364582
45864600 867235
45864601 80182
45864603 180780
45864607 124032
45864608 678489
45864610 446450
45864615 31927
45864618 197711
45864620 360806
45864623 49351
45864624 859874
45864625 172030
45864626 703517
45864627 99251
45864628 323881
45864629 626369
45864630 923607
45864631 343826
45864632 1096852
45864633 541704
45864634 78075
45864637 92190
45864640 1722131
45864641 758790
45864642 91379
45864643 379419
45864644 643666
45864645 2127178
45864647 619085
45864650 4721861
45864651 899682
45864652 3295193
45864653 113565
45864659 3233285
45864662 915208
45864663 147077
45864665 225851
45864666 901117
45864667 300804
45864668 193339
45864670 213929
45864671 1122102
45864672 2032829
45864676 962558
45864680 882214
45864683 2509140
45864686 306744
45864690 63684
45864691 1856613
45864693 1397331
45893646 317138
45893647 113657
45893648 632026
45893649 568726
45893650 2731
45893651 374496
45893652 361362
45893653 78397
45893654 107013
45893655 387426
45893656 347651
45893657 53043
45893658 511951
45893659 312862
45893660 2863
45893661 412164
45893662 95890
45893663 70616
45893664 445495
45893665 93763
45893666 83317
45893667 634278
45893668 338311
45893669 284691
45893670 1392891
45893671 77830
45893672 96101
45893673 1308057
45893675 101772
45893676 427949
45893677 228577
45893679 474040
45893681 1407513
45893682 293046
45893683 70439
45893684 22645
45893686 878208
45893687 39750
45893689 338061
45893691 1183336
45893692 121061
45893693 316875
45893695 553727
45893696 1377500
45893697 848728
45893699 98090
45893700 924106
45893701 687447
45893702 109557
45893703 673357
45893704 8726
45893706 345893
45893707 1406359
45893708 1060308
45893709 212271
45893710 212342
45893711 1743112
45893712 299920
45893713 171522
45893714 528961
45893715 392147
45893716 503901
45893717 2216445
45893718 2001988
45893719 472246
45893720 123203
45893721 257351
45893722 465982
45893725 202779
45893726 912584
45893728 291563
45893729 1202934
45893730 659931
45893731 135247
45893732 353245
45893733 817925
45893734 1300556
45893735 340922
45893736 122363
45893737 1331990
45893738 98661
45893739 50642
45893740 828046
45893741 1660118
45893742 340530
45893743 308517
45893744 959900
45893745 78773
45893746 2156807
45893747 2078367
45893748 86548
45893749 3137141
45893750 917699
45893751 4718689
45893752 756188
45893753 736849
45893754 1113227
45893755 547116
45893756 595927
45893757 56740
45893758 174443
45893759 95716
45893760 460448
45893761 141641
45893762 56834
45893763 534501
45893764 501784
45893765 54825
45893766 1304629
45893767 756110
45893768 1541893
45893769 347049
45893770 773659
45893771 826592
45893772 99945
45893773 461821
45893774 466712
45893775 889582
45893776 422196
45893777 422695
45893778 335430
45893779 1415155
45893780 791769
45893781 1385731
45893782 1438951
45893783 608159
45893784 1101007
45893785 577316
45893786 1015122
45893787 655705
45893788 1898462
45893789 52400
45893790 352979
45893791 570900
45893792 251924
45893793 54314
45893794 213505
45893795 513057
45893796 386757
45893797 366155
45893798 329090
45893799 19306
45893800 172630
45893801 891660
45893802 1429793
45893803 677226
45893804 361303
45893805 289707
45893806 766402
45893807 944119
45893808 1019194
45893809 362462
45893810 1045002
45893811 828685
45893812 594258
45893813 594202
45893814 1052143
45893815 1544401
45893816 812097
45893817 603335
45893818 554298
45893819 242561
45893820 510353
45893821 515075
45893822 332652
45893823 922958
45893824 1938361
45893825 631560
45893826 3611111
45893827 991610
45893828 931899
45893829 310918
45893830 901668
45893831 3818498
45893832 830217
45893833 176120
45893834 1741493
45893835 48622
45893836 1618706
45893837 445150
45893838 596923
45893839 2029412
45893840 627752
45893841 858195
45893842 380677
45893843 2912420
45893844 319622
45893845 1203267
45893846 570748
45893847 5341
45893848 1225567
45893849 333823
45893850 338796
45893851 248616
45893852 2264267
45893853 682297
45893854 647634
45893855 1511
45893856 341570
45893857 1248969
45893858 1561431
45893859 840611
45893860 1758614
45893861 2580031
45893862 53455
45893863 1026026
45893864 57093
45893865 284243
45893866 960218
45893867 1340029
45893868 395594
45893869 715271
45893870 899419
45893871 848735
45893872 1540549
45893873 396491
45893874 948026
45893875 497893
45893876 369420
45893877 1055188
45893878 703726
45893879 1624183
45893880 114922
45893881 159676
45893882 782546
45893883 97074
45893884 1306853
45893885 2345157
45893886 1622294
45893887 1918259
45893888 314780
45893889 2223548
45893890 337604
45893891 141780
45893892 2398076
45893893 92825
45893894 1007501
45893895 223272
45893896 664017
45893897 288912
45893898 510423
45893899 289473
45893900 1813012
45893901 917670
45893902 294962
45893903 662808
45893904 47074
45893905 35308
45893906 18047
45893907 251586
45893908 345588
45893909 1516202
45893910 1700494
45893911 339996
45893912 84115
45893913 883599
45893914 5462
45893915 53047
45893916 5455
45893917 385296
45893918 1055086
45893919 2440237
45893920 1182461
45893921 696403
45893922 144591
45893923 503706
45893924 169783
45893925 346196
45893926 328100
45893927 95155
45893928 889193
45893930 833346
45893931 582709
45893932 1775863
45893933 1387207
45893934 1997942
45893935 790264
45893936 3091469
45893937 848478
45893938 1123506
45893939 859117
45893940 1723552
45893941 2566470
45893942 224627
45893943 534191
45893944 671232
45893945 222732
45893946 607955
45893947 2302397
45893948 698587
45893949 1764250
45893950 220190
45893951 16412
45893952 98437
45893953 528922
45893954 637624
45893955 83430
45893956 3048497
45893957 911596
45893958 238261
45893959 1250007
45893960 1007110
45893961 1421172
45893962 394426
45893963 327751
45893964 365387
45893965 702070
45893966 227291
45893967 2585954
45893968 1086300
45893969 2311010
45893970 1188961
45893971 780031
45893972 1003641
45893973 743279
45893974 768562
45893975 3308716
45893976 122804
45893977 390118
45893978 3190460
45893979 297208
45893980 392708
45893981 347976
45893982 19415
45893983 806966
45893984 343769
45893985 782812
45893986 361123
45893987 2689034
45893988 908898
45893989 643916
45893990 1295564
45893991 2232283
45893992 251495
45893993 276210
45893994 975803
45893995 3178806
45893996 447555
45893997 1911641
45893998 1437750
45893999 917698
45894000 1420772
45894001 55529
45894002 330627
45894003 195704
45894004 1305231
45894005 205717
45894006 329314
45894007 201582
45894008 142814
45894009 1613376
45894010 815552
45894011 866131
45894012 68938
45894013 5393
45894014 913893
45894015 225050
45894016 116950
45894017 961437
45894018 343327
45894019 35775
45894020 2323959
45894021 213168
45894022 216026
45894023 157292
45894024 242452
45894026 626173
45894027 323562
45894028 2190490
45894029 161121
45894030 369500
45894031 251763
45894032 221026
45894033 340923
45894034 308663
45894035 152827
45894036 308643
45894037 865852
45894038 173151
45894039 344998
45894040 49841
45894041 515379
45894042 312631
45894043 607590
45894044 94891
45894045 776816
45894046 172415
45894047 530290
45894048 61751
45894049 2042508
45894050 2000760
45894051 925577
45894052 2084764
45894053 36472
45894054 236340
45894055 3376128
45894056 1403625
45894057 415571
45894058 1115477
45894059 1897995
45894060 622838
45894061 92991
45894062 4867461
45894063 1111573
45894064 572829
45894065 1353124
45894066 401246
45894067 1306854
45894068 651806
45894069 1389159
45894070 671785
45894071 961499
45894072 1439774
45894073 902169
45894074 951142
45894075 1098548
45894076 109044
45894077 1969636
45894078 2291714
45894079 627863
45894080 912932
45894081 1313119
45894082 652645
45894083 657164
45894084 201483
45894085 1970693
45894086 3217303
45894087 4870655
45894088 1255276
45894089 3572569
45894090 877944
45894091 1920551
45894092 440861
45894093 119640
45894094 1681442
45894095 662190
45894096 108439
45894097 395961
45894098 261710
45894099 1560066
45894100 972021
45894101 729910
45894102 96479
45894103 336073
45894104 249895
45894105 106456
45894106 175967
45894107 684567
45894108 331403
45894109 130089
45894110 667618
45894111 101897
45894112 668405
45894113 371903
45894114 430834
45894115 1420610
45894116 700417
45894117 2391923
45894118 901983
45894119 346672
45894120 158897
45894121 224835
45894122 170005
45894123 364002
45894124 188217
45894125 1358109
45894126 672492
45894127 1648493
45894128 898654
45894129 740647
45894130 1724211
45894131 740651
45894132 1030408
45894133 1343862
45894134 4009932
45894135 3523185
45894136 1198356
45894137 2269264
45894138 891322
45894139 1101644
45894140 2130896
45894141 362110
45894142 1105514
45894143 910671
45894144 333020
45894145 93434
45894146 1724517
45894147 321018
45894148 237028
45894149 1077172
45894150 383861
45894151 3379752
45894152 895538
45894153 2278829
45894154 2143555
45894155 2958400
45894156 1480342
45894157 1266679
45894158 947413
45894159 1510754
45894160 106865
45894161 624703
45894162 951933
45894163 829061
45894164 907543
45894165 337889
45894166 1128501
45894167 1128499
45894168 1178635
45894169 1757842
45894170 49652
45894171 3180337
45894172 1268813
45894173 341301
45894174 223258
45894175 53976
45894176 2618238
45894177 2871589
45894178 53244
45894179 389829
45894180 863824
45894181 159905
45894182 1640667
45894183 1707829
45894184 190510
45894185 729545
45894186 105382
45894187 1611838
45894188 2211757
45894189 473386
45894190 739595
45894191 1955864
45894192 4886097
45894193 510156
45894194 633762
45894195 1691563
45894196 249824
45894197 233079
45894198 2026976
45894199 974142
45894200 716099
45894201 1253704
45894202 1331049
45894203 2961602
45894204 1655837
45894205 1155048
45894206 386556
45894207 374294
45894209 858243
45894210 917416
45894211 2130899
45894212 58138
45894213 862331
45894214 1835244
45894215 1836643
45894216 1940710
45894217 2459912
45894218 1786691
45894220 1140081
45894221 1087746
45894222 608646
45894223 857460
45894224 381721
45894225 1002207
45894226 3423367
45894227 392885
45894228 796042
45894229 1075813
45894230 2016906
45894231 107535
45894232 363240
45894233 2273500
45894234 1640518
45894235 2979696
45894236 831415
45894237 962386
45894238 3066972
45894239 671684
45894240 2613690
45894241 332063
45894242 2499714
45894243 201181
45894244 100176
45894245 1572125
45894246 3008650
45894247 2111998
45894248 1510945
45894249 1634276
45894250 609178
45894251 1340187
45894252 1093365
45894253 3433125
45894254 2000680
45894255 3098886
45894256 2443439
45894257 4048831
45894258 662456
45894259 299154
45894260 330441
45894261 1485408
45894262 1033711
45894263 663210
45894264 2757126
45894265 3602499
45894266 220144
45894267 1778738
45894268 142180
45894269 1984590
45894270 1675051
45894271 517925
45894272 200060
45894273 384286
45894274 320186
45894275 1332235
45894276 391179
45894277 681699
45894278 785189
45894279 381562
45894280 120308
45894281 531740
45894282 223003
45894283 353652
45894284 785223
45894285 298977
45894286 739920
45894287 102296
45894288 859788
45894290 388852
45894291 333633
45894292 486996
45894293 289288
45894294 607014
45894295 926319
45894296 213874
45894297 927992
45894298 238260
45894299 769398
45894300 250748
45894301 880459
45894302 171548
45894304 1222429
45894305 213275
45894307 288096
45894308 52285
45894309 1164098
45894310 3619076
45894311 1296319
45894312 2194138
45894313 3268913
45894314 35569
45894315 3460986
45894316 141789
45894317 1083799
45894318 1338570
45894319 1304588
45894320 2760555
45894321 662889
45894322 251768
45894323 671782
45894324 1325432
45894325 1409026
45894326 697810
45894327 2729558
45894328 1245459
45894329 45086
45894330 1085501
45894331 741050
45894332 288383
45894333 2138610
45894334 249886
45894335 2880330
45894336 390086
45894337 2921540
45894338 884275
45894339 3131142
45894340 726644
45894341 231234
45894342 4694458
45894343 970242
45894344 2510284
45894345 323526
45894346 724972
45894347 225965
45894348 4736059
45894349 262005
45894350 2798501
45894351 551355
45894352 1275125
45894353 883413
45894354 962384
45894355 551715
45894356 1275095
45894357 2369609
45894358 2260736
45894359 1535928
45894360 344720
45894361 1596005
45894363 561988
45894364 174758
45894365 271664
45894366 880864
45894367 619882
45894368 1289509
45894369 362734
45894370 624319
45894371 1577213
45894372 1819697
45894373 333453
45894374 61752
45894375 2308898
45894376 1612483
45894377 357685
45894378 627454
45894379 52726
45894380 111742
45894381 3652192
45894382 295222
45894383 2378719
45894384 2025994
45894385 1535227
45894386 1420867
45894387 2075935
45894388 1848857
45894389 339672
45894390 2158510
45894391 1822263
45894392 860612
45894393 903820
45894394 2405459
45894395 923969
45894396 1313021
45894397 565997
45894398 1305629
45894399 2576829
45894400 55816
45894401 973827
45894402 1846883
45894403 890894
45894404 102298
45894405 2682440
45894406 3531806
45894407 2633450
45894408 689665
45894409 2478596
45894410 361860
45894411 349804
45894412 382471
45894413 392539
45894414 2881486
45894415 3053389
45894416 2978674
45894417 4542742
45894418 917158
45894419 912721
45894420 883601
45894421 2879466
45894422 1986358
45894423 4864709
45894424 2161713
45894425 2181983
45894426 2445234
45894427 2279314
45894428 3215631
45894429 2080922
45894430 34371
45894431 3114812
45894432 362206
45894433 353241
45894434 890451
45894435 709276
45894436 685384
45894437 953724
45894438 1335505
45894439 1144496
45894440 1144526
45894441 631619
45894442 837863
45894443 473306
45894444 1138550
45894445 11469
45894446 867640
45894447 743699
45894448 220186
45894449 669426
45894450 285564
45894451 408577
45894452 2884431
45894453 2138228
45894454 53648
45894455 527375
45894456 323494
45894457 428823
45894458 14801
45894459 330102
45894460 856596
45894461 2537032
45894462 25134
45894463 1712882
45894464 1011032
45894465 149816
45894466 9157
45894467 4502970
45894468 1317117
45894469 1205982
45894471 3066051
45894472 2333267
45894473 108686
45894474 2459500
45894475 541318
45894476 1746203
45894477 563657
45894478 15333
45894479 1622086
45894480 1577651
45894481 1165854
45894482 1979772
45894483 2656468
45894484 716956
45894485 1471884
45894486 245414
45894488 2434842
45894490 346740
45894491 1478196
45894492 1594946
45894493 648478
45894494 195507
45894495 261266
45894496 320153
45894497 121957
45894498 1129029
45894499 98443
45894500 108558
45894501 397234
45894502 215491
45894503 910274
45894504 388331
45894505 1416340
45894506 189526
45894507 76774
45894508 4407865
45894509 863831
45894510 332878
45894511 181521
45894512 1034429
45894513 136773
45894514 109417
45894515 58369
45894516 2539841
45894517 323740
45894518 1364990
45894519 924388
45894520 3052298
45894521 1014684
45894522 2230904
45894523 1227698
45894524 1420790
45894525 321997
45894526 2186899
45894527 3357024
45894528 917466
45894529 1722754
45894530 899683
45894531 2061898
45894532 1634598
45894533 300082
45894534 3864357
45894535 875562
45894536 1824523
45894537 863679
45894538 4837326
45894539 946240
45894540 3194549
45894541 374908
45894542 3431623
45894543 320963
45894544 1410
45894545 922191
45894546 396746
45894547 301359
45894548 697641
45894549 677089
45894550 819530
45894551 3201025
45894552 1476524
45894553 142499
45894554 1010063
45894555 879695
45894556 332572
45894557 390413
45894558 176752
45894559 1852322
45894560 3077929
45894561 647255
45894562 544185
45894563 536695
45894564 751255
45894565 320827
45894566 2213450
45894567 749728
45894568 391171
45894569 95063
45894570 1397963
45894571 2480395
45894572 3115283
45894573 399592
45894574 2359631
45894575 3154384
45894576 700277
45894577 1430455
45894578 388805
45894579 1293479
45894580 1430660
45894581 949753
45894582 1430858
45894583 485199
45894584 1073413
45894585 93929
45894586 215090
45894587 3551723
45894588 1632456
45894589 2882622
45894590 293450
45894591 507189
45894592 8485
45894593 362395
45894594 909557
45894595 76968
45894596 45299
45894597 191025
45894598 1742285
45894599 9026
45894600 12866
45894601 1078345
45894602 2408218
45894603 1374015
45894604 884910
45894605 54949
45894606 42613
45894607 825896
45894608 899103
45894609 9290
45894610 1708840
45894611 1326400
45894612 3340673
45894613 861592
45894614 2365625
45894615 1743916
45894616 29727
45894617 999650
45894618 3193041
45894619 11937
45894620 566279
45894621 661766
45894622 743344
45894623 735899
45894624 395116
45894625 829134
45894626 1805752
45894627 2048284
45894628 468936
45894629 1019914
45894630 2586021
45894631 524227
45894632 271170
45894633 4126973
45894634 3533213
45894635 2944924
45894636 863767
45894637 1438045
45894638 213368
45894639 1446463
45894640 1409147
45894641 621949
45894642 669569
45894643 1848018
45894644 2311361
45894645 2192476
45894646 2270911
45894647 2991496
45894648 1861946
45894649 995348
45894650 447806
45894651 959706
45894652 810010
45894653 1527279
45894654 1586491
45894655 1211176
45894656 2701876
45894657 2625382
45894658 296539
45894659 679194
45894660 1438766
45894661 324500
45894662 194340
45894663 905550
45894664 955356
45894665 2759859
45894666 507592
45894667 1811694
45894668 99118
45894669 554417
45894670 95894
45894671 573797
45894672 573868
45894673 620595
45894674 186180
45894675 331027
45894676 940258
45894677 212116
45894678 92429
45894679 105096
45894680 1001071
45894681 399541
45894682 1631278
45894683 47042
45894684 252341
45894685 1439397
45894686 638481
45894687 882825
45894688 54792
45894689 681797
45894690 221258
45894691 681300
45894692 1681658
45894693 1663001
45894694 1341794
45894695 223020
45894696 245678
45894697 1629378
45894698 860645
45894699 54826
45894700 271896
45894701 173573
45894702 1253790
45894703 363670
45894704 675681
45894705 1855955
45894706 2360005
45894707 807283
45894708 1494533
45894709 3141029
45894710 1343153
45894711 813308
45894712 1193637
45894713 95850
45894714 3056475
45894715 853140
45894716 22574
45894717 1585150
45894718 1313868
45894719 461564
45894720 97672
45894721 891428
45894722 1201336
45894723 964167
45894724 280483
45894725 1730398
45894726 681869
45894727 1242613
45894728 369643
45894729 732174
45894730 466843
45894731 869911
45894735 859873
45894736 180683
45894737 2029930
45894738 2019578
45894739 3028726
45894740 2010966
45894741 2376365
45894742 1611873
45894743 525731
45894744 325411
45894745 103062
45894746 71119
45894747 38602
45894748 701509
45894749 354565
45894750 2139803
45894751 178616
45894752 209912
45894753 291739
45894754 962589
45894755 344035
45894756 822644
45894757 687554
45894758 86014
45894759 218800
45894760 364373
45894761 200486
45894762 322057
45894763 862480
45894764 100870
45894765 176955
45894766 395771
45894767 297123
45894768 938829
45894769 393648
45894770 364065
45894771 540362
45894772 1512892
45894773 305484
45894774 67201
45894775 228463
45894776 2048
45894777 51086
45894778 666182
45894779 231641
45894780 1119434
45894781 105523
45894782 323880
45894783 946529
45894784 623552
45894785 52566
45894786 345652
45894787 44313
45894788 274532
45894789 339828
45894790 448806
45894791 224129
45894792 39296
45894793 345523
45894794 324698
45894795 107618
45894796 452688
45894797 286277
45894798 52667
45894799 627204
45894800 565259
45894801 295714
45894802 385927
45894803 218682
45894804 187665
45894805 5656
45894806 218398
45894807 53574
45894808 758073
45894809 308508
45894810 581082
45894811 656318
45894812 325374
45894813 432758
45894814 292352
45894815 406970
45894816 534869
45894817 383856
45894818 515193
45894819 300384
45894820 104532
45894821 353126
45894822 416296
45894823 94381
45894824 100821
45894825 324363
45894826 1029049
45894827 95951
45894828 868097
45894829 226968
45894830 436039
45894831 332574
45894832 324549
45894833 1202742
45894835 371645
45894836 1101642
45894837 1705684
45894838 216735
45894839 1568889
45894840 295147
45894841 856396
45894842 627086
45894843 622324
45894844 662886
45894845 399765
45894846 52555
45894847 618178
45894848 17046
45894849 431509
45894850 471912
45894851 261455
45894852 1199515
45894853 150870
45894854 566330
45894855 342242
45894856 287978
45894857 160243
45894858 288304
45894859 220191
45894860 107939
45894861 63521
45894862 362026
45894863 621725
45894864 800326
45894865 426106
45894866 35423
45894867 333206
45894868 467681
45894869 49568
45894870 394768
45894871 295602
45894872 1246100
45894873 828223
45894874 1203636
45894875 96158
45894876 214079
45894877 237661
45894878 639291
45894879 222334
45894880 283107
45894881 863818
45894882 471290
45894883 108716
45894884 48370
45894885 257303
45894886 618719
45894887 464493
45894888 214806
45894889 395419
45894890 22827
45894891 600671
45894892 45502
45894893 179738
45894894 323992
45894895 58192
45894896 393191
45894897 215091
45894898 338369
45894899 164511
45894900 429634
45894901 2057673
45894902 53473
45894903 1041547
45894904 659430
45894905 318147
45894906 325612
45894907 325866
45894908 913812
45894909 576120
45894910 747182
45894911 867033
45894912 194271
45894913 2071986
45894914 721066
45894915 217716
45894916 917212
45894917 86211
45894918 52405
45894919 343182
45894920 1245069
45894921 220855
45894922 213508
45894923 64174
45894924 284182
45894925 174672
45894926 589645
45894927 432409
45894928 584136
45894929 538340
45894930 149071
45894931 1494354
45894932 820581
45894933 51720
45894934 86178
45894935 119008
45894936 87187
45894937 22252
45894938 1682178
45894939 398235
45894940 317768
45894941 1149388
45894942 1461288
45894943 157103
45894944 63866
45894945 206276
45894946 129365
45894947 132608
45894948 167684
45894949 142372
45894950 35965
45894951 791074
45894952 517130
45894953 63256
45894954 134124
45894955 362961
45894956 353530
45894957 185518
45894958 597194
45894959 484796
45894960 385819
45894961 63993
45894962 108199
45894963 130464
45894964 385820
45894965 46805
45894966 55732
45894967 65014
45894968 52288
31990208 128705
45894969 72565
45894970 175055
45894971 201817
45894972 7442
45894973 68532
45894974 912040
45894975 150397
45894976 463826
45894977 527469
45894978 65789
45894979 170608
45894980 59850
45894981 83243
45894982 5573
45894983 309440
45894984 107009
45894985 1304676
45894986 339831
45894987 93879
45894988 587674
45894989 306141
45894990 337567
45894991 21196
45894992 362323
45894993 453333
45894994 1405656
45894995 46845
45894996 36180
32587439 670130
45894997 224950
45894998 1041231
45894999 150832
45895000 100777
45895001 218186
45895002 6349
45895003 96439
45895004 90055
45895005 661008
45895006 148935
45895008 205162
45895009 118658
45895010 1039426
45895011 550182
45895012 550095
45895013 197434
45895014 313124
45895015 831887
45895016 75652
45895017 476768
45895018 850260
45895019 200197
45895020 550313
45895021 866639
45895022 820593
45895023 217185
45895024 751938
45895025 921086
45895026 130965
45895027 56670
45895028 545420
45895029 177174
45895030 62809
45895031 62332
45895032 462548
45895033 123015
45895034 267283
45895035 860293
