33935 36005
1805712 8726
1907340 234127
2783951 145106
707700 75379
6403361 76395
3022095 312772
3368144 161412
7289335 16182
7427535 110845
7457468 169196
7555687 340923
7602044 238260
7728897 16017
7848781 92718
7881392 578050
4789759 248910
7979766 162950
7984086 51593
8021981 48890
8054951 551462
8057876 294962
8104995 335602
8121574 19408
8140554 164479
8141230 238540
8152322 60455
8274073 349145
434150 344924
1481085 135340
1838133 220047
8528225 528987
8553130 299987
4055003 98440
8640531 49394
8646464 52285
8648188 190194
8648188 142165
8650313 361082
8674459 109361
8699321 43404
8763262 36767
8778550 145801
3265744 190414
8793409 95098
6125120 149960
8922533 660797
8926960 120860
8927112 98090
8937932 48929
8948206 391910
9007458 458448
9048245 86902
9216282 9289
9320029 658964
9353953 279574
2717333 186737
1518710 340477
10416313 816702
10416346 124601
10422723 329314
3296080 182040
10433203 284181
10437387 230461
10661909 568165
10672576 240514
10677083 393094
3765356 99642
10688863 226189
10742634 36178
10771003 95375
10783554 51909
1907311 19415
10802336 15333
10805292 104463
10811876 17127
10821823 135432
10823615 29920
10824649 192828
10829300 135379
10831116 961614
10831124 10677
10834133 152411
10843028 651676
10844168 102297
8526645 217838
1072441 142277
10880003 409740
10896580 50508
10900566 36136
10913147 506914
10926241 213940
10926270 272747
10960719 93664
10987248 216351
4008846 52190
11019569 222178
11031937 54314
11042949 144659
11051857 219573
1277380 252442
11082557 100177
11093795 348489
11100780 285750
11108370 226083
11122175 348874
11117291 233078
11137341 220722
602583 237605
11140495 724972
11143355 54186
11160873 321766
11161559 220815
11162449 337888
11172627 111742
11173484 226736
11174111 94102
11176655 461702
11182191 78774
11196849 121586
11198374 449374
3036541 151366
11201107 37672
2616943 112766
11203598 1489902
11119003 312631
11210207 224515
11214097 34680
11215353 97847
11215362 56166
11217932 93765
11218374 212417
11222580 22249
11223547 101597
11226675 443682
11233651 72376
11236814 38019
11244582 466085
1481123 659890
11256847 101649
11257297 13475
11259685 95476
11270393 8361
11272570 39645
11274086 5469
11288253 50847
11289621 476784
2617805 41178
11300406 187524
10953350 105326
11305229 862062
11318820 99840
11320243 151190
11322379 62851
11323024 230942
11335914 907401
7870568 98990
11355616 104607
11357718 99841
11358923 95100
11376801 70121
11376808 349477
11379704 5455
3265745 445273
11382797 1394
11382933 40039
11390560 93662
11391924 54527
11400083 5748
11404359 158181
1481127 330443
11408472 83296
11413930 324697
11422298 66148
11429215 76283
11431616 51431
11432521 407821
11437931 219723
11451627 612884
11453218 218110
11453615 14801
11460134 249889
1838268 333654
11469353 217287
11489298 132825
11490027 199288
11507522 38891
11510268 188743
11517645 339675
11518166 67999
11519153 109559
11535444 104229
11546847 325244
11561563 176500
11571745 594824
4299516 65703
11592648 91625
1466215 216884
11601737 1009884
11605343 42322
11605462 119438
11614432 157102
11617323 90055
11203589 42805
11639258 215089
12495004 227444
12518820 356784
13040487 276393
3247056 606239
14268003 51718
14286997 51430
14489738 66613
14555159 2052
14560274 17881
14561935 28079
14562291 919042
14568526 96284
14568780 204598
14568988 104321
14577693 274622
14586088 96709
14619430 51833
14621145 670618
3367732 345071
14668571 328730
14684666 541679
14743210 75546
15609389 616661
24346598 50641
24346598 485052
24347105 440443
24358408 215721
24358425 160030
24365575 215090
24367172 139046
24367545 15129
24378470 52402
24394091 392673
24404229 2508
24406263 76048
24407320 330879
24410746 21102
24410906 6067
24414382 105860
28541547 198874
28548087 391402
28555041 16409
28577814 96040
8699329 142862
30297573 50959
30312584 47118
30313155 170727
30376854 238188
30405177 248536
30405181 511952
30405190 5795
30405207 267604
30405231 293978
31075816 92649
31091358 79784
31094160 169267
31105863 309048
31126388 76693
31131585 353529
31131610 31258
31131615 23040
31131650 48180
31131672 222336
31131719 188506
31131753 341485
31131772 200342
31131877 31611
31131879 19421
31132154 97345
31132170 58369
31132227 301077
31132261 461364
31132403 120908
31132409 352059
31132440 271960
31132449 241665
31132840 181694
31132999 94588
31133115 446450
31133117 32598
31133137 142801
31133168 303201
31134732 35962
31134821 307149
31134857 345584
31140846 62332
31140856 24514
31140857 613962
31140860 316068
31140867 611938
31140874 100173
31140885 197711
31140889 221879
31140899 102968
31140912 232959
31140919 12103
10671423 471927
31154945 194015
31157124 142312
31161971 130350
31162076 290225
3607939 77422
31163361 100133
2617075 783503
31163479 104822
31163537 582470
31164165 50850
31166251 324174
31166733 50953
31167727 363403
31168035 171548
31169054 344954
31169460 299764
31170477 37294
31170487 99523
31170922 177027
31171361 1627
31770753 878565
31770762 8485
31770870 102298
31770892 121957
31770905 11038
31770932 214742
31770950 846159
33109857 291741
33552457 334392
33553493 324799
33554186 186206
33555727 1314486
33556499 662349
36666874 119556
36707974 90159
36708012 24810
36725361 351208
36725813 35569
40110292 119945
40111073 1413
40118480 35770
40120487 842005
40120495 14342
40120683 11712
40121321 80423
40132768 338371
40162990 52773
10812849 216388
40185749 397529
40189019 108436
40190050 314780
40190897 265418
40190922 7712
1804744 16994
40196099 460251
40197313 98444
40198379 57569
40198423 186884
40199110 341364
40206444 93717
40212077 1623
40212495 126762
40217358 759697
40217458 370109
40223141 100354
40227733 51994
40227816 192467
40229216 367687
11305026 107608
34471529 396895
41197729 35963
41197745 102748
31102860 192468
41199027 261141
41204053 41921
46103038 87760
46111036 204475
46111860 64945
46141234 417362
46154556 126905
46154557 429253
46154558 55339
46154559 267323
46154560 41541
46154561 62372
46154562 97967
46154563 128023
46154564 320856
46154565 226588
46154566 1403
46154567 181904
46154568 137390
46154569 112353
46154570 109872
46154571 95420
46154572 77299
46154573 362064
46154574 265798
46154575 170776
46154576 325865
46154577 137091
46154578 177083
46154579 227326
46154580 233355
46154581 1488841
46154582 99466
46154583 95477
46154584 142296
46154585 46551
46154586 99329
46154587 85355
46154588 371696
46154589 70132
46154596 867410
46154597 143678
46154598 910410
46154599 57951
46154600 44231
46154601 313069
46154602 209913
46154603 232110
46154604 16634
46154605 21168
46154606 339406
46154607 460478
46154608 101824
46154609 70658
46154610 213164
46154611 660888
46154612 296411
46154613 143461
46154614 549879
46154615 21100
46154616 80182
46154617 803747
46154618 72968
46154619 5458
46154620 489201
46154621 326289
46154622 295146
46154623 131781
46154624 612421
46154625 50642
46154626 215260
46154627 100679
46154628 52187
46154629 393842
46154630 99036
46154631 52722
46154632 97604
46154633 51716
46154634 361578
46154635 623849
46154636 108200
46154637 70843
46154638 70879
46154639 56927
46154640 219932
46154641 95716
46154642 71289
46154643 53403
46154644 36765
46154645 341221
46154646 70133
46154647 500717
46154648 277547
46154649 246686
46154650 212530
46154651 319682
46154652 43403
46154653 117648
46154654 79987
46154655 50516
46154656 124131
46154657 218292
46154658 333037
46154659 428797
46154660 604127
46154661 48888
46154662 326270
46154663 221648
46154664 215318
46154665 41409
46154666 180832
46154666 225051
46154667 322787
46154668 330373
46154669 213505
46154670 513057
46154671 577576
46154672 201295
46154673 67174
46154674 525618
46154674 73937
46154675 153674
46154676 333384
46154677 193147
46154678 80044
46154679 248621
46154680 35869
46154681 325408
46154682 51360
46154683 338948
46154684 79283
46154685 224514
46154686 19417
46154687 141402
46154690 363171
46154691 109522
46154692 507833
46154693 213165
46154694 218794
46154695 296099
46154696 17120
46154697 112148
46154698 140104
46154699 37053
46154700 53603
46154701 253352
46154702 231113
46154703 64126
46154704 105379
46154707 105473
46154708 226888
46154709 58040
46154710 328979
46154711 51429
46154712 94288
46154713 219889
46154714 44865
46154715 126216
46154716 167536
46154717 344215
46154718 17123
46154719 274126
46154720 430714
46154721 154332
46154722 333822
46154723 222998
46154724 51519
46154726 46272
46154727 41917
46154728 440773
46154729 91103
46154730 176541
46154731 17050
46154732 343902
46154735 104743
46154736 105229
46154737 28898
46154738 362166
46154739 54017
46154740 154403
46154741 146221
46154742 639957
46154743 519657
46154744 105418
46154745 168419
46154746 72229
46154747 134253
46154748 37782
46154749 556219
46154750 42697
46154751 671093
46154752 142914
46154753 330067
46154754 93661
46154755 901051
46154756 97849
46154757 202407
46154758 669493
46154759 100905
46154760 394805
46154761 220264
46154762 333746
46154763 102870
46154764 104821
46154765 355881
46154766 110236
46154767 52723
46154768 97203
46154769 144277
46154770 50963
46154771 368333
46154772 94164
46154773 318824
46154774 22826
46154775 59525
46154776 345588
46154777 651770
46154778 121508
46154779 247334
46154780 96283
46154781 366606
46154782 549880
46154783 324498
46154784 96570
46154785 1071981
46154786 330444
46154787 53047
46154788 115157
46154789 95103
46154790 46219
46154791 215666
46154792 93143
46154793 47040
46154794 54018
46154795 189037
46154796 101650
46154797 216360
46154798 281986
46154799 884143
46154800 142606
46154801 77552
46154802 658704
46154803 842555
46154804 98437
46154805 135079
46154806 17880
46154807 5464
46154808 178308
46154809 584033
46154810 202358
46154811 264889
46154812 43405
46154813 220670
46154814 297208
46154815 142424
46154816 226965
46154817 215184
46154818 85430
46154819 357763
46154820 337485
46154821 23039
46154822 1027367
46154823 342138
46154824 173390
46154825 229904
46154826 353762
46154827 52837
46154828 51643
46154829 235856
46154830 235886
46154831 388993
46154832 1005203
46154833 287360
46154834 38791
46154835 423315
46154836 312584
46154837 34875
46154838 111157
46154839 219572
46154840 218065
46154841 342104
46154842 60295
46154843 321609
46154844 108201
46154845 349774
46154846 96827
46154847 322840
46154848 498756
46154849 225051
46154850 325607
46154851 110915
46154852 387077
46154853 104678
46154854 215088
46154855 611880
46154856 501440
46154857 54865
46154858 84411
46154859 354664
46154860 213168
46154861 78274
46154862 330474
46154863 154224
46154864 62429
46154865 92465
46154866 157928
46154867 100512
46154868 252908
46154869 276394
46154870 217288
46154871 333747
46154872 285250
46154873 251763
46154874 22248
46154875 325609
46154876 881533
46154877 765060
46154881 263436
46154882 323327
46154883 308646
46154884 660211
46154885 112305
46154886 141979
46154887 35682
46154888 164078
46154889 832043
46154890 5597
46154891 54948
46154892 109597
46154893 329680
46154894 79956
46154895 22469
46154896 83928
46154897 340763
46154898 121189
46154899 160736
46154900 201583
46154901 72284
46154902 218532
46154903 243765
46154904 243780
46154905 36474
46154906 90390
46154907 116951
46154908 104947
46154909 94891
46154910 50033
46154911 621179
46154912 61751
46154913 9725
46154914 100270
46154915 36475
46154916 15959
46154917 344217
46154918 144456
46154919 395464
46154920 216411
46154921 99325
46154922 126730
46154923 392146
46154924 5160
46154925 687060
46154926 1041575
46154927 1407
46154928 79015
46154929 84855
46154930 147358
46154931 612552
46154932 330445
46154933 94643
46154934 24713
46154935 323737
46154936 33128
46154937 324801
46154938 142276
46154939 6514
46154940 21574
46154941 103466
46154942 314744
46154943 242203
46154944 240412
46154945 676001
46154946 338528
46154947 336073
46154948 92190
46154949 106456
46154950 240413
46154951 342606
46154952 331403
46154953 190301
46154954 128344
46154955 512930
46154956 526738
46154957 17961
46154958 862267
46154959 19419
46154960 275945
46154961 218114
46154962 63433
46154963 754170
46154964 158897
46154965 51648
46154966 224835
46154967 188217
46154970 284244
46154973 249692
46154974 95156
46154975 249624
46154976 199191
46154977 56781
46154978 417049
46154979 131166
46154980 112011
46154981 295621
46154982 104320
46154984 95192
46154985 51277
46154986 322674
46154987 144080
46154988 333748
46154989 48930
46154990 388788
46154991 51520
46154992 201657
46154993 552679
46154994 343397
46154995 828847
46154996 190416
46154997 124729
46154998 602409
46154999 148599
46155000 93545
46155001 342868
46155002 52725
46155003 49652
46155004 320267
46155005 72377
46155006 53776
46155007 624964
46155008 341301
46155009 223258
46155010 53976
46155011 52401
46155012 262045
46155013 53244
46155014 53604
46155015 1329933
46155016 57299
46155017 392220
46155018 168952
46155019 140022
46155020 325611
46155021 314050
46155022 378506
46155023 137995
46155024 508128
46155025 389829
46155026 199164
46155027 72378
46155028 316681
46155029 52044
46155030 345113
46155031 94892
46155032 362202
46155033 152889
46155034 449296
46155035 159905
46155036 698085
46155037 463421
46155038 72379
46155039 441136
46155040 84856
46155041 503681
46155042 175111
46155043 1408
46155044 333688
46155045 169560
46155046 72380
46155047 345684
46155048 328873
46155049 75158
46155050 340478
46155051 585411
46155052 332122
46155053 390739
46155054 361705
46155055 72375
46155056 391204
46155057 1629
46155058 1300097
46155059 84112
46155060 174210
46155061 163368
46155062 231777
46155063 582480
46155064 251698
46155065 506948
46155066 131519
46155067 473386
46155068 739595
46155069 361168
46155070 369673
46155071 198240
46155072 43482
46155073 208417
46155074 46802
46155075 104948
46155076 301018
46155077 109955
46155078 633762
46155079 227199
46155080 249861
46155081 222734
46155082 929854
46155083 38611
46155084 313191
46155085 83568
46155086 249565
46155087 49653
46155088 1097010
46155089 17125
46155090 274623
46155091 374294
46155092 814008
46155093 72843
46155094 144182
46155095 219480
46155096 52189
46155097 376113
46155098 455832
46155099 462448
46155100 100132
46155101 338643
46155102 594738
46155103 145543
46155104 347381
46155105 739318
46155106 160656
46155107 1248774
46155108 342871
46155109 160825
46155110 322104
46155111 249951
46155112 170671
46155113 363240
46155114 55532
46155115 505113
46155116 503682
46155117 475107
46155118 407823
46155119 39079
46155120 599587
46155121 194695
46155122 238997
46155123 584026
46155124 579146
46155125 416172
46155126 188490
46155127 165501
46155128 758388
46155129 297153
46155130 51717
46155131 547990
46155132 344423
46155133 99640
46155134 339008
46155135 225522
46155136 877515
46155137 339001
46155138 471045
46155139 332063
46155148 142066
46155151 344859
46155152 201181
46155153 135244
46155154 35922
46155155 146506
46155156 213365
46155157 305870
46155158 1056326
46155159 100176
46155160 505712
46155161 57066
46155162 172771
46155163 94507
46155164 398190
46155165 302501
46155166 98709
46155167 51076
46155168 260369
46155169 96888
46155170 621337
46155171 189085
46155172 111082
46155173 344515
46155174 43548
46155175 633997
46155176 655
46155177 21710
46155178 140189
46155179 117485
46155180 323778
46155183 142180
46155184 705436
46155185 390686
46155186 312774
46155187 220554
46155188 389771
46155189 146736
46155190 51077
46155191 95248
46155192 613374
46155193 200060
46155194 216075
46155195 332550
46155196 219933
46155197 1142375
46155198 320186
46155199 293979
46155200 785189
46155201 120308
46155202 130414
46155203 223003
46155204 785223
46155205 78042
46155206 480922
46155207 298977
46155208 622595
46155209 435450
46155210 48506
46155211 325105
46155212 321462
46155213 102296
46155214 628031
46155215 401353
46155216 333633
46155217 333610
46155218 289288
46155219 60040
46155220 104530
46155221 240202
46155222 353350
46155223 169268
46155224 991790
46155225 176595
46155226 769398
46155227 213275
46155228 128473
46155229 632212
46155230 242365
46155231 141781
46155232 267546
46155233 257942
46155234 141789
46155235 58228
46155236 628601
46155237 129480
46155238 499841
46155239 159309
46155240 543655
46155241 73866
46155242 406246
46155243 276251
46155244 464379
46155245 42551
46155246 204698
46155247 28899
46155248 40898
46155249 249923
46155250 174481
46155251 19732
46155252 249473
46155253 364583
46155254 224308
46155255 218436
46155256 155956
46155257 312671
46155258 671782
46155259 740388
46155260 341571
46155261 504872
46155262 673148
46155263 441525
46155264 341363
46155265 330581
46155266 53189
46155267 394898
46155268 621384
46155269 426818
46155270 646689
46155271 488630
46155272 249370
46155273 365475
46155274 249882
46155275 399384
46155276 249707
46155277 859621
46155278 367550
46155279 740841
46155280 98601
46155281 658705
46155282 131887
46155283 76047
46155284 293980
46155285 455162
46155286 65894
46155287 71955
46155288 389830
46155289 101709
46155290 97894
46155291 396697
46155292 267807
46155293 249912
46155294 50034
46155295 249884
46155296 410386
46155297 116944
46155298 577914
46155299 705121
46155300 467800
46155301 160827
46155302 321836
46155303 499885
46155304 500046
46155305 124797
46155306 445641
46155307 73819
46155308 406147
46155309 159720
46155310 249699
46155311 22871
46155312 249886
46155313 99117
46155314 249892
46155315 86095
46155316 665645
46155317 316966
46155318 132286
46155319 782949
46155320 205334
46155321 30022
46155322 231234
46155323 323526
46155324 278712
46155325 77366
46155326 126373
46155327 225965
46155328 72285
46155329 502287
46155330 538876
46155331 262005
46155332 350365
46155333 240274
46155334 425607
46155335 249909
46155336 267484
46155337 101826
46155338 190662
46155339 109741
46155340 364584
46155341 626250
46155342 53977
46155343 362660
46155344 96193
46155345 366695
46155346 279463
46155347 53645
46155348 99039
46155349 139147
46155350 119348
46155351 309596
46155352 82828
46155353 111557
46155354 502180
46155355 318363
46155356 551245
46155357 228737
46155358 18111
46155359 82873
46155360 91464
46155361 507096
46155374 344720
46155375 41133
46155376 206678
46155377 101166
46155378 173144
46155379 99634
46155380 99941
46155381 365698
46155382 91462
46155383 231509
46155384 23136
46155385 193650
46155386 98896
46155387 298074
46155388 154579
46155389 276592
46155390 53114
46155391 94107
46155392 51996
46155393 62320
46155394 265311
46155395 223920
46155396 343903
46155397 174758
46155398 271597
46155399 271664
46155400 100475
46155401 99705
46155402 91465
46155403 189374
46155404 99250
46155405 111618
46155406 111681
46155407 450818
46155408 60920
46155409 450824
46155410 53548
46155411 66524
46155412 35776
46155413 80126
46155417 217376
46155418 61752
46155419 189980
46155420 174831
46155421 124987
46155422 391819
46155423 392050
46155424 91891
46155425 483048
46155426 99469
46155427 290827
46155428 19420
46155429 274404
46155430 95949
46155431 52726
46155432 86011
46155433 613918
46155434 5828
46155435 232010
46155436 859986
46155437 339672
46155438 204038
46155439 101651
46155440 299824
46155441 98275
46155442 453068
46155443 4412
46155444 65040
46155445 334000
46155446 204156
46155447 278811
46155448 505679
46155449 108873
46155450 352650
46155451 94965
46155452 94380
46155453 5342
46155454 144724
46155455 80045
46155456 49228
46155457 98039
46155458 55816
46155459 468524
46155460 54559
46155461 36007
46155462 170198
46155463 205643
46155464 91906
46155465 78335
46155466 92197
46155467 278847
46155468 112012
46155469 43834
46155470 51181
46155471 109243
46155472 278948
46155473 104531
46155474 678930
46155475 278825
46155476 142570
46155477 150640
46155478 53245
46155479 228579
46155480 39124
46155481 159589
46155482 135509
46155483 668477
46155484 619437
46155485 281607
46155486 65895
46155487 98934
46155488 267196
46155489 53045
46155490 109096
46155491 300336
46155492 44159
46155493 124032
46155494 225330
46155495 109197
46155496 161170
46155497 500334
46155498 199577
46155499 672741
46155500 52839
46155501 98162
46155502 270893
46155503 14676
46155504 14555
46155505 25767
46155506 13705
46155507 32311
46155508 7445
46155509 51278
46155510 8484
46155511 20887
46155512 2053
46155513 24215
46155514 23655
46155515 7805
46155516 6967
46155517 9519
46155518 9854
46155519 8613
46155520 657922
46155521 229318
46155522 30814
46155523 31927
46155524 24809
46155525 8728
46155526 3926
46155527 7593
46155528 743917
46155529 30988
46155530 12223
46155531 194270
46155532 1002
46155533 9966
46155534 12343
46155535 25027
46155536 24915
46155537 25365
46155538 8902
46155539 10099
46155540 60599
46155541 43717
46155542 53044
46155543 9623
46155544 13326
46155545 33227
46155546 11469
46155547 7951
46155548 13085
46155549 25483
46155550 32026
46155551 42504
46155552 27081
46155553 32118
46155554 29919
46155555 10440
46155556 27186
46155557 11586
46155558 273132
46155559 13193
46155560 10545
46155561 10254
46155562 67747
46155563 316247
46155564 226585
46155565 8077
46155566 13587
46155567 9025
46155568 25134
46155571 12865
46155572 10923
46155573 189500
46155574 6683
46155575 149816
46155576 12655
46155577 23770
46155578 9157
46155579 9726
46155580 11830
46155581 28178
46155582 12558
46155583 25665
46155584 201264
46155585 7256
46155586 28807
46155587 23910
46155588 11209
46155589 32714
46155590 13925
46155591 31715
46155592 24603
46155593 32818
46155594 139708
46155595 8207
46155596 295254
46155597 45819
46155598 45423
46155599 62354
46155600 23365
46155601 55684
46155602 268222
46155603 236759
46155604 62882
46155605 118192
46155606 12453
46155607 86786
46155608 118498
46155609 109520
46155610 55923
46155611 189681
46155612 651802
46155613 84857
46155614 86208
46155615 80183
46155616 181344
46155617 223608
46155618 277764
46155619 52565
46155620 82235
46155621 98091
46155622 328586
46155623 97704
46155624 132378
46155625 461308
46155626 6371
46155627 316558
46155628 841098
46155629 276008
46155630 633384
46155631 220615
46155632 117095
46155633 119945
46155634 53049
46155635 117011
46155636 102228
46155637 337956
46155638 211832
46155639 485071
46155640 346740
46155641 485057
46155642 52286
46155643 56376
46155644 100358
46155645 90931
46155646 21008
46155647 18305
46155648 98442
46155649 195507
46155650 48931
46155651 216076
46155652 91341
46155653 46217
46155654 98378
46155655 511955
46155656 161076
46155657 90159
46155658 320153
46155659 676040
46155660 213276
46155661 95193
46155662 54415
46155663 259950
46155664 436243
46155665 307997
46155666 98443
46155667 216939
46155668 141974
46155669 485085
46155670 146805
46155671 485086
46155672 385817
46155673 412207
46155674 858785
46155675 827518
46155676 295450
46155677 388373
46155678 388373
46155679 622554
46155680 328783
46155681 1409
46155682 215491
46155683 385570
46155684 207693
46155685 174582
46155686 35777
46155687 218235
46155688 296324
46155689 42453
46155690 187505
46155691 144278
46155692 578027
46155693 189526
46155694 196389
46155695 1245806
46155696 222332
46155697 57140
46155698 399613
46155699 577422
46155700 403793
46155701 325410
46155702 140106
46155703 95588
46155704 76725
46155705 76774
46155706 218796
46155707 389369
46155708 145765
46155709 759166
46155710 929821
46155711 698250
46155712 30625
46155713 152034
46155714 30716
46155715 31361
46155716 31450
46155717 30905
46155718 31171
46155719 234241
46155720 256851
46155721 181521
46155722 102720
46155723 905409
46155724 35961
46155725 58042
46155726 318425
46155727 353351
46155728 669886
46155729 53914
46155730 95295
46155731 960097
46155732 110095
46155733 237700
46155734 10098
46155735 224733
46155736 696794
46155737 189492
46155738 221973
46155739 365527
46155740 346092
46155741 136773
46155742 322954
46155743 132323
46155744 226497
46155745 51588
46155746 101601
46155747 323373
46155748 193339
46155749 43689
46155750 881164
46155751 22245
46155752 341073
46155753 51649
46155754 841992
46155755 701273
46155756 145641
46155757 73418
46155758 1515
46155759 178964
46155760 771031
46155761 842019
46155762 441526
46155763 108582
46155764 97345
46155765 100515
46155766 534193
46155767 275751
46155768 609149
46155769 101602
46155770 226498
46155771 922188
46155772 95249
46155773 121677
46155774 218293
46155775 367521
46155776 290980
46155777 58407
46155778 102229
46155779 219934
46155780 118656
46155781 78186
46155782 614017
46155783 124798
46155784 353158
46155785 179103
46155786 5315
46155787 345263
46155788 1410
46155789 181498
46155790 98663
46155791 548737
46155792 548760
46155793 361513
46155794 745065
46155795 345650
46155796 396608
46155797 354986
46155798 396746
46155799 770671
46155800 213788
46155801 339967
46155802 105527
46155803 109598
46155804 399701
46155805 503442
46155806 102299
46155807 101072
46155808 395220
46155809 507809
46155810 5795
46155811 332421
46155812 1053388
46155813 831730
46155814 1162888
46155815 21167
46155816 610262
46155817 321368
46155818 373057
46155819 332572
46155820 399695
46155821 323504
46155822 581863
46155823 452491
46155824 207391
46155825 598824
46155826 399720
46155827 346293
46155828 345401
46155829 164118
46155830 363943
46155831 1010191
46155832 485199
46155833 46167
46155834 261555
46155835 419413
46155836 253286
46155837 440642
46155838 385818
46155839 613873
46155840 30524
46155841 828912
46155842 12037
46155852 442887
46155853 579153
46155854 331026
46155855 293450
46155856 1143615
46155857 629990
46155858 578061
46155859 624440
46155860 444509
46155861 210927
46155862 1443237
46155863 151493
46155864 1217156
46155865 507189
46155866 31829
46155867 68554
46155868 6968
46155869 8614
46155870 8729
46155871 340671
46155874 25028
46155875 24916
46155876 45299
46155877 5087
46155878 14804
46155879 16018
46155880 296280
46155881 13588
46155882 9026
46155883 25135
46155884 322788
46155885 45018
46155886 12866
46155887 25250
46155888 13194
46155889 261451
46155890 101444
46155891 94105
46155892 187513
46155893 76284
46155894 102223
46155895 1401
46155898 51078
46155899 17882
46155900 51910
46155901 2142
46155902 36588
46155903 294887
46155904 14967
46155905 137996
46155906 79168
46155909 51079
46155910 597428
46155911 360804
46155912 37361
46155913 50519
46155914 36679
46155917 168670
46155918 152377
46155919 144988
46155920 338860
46155921 233106
46155922 181422
46155923 19587
46155924 324240
46155925 288413
46155928 98092
46155929 215182
46155930 36680
46155931 218797
46155932 330818
46155933 104404
46155934 423710
46155935 144989
46155936 54660
46155937 144987
46155945 150039
46155946 224633
46155947 83634
46155948 445147
46155949 225052
46155952 336722
46155953 100776
46155964 180683
46155965 110841
46155966 18252
46155969 36477
46155970 144131
46155971 120745
46155972 162832
46155973 78187
46155974 155437
46155975 119439
46155976 35463
46155977 92198
46155978 156164
46155979 208330
46155980 18045
46155981 56307
46155982 141977
46155983 104224
46155984 54269
46155985 211889
46155986 94516
46155987 387913
46155988 91515
46155989 22250
46155990 50846
46155991 186701
46155992 209912
46155993 99330
46155994 54526
46155995 22824
46155996 46497
46155997 150755
46155998 209388
46156001 56308
46156002 16635
46156003 687554
46156004 22782
46156014 351808
46156015 213366
46156018 37362
46156021 290916
46156022 219936
46156023 218185
46156024 93546
46156025 327597
46156026 351435
46156027 209342
46156028 288091
46156029 36589
46156042 93594
46156043 37622
46156044 89007
46156045 56237
46156046 231641
46156047 94517
46156048 132379
46156050 228940
46156051 36067
46156052 52566
46156053 164775
46156054 173966
46156055 308519
46156056 189310
46156057 1631
46156058 44313
46156059 39291
46156060 39293
46156061 39295
46156062 39297
46156063 39298
46156064 103377
46156071 52567
46156072 214371
46156077 47365
46156078 1411
46156079 163884
46156080 43407
46156081 180835
46156084 204540
46156089 180836
46156099 234767
46156100 85001
46156101 132493
46156102 119009
46156103 132685
46156104 484370
46156105 199398
46156106 3924
46156107 47126
46156108 16633
46156109 200308
46156110 158339
46156111 88202
46156112 276154
46156113 5159
46156114 322951
46156115 85522
46156116 54014
46156117 52568
46156118 62878
46156119 110840
46156120 54560
46156123 470580
46156124 608579
46156125 52666
46156126 153227
46156131 84325
46156132 117483
46156133 121059
46156134 72775
46156135 189268
46156136 189168
46156137 117044
46156138 76396
46156139 365151
46156142 117555
46156147 95947
46156148 5161
46156149 219479
46156150 62880
46156151 49102
46156152 110130
46156153 49453
46156154 403728
46156155 96571
46156158 51188
46156159 305811
46156160 327613
46156161 280773
46156163 48996
46156164 190353
46156168 105189
46156169 237960
46156170 82054
46156171 138393
46156172 86005
46156173 73593
46156174 225053
46156175 214574
46156176 233431
46156177 51719
46156178 434445
46156179 36248
46156181 185072
46156182 219109
46156183 620537
46156184 141926
46156185 289323
46156186 211750
46156187 130283
46156188 1402
46156190 207727
46156193 129322
46156195 95154
46156198 153672
46156199 96823
46156200 150268
46156201 51069
46156202 144350
46156203 76285
46156204 145107
46156205 83931
46156206 154625
46156207 257215
46156208 328780
46156209 241643
46156210 177127
46156211 177264
46156212 179588
46156213 2856
46156214 222322
46156215 80421
46156216 148448
46156217 102919
46156220 193101
46156223 202406
46156224 554805
46156225 52832
46156226 178581
46156227 83547
46156228 54189
46156229 345850
46156230 179708
46156236 164839
46156237 86649
46156238 23130
46156241 517901
46156242 58192
46156243 52840
46156244 228656
46156245 82978
46156246 307580
46156247 58260
46156248 152252
46156249 41923
46156250 293393
46156251 162976
46156252 196376
46156253 17883
46156254 288536
46156255 36179
46156258 220544
46156259 580659
46156260 99584
46156261 101384
46156262 22251
46156263 173571
46156266 121325
46156269 93376
46156270 53473
46156272 142067
46156273 92099
46156274 104746
46156275 311447
46156276 148093
46156277 103861
46156278 157312
46156281 50035
46156284 68705
46156285 452492
46156286 77957
46156287 65063
46156288 90336
46156289 22252
46156292 156940
46156298 219894
46156301 37190
46156302 140187
46156303 330745
46156304 201816
46156305 337567
46156306 96243
46156307 186204
46156308 112085
46156309 99707
46156312 156941
46156313 120910
46156314 242693
46156315 99403
46156316 149714
46156317 343183
46156318 607514
46156319 94447
46156320 362393
46156321 424751
46156322 150832
46156323 41911
46156334 104232
46156337 52332
46156338 345527
46156341 142654
46156342 52287
46156343 542367
46156344 102231
46156345 75652
46156346 124602
46156347 62962
46156348 117506
46156349 342244
46156350 202483
46156352 72832
46156357 130413
46156358 6243
46156360 230921
46156361 246644
46156362 259952
46156363 319308
46156364 112307
