359574 351756
54293 221683
3073767 140187
5038469 739611
5039814 2681681
689556 350628
105976 338372
1662638 330443
5064353 218350
5068653 4893437
2580513 62372
5083075 1083367
5088943 55339
856434 95716
5092260 64126
5098833 1287405
5101297 216938
5120488 110041
5120897 4503963
4957760 340923
4306150 3924
5138324 313488
1758662 923776
214192 203742
5168286 607514
5169011 3215874
5171250 330745
5171250 850895
1782679 663464
5172664 546018
5179143 715442
5181497 650975
5184196 512529
5184992 297209
700835 612421
5188391 285250
832365 215996
3833630 361706
5164639 98599
5214962 288721
5224067 341833
5228564 42323
929002 1720057
5236348 72375
1753375 142606
3702766 782913
5268778 393458
5288324 108414
5301233 29919
222439 686578
2571183 99036
5337012 52722
5340228 1032144
5340753 971957
4052699 54016
5351875 332281
1481842 78774
323224 93168
5370205 2136287
434147 1081409
3153651 85612
4380682 220047
5378067 98164
54917 226299
700665 189268
5379982 54559
35182 139277
537736 54189
723797 1244186
676138 1212428
928360 310851
585453 1315196
270491 397293
5394774 416660
649926 139146
5398897 17965
690627 847620
723976 462925
5401802 235927
5403947 459923
1557203 1155793
5406666 102231
5410763 338528
105988 67174
2896960 1169568
928827 143896
5412709 447493
5414347 110013
5416341 1398010
583705 1040876
312572 848385
1500199 2028273
332153 883204
583707 1303016
5429562 51717
5430513 338947
5430876 249895
2180062 39298
5436567 120910
2383040 1544528
2491549 1798905
1525388 109099
537738 52568
537708 220544
357468 361578
583710 530099
340511 314780
583711 1249373
534827 843380
1527369 47074
5460564 1010063
105991 76676
724635 643266
215055 654078
345666 48996
221937 684696
219432 676185
105993 62428
537709 36136
1342588 126730
50456 213294
54364 222337
676144 709393
332186 905645
4841250 100173
583713 432932
1015360 95375
3843860 979549
649927 1235833
225407 52291
5488913 65896
5489140 73819
1972079 623849
2193896 324799
5492179 212417
2128436 1907475
5493080 56375
237238 723146
700614 22249
2875890 243744
449770 1105962
5500321 92138
928830 369673
1715788 61751
5501024 96710
318352 362326
697062 154332
3232052 374294
2873071 915012
141418 445534
5515336 2225703
957346 857261
3786504 109955
5519171 331028
5519573 141977
928463 116945
5533666 131781
3418556 541947
5537582 53244
1098659 729950
106000 339734
106001 92865
5539601 392995
471361 333538
5541993 74931
1297747 314050
340900 328834
537739 97967
2687116 1402028
216662 229750
928838 98661
1250773 47849
111292 211889
5550743 102963
583718 201816
1866877 95477
272493 776566
344623 342186
341642 194053
3472538 233431
2157337 98662
106004 339991
287197 110314
4237650 80422
1980138 1502983
803088 1193894
5567166 248621
836031 76810
584109 365739
5573587 2531833
1413546 213366
71059 261592
5575383 326973
4913725 92139
84075 288539
702483 338369
5580319 376115
676148 1418887
133284 338530
58282 238000
583722 432714
106010 287360
62032 242450
534829 213995
213038 191352
5596580 890037
583723 222331
222670 688190
223349 621179
1299170 526475
5605108 302126
4832684 979307
79949 278511
3100494 1985761
288005 648
135371 424752
583725 91464
106012 76285
16377 83936
106013 77299
5612958 1993054
583728 107248
5620555 310270
106015 340669
1742059 1115686
3211479 338371
4972911 680987
106016 340767
207665 493295
189552 326270
106018 230461
1305487 1402
5641991 1437229
7931 63512
106019 340921
5643689 324801
5168329 163482
5168329 588802
1946859 368333
5647021 898902
5647198 241525
141472 445998
2937334 884143
928370 264889
5653515 1348800
287200 800273
928844 46436
576096 218291
795679 1585491
5663214 397493
5663278 907401
5665714 1336459
1617057 480335
802928 93661
5678112 137823
106025 38891
3215361 1423505
261522 135339
513202 790301
5682854 249988
928846 108436
5689105 109741
5689269 4893171
5689962 800837
1760534 892485
140579 440437
4772230 4772858
2570265 49227
3209537 41918
5698446 1629378
5700304 237024
4826030 4826115
106028 341365
106029 341434
849250 1663058
2918053 121809
2329262 98444
196296 386443
5710128 320267
5714776 582109
5717795 801193
5719213 1391171
4398711 107878
583740 52838
933214 72376
5726170 101444
50460 6514
60994 241135
3076703 343950
339792 325411
1256872 1100402
5733767 105378
3877325 305554
5741086 117407
106032 43950
928850 1741653
212827 391962
803095 1599105
5754125 355881
1437385 101893
2216899 790120
5758587 46219
1447242 221648
5760566 101985
4281774 1467
236881 152827
2571184 318678
930574 1263336
802932 1595568
5765706 28898
5765708 217868
5766579 671652
930331 393563
802472 121586
1488911 336476
5771995 35423
3897158 2379362
583744 58260
106038 341910
384135 462837
376055 979547
4115491 324238
928854 188506
5789837 879618
174152 52510
1084772 652253
5797900 2026224
1776641 461330
214146 392156
5800874 99838
106041 224122
5810867 490923
1866927 110843
2921445 207621
928377 392146
3932588 174404
583747 1403
405357 291375
2600492 85522
5820881 331195
929003 235886
5549028 97847
111300 359422
1210997 2086838
5829843 94446
3079103 211921
1820275 1005129
2592577 110841
802933 1595615
5836942 552813
5840209 3700185
106047 342243
5843972 1183336
928859 850943
821791 1075488
5852396 601013
928860 35462
5188884 281986
5871430 342009
5873498 142914
5873571 182040
5873747 662886
2422444 2886204
1486183 234767
928472 1655639
2720373 92988
5878739 400985
5881467 500334
1501906 104404
1467019 603927
975833 510085
3273079 339925
583754 1516
583755 218292
4438637 109872
5904864 100438
928863 363837
2288132 648520
5922397 50516
5922854 359541
5923518 333654
5926798 76693
583758 220092
111170 357765
5936130 2051
5939631 1460394
4836215 945466
242438 417364
1486628 1828707
1671277 100776
5952337 100733
5953970 349774
5954271 299766
2200322 2359951
140631 440649
5963986 151328
1304900 2182691
5966954 842872
4107577 1306675
5970479 534870
5973248 288304
5973276 35963
5974350 2128655
5975143 1992799
5978468 188743
928868 1477147
5994239 423315
142949 22826
1970023 527695
6006728 17290
443555 1092782
1243512 1852146
930787 658706
89856 305750
6016981 2290116
387044 901014
576017 291506
6023342 72380
2292797 528599
1754165 79283
2726414 751543
2869978 677538
802937 584546
3215561 339254
744253 1304733
4469447 1233938
2993742 52444
1210903 931848
6050700 59525
3467961 2879842
5430878 1155132
353978 661481
647707 1107268
6073859 262045
6079219 50389
928384 249794
1789528 107816
343469 932779
6093530 542349
348856 935839
357736 98993
6102717 322840
132979 420676
583765 1005203
6106177 2572297
2356146 1954613
6110505 1312658
742385 1513081
928478 124729
929007 1745643
2868093 222633
5112590 66148
357737 954925
73495 266006
583999 1311331
3460844 222629
6129105 196634
2706726 1006778
928872 80515
106069 343180
679351 960026
348533 60116
357738 878724
1096836 1814898
6140450 900717
4786555 133348
106070 343231
106071 34683
6144518 134124
6148737 2334011
1292608 1812645
6152566 2596019
583767 17123
6154471 60455
6154473 466085
889056 96570
89857 305809
6163643 782113
6167445 1613560
106075 299912
106076 343495
1485430 142067
3019261 109743
6176140 541966
1715131 72379
6183980 57066
2134280 21710
6185864 517935
2134281 218436
6187336 139147
6192250 1806200
802944 1387554
6202483 198874
2510117 336722
1789801 162832
6206292 2120033
6206421 18045
1976693 100867
6206592 645501
1980131 2753262
6208160 320962
6212106 180835
6212176 836954
2643919 18888
6213801 37622
928879 231641
6216911 361168
1484330 202763
6218087 608579
2578563 62880
6219488 1386569
1182662 214574
6221056 855950
6221224 177027
6225868 50088
6226327 144350
36095 142499
106086 56614
265952 765238
1295703 1447279
1439854 332250
6238067 138391
933219 376279
6245556 52400
106096 109556
186101 574015
947116 512556
306379 332253
930790 190301
6252673 261456
6255548 218119
583784 37782
6256166 104465
6256387 112085
6256643 360881
1304718 72229
6257425 126761
6257450 213164
449775 17884
6260990 689622
2876099 584033
2134282 1224170
6265660 235921
1188903 1100853
583787 70616
583788 96101
106106 176899
449007 647240
106109 344678
928390 1489902
5722957 909557
2572357 142296
6286951 827679
6289925 125276
6291487 54183
928391 209913
3074371 115808
6295797 901190
4851845 133581
2875891 874028
933220 1758252
6301168 2877407
3757588 858834
583794 216074
933221 261557
6312685 131670
3620228 350851
1749676 51716
534833 829997
5427597 146557
6329593 96930
6332241 692258
930792 1752100
6213883 85493
6340280 838121
45187 193525
2364798 168953
106122 345202
2876330 103059
537712 225048
6342034 204497
583798 167217
6345631 475758
2193897 336073
6350471 101602
4597730 338061
6357929 225155
6360319 2355019
3742780 325408
6362858 352730
6369970 203358
963843 1426731
384136 87924
6376025 15542
6376704 333659
698971 8619
6379044 197711
1298189 2145124
697063 131815
6382267 152034
4159351 176500
791210 222180
5882524 94447
583805 99516
6402948 541847
106128 345403
6405672 311572
583807 889128
2350767 186737
6415609 428206
928487 1739078
6420929 192468
583811 112245
2753300 233060
6427078 509454
2528533 141995
6431207 115157
294645 815200
6435495 1403380
16202 83125
6439320 349982
6439885 54017
3893250 1027367
6441989 1853103
6444015 434101
6449931 297380
6450025 942502
928899 665442
6450262 219825
3075489 3565413
4011168 135883
6457225 318677
724000 50963
6460733 647033
856436 1671372
346694 330496
6461627 106431
6461710 17197
6413280 110887
932745 636083
929898 5465
6465968 328475
6471652 215260
6195005 53044
6195005 56038
6479144 10098
6480347 1196557
2199671 674552
537740 1164065
3371995 744938
6496064 53912
6496708 95846
583815 325607
6503834 333750
932746 192301
2087050 2547843
38305 156889
2914079 2393757
6520979 154224
6521459 327194
929949 100512
6527992 822008
6148842 2128755
5045090 1633203
6534763 19586
6536208 1579650
930795 661681
6545270 906767
6550581 121061
6552466 899176
6552525 648351
933223 347747
583819 881693
6556892 142276
2528534 1445667
6562028 43617
3471030 512930
6565443 54104
6566794 987636
6570657 159430
6573393 292352
6574513 389829
802971 152889
1250776 101287
461767 94021
6583868 633762
6584341 1300097
6585176 734528
6591187 316724
6592052 164479
6594460 54826
5969520 647065
106135 345691
2350011 400462
3900644 189085
140249 436830
6602005 93436
6603092 1982283
1486184 298844
6604547 508759
6552561 37051
6617397 1574158
106136 124131
6617540 175111
2439027 1336786
6621445 534333
106137 345752
1060322 1274839
6640789 2440214
6644637 142065
2582411 422615
723977 39344
6666584 104678
6674005 105527
6191959 48506
934767 408567
928491 933001
6692713 1302817
3502069 2950346
6698118 143678
3982278 325610
3687111 1832562
6709754 398406
724714 340345
6716078 153672
6718254 3269906
6722044 529786
106145 345995
346150 901098
84082 289226
4971782 1625
6739150 177468
2350012 342104
4992691 568648
6743157 201483
932763 444554
583824 388564
6747583 124900
6755346 5090
6762072 56307
1490535 53973
2318739 2611756
6769095 99899
583826 207414
6774142 713655
6775097 2501762
6775706 299475
6775933 362872
4823735 308646
6790906 1519819
6791032 87760
6798102 52105
6799618 108201
2656962 339405
6808171 93764
6808605 945921
6827807 221026
6844701 225657
2182477 257215
6868835 49571
6875697 537634
1946863 945604
6880389 355723
6883008 332062
6885843 327667
196298 590734
6905184 1266413
6908555 141402
6914369 52284
6915498 21100
6917039 88062
976416 1819539
6932564 338946
6933244 2947093
6944738 68451
6946259 597313
6946656 19587
6951041 172188
4668981 541384
6974555 992887
87962 299935
1452986 2142518
832370 317984
6992410 48345
7008124 480440
7008124 2306141
7010223 175568
7011011 1708117
1243472 93664
7017766 1002270
7023031 148599
5503494 765060
7025825 258043
7029950 161358
7035837 253353
7038880 139149
6490670 961062
106160 346530
18780 103867
7056352 668654
7058136 809280
7066115 94890
7067028 226189
7067509 157929
7071231 204326
7080553 1198064
7084120 205013
7086745 792314
5081061 315877
7113536 931218
1949694 1146796
4975567 47364
62065 243062
7134836 857149
7141382 194014
1560969 1127028
803135 1600291
4048745 98664
3636579 92718
3051572 105153
7153766 867236
7172767 5251
7176620 158897
7179390 3115348
7192122 80893
7198023 1375417
7201498 1090531
7215406 126763
803138 152411
7225496 5069633
1488295 52724
498925 1185548
2173113 2913357
7246372 164511
7246435 199164
5808694 176863
7265779 97849
1767119 1792693
7267271 291056
7279129 418104
7285503 99707
7291608 328942
7292736 1267744
2356915 877435
7299374 339406
7300281 102667
7304351 1402085
7308716 83547
7315698 1603081
7316919 110236
7327661 1843983
2880947 50642
7331415 2641187
7339378 98162
5164640 603098
7345944 22250
7352906 46359
7362134 380832
7382943 506948
7394667 95893
7395425 406970
7417218 369500
7418988 344998
5950466 901051
7425654 281002
4048150 1722772
7460792 2921505
7469099 335391
7470163 1222097
7478317 1828982
7481579 2527599
7496821 176652
7497282 103761
106180 347119
7505945 179708
7509306 2291529
7513760 57299
7514482 635078
7522718 388993
803146 98440
7533850 312626
7537687 1073671
44458 188989
7538659 2288531
2178538 254971
7546589 219723
7552600 2417916
3023198 151197
7560484 2140855
287218 801242
7566107 141974
7572409 643202
7584442 1038231
7585501 190196
5689746 331403
1924180 585011
7592657 321766
1084185 563633
3567414 271450
7611477 46122
7612520 2537173
5881469 172045
2845554 2410098
78162 276066
1943279 2716667
3584656 42276
1443894 362061
3751280 51424
7646984 3661992
2614595 52837
7675464 1655653
7677939 65259
7678152 901052
7679390 35961
7680893 3857480
7681840 2507004
4957832 83634
7693578 927759
7693716 99578
929038 352268
7700979 153227
7707695 51775
7708984 94516
7712747 316576
7718327 1089302
7719024 4868377
1458468 121059
6716080 17967
7731082 500374
7731169 89007
7740377 176541
7740403 2947495
7743721 809690
5236413 241643
7750014 160353
7754120 719931
7756655 2081116
7758727 342726
7758839 105526
1557358 2350792
7763129 687554
7768899 240412
2382942 134253
7792209 1658869
7808333 1339
929046 300799
4165894 230210
2580469 96047
3807541 281607
7832318 459910
3273349 163368
7834012 618178
7840779 322613
7842851 226588
7848343 124625
7857178 595574
1257239 582016
2608109 51594
2286822 452492
7873361 213058
7875731 121255
7882588 873758
2764491 3351105
2649435 3209893
7900499 179738
7905179 198240
7906850 2114897
7702271 531740
2656783 1214055
7917010 320856
7920230 83931
7925892 3748347
7844651 105332
7750057 95192
3565678 98992
7965271 2090444
7974727 387913
8000119 3621506
8003734 120746
8004456 149475
4107578 379975
8008008 256913
8009478 602875
8018734 36767
8020733 1246503
8053157 831385
8063789 261788
8084955 117044
8087503 105379
8089887 104531
6900789 226593
8097427 308643
1557746 687060
8101267 550735
8113416 651170
8117419 355631
8119176 882985
8121037 40038
8122022 202483
8123786 534032
8125591 32027
8130850 53858
8133364 109953
8143293 24418
7071233 151849
4324266 28384
8167284 1941351
5811057 208330
8178458 104607
1591816 215088
71972 263895
752409 746096
1545216 86987
8196690 199694
106204 347748
7925894 20950
8207739 1647005
1526958 943710
8212298 413949
3238919 47040
8221472 56927
8226410 1025682
8228949 314364
8229664 49653
8230136 679012
106205 347781
8240567 234444
8241243 101934
8254648 30223
8258148 1066487
6649043 2636624
8267010 1679712
8267457 349599
8276263 95100
8286550 449296
1296421 261087
2592310 1083434
8291016 214201
8298088 454938
8305671 5461
8310088 1329933
8312327 43100
3227943 51277
8319434 215089
6999347 224740
8328866 37054
8330261 2148641
8332505 105019
8340195 1191493
8342169 1162823
1483686 1501852
8348764 1407
8353692 325203
323296 97810
8359449 293444
8368604 910791
1250652 1082152
106213 240413
2937616 55684
8396492 616184
8400132 23548
8400748 458863
8402904 291957
8404886 1641199
8405103 52723
8418479 486366
1617912 18892
8424196 699197
8430095 43834
8431699 1695612
1482392 374496
3145270 155956
8433755 271960
8441157 466434
2264568 121135
8443583 1388100
2121934 157313
8446909 624964
5509292 394570
8456204 8392579
8460747 1086099
8463818 334561
8466554 731509
106219 247334
8481232 225805
8481903 344926
8482717 22169
8483965 2579683
8486010 195505
8133444 170566
1760535 250003
1833678 67151
8504023 3420090
8504551 138693
8508576 120860
8509827 221741
803184 540250
4323649 1042785
8519970 250169
8527169 1607
8527250 508128
8527268 287247
8553472 56740
8553704 864661
8555047 462856
8555193 958049
5557656 506914
8558773 803556
8561694 94927
4262953 23039
8577564 321239
583863 612418
8586501 187404
8586512 107939
8603449 554805
8604644 173966
8609845 460478
341339 931498
8618722 616504
7745878 45765
8635699 395418
8646977 1205334
8651730 191744
8657935 149455
8658360 394805
8659273 1417903
8671449 39645
8672024 316790
583868 249861
846205 201210
7574674 280773
5595591 98038
8696606 18476
8697337 634549
8704861 505962
8705042 706552
8706426 105419
3948532 4052581
8706765 638551
8719270 34446
8624168 8624195
8724983 44159
8736145 951055
6077843 142654
8737739 164775
8743243 16634
8746009 338367
8084268 2485315
8755151 386616
8758027 45400
7218797 1599306
8269034 4879607
8774704 295965
8774770 1845170
8786194 97636
8786501 3629733
8789293 78059
8789980 369948
8795973 1634002
8799388 2236848
8807603 218184
8813429 1625676
8826515 407823
8836539 324240
8836645 249624
8838634 1308097
8841314 102227
8848909 582873
8861807 1423072
8864999 98437
8866254 92199
8866894 360227
8871736 1194834
8873962 688359
6379046 239805
8892633 552316
8894500 3304099
8903722 538545
8904156 2387803
8917861 196155
8922848 961052
8927034 1461790
8929972 70134
4186481 101887
8939434 2356416
8939443 121016
8944639 870028
8962843 660275
6822521 1686219
8973074 9725
8988591 789590
2490788 60295
9005397 50393
6410337 218887
9011669 42805
1304719 197434
2439168 199357
9034193 321366
3785900 2155139
9040282 224060
9040390 100131
9040427 194270
9041882 1211248
9042226 1418984
9042409 648881
9049179 336757
9050599 7730028
9053431 51275
9054222 50849
9054320 1183809
9054541 552276
9054550 353126
9059188 5619263
9067382 1290228
9067951 39294
9070870 318825
9071982 255152
856437 363944
9084352 3346045
928514 1265302
9091673 2207409
7792897 226888
9099699 832043
9104554 336159
9110285 275621
6420783 48888
9116465 309048
106232 343993
9134358 597888
9134970 70658
9140883 3748213
9143105 321579
9143316 226496
9143326 157928
9149650 2517794
8121640 627086
9151707 2273271
9151717 924518
928938 275721
9165875 79062
9169107 40040
9181015 3156290
9187646 385927
9203404 162976
9211055 462872
9213573 53604
9214398 3037354
9217220 95194
9220908 961399
9229028 955133
9231422 340530
9231768 61893
9235923 3185579
9239065 615173
6138648 397001
9250134 1611838
9256224 881533
9266401 2908479
9285189 503682
9296102 86015
9299184 273224
9314713 347782
803005 53190
9321279 114870
9323440 926619
9337100 339004
9340490 524082
9343025 52401
9345891 160656
35185 139438
9376662 104530
9384023 1080086
9387645 1071166
9401783 505652
9417676 315951
3522213 36679
9432199 235254
237978 724617
3184678 216026
445959 392996
9507127 39565
4324267 37409
9510059 1560388
9510989 1009312
9514847 38739
724808 735486
6270310 2485633
2510390 43403
9528360 103518
1388744 870971
753930 67461
9537261 350157
7535450 580659
9560890 528922
9561332 73593
928945 218719
8856395 17961
9588086 534666
9594583 2324872
5028692 110797
9596466 1252965
9600636 1207867
9604518 2446508
5689748 622839
9606009 858288
933241 20727
9624633 3048504
9655752 78211
6494356 2089948
2926288 332945
3046775 59892
9792961 330879
9808856 308708
803008 322139
9817677 233985
9818533 52555
9820770 924886
9827587 538449
9828048 340412
9831385 109599
297252 820704
9027252 1656224
244 1739
9876673 469385
9878455 2051293
2191407 1458673
928947 316681
9946970 41527
1891 20942
411654 562957
6064246 154225
9968961 372763
2311567 1724955
9988176 479482
9992017 1574479
1110257 102683
9995827 189083
35656 141891
996426 800407
1763246 53857
112423 368094
10017500 274622
10026277 36589
5557821 697640
1486412 397426
10053063 3275215
10056667 22827
3077667 351435
10057046 1984229
1527081 357763
10059387 157454
10061009 323991
10061364 1097955
10063863 333207
10065990 212530
10067179 248536
4215840 237419
8399706 2713416
10068436 276394
3046347 947323
3009108 582470
10070915 2275
10073596 517901
10074643 6243
10075545 43404
6129347 23007
10076233 920918
3610266 148382
10079019 33128
3967752 101598
3967915 352059
10082405 51999
10082667 163239
4045254 1256976
10083119 96438
10086502 319683
2277053 1730734
10087246 96193
10089646 2142
7705360 1256903
2056742 333746
10091489 1398321
10091530 192368
10092157 913253
10092369 222476
6114742 106948
10093816 453904
10054113 198583
8399838 97776
187582 579053
1453428 132378
6323911 122803
3343885 112148
3632821 627204
62410 243864
7841216 100356
10179809 1254059
44269 187525
10183694 1818657
6183984 135244
10213010 1293365
14649 78601
10272450 244205
10276644 1175032
10281333 103466
1778633 1002563
10290157 353529
2983792 1676704
782712 1569153
10354325 1427884
2537203 3193048
10358551 344257
190823 584984
1301823 132685
4324268 47126
10369212 18042
10369253 566316
10369394 17878
10370448 63648
10370610 1856259
10370699 104746
10372630 362393
10373259 75652
3192165 1162756
10374996 96711
4480988 995914
10375497 58039
10375748 372313
10376481 99703
10377797 257585
803011 1597678
10378784 489201
10378849 1197722
10378881 4896397
10378893 1855992
10378912 505961
439635 100679
10380333 92404
10380484 70879
10382057 158181
10382530 54660
10382969 97673
10383442 507833
803016 113940
10383825 500310
10384037 167536
10384110 1840114
10384235 222178
2876517 736687
10384641 56469
10385649 167025
10386707 142424
10386986 353762
10387050 139100
10387436 78274
10094382 2981999
803017 961434
10389300 141979
10072046 130089
10391158 345113
928339 249617
9143374 388788
10392702 169560
2735202 930028
10393145 829759
10393795 875435
10395789 55923
3046348 1743853
10396238 330373
10396533 152776
10397039 659934
10397517 50850
337689 927057
10398147 570074
4931643 2299372
10398335 875142
10398815 224633
10399982 22782
10400377 103377
10400396 47365
10400408 80423
10414974 174236
10415341 1876190
3588498 3019740
10417816 216360
10419017 54014
10419549 318824
10423608 625680
10424286 4275533
10425224 72776
14193 78058
6058427 1237422
10429243 363188
10430011 94592
21688 119908
10432656 959701
34514 136674
10435243 106407
10436358 4881612
10436777 2850313
10660573 38479
10660732 757118
10661116 54406
10666859 237521
1458239 189310
10673324 161418
10673632 43216
10679545 260541
10679663 14692
10681620 97633
10686913 54315
10688749 384163
1914319 51431
10689349 95479
928520 393192
10700365 339342
10701193 343225
10703170 1111504
10703457 161796
10703975 2042728
10704199 1558193
10708136 637624
6707055 1675069
10708634 779205
10708784 654
10714600 95420
10715746 2132658
10715909 94448
196302 590807
10716848 2141485
434152 116398
4199831 321148
10724091 363402
10724356 512855
10725277 616661
10726921 26574
10729924 615249
2842386 124602
10732565 328780
10737473 111506
10739674 36989
10739691 346817
10739779 841674
10740481 2756356
10744633 142164
10750505 1467658
10756238 1029416
391669 622062
9382525 63908
10758868 788576
10759769 528987
10760321 297153
10762137 129480
10765429 52073
1760538 57570
10770147 308688
10770191 44178
10770544 39296
10771477 902029
5446322 1631894
10773833 642921
10775248 582798
10780473 54527
10780888 52725
8744250 225052
10784953 97406
10785041 266458
10787043 24305
10787215 96823
10787520 51830
7215409 290456
10787746 910410
10790500 131519
6420710 224127
10792390 30906
10792810 77739
10797647 1248774
10800648 53574
10802183 2051190
10805248 997779
10808135 216359
10808135 97570
729345 660150
5416016 2436708
4314729 339674
583908 41923
10817050 94891
10818959 41409
10819148 132286
1344382 90336
10825151 566330
10825376 217838
10826745 1097010
10827821 200684
10831818 52332
10831936 1042842
10832071 48887
10833282 151190
10833465 248043
10834018 139708
10836211 855621
10836894 53496
10839012 501440
10840711 50960
10840721 41577
10843074 147167
10843788 1156662
10846434 19421
10846552 37672
10846567 222723
10847257 99171
10850553 393256
10851128 1261178
3456288 228656
10851173 343995
10852534 387077
10857983 94850
5678114 1089848
10858406 864662
10858451 1404
3157983 1162695
346517 409740
10376175 51272
10861763 221226
10861788 145715
10862169 979102
10863177 3066257
10864429 2115205
10864684 344217
10866017 106699
10867292 319308
10867575 539310
10871941 345409
10872390 316894
10872437 144456
10877455 2873555
5064355 94441
10878839 109460
395744 95103
10883044 739571
10883144 100177
583910 37722
10884293 1310006
10884638 612552
10884659 230942
10886870 120825
10889640 666182
10891374 100868
10892911 347427
10895355 309694
10898317 126905
10898605 38258
10900118 962612
10905789 142277
10909450 347275
10909740 429253
7707698 225049
10915770 208817
10916447 2707743
10917844 166350
8074203 3210124
10919309 550120
10923014 486814
10923978 88039
10926947 209388
10929469 2819916
10931099 202406
10932235 1207954
10933238 1447879
10934044 93116
10937681 341181
10937964 824425
9995830 362064
10939285 1220705
7750020 321018
2131900 328643
10943596 2788410
10944891 333789
10947255 1304201
10948652 94966
10952006 1708840
10953844 52509
10956518 30359
10962446 488862
10962859 28385
10963442 75640
10965324 1235463
10965615 873942
10965755 49568
10965759 207413
10965779 1046030
803022 215184
10970663 18455
10972093 66234
10973239 192828
10973802 361305
10973889 95802
10975006 219109
10977065 325281
10977950 62962
10978121 233106
10979091 441544
10982811 53917
10983606 2089415
10985439 131166
10992128 52187
10992136 323737
10992459 1263649
10995581 46169
10996422 345527
10996679 118312
10999312 1822263
11001826 83928
11006332 324644
11006994 732200
11008789 36178
11009730 330067
6707182 206621
11019335 144278
11020337 1467074
11020593 353246
11021285 330445
11021367 1085160
8954830 144988
11023865 93598
6312689 155437
11027056 42453
11029521 80044
11032163 181901
11032367 42613
11034151 961053
11034426 69002
11034460 612428
3809705 1324547
11037209 1309924
3671650 290225
11040340 1196351
11042238 1700634
11046156 218112
11046190 117470
7051288 709856
11054765 112008
11057623 2114000
11058770 128344
7105278 1711532
11062386 149569
11069277 280588
4577322 1753074
11077408 2922350
11086427 99582
11087576 1643161
11090949 534086
11095574 659557
11096765 235251
11102790 109559
11110022 23130
11111035 345401
8737754 52395
11113663 219628
11114015 312624
3620439 2407758
11116341 340762
10337193 144890
11116917 323879
11121935 55177
11122888 218418
11123471 326800
11123669 838212
11124219 90055
11124495 62332
11124719 361646
1760539 98990
11126378 44907
11126908 86208
2197147 1921951
11127602 140104
11128228 42697
11128241 699007
11130062 246536
11130879 250511
11132624 151366
11136176 173213
11144572 52840
11148335 44313
11148381 353551
11151168 147358
11152430 216932
11152710 1579977
10857985 76396
11154122 107619
11155297 238997
730008 176081
11161255 104230
11162060 361465
11162144 863742
11165170 221885
10792320 65891
11169199 209342
11169579 146505
11172348 125325
11180885 370109
11184157 127306
261529 384960
11190597 702189
11191068 761364
11193288 43032
11193398 238362
214194 651568
10849382 218185
2452707 2839693
11204823 363403
11207614 67340
11212969 326224
6312690 899693
11214919 50959
11215418 291989
11215652 276691
11217148 201582
11223285 3853489
4770274 314876
11224014 376225
11228222 736958
11228560 276393
10978657 51996
11241790 248601
11242161 335394
11244275 585411
11246762 743033
11248346 149474
6164257 54560
11249298 622838
3791522 40984
35187 139490
11255877 321609
11256428 875033
11261498 243050
11261806 390739
11262908 1621743
11263721 252702
11264068 111874
11271267 523151
2501628 51647
11275228 577576
996430 394900
11277815 34561
11283843 249770
583932 248263
11292873 376075
11293738 146736
11297639 130350
11297985 333747
11302260 98318
11046192 653
11304140 743501
11304762 52189
11304819 199766
11304993 443467
11307650 99993
11311223 87215
11313902 308723
11313915 54865
11316414 2048065
11317686 431509
11322229 91379
11323196 92357
11324048 5960330
11327111 43804
11074040 1030552
11327376 2140931
4271884 310730
3308375 568088
4130197 49068
11336815 313069
11341456 113970
11343971 328732
11347624 38601
11348362 157427
11349944 1870758
11351871 378506
11353768 46802
4324269 798859
11358536 41515
2418077 21893
255091 103869
11363273 790121
11369752 53644
11370436 8207
2219180 2951697
11378718 180223
11380282 334358
11384745 117096
11387508 4687388
11215654 676001
11389435 320112
11391079 337485
11392026 110989
11394544 3028726
11394685 527153
11394945 21657
11395233 213940
11396113 112010
583938 1112907
11396644 2991593
11399476 1032757
11401529 100865
11405669 109095
11406438 5619
6415407 243827
11411616 276154
11413013 343078
11414383 325559
11416487 93717
11425223 2581495
11428318 51360
11428345 98713
11431646 228617
11432158 961552
11435130 41910
11437625 842555
11441211 5794
11442073 305250
11448908 180683
4957085 128473
11451832 181952
11451902 507794
11457886 525080
11458689 708471
1760541 41917
1629831 915255
11466438 330880
11468975 53777
11470513 52666
11470823 4865208
11472331 141926
11475739 524081
11476581 295146
11478110 37872
11478308 177174
929119 540332
11485047 99583
11485072 668745
10785043 340198
11494591 224515
11497557 49225
11501318 1417754
11501478 193101
11501488 249565
11501744 356974
11504020 347716
11506067 97306
11508161 1482923
11511446 201583
11512641 35921
11517650 461364
2838185 2219041
11517932 36838
11518392 328833
11522304 52566
11522783 68705
11530075 336503
11530646 220312
11533443 364504
11536462 5545
11537364 225233
11539703 70251
11543102 41132
5524931 364582
11549323 305515
11550467 1170490
11554078 828224
11554100 109522
11557099 171614
11557460 126762
10374019 41541
10800044 555381
11559480 293695
11559894 107608
11560088 109361
11560505 1007182
11562179 343397
11564318 97671
6173381 561988
11566354 93544
10675461 157312
11571238 325611
11572168 99840
11572506 735401
11573549 2134159
8352649 173571
11574151 128627
11580529 406216
11580701 19418
11581074 17882
7481631 4143984
11586681 361649
11587154 270991
11587591 18047
11591784 362465
11591784 101721
11593417 1067262
11596052 913081
11597552 554795
11598148 672854
4420661 5597
11599677 602409
16348 83795
50610 95068
16923 87311
6292037 1548354
353589 873486
11609242 314744
11610067 1452825
11610071 706245
11616132 50087
11620948 1612013
11623593 3254765
11636809 95247
11637861 344716
653440 1396386
11642931 4152838
11644715 814008
11645938 332346
11647661 53778
11650377 237605
11652737 17051
11657971 96243
61732 242152
10179918 308712
48491 207483
379881 51088
11675654 829942
2329113 1401463
2413834 898730
2129884 224950
11678620 1450963
592875 26375
257555 752645
970590 1809861
20423 115721
53702 220816
53702 220818
440275 527638
11694581 1087746
822799 1630364
11725947 344676
7025452 618718
21605 119699
21605 119700
11748684 2143432
1759496 2579813
16530 84705
11782864 1166847
557231 301552
11800960 222734
765448 363241
5672310 768270
11852971 895931
11875333 295528
11878450 416836
2919883 349251
379882 302054
379882 488275
11886361 293979
2985837 16409
2572618 45423
11915932 320269
11927351 403011
2448572 47367
4515698 1587515
11210119 714483
11931798 103482
11931917 179588
11932782 361167
11933069 316575
11953295 700601
11957072 79309
11963103 721922
16690 86178
11981110 102153
11984585 218486
11995974 98897
12007513 93136
12014959 330474
12019742 201264
12019945 208028
12022936 336721
12028635 2497823
12029557 790984
12033285 798219
12033971 746804
12037327 51434
12042758 38019
6790750 104320
10375056 19732
3539021 325748
12146565 190510
2270047 460251
1505971 213375
12159560 392813
12162154 112617
12171025 2445680
12193420 130949
12198614 177127
12201497 87261
12203046 80303
2304474 35627
2304474 550642
5187137 963956
12237919 536794
1491479 924633
12258742 51429
12258747 491133
1901 21197
12260297 397229
12263559 215666
4749901 191142
12266868 1517801
132918 420578
12279126 99841
12286287 2418910
12286568 2013707
12295470 979647
7314852 599587
7314853 194695
7314853 2603594
7314854 1342478
12303928 1443238
12303962 461547
12326485 1193911
12329503 226585
12329588 545420
12329620 112011
12335022 252045
9231426 801312
12336804 66755
99505 191023
12374962 275723
12440812 348102
12398890 1487158
12453596 208417
12458901 2340006
12471555 1676883
12471681 1194069
3136661 435707
12489334 5543
12496887 100612
12503939 195931
12506044 342244
12506206 332853
12507715 216891
2786047 2708710
3404848 2882081
12509967 370216
12513324 47953
928978 328979
12528873 108246
12537919 94892
2593869 1397172
12562804 218065
12593688 180837
12594743 2276514
12598064 1570269
12606841 1275111
12612623 152252
12629378 546664
12630139 45764
12637773 218115
12639343 697261
12680781 342138
12681229 3166948
2182042 51994
12698837 41911
12700114 868097
12701098 118269
12709322 97001
4823297 673150
12735738 146125
12743709 1473710
4284621 3125493
12753330 48889
2216913 11938
12756477 345850
12759344 223272
4012555 132493
7667440 12037
12782102 364369
12787241 226290
12807349 172230
12814176 99403
12873639 349967
12916149 9174
12929463 1265265
12942549 1022253
12944908 1421493
10066897 5393
3478178 49652
12972902 507077
12975709 1010104
2937692 344568
13021634 2154688
13028480 704057
13035104 899683
13050045 94513
338143 355632
13082521 649072
9515645 1069732
13113953 386002
965635 1805854
13118524 240646
13139853 158028
13142997 117506
252021 744438
13204581 100133
13205693 428797
13207973 89891
3879584 1430890
10621892 1683582
2465 34541
106340 350280
1248532 518080
497545 1182789
934319 904117
343421 242883
592183 572606
2925366 500858
116193 374176
1045054 360993
53735 220855
53735 174542
116082 373716
11246196 331732
2181742 1667536
13253371 173145
13253371 1656089
50614 214503
87646 298081
160092 502549
116835 375871
65418 251025
82377 284732
21248 118504
54473 223644
79737 278010
86776 101493
118111 378827
771543 217044
649977 251494
2232155 2962786
619240 1200458
619240 333790
373121 975486
34526 137107
290416 808566
129710 80273
4254818 1160803
252334 119473
39600 162235
581209 234356
13453748 98854
754842 1535947
13458256 105474
2134971 861685
13463492 735087
357661 129105
690467 316158
13469772 267807
378793 984044
6772773 119698
1617913 176749
1617913 131450
1617913 1742980
218394 670291
252925 745690
603999 1242273
665428 1407359
1578137 218131
13606997 339829
13607034 1860670
13737153 349127
14207992 309782
9511402 704505
3526908 828265
14277351 945235
14295926 51643
2134887 295620
1321437 867744
446086 1098483
2624536 947136
405010 1034328
241569 607199
14330397 3773336
14339446 518683
14343765 46497
14349136 1945561
3972943 1558110
955045 479467
14360741 909768
14362131 728935
14364479 299825
10438723 4895559
14373650 462447
14386044 16162
14392327 53043
14393369 265996
14396583 331074
14399130 1199515
14428520 76395
14428877 606791
14436656 444509
14438494 224513
14445204 1176069
10375501 42219
3170516 67339
14455861 637559
14455970 1228204
7107306 303181
14461288 93434
14467327 225851
14486351 483845
14492278 343788
14492640 51430
14495161 237895
14496093 344423
14496107 3926
14497699 152377
14498395 1554718
14502238 364372
14504632 109826
14508862 43218
14512189 453999
12257709 60600
14515161 340194
6617402 362235
14523908 99465
14526239 99330
14526792 218795
14527895 843837
14530940 336221
14535118 50851
14536262 445275
14536375 56308
14536926 899682
14536929 92350
14537127 845321
14537246 242209
14538083 606239
14540335 450824
14540342 1544322
14541100 39297
14545009 101773
4957083 1968043
14555522 424319
14556804 21101
14558146 371696
10392559 53047
14560140 5469
14562552 135379
14566650 1056083
14570247 1405
14571945 219936
14573011 3280745
14577282 1147003
14578184 412457
14588456 631043
14590316 606516
14594799 429474
14597329 319648
14599826 99038
14602305 350302
14606681 99519
14608986 173026
14613369 503681
8125596 101445
6552531 664502
14614261 100677
10842464 95895
14620758 346493
14620874 1308630
6312694 1535064
14621137 3201467
14628771 1581449
14628777 333822
14632076 1548459
14632923 104743
14633822 209912
14637975 91103
14641437 678359
14648819 131049
14649266 643438
14649444 283829
14651228 340407
14660670 192734
14666453 816702
14668479 48010
1323426 1766269
14337022 34875
824363 90543
14708033 404904
14708510 1263719
14710119 343183
6894244 233078
6617403 92391
14730733 870293
14733155 43409
14733197 352151
14737855 338860
14740012 97966
14742077 579095
4107602 97459
14744784 37582
14745055 189037
14745140 174210
14754146 828439
3537843 156164
14744977 101650
14779648 53776
14779826 102299
14779969 201657
14780005 392706
14780899 1096074
14781021 299643
14781193 202407
14781399 35464
14781559 259815
14782047 95717
9558646 238003
14783106 249930
14783291 97705
14783626 99638
14783739 1040244
14783840 231777
14783882 105187
14784020 112009
14784042 430972
14784049 827244
14784100 337567
14784584 476784
14784621 132379
14784793 207959
14785226 2068537
14785289 92262
14785342 389158
9230030 225053
14785799 142932
14785942 344566
14785996 346920
14786235 130413
14786662 218290
14786724 125121
14786949 39567
14787125 352627
14787308 233355
14787414 63609
14788126 568165
14788566 96826
11311227 64154
2529201 307580
14789575 66524
14790369 94517
12571349 44865
14790725 217287
14790736 333037
14791172 178308
14791483 224732
14791550 36218
14791553 827715
14791778 433725
12572238 177173
14792267 112305
14792410 150755
14792801 671093
7679395 629623
14793309 4241414
14793549 5464
14793605 168670
14793668 102919
14793844 736761
14793912 45959
14794050 137994
14794113 152146
14794379 89888
14794466 207727
14794547 361228
14794614 538729
14795010 447082
14795697 38525
14795888 1408
14795923 344181
14796585 984080
14796667 341838
14797077 199288
14797094 51072
14797784 90495
14797798 56115
6868841 213506
14798586 328585
14798678 362202
14799398 207244
11981112 70121
14799826 104821
14799868 1256832
14799874 158339
14800167 49498
14800369 65063
14800709 200308
14801000 56237
14801232 110915
14801374 664125
14783664 21168
1760543 93763
14802057 160736
14802324 53473
14802492 241085
14802847 216027
14803233 246644
14803352 308672
14803388 339675
14803453 274126
14803634 295621
14803653 116944
14803884 150268
14804253 551462
14804465 116951
14804489 53403
14804518 620537
14804831 190416
10427663 54525
14806356 48622
14806362 137390
14806503 19583
14806709 440443
14806784 861516
14797286 95545
14806957 511952
14807098 51069
14807179 95426
14807767 144277
14807927 142772
14808181 35463
14808578 324931
14808874 236895
14808917 491130
14808989 99584
14809107 37190
14809280 91018
14809537 67999
14809638 684482
14809867 1009967
3554948 104745
14815944 800275
14816285 339069
8116156 222901
14818478 99992
14818691 157292
14818986 86005
14820510 678490
14821777 110313
14821784 40039
14821835 112307
10392527 50514
14824069 162539
14824346 591721
14824860 1429468
14824907 87288
14826397 698348
14826451 201856
14827596 887471
14828029 3414394
14829938 47455
14833592 94379
14833767 1054997
14834550 213505
14834622 21712
14834766 191088
14835656 328940
11304578 193217
14837271 193974
14837375 684392
14838243 1091775
14838290 242203
14839024 324239
14839076 138393
14839273 100775
14841917 658704
14842577 288090
14842620 927242
932749 101710
14843130 306764
14843179 53373
14843332 5849
14843796 432758
14844326 401793
14844466 349661
14844734 135079
14844757 40834
2386496 3079545
14846185 109691
14848020 322951
14848129 47642
14848283 441056
14848811 101653
14850377 48930
11304823 1295018
14850923 77324
14851202 161412
14851253 296411
14851415 74792
14851849 662349
2602964 381250
14853273 3471530
14854494 1183368
14854774 926158
14855168 1112664
9703184 1453487
14855251 1675084
14855385 51831
14855406 499902
14855409 278825
14855412 201889
14855415 498756
14855656 101168
14855661 798178
14856522 686128
14856786 103863
14857264 370789
14857337 218120
14857340 86552
14858402 213282
14858969 316876
14859976 105228
8679061 93660
14860195 112353
14860273 134384
14860407 177083
14860833 285750
14861132 104232
14861266 225044
14861280 1199481
14861875 515801
14862078 285621
14862380 2052
14862529 642955
14863132 8483
14863625 84411
14864060 607224
14864153 342240
14864586 405085
14864675 433117
14864708 155436
14865053 291632
14865164 41925
14865550 910019
14865553 284569
14866820 223258
14867862 433631
14867949 119556
14868742 135706
14869745 215182
14870624 116952
14871724 725509
14875376 252342
14877555 2356392
14878523 1526471
14880378 99045
14880382 323169
14880385 94105
14880389 41921
14880393 91515
14880401 35682
856549 316682
585885 629440
1256783 244265
360438 123824
5700312 311333
2570391 2512781
4427346 396255
4427346 322141
4141884 1559246
5789720 218180
1735527 1757627
3809706 5342
14306961 1793300
1092516 373573
15369552 4003999
15435289 569653
6349958 2378930
15472333 92190
15474301 712428
15492355 250734
15517034 1430679
15523068 321188
10555076 457201
15568457 54949
15601418 187513
5611108 1265937
3652355 226291
15650254 12223
86895 296409
7314856 338797
2595135 1735366
2431365 1198847
58435 238361
2727569 1619301
4924683 107819
1620129 1302958
8758047 363757
15703915 645042
14207994 493378
8400153 101823
3202866 2858849
1808172 1751015
511066 1205880
269574 771972
2200019 927484
4512238 1776723
21614264 278157
21711710 101827
21745121 589365
21757324 154266
21780940 445152
22558211 30283
22699962 875574
12238728 170839
23734849 917958
207349 537293
24340316 977568
24343348 1405740
24343832 670129
24344254 1101859
24346729 876000
24349331 41456
24358633 150432
24377420 607589
24377429 887708
2602966 512159
15721869 669404
24395607 4375918
24398810 1020463
24402254 751891
24409937 157952
24425947 57188
25425930 392673
11440557 2956318
31711 133144
7441 62321
9080558 324888
28307039 67259
28307040 95335
28307041 3618854
28363302 323327
28365363 638954
28365552 331027
28365666 324707
28374002 705385
28376139 3037656
28376320 229972
28376908 140190
4503765 217463
9139641 635846
1327274 1276369
10843794 35308
28416189 1272227
28416260 577422
28416307 857575
10790507 44053
28475999 1287184
28476088 445147
28481179 219111
1142500 19043
4931601 251887
28730712 9376539
28736788 4892650
28736947 1237143
28759845 1157524
28763556 83122
1821497 588851
1855038 1753547
29049211 2570575
1587827 1246246
9230033 44232
10739681 783503
6496721 701928
30294411 935283
30295777 361988
30299354 53974
30299755 325412
30299771 5574
30302156 552760
30302167 325650
5164646 322104
30302182 125122
14880396 507190
10285961 18440
6984150 669704
6984150 1055626
30320171 173967
12074380 2509588
2206115 531475
30329403 218801
30331898 863824
30333411 208220
30357647 226605
30357648 1104280
5789729 824469
5789729 179292
1476392 317432
30364236 165791
30378420 65892
9561671 671428
9561671 228219
30380347 977378
30380881 554523
30382371 640304
30383456 931938
30383461 2397609
30383751 2142468
30384194 72381
30387196 165657
5373607 45502
30392263 399765
30392264 303209
4836444 672838
30393227 86013
14535120 487161
30395447 742515
30356148 674365
30404931 194302
30404932 149167
30404935 442193
30406425 137091
30487149 1536226
15718658 7806
934778 643439
3736357 468048
30763484 784473
30782321 107908
30785107 2588254
30786214 337082
10592682 493319
30800444 3309896
30812546 468765
30841439 854198
30856680 1595473
30882723 100609
31073317 386510
31082763 457953
31085828 289288
31086059 664507
5617186 218797
31088281 288535
10790508 651
31095006 430715
31096565 91704
7936811 1706122
31121031 1776857
31121112 1386611
31125221 664610
31125234 54186
31125238 1453813
31125242 102870
14864155 606583
31138991 107938
31160274 981998
31160687 236045
31160848 2580422
31161060 4444188
31170273 108686
7379374 218186
31182452 213157
31283855 288325
31760158 36140
31776860 1199517
13579884 430655
14120297 98721
30395085 341303
32840413 338717
31171025 219699
32874513 1264398
32876483 17879
32995101 640072
32995204 1965644
32995438 1823723
32995669 337888
32995710 672448
32995835 56033
32997757 55085
32998845 79015
32999403 4875400
33000490 1331230
33001039 427954
33001119 440773
33002742 442489
33002744 218110
8778964 1246248
33003232 602019
33003506 264212
33003625 179329
33003664 920534
33003676 858583
33003797 343396
33004007 343986
33004015 1148841
33004025 110840
33004093 100906
33004574 94643
33004590 365968
33005423 144080
33005934 225653
33006287 336692
33109881 2273640
33116681 2356833
33122591 1856432
5401641 640541
33134332 162833
33134531 537064
14873394 1627
10362905 2017544
5164648 108620
15729155 345524
33590323 72676
33591690 60040
33592393 68554
33592759 777947
33593266 18112
33593579 216941
33593984 187665
33594861 1137632
33594999 289323
33595661 41906
33598334 320069
33598745 251737
33599977 265798
33600264 98894
33600318 190414
33600843 308389
33601246 213723
33602889 71289
33603780 257303
33606913 324083
33606945 4040343
33607579 248487
33608554 226591
33609807 87060
33610184 308695
33610196 1285091
33611145 53775
33612432 828847
5943187 5943217
33752786 96398
33939455 837727
34225279 72602
34238294 75957
34282633 322359
7105262 553464
27644262 228103
34401972 56238
34404262 1063539
34413165 364104
34415034 2323417
34416858 52145
31805685 334393
34443332 219890
29749156 364583
34715306 1579581
34776352 4654194
34886513 105686
34894322 296294
34903542 36765
34908919 288413
35000413 1580618
35000989 273311
35002914 828404
35007887 1103846
35008388 787180
35048063 121326
35376303 2472079
35530871 110306
35532377 1336664
35532635 590920
35533599 95331
35534729 636921
35535953 64541
35536241 339195
35536895 94295
9995842 94298
35539546 340339
35539996 430924
35540063 437996
35540081 6558167
11530649 961614
35562683 871589
35572103 63684
28756419 80182
35866196 507358
29043886 95290
36264736 2036797
36325189 4343015
36344909 570373
30790413 2434656
36348362 338370
36348402 534279
13500604 332574
36348841 278445
36351179 2818346
36376192 87925
36421960 425819
36427569 100477
36459425 50956
36485745 1770947
36485799 373264
36524123 880049
36529684 62877
36665065 130349
36665739 252908
36665859 4875494
36665895 92079
36666324 3074982
36666434 219478
36666867 942350
36679237 624775
36679309 2327469
7564614 145499
36681686 842866
36681704 395957
36681774 402991
36681825 513096
10719966 888313
36689239 2011302
36689563 1056552
36703889 3044799
36723045 604775
36723055 1039545
36723057 2459981
36733705 907507
36735554 1772628
36757213 532183
36759702 1182673
36763481 100270
36763498 8726
36765275 177264
36765290 185072
36769434 634129
36769463 1598887
36875872 316743
36875926 98041
36875948 78628
36875985 95098
33765836 196550
37109326 890309
37165682 339199
37179915 326289
37189320 1629
37191099 1754467
37207303 88202
37225715 46897
37243239 324174
37243504 343327
37255638 146349
30927261 98759
37303312 151444
37320794 332122
37334786 341664
37341977 395464
37342058 1272120
37342161 196319
37342192 1596559
37342340 202358
37342533 84218
37342575 455492
37342606 99398
37342663 253506
37342709 340059
37342742 116902
37342832 501573
37342876 602274
37342915 803747
37343017 534869
37343093 312780
37343129 93490
37343191 149816
37343304 105229
33752854 22251
37343392 96104
37343439 2731080
37343469 327305
37343486 164078
37343568 1406
37343622 193147
37343663 603056
37343729 1623
37343819 322839
33856144 97812
37343925 52404
37343989 104898
37344053 328731
37344069 1195902
33765678 17880
37344249 92825
33752764 46167
37344373 231114
37344703 759697
37344716 28899
37344867 1401
37344907 92649
37345335 20035
37351442 107620
33765730 105965
37351692 382318
37351738 94588
37351784 112766
37351820 82906
37351854 153107
37351867 35265
37351883 43405
33765621 36179
37351905 1413
33856330 52923
37351925 895691
37351935 86095
37351945 263436
37353912 79168
37353919 355492
37353932 822986
37353943 116950
37353953 652252
37353964 340477
37353972 173390
37353982 815854
37353989 823131
33765767 396895
37354005 739867
37354012 136004
33765691 1499385
37354026 376072
37354033 332711
37354052 220722
37354056 1411
33765708 72843
37354063 349070
37354067 346250
37354090 51909
37354097 299547
37354126 886398
37354133 391204
37354140 54526
37354144 135453
37354148 2808567
37354158 170776
37354295 5159
37354302 140515
37354306 43952
37354317 121844
37354321 322798
37354332 322356
37354336 42616
37354340 72968
37354344 97968
37354348 890704
37354369 269315
37354385 393842
37354389 181904
37432806 261454
37490189 101649
37490193 248617
37490197 362168
37520361 95948
37522927 96767
37524575 425036
37524579 484438
37524584 228940
37524604 1163441
37524608 1307693
37524612 317168
37524735 363063
37524829 11038
37529680 54866
33752803 135340
33765643 71288
37566429 51078
37577205 830735
37583154 345071
37583171 22247
33765907 104829
33603986 118064
37604893 1998408
37612866 323562
37634416 2711957
37638694 1175585
33765825 119697
37664906 2071986
37664916 20946
36832243 1447130
37665225 588948
37665719 323990
37665729 867669
37665789 622865
37666437 364998
37666473 1136801
37666751 308663
37666783 97775
37666976 1286165
38053991 4018235
33752742 56835
38169261 10348
38214994 3604636
38215209 107220
38215746 887390
38215756 2233180
38218387 839013
38218832 441526
38219424 962905
38219794 944425
38219833 56306
38397724 177955
5479461 74964
39120075 1631
39124072 942070
33004016 532783
33955843 96933
39439078 1080910
39440113 248910
39505436 102725
39507949 322225
39540736 2156807
39540780 325023
39540947 325442
39541170 624440
39541876 443337
39541921 511954
39585768 108043
39645460 3143712
39645465 553440
36080284 50035
39956730 722391
8007563 103868
40103395 1416283
40103397 196823
40103911 214502
40104733 153262
40104770 754170
40107548 95476
40107558 2941171
40107560 247506
40107562 332286
40107563 212966
40118921 1198848
40121601 1201912
40139474 38064
40140536 1170725
40144584 238233
40151078 401242
40151089 318539
40151090 1056558
40151092 792629
40151097 36005
28416434 53549
40151126 504872
40151133 348413
40151137 1305429
40151152 372719
40151153 2765
3210866 355328
40156920 988548
40163390 462738
40163419 653915
40163427 1781076
40163694 810237
40164100 12761
40167767 66403
40168358 255374
40169905 1275343
40170209 19011
40172089 127329
40172183 608856
40172233 97808
40172234 5467
40172235 36475
40172254 528667
40172258 2182006
40172281 270136
40176344 397075
40185179 827680
40196708 1029049
40196807 1050856
40199447 739595
40206910 1517
40207017 1944275
40207396 1242250
40214929 340190
40214937 43717
10836897 53430
21754986 62429
40280348 145107
40280481 100825
7677606 172287
40172211 108226
40163696 659791
40633710 4144
40719489 256074
41208357 297702
41647129 200486
31085830 86648
41721152 1141050
14649448 970140
7566124 1220021
41729507 117685
41729509 572970
41729538 51075
41729539 870235
41729545 1149697
41729604 4377182
41729651 2992210
41729663 1156804
41729671 2914201
41729686 1141074
41729692 640537
41729704 95374
41729717 1714115
30498089 829114
41729728 65789
41729896 618174
41730005 261549
41730033 691226
41730036 1752737
41730072 81424
41730090 634197
41730237 509700
41730307 1121573
41730349 362868
41730370 5654
41730373 884477
41730378 1127835
41730387 2598822
41730401 186701
41730739 864336
41730751 504137
41730770 571992
41730783 1722754
41730799 24915
41730895 1215025
41731008 2860071
41731018 467743
41731019 594808
41731076 1473000
41731110 48997
41731181 218990
41731203 1521176
41731415 792316
41731460 232110
41731463 1542135
41731467 364373
41731476 37581
41731495 63218
41731528 1266876
41731568 909194
41731615 279335
41735344 1238572
41735361 704429
41735368 789680
41735440 3158723
41735461 627811
41735541 942090
41735545 338949
41735572 1452722
41735587 284693
41735603 1866002
41735706 2175291
41735732 121189
41735750 349793
41735768 672740
41735770 352160
41735786 1307784
41735841 681757
41735847 1676488
41735850 672812
41735859 226726
41735868 146623
41735936 412500
41735937 132347
41736104 1121038
41736106 596607
41736113 1303956
41736152 338572
41736217 85577
41736222 100182
41736233 694143
41736270 2098222
41736280 687561
41736285 1438115
41736292 551802
41736298 397461
41736299 217444
41736301 288091
41736305 551791
41736316 151052
41736346 929578
41736366 2168267
41736376 52667
41736383 2527315
41736394 3254551
41736406 709454
41736423 1358565
41736424 4875529
41736425 2082790
41736446 636115
41736457 1526672
41736467 178785
41736468 1580344
41736479 1026998
41736497 7122
41736506 1533519
41736517 2060612
41736523 914680
41736566 399524
41736575 619962
41736591 332064
41736607 1992844
41736614 95250
41736644 71574
41736677 936310
41736678 4793827
41736682 97536
41736685 94148
41736687 686706
41736689 2123430
41736693 624725
41736694 1082515
41736695 178477
41736700 14449
41736701 2105593
41736704 646530
41736705 945724
41736714 243344
41736722 896613
41736755 2549904
41736917 2134662
41736919 214356
41736928 4867731
41736929 61825
41736932 2560602
41736933 524475
41738200 939562
41738840 1639003
41738854 278790
41738859 149278
41738876 1708311
41738878 1122264
42497682 287467
42499283 1675583
42501256 930098
43308584 2197427
43308638 137998
43310869 330650
43823299 1238548
45118671 269785
45118675 83126
45118676 584659
45118677 170047
45118680 334039
45118681 471927
45118682 246449
45118687 907405
45118698 1464022
45118704 308519
45118706 486813
45118719 709121
45118747 79784
45118759 95546
45118766 393502
45118784 342868
45118797 493698
45118798 101381
45118800 384486
45118811 34456
45118821 871591
45118823 225522
45118837 105326
45118838 68623
45118843 251545
45118864 95629
45118867 622133
45118869 95155
45118875 54973
45118889 9413
45118904 442889
45118908 406528
45118910 43099
45118914 298188
45118917 19588
45118932 844481
45118935 72284
45118940 103242
45118956 1198727
45118965 134679
45118967 220264
45118971 31079
45118980 102223
30294413 217566
45189510 101169
45216990 224302
45469398 42322
45469399 51715
45469400 144659
45469401 949665
45469402 325865
45469403 96102
45469404 451865
45469407 92648
45469408 226733
45469409 659890
45469410 256121
45469411 280820
45469412 325747
45469414 129066
45469415 598805
45469416 233831
45469417 60164
45469420 63515
8663488 1015231
45469421 853540
45469422 105473
45469423 219889
45469425 51519
45469426 17050
45469427 1246500
45469428 94748
45469429 631895
45469432 104229
45469433 1044443
45469434 17124
45469437 170726
45469438 226590
45469439 2628229
45469440 341357
45469441 316827
45469442 85430
45469443 1103354
45469444 1625171
45469445 1659051
45469446 92465
45469447 110315
45469448 35289
45469449 186118
45469451 911616
45469453 341301
45469455 154037
45469456 132754
45469457 170671
28490469 988078
45469458 416172
45469459 446450
45469461 758388
45469462 201181
45469464 739869
45469465 1344052
45469466 606945
45469467 40898
45469468 174481
45469469 488630
45469470 2605378
45469471 751229
45469472 279574
45469474 1486003
45469475 2138610
45469476 2404856
45469477 108225
45469478 697474
45469479 782949
45469480 72285
45469481 502287
45469482 350365
45469485 17139
45469486 180266
45469487 1326257
45469488 1995219
45469489 180497
45469490 551772
45469491 882696
45469492 1329574
45469493 2647503
45469495 213284
45469496 1992450
45469498 590919
45469499 1275181
45469500 2151895
45469501 551678
45469502 1275052
45469503 1446506
45469504 2345819
45469505 551891
45469506 1518851
45469508 1543060
45469509 117314
45469510 4040294
45469511 1804292
45469512 2257710
45469513 702516
45469514 1581136
45469515 364701
45469516 537974
45469517 1232283
45469518 3356291
45469519 565098
45469520 1993841
45469521 559904
45469522 395466
45469523 65645
45469524 1770536
45469525 1121931
45469526 1121928
45469527 842874
45469528 1358377
45469529 553496
45469530 917040
45469531 4878976
45469532 981311
45469533 3254545
45469534 431672
45469535 765544
45469536 2624978
45469537 1620371
45469538 1649806
45469539 917157
45469540 459965
45469542 836308
45469543 1122868
45469544 2330030
45469545 459968
45469546 105477
45469547 1245650
45469548 671511
45469549 2260741
45469550 1111930
45469551 360576
45469552 679098
45469553 537475
45469554 974709
45469556 1696062
45469557 2772854
45469558 3779737
45469559 51514
45469560 3717467
45469561 901446
45469562 1041520
45469563 352065
45469564 173655
45469565 489659
45469567 2203253
45469568 2294850
45469569 105489
45469571 898625
45469572 4875136
45469573 314566
45469574 637414
45469575 363354
45469576 593865
45469577 424473
45469578 849887
45469579 1397708
45469580 1470513
45469581 938379
45469582 408369
45469583 758391
45469584 725380
45469585 717540
45469586 341914
45469587 1228570
45469588 1739712
45469589 792003
45469590 234425
45469591 215188
45469592 759272
45469593 2041183
45469594 534875
45469595 331135
45469596 1749083
45469597 962188
45469599 515256
45469600 878059
45469601 2863769
45469602 672723
45469603 96594
45469604 2949392
45469605 667883
45469606 1854472
45469607 2094511
45469610 3440348
45469611 433016
45469612 9025
45469615 12655
45469616 28178
45469617 32714
45469620 3522499
45469621 80183
45469622 4849213
45469623 255203
45469624 5288
45469625 1677115
45469626 920923
45469627 374908
45469628 245325
45469629 3115283
45469630 886027
45469631 1085863
45469632 5620
45469634 23656
45469635 53004
45469636 532928
45469637 325615
45469638 146381
45469640 678400
45469641 643362
45469644 606519
45469645 923350
45469646 438817
45469647 219935
45469648 961467
45469649 1962221
45469650 171968
45469651 52787
45469652 3523253
45469653 783796
45469654 1653794
45469655 2610863
45469656 1706127
45469657 108524
45469659 1672474
45469660 1461753
45469661 3399020
45469662 911754
45469663 227133
45469664 334401
45469665 336759
45469666 709455
45469667 349828
45469668 464941
45469669 696761
45469670 312196
45469671 427910
45469672 361717
45469673 333666
45469674 419090
45469675 1452354
45469676 736928
45469677 1041387
45469678 247549
45469679 247578
45469680 41920
45469681 35779
45469682 363127
45469683 1256704
45469684 2037747
45469685 878838
45469686 607515
45469687 1923783
45469688 1429090
45469689 799123
45469690 814807
45469691 723668
45469692 104609
45469693 708524
45469694 224837
45469695 1659891
45469696 959862
45469697 1479254
45469698 513242
45469699 2886017
45469700 2123116
45469701 3750225
45469702 507734
45469703 172187
45469704 1965662
45469705 49534
45469706 981950
45469708 2122846
45469709 57415
45469710 387019
45469711 363451
45469712 169267
45469713 922130
45469714 339067
45469715 500810
45469718 661137
45469721 51641
45469722 99641
45469723 105194
45469724 341572
45469725 502143
45469726 1347439
45469727 123623
45469729 877439
45469731 5279843
45469734 2467935
45469737 946807
45469739 295771
45469740 5598
45469742 335704
45469743 423869
45469744 226737
45469745 757886
45469746 52864
45469747 586614
45469749 94591
45469750 279311
45469753 49760
45469756 185879
45469759 102469
45469760 898656
45469761 677910
35533857 333824
45469762 365151
31171027 670128
45469763 436039
45469765 566555
45469766 2868410
45469768 295147
45469769 901512
45469770 2257636
45469771 480576
45469773 2979314
45469774 340531
45469777 219893
45469780 311736
45469781 836837
45469784 3462052
45469785 191590
45469786 339068
45469787 276435
45469788 336504
45469791 23855
45469792 29370
45469793 27885
45469794 29824
45469795 1258864
45469796 164009
45469797 120
45469798 483012
45469799 409741
45469800 311
45469801 95760
45469802 2862
45469803 97569
45469804 117205
45469806 2196838
45469807 208221
45469808 365308
45469809 674154
45469812 924057
45469507 913451
45469814 791355
45469815 366446
45469816 443468
45469817 659758
45469818 751750
45469820 519106
45469821 417344
45469822 104405
45469823 104679
45469824 228061
45469825 389937
45469826 854979
45469827 19589
45469830 57676
45469831 669425
45469832 359418
45469833 694779
45469834 353764
45469835 93320
45469836 127330
45469837 361897
45469838 96241
45469839 48932
45469840 516196
45469841 311447
45469844 56377
45469845 335573
45469847 307149
45469848 145677
45469849 1855105
45469850 43324
45469851 820593
45469853 130965
45469854 102672
45469855 420073
