34056799 34056801
34056802 34056804
34056805 34056808
34056809 34056811
34056812 34056814
34056815 34056817
34056818 34056820
34056821 34056823
34056824 34056826
34056827 34056829
34056830 34056832
34056833 34056835
34056836 34056838
34056839 34056841
34056842 34056844
34056845 34056847
34056848 34056850
34056851 34056853
34056854 34056856
34056857 34056859
34056860 34056862
34056863 34056865
34056866 34056868
34056869 34056871
34056872 34056874
34056875 34056877
34056878 34056880
34056881 34056883
34056884 34056886
34056887 34056889
34056890 34056892
34056893 34056895
34056896 34056898
34056899 34056901
34056902 34056904
34056905 34056907
34056908 34056910
34056911 34056913
34056914 34056916
34056917 34056919
34056920 34056922
34056923 34056925
34056926 34056928
34056929 34056931
34056932 34056934
34056935 34056937
34056938 34056940
34056941 34056943
34056944 34056946
34056947 34056949
34056950 34056952
34056953 34056955
34056956 34056958
34056959 34056962
34056963 34056965
34056966 34056968
34056969 34056971
34056972 34056974
34056975 34056977
34056978 34056980
34056981 34056983
34056984 34056986
34056987 34056989
34056990 34056992
34056993 34056995
34056996 34056998
34056999 34057001
34057002 34057004
34057005 34057007
34057008 34057010
34057011 34057013
34057014 34057016
4998314 4998327
34057017 34057020
34057021 34057023
34057024 34057026
34057027 34057030
34057031 34057034
34057035 34057037
34057038 34057041
34057042 34057044
34057045 34057048
34057049 34057051
34057052 34057054
34057055 34057057
34057058 34057060
34057061 34057063
34057064 34057066
34057067 34057069
34057070 34057072
34057073 34057075
34057076 34057078
34057079 34057081
34057082 34057084
34057085 34057087
37060662 37060664
37061019 37061021
37061293 37061296
37061550 37061553
37087021 37087023
37087226 37087229
37087231 37087233
37174647 37174649
37174662 37174667
37174668 37174670
37174671 37174673
37174674 37174676
37174677 37174679
37174682 37174684
37174685 37174687
37181363 37181367
37181369 37181372
37181373 37181376
37181377 37181380
37181381 37181385
37181387 37181389
37181390 37181393
37181394 37181397
37181398 37181400
37181401 37181404
37181405 37181407
37181408 37181410
37181411 37181416
37181417 37181421
37181424 37181426
37181427 37181430
37181431 37181436
37181440 37181442
37181443 37181448
37181449 37181452
37181453 37181457
37181459 37181461
37181462 37181465
37181466 37181468
37181469 37181471
37181472 37181476
37181477 37181479
37181480 37181482
37181483 37181486
37181487 37181490
37181491 37181493
37181494 37181496
37181497 37181499
37181613 37181619
37181620 37181622
37181623 37181630
37181631 37181636
37181637 37181639
37181640 37181644
37181645 37181649
37181652 37181654
37181655 37181657
37181658 37181661
37181662 37181665
37181666 37181668
37181669 37181671
37181672 37181674
37181675 37181677
37181678 37181680
4998316 4998356
37181681 37181684
37181685 37181687
37181688 37181691
37181692 37181695
37181696 37181698
37181699 37181701
37181702 37181704
37181708 37181710
37181711 37181713
37181714 37181716
37181717 37181719
37181720 37181723
37181724 37181727
37181728 37181731
37181732 37181735
37181736 37181738
37181739 37181741
37181742 37181746
37181747 37181749
37181750 37181752
37181753 37181755
37181756 37181758
37181759 37181761
37181762 37181764
37181765 37181768
37181769 37181774
37181775 37181781
37181782 37181784
37181785 37181787
37181788 37181790
37181791 37181793
37181794 37181798
37181799 37181802
37181803 37181806
37181807 37181809
37181810 37181812
37181813 37181816
37181817 37181820
37181821 37181823
37181824 37181828
37181829 37181832
37181833 37181835
37181836 37181839
37181842 37181844
37181845 37181847
37181848 37181850
37181851 37181853
37181854 37181857
37181858 37181861
37181862 37181865
37181866 37181869
37181870 37181873
37181874 37181878
37181881 37181888
37181889 37181893
37181894 37181896
37181897 37181900
37181901 37181905
37181906 37181909
37181910 37181912
37181913 37181915
37181916 37181918
37181919 37181924
37181925 37181928
37181929 37181931
37181932 37181934
37181935 37181937
37181938 37181941
37181942 37181944
37181945 37181947
37181948 37181950
37181951 37181953
37181954 37181957
37181958 37181960
37181961 37181963
37181964 37181966
37181967 37181969
37181970 37181972
37181973 37181975
37181976 37181978
37181979 37181981
37181982 37181984
37181985 37181987
37181988 37181990
37181991 37181993
37181994 37181996
37181997 37181999
37182000 37182003
37182004 37182007
37182008 37182012
37182013 37182016
37182017 37182020
37182021 37182026
37182027 37182029
37182030 37182033
37182034 37182036
37182037 37182039
37182040 37182042
37182043 37182045
37182046 37182048
37182049 37182051
37182062 37182065
37182070 37182072
37182073 37182077
37182079 37182084
37182087 37182092
37182093 37182095
37182096 37182098
37182099 37182104
37182106 37182108
37182109 37182111
37182112 37182119
37182122 37182124
37182125 37182127
37182128 37182132
37182135 37182137
37182138 37182141
37182142 37182147
37182148 37182150
37182151 37182153
37182154 37182156
37182157 37182159
37182160 37182163
37182164 37182166
37182167 37182170
37182173 37182175
37182176 37182178
37182179 37182181
37182182 37182184
37182185 37182187
37182188 37182191
37182192 37182194
37182195 37182197
37182198 37182201
37182202 37182204
37182205 37182207
37182208 37182210
37182211 37182213
37182214 37182216
37182217 37182219
37182220 37182223
37182224 37182226
37182227 37182229
37182230 37182232
37182233 37182235
37182236 37182238
37182239 37182241
37182242 37182245
37182246 37182248
37182249 37182251
37182252 37182254
37182255 37182257
37182260 37182263
37182264 37182266
37182267 37182269
37182270 37182274
37182275 37182277
37182278 37182280
37182281 37182283
37182284 37182287
37182288 37182291
37182292 37182294
37182295 37182297
37182298 37182300
37182301 37182303
37182304 37182307
37182308 37182310
37182311 37182313
37182314 37182317
37182318 37182323
37182324 37182326
37182327 37182329
37182330 37182332
37182333 37182335
37182336 37182338
37182339 37182341
37182342 37182344
37182345 37182347
37182348 37182352
37182353 37182355
37182356 37182358
37182359 37182361
37182362 37182364
37182365 37182368
37182369 37182371
37182372 37182379
37182380 37182382
37182383 37182385
37182386 37182388
37182389 37182391
37182392 37182394
37182395 37182397
37182398 37182400
37182401 37182403
37182410 37182414
37182415 37182417
37182418 37182420
37182421 37182423
37182424 37182426
37182427 37182429
37182430 37182432
37182433 37182435
37182436 37182439
37182441 37182443
37182444 37182447
37182448 37182450
37288297 37288300
37353571 37353574
37358826 37358828
37420389 37420392
37420395 37420398
37422501 37422504
37422505 37422507
37544917 37544920
37544922 37544924
37550114 37550118
37550120 37550123
37550125 37550127
37550144 37550147
37550151 37550153
37550156 37550159
37550160 37550163
37550165 37550167
37550168 37550171
37550172 37550175
37550176 37550179
37550181 37550183
37550184 37550186
37550187 37550190
37550193 37550195
37550196 37550198
37550199 37550201
37550202 37550204
37550205 37550207
37550208 37550210
37550211 37550213
37550214 37550216
37550217 37550219
37550302 37550306
37550309 37550313
37550376 37550380
37550382 37550385
37550386 37550388
37550471 37550474
37550490 37550494
37550507 37550510
37551752 37551755
37551757 37551760
37551762 37551764
37551767 37551771
37551848 37551850
37551866 37551869
37551880 37551884
37551887 37551889
37551890 37551893
37551915 37551917
37551921 37551924
37551925 37551928
37551929 37551933
37551937 37551939
37551940 37551942
37551943 37551945
37551946 37551948
37551949 37551951
37551952 37551954
37551955 37551957
37551958 37551960
37551961 37551963
37551964 37551966
37551967 37551969
37551970 37551972
37551973 37551975
37551976 37551978
37551979 37551981
37551982 37551984
37551985 37551987
37551988 37551990
37551991 37551993
37551994 37551996
37551997 37551999
37552000 37552002
37552003 37552005
37552006 37552008
37552009 37552011
37552012 37552014
37552015 37552017
37552018 37552020
37552021 37552023
37552024 37552026
37552027 37552029
37552030 37552032
37552033 37552035
37552036 37552038
37552039 37552041
37552042 37552044
37552045 37552047
37552048 37552050
37552051 37552053
37552054 37552058
37552059 37552061
37552062 37552064
37552065 37552067
37552068 37552070
37552071 37552073
37552074 37552076
37552077 37552079
37552080 37552082
37552083 37552085
37552086 37552088
37552089 37552091
37552092 37552094
37552095 37552097
37552098 37552100
37552101 37552103
37552104 37552106
37552107 37552109
37552110 37552112
37552113 37552115
37552116 37552118
37552119 37552121
37552122 37552124
37552125 37552127
37552128 37552130
37552131 37552133
37552134 37552136
37552137 37552139
37552140 37552142
37552143 37552145
37552146 37552148
37552149 37552151
37552152 37552154
37552155 37552157
37552158 37552160
37552161 37552163
37552164 37552166
37552167 37552169
37552170 37552172
37552173 37552175
37552176 37552178
37552179 37552181
37552182 37552184
37552185 37552187
37552188 37552190
37552191 37552193
37552194 37552196
37552197 37552199
37552200 37552202
37552203 37552205
37552206 37552208
37552209 37552211
37552212 37552214
37552215 37552217
37552218 37552220
37552221 37552223
37552224 37552226
37552227 37552229
37552230 37552232
37552233 37552235
37552236 37552238
37552239 37552241
37552242 37552244
37552245 37552247
37552248 37552250
37552251 37552253
37552254 37552256
37552257 37552259
37552260 37552262
37552263 37552265
37552266 37552268
37552269 37552271
37552272 37552274
37552275 37552277
37552278 37552280
37552281 37552283
37552284 37552286
37552287 37552289
37552290 37552292
37552293 37552295
37552296 37552298
37552299 37552301
37552302 37552304
37552305 37552307
37552308 37552310
37552311 37552313
37552314 37552316
37552336 37552338
37552341 37552344
37552349 37552352
37552363 37552366
37552367 37552369
37554884 37554888
37556936 37556939
37556950 37556953
37556956 37556959
37556977 37556981
37556983 37556986
37556988 37556991
37557001 37557004
37557005 37557007
37557008 37557011
37557041 37557045
37557051 37557054
37557055 37557058
37557071 37557075
37557076 37557078
37557079 37557082
37557087 37557090
37557091 37557094
37557100 37557104
37557111 37557113
37557123 37557126
37557128 37557130
37557148 37557151
37557152 37557154
37557155 37557157
37557160 37557162
37557163 37557165
37557166 37557168
37557179 37557181
37557182 37557184
37557185 37557187
37557188 37557191
37557194 37557196
37557199 37557202
37557219 37557222
37557224 37557227
37557229 37557231
37557232 37557234
37557235 37557237
37557238 37557241
37557243 37557246
37557247 37557249
37557250 37557252
37557253 37557256
37557260 37557263
37557267 37557270
37557283 37557286
37557290 37557292
37557296 37557299
37557305 37557307
37557312 37557315
37557319 37557322
37557323 37557326
37557327 37557330
37557331 37557333
37557334 37557337
37557338 37557340
37557347 37557350
37557351 37557355
37557356 37557359
37557360 37557364
37557368 37557371
37557382 37557384
37557385 37557389
37557390 37557392
37557393 37557396
37557397 37557399
37557400 37557403
37557406 37557408
37557418 37557422
37557423 37557426
37557427 37557430
37557432 37557434
37557435 37557438
37557439 37557441
37557447 37557450
37557451 37557455
37557464 37557467
37557468 37557470
37557471 37557473
37557474 37557476
37557477 37557479
37557484 37557487
37557488 37557491
37557500 37557502
37557503 37557506
37557510 37557513
37557521 37557523
37557526 37557529
37557530 37557532
37557533 37557535
37557536 37557538
37557539 37557541
37557542 37557544
37557545 37557547
37557548 37557550
37557551 37557553
37557554 37557558
37557565 37557568
37557572 37557575
37557582 37557585
37557587 37557590
37557600 37557602
37557603 37557606
37557607 37557610
37557611 37557613
37557614 37557617
37557618 37557620
37557621 37557624
37557625 37557628
37557629 37557632
37557640 37557643
37557644 37557647
37557654 37557657
37557658 37557661
37557662 37557664
37557670 37557673
37557674 37557676
37557677 37557679
37557680 37557682
37557683 37557685
37557686 37557688
37557695 37557698
37557700 37557702
37557703 37557706
37557707 37557710
37557711 37557713
37557714 37557716
37557717 37557719
37557720 37557722
37557725 37557727
37557728 37557730
37557731 37557733
37557734 37557736
37557744 37557747
37557748 37557750
37557751 37557753
37557754 37557756
37557757 37557759
37557774 37557776
37557777 37557779
37557780 37557782
37557797 37557799
37557800 37557802
37557803 37557805
37557806 37557809
37557812 37557814
37557815 37557818
37557819 37557822
37557823 37557825
37557831 37557834
37557835 37557838
37557839 37557841
37557844 37557846
37557850 37557852
37557853 37557856
37557863 37557865
37557870 37557873
37557877 37557880
37557964 37557967
37557978 37557981
37558037 37558040
37564931 37564933
37564939 37564942
37564943 37564946
37564947 37564950
37564951 37564954
37564955 37564958
37564959 37564962
37564972 37564975
37564976 37564980
37564981 37564983
37564984 37564987
37564991 37564994
37564997 37564999
37565000 37565002
37565006 37565010
37565011 37565014
37565018 37565021
37565025 37565027
37565028 37565031
37565032 37565036
37565037 37565039
37565040 37565043
37565047 37565050
37565054 37565057
37565058 37565061
37565065 37565068
37565069 37565072
37565073 37565076
37565085 37565088
37565095 37565099
37565104 37565108
37565121 37565123
37565127 37565130
37565137 37565140
37565141 37565143
37565150 37565153
37565163 37565166
37565173 37565175
37565179 37565182
37565183 37565186
37565193 37565196
38062011 38062013
38062014 38062016
38062019 38062021
38062022 38062024
38062025 38062027
38062030 38062032
38062033 38062035
38062038 38062041
38062046 38062048
38062049 38062051
38062052 38062055
38062056 38062059
38063250 38063252
38063566 38063568
38063569 38063571
38063572 38063575
38063576 38063578
38063579 38063581
38063582 38063584
38063585 38063587
38063588 38063590
38063603 38063605
38063606 38063608
38063609 38063611
38063614 38063616
38063617 38063619
38063620 38063622
38063623 38063625
38063626 38063628
38063629 38063631
38063632 38063634
38063635 38063637
38063638 38063640
4998317 4998360
38384898 38384900
38384901 38384903
38384912 38384914
38384917 38384919
38384920 38384922
38384923 38384925
38384926 38384928
38384929 38384931
38384932 38384934
38384935 38384937
38384938 38384940
38384941 38384943
38384944 38384946
38384947 38384949
38384950 38384952
38384953 38384955
38384956 38384958
38384959 38384961
38384962 38384964
38384975 38384977
38384978 38384980
38384981 38384983
38384986 38384988
38384991 38384993
38384994 38384996
38384999 38385001
38385002 38385004
38385005 38385007
38385008 38385010
38385011 38385013
38385014 38385016
38385017 38385019
38385020 38385022
38385023 38385025
38385026 38385028
38385029 38385031
38385032 38385034
38385035 38385037
38385038 38385040
38385045 38385047
38385048 38385050
38385051 38385053
38385060 38385062
38385077 38385079
38391697 38391699
38391738 38391740
38391741 38391743
38391808 38391810
38391811 38391813
38391814 38391816
38391817 38391819
38391820 38391822
38391823 38391825
38391826 38391828
38391829 38391831
38391832 38391834
38391835 38391837
38391838 38391840
38391841 38391843
38391844 38391846
38391847 38391849
38391850 38391852
38391853 38391855
38391856 38391858
38391859 38391861
38391862 38391864
38391865 38391867
38391868 38391870
38391871 38391873
38391874 38391876
38391877 38391879
38391880 38391882
38391883 38391885
38391886 38391888
38391889 38391891
38391892 38391894
38391895 38391897
38391898 38391900
38391901 38391903
38391904 38391906
38391907 38391909
38391910 38391912
38391913 38391915
38391916 38391918
38391919 38391921
38391922 38391924
38391925 38391927
38391928 38391930
38391931 38391933
38391934 38391936
38391937 38391939
38391940 38391942
38391943 38391945
38391946 38391948
38391949 38391951
38391952 38391954
38391955 38391957
38391958 38391960
38391961 38391963
38391964 38391966
38391967 38391969
38391970 38391972
38391973 38391975
38391976 38391978
38391979 38391981
38391982 38391984
38391985 38391987
38391988 38391990
38391991 38391993
38391994 38391996
38391997 38391999
38392000 38392002
38392003 38392005
38392006 38392008
38392009 38392011
38392012 38392014
38392015 38392017
38392018 38392020
38392021 38392023
38392024 38392026
38392027 38392029
38392030 38392032
38392033 38392035
38392036 38392038
38392039 38392041
38392042 38392044
38392045 38392047
38392048 38392050
38392051 38392053
38392054 38392056
38392057 38392059
38392060 38392062
38392063 38392065
38392066 38392068
38392069 38392071
38392072 38392074
38392075 38392077
38392078 38392080
38392081 38392083
38392084 38392086
38392087 38392089
38392090 38392092
38392093 38392095
38392096 38392098
38392099 38392101
38392102 38392104
38392105 38392107
38392230 38392232
38392235 38392237
38392238 38392240
38392241 38392243
38392244 38392246
38392251 38392253
38392254 38392256
38392257 38392259
38392260 38392262
38392263 38392265
38392266 38392268
38392269 38392271
38392272 38392274
38392275 38392277
38392278 38392280
38392281 38392283
38392284 38392286
38392287 38392289
38392290 38392292
38392293 38392295
38392296 38392298
38392299 38392301
38392302 38392304
38392305 38392307
38392308 38392310
38392311 38392313
38392314 38392316
38392317 38392319
38392320 38392322
38392323 38392325
38392326 38392328
38392329 38392331
38392332 38392334
38392335 38392337
38392340 38392342
38392347 38392349
38392350 38392353
38392354 38392356
38392357 38392359
38392360 38392362
38392363 38392365
38392366 38392368
38392371 38392373
38392376 38392378
38392379 38392381
38392382 38392384
38392385 38392387
38392388 38392390
38392391 38392393
38392394 38392396
38392399 38392401
38392402 38392404
38392405 38392407
38392408 38392410
38392411 38392413
38392414 38392416
38392417 38392419
38392420 38392422
38392425 38392427
38392430 38392432
38392433 38392435
38392438 38392440
38392441 38392443
38392444 38392446
38392447 38392449
38392450 38392452
38392455 38392457
38392458 38392460
38392461 38392463
38392464 38392466
38392467 38392469
38392470 38392472
38392473 38392475
38392478 38392480
38392481 38392483
38392484 38392486
38392489 38392491
38392492 38392494
38392495 38392497
38392498 38392500
38392501 38392503
38392504 38392506
38392507 38392509
38392510 38392512
38392513 38392515
38392516 38392518
38392519 38392521
38392522 38392524
38392525 38392527
38392528 38392530
38392531 38392533
38392534 38392536
38392537 38392539
38392540 38392542
38392543 38392545
38392546 38392548
38392549 38392551
38392552 38392554
38392555 38392557
38392558 38392560
38392561 38392563
38392564 38392566
38392567 38392569
38392572 38392574
38392575 38392577
38392578 38392580
38392597 38392599
38392600 38392602
38392603 38392605
38392606 38392608
38392609 38392611
38392612 38392614
38392615 38392617
38392618 38392620
38392625 38392627
38392628 38392630
38392631 38392633
38392634 38392636
38392637 38392639
38392640 38392642
38392643 38392645
38392650 38392652
38392653 38392655
38392656 38392658
38392659 38392661
38392662 38392664
38392665 38392667
38392668 38392670
38392671 38392673
38392674 38392676
38392677 38392679
38392680 38392682
38392683 38392685
38392686 38392688
38392689 38392691
38392692 38392694
38392695 38392697
38392698 38392700
38392701 38392703
38392704 38392706
38392707 38392709
38392710 38392712
38392713 38392715
38392716 38392718
38392719 38392721
38392724 38392726
38392727 38392729
38392730 38392732
38392733 38392735
38392736 38392738
38392739 38392741
38392744 38392746
38392747 38392749
38392750 38392752
38392753 38392755
38392758 38392760
38392805 38392807
38392808 38392810
38392811 38392813
38392814 38392816
38392817 38392819
38392820 38392822
38392825 38392827
38392828 38392830
38392831 38392833
38392834 38392836
38392837 38392839
38392844 38392846
38392853 38392855
38392856 38392858
38392861 38392863
38392864 38392866
38392867 38392869
38392870 38392872
38392873 38392875
38392876 38392878
38392879 38392881
38392882 38392884
38392887 38392889
38392890 38392892
38392893 38392895
38392896 38392898
38392901 38392903
38392904 38392906
38392909 38392911
38392916 38392918
38392925 38392927
38392928 38392930
38392943 38392945
38392950 38392952
38392957 38392959
38392960 38392962
38392963 38392965
38392966 38392968
38392969 38392971
38392972 38392974
38392975 38392977
38392984 38392986
38392991 38392993
38392994 38392996
38392999 38393001
38393010 38393012
38393015 38393017
38393018 38393020
38393021 38393023
38393024 38393026
38393027 38393029
38393030 38393032
38393033 38393035
38393036 38393038
38393041 38393043
38393044 38393046
38393047 38393049
38393050 38393052
38393059 38393061
38393076 38393078
38393079 38393081
38393082 38393084
38393087 38393089
38393092 38393094
38393095 38393097
38393098 38393100
38393101 38393103
38393120 38393122
38393125 38393127
38393128 38393130
38393131 38393133
38393138 38393140
38393141 38393143
38393148 38393150
38393151 38393153
38393154 38393156
38393157 38393159
38393160 38393162
38393163 38393165
38393166 38393168
38393185 38393187
38393188 38393190
38393191 38393193
38393194 38393196
38393197 38393199
38393200 38393202
38393203 38393205
38393206 38393208
38393213 38393215
38393218 38393220
38393221 38393223
38393224 38393226
38393227 38393229
38393230 38393232
38393233 38393235
38393236 38393238
38393239 38393241
38393256 38393258
38393284 38393286
38393349 38393351
38393352 38393354
38393365 38393367
38393368 38393370
38393379 38393381
38393386 38393388
38393389 38393391
38393392 38393394
38393439 38393441
38393754 38393756
38393757 38393759
38393760 38393762
38393763 38393765
38393766 38393768
38393769 38393771
38393772 38393774
38393775 38393777
38393778 38393780
38393781 38393783
38393784 38393786
38393787 38393789
38393792 38393794
38393795 38393797
38393798 38393800
38393805 38393807
38393808 38393810
38393811 38393813
38393814 38393816
38393819 38393821
38393822 38393824
38393825 38393827
38393830 38393832
38393833 38393835
38393838 38393840
38393841 38393843
38393844 38393846
38393849 38393851
38393852 38393854
38393855 38393857
38393858 38393860
38393861 38393863
38393864 38393866
38393867 38393869
38393870 38393872
38393875 38393877
38393880 38393882
38393885 38393887
38393888 38393890
38393891 38393893
38393894 38393896
38393915 38393917
38393918 38393920
38393923 38393925
38393926 38393928
38393933 38393935
38393936 38393938
38393943 38393945
38393946 38393948
38393951 38393953
38393954 38393956
38393961 38393963
38393964 38393966
38393967 38393969
38393972 38393974
38393977 38393979
38393984 38393986
38393989 38393991
38393992 38393994
38393997 38393999
38394000 38394002
38394009 38394011
38394847 38394849
38394850 38394852
38396260 38396262
38396265 38396267
38619065 38619067
39253392 39253394
39253395 39253397
39253398 39253400
39253403 39253405
39253408 39253410
39253417 39253419
39253422 39253424
39253425 39253427
39253428 39253430
39253431 39253433
39253434 39253436
39253437 39253439
39253442 39253444
39253445 39253447
39253448 39253450
39253455 39253457
39253458 39253460
39253461 39253463
39253464 39253466
39253467 39253469
39253470 39253472
39253473 39253475
39253476 39253478
39253479 39253481
39253482 39253484
39253485 39253487
39253488 39253490
39253491 39253493
