717533 34365
779576 125207
779576 382685
779576 1077256
779576 1115826
779576 1565746
779576 135221
779576 382687
779576 1565747
779576 1565748
779576 1006560
779576 1565749
779576 1565750
779576 162681
779576 455058
779576 1565751
779576 1565752
779576 1565753
779576 1565754
779576 1565755
779576 1565756
779576 1565759
779576 1565760
779576 992397
779576 1565761
779576 1006506
779576 1565762
779576 1565763
779576 1565764
779576 1565765
779576 1565766
779576 992471
779576 1565767
779576 1565768
779576 1565769
779576 1565770
779576 1565771
779576 1074384
779576 1565772
779576 1565773
779576 1565774
779576 1565775
779576 1565776
779576 1565777
779576 382715
779576 1565778
779576 1565779
779576 1565780
779576 1565781
779576 1565782
779576 1565783
779576 382720
779576 1565784
779576 382721
779576 1565785
779576 1565786
779576 1565787
119888 382684
119888 125207
119888 382685
119888 382686
119888 34847
119888 382687
119888 382688
119888 382689
119888 382690
119888 382691
119888 382692
119888 382693
119888 205707
119888 382694
119888 382695
119888 382696
119888 382697
119888 382698
119888 382700
119888 382701
119888 382702
119888 382703
119888 382704
119888 382705
119888 382706
119888 382707
119888 382708
119888 382709
119888 382710
119888 382711
119888 382712
119888 382713
119888 382714
119888 382715
119888 382716
119888 382717
119888 382718
119888 382719
119888 382720
119888 382721
10706789 136608
10848610 1914030
10871299 10871303
24101 126533
24101 35207
24101 126534
24101 126535
24101 126536
24101 126537
24101 126538
24101 45190
24101 111309
24101 126539
24101 126540
24101 126541
24101 126542
24101 126543
24101 126544
24101 126545
24101 126546
24101 126548
24101 126549
24101 126551
24101 126554
24101 126555
24101 126556
11129583 135371
3680297 42197
12079907 11562782
12079907 2767738
12079907 12079910
12079907 12079911
12251489 884
12251489 887
12251489 892
12251489 2350
12251489 907
12251489 914
12251489 917
12251489 925
12251489 937
12251489 942
12251489 943
12280693 943
12280693 958
125661 895
125661 902
125661 911
125661 914
125661 924
125661 932
125661 933
125661 934
125661 936
125661 939
125661 943
12353693 212836
61929 902
61929 903
61929 914
61929 14649
61929 302
61929 138664
2929005 34365
13272486 2742190
13272486 7037921
13310633 902
13310633 903
13310633 951
13310633 127213
1614034 956
1614034 41812
1614034 34365
1614034 67611
1614034 22868
1614034 67657
13321033 1228922
13321033 523877
13341810 899
13341810 900
13341810 901
13341810 902
13341810 904
13341810 905
13341810 932
13341810 2407
13341810 952
13341810 956
13350175 137232
4953992 62065
13372629 137232
13374642 62065
13388618 45148
13389363 136871
13395943 7840553
13399952 886
13399952 2480
13405319 45148
3729809 138950
3729809 77346
3729809 426
3729809 17027
3729809 21475
3729809 1617
3729809 94491
3729809 203275
3729809 16687
3729809 40343
3729809 193124
3729809 86265
3729809 111599
3729809 19709
3729809 111992
3729809 139028
3729809 76329
3729809 54511
3729809 117940
3729809 76330
3729809 76331
3729809 274308
3729809 111538
3729809 40877
3729809 19710
3729809 40344
3729809 76332
3729809 47353
3729809 19711
3729809 51892
3729809 42772
3729809 19712
3729809 119330
3729809 77348
3729809 85420
3729809 153731
3729809 111601
3729809 77350
3729809 35143
3729809 4016
3729809 76333
3729809 94674
3729809 40878
3729809 162154
3729809 19713
3729809 176198
3729809 94875
3729810 137232
13423078 2357
13423078 951
13423078 1052204
13423078 195632
13423078 194827
13423078 3467894
13423078 13423080
13423078 11548415
13423078 13423081
13423078 13423082
13427080 1448977
13428406 136760
243231 136760
3729811 137232
13435703 141532
13437633 336004
13476329 136760
2753068 1107751
2753068 3343470
13484917 136760
13506431 1805712
13513691 141532
13519894 45148
13521822 201587
13522274 62065
14218761 3304366
14223853 45148
14230657 135371
14235839 161631
14235839 8730605
14235839 10426204
14235839 10732293
14235839 12202137
14235839 14235842
14235839 14235843
14235839 14235844
14235839 14235845
14235839 14235846
14235839 14235847
14264375 141532
14274034 137156
14280976 45166
14280981 28893
14282123 4632038
3729812 137232
14285182 1077256
14288122 137232
14291993 135371
14292763 135371
3464475 3464449
3464475 3464450
3464475 3464451
3464475 3464452
3464475 3464453
3464475 3464455
3464475 3464457
3464475 3464458
3464475 3464474
3464475 3464490
3464475 3464492
3464475 3464493
14296465 585661
14296471 136871
14297373 45148
14297969 585661
14301568 136871
14301578 135371
14301595 135371
1073226 136871
14302849 585661
14306501 136871
14307292 45148
14307749 2189965
14308302 585661
14308928 45148
14309187 136871
14310471 585661
14310696 136871
14311492 140892
14311607 135371
14312425 45148
14312561 45148
14312784 140892
14312792 45148
14313137 136871
14313403 135371
14313741 140892
14313758 45148
14314031 136871
14314315 45148
14314482 45148
14314840 136871
14314950 45148
14315053 136871
14315485 137232
14322983 136871
14323241 135371
4002336 45148
14324869 137232
14329119 336004
14329248 336004
14329527 136794
14297375 136871
3729813 137232
14332358 336004
14333601 336004
14333737 892
14334850 45148
14336477 45105
14338395 336004
14339038 45148
14339043 136871
14339050 136871
14341196 135371
14236077 3811847
14236077 6817088
14236077 734621
14236077 11230875
14236077 12254115
14236077 14236323
14236077 14236324
14236077 14236130
14343774 137232
14346145 135371
14346215 136871
14347285 336004
14347290 336004
14347295 45148
14348318 336004
14348583 336004
14350364 74633
14355425 45105
14355435 136871
14358703 45148
14362895 336004
14366733 136871
14367910 45166
14367949 336004
14367954 336004
14368909 336004
14368915 336004
14369702 336004
14369915 336004
14376057 336004
14376223 336004
14376597 336004
14379637 336004
14382839 336004
14384198 336004
14384588 336004
14397858 135371
14236683 5256782
14236683 5268302
14236683 6241576
14236683 1457609
14236683 6786120
14236683 7002545
14236683 7021356
14236683 7168220
14236683 7238737
14236683 7238745
14236683 7291261
14236683 7412376
14236683 7675955
14236683 261063
14236683 7971102
14236683 8000732
14236683 8097173
14236683 8098727
14236683 8110632
14236683 8119160
14236683 8120496
14236683 8307135
14236683 8562807
14236683 9116377
14236683 9164210
14236683 9485323
14236683 9631461
14236683 7773
14236683 10367265
14236683 10731158
14236683 10766892
14236683 10768360
14236683 10777159
14236683 236157
14236683 10908241
14236683 10937765
14236683 1506086
14236683 4970831
14236683 11159692
14236683 11197821
14236683 11232295
14236683 11236053
14236683 11258875
14236683 11307621
14236683 11328365
14236683 11550361
14236683 11629427
14236683 11724652
14236683 12019394
14236683 12050253
14236683 12056307
14236683 12077998
14236683 14236768
14236683 14236769
14236683 14236770
14236683 14236771
14236683 11443146
14236683 14236772
14236683 14236773
14236683 14236775
14236683 14236776
14236683 14236777
14236683 14236778
14236683 1859203
14236683 14236779
14236683 14236780
14236683 14236781
14236683 14236782
14236683 14236783
14236683 734631
14236683 14236786
14236683 14236787
14236683 14236788
14236683 14236789
14236683 14236790
14236683 14236791
14236683 14236792
14236683 14236793
14236683 14236794
14236683 14236795
14236683 14236796
14236683 14236797
14236683 14236798
14236683 14236799
14236683 14236800
14236683 14236801
14236683 14236802
14236683 14236803
14236683 2349253
14236683 14236804
14236683 14236805
14236683 14236806
14236683 14236807
14236683 14236808
14236683 14236809
14236683 14236810
14236683 14236811
14236683 14236812
14236683 14236813
14236683 14236814
14236683 14236815
14236683 14236816
14236683 14236817
14236683 14236818
14236683 14236819
14236683 14236820
14236683 14236821
14236683 14236822
14236683 14236823
14236683 14236824
14236683 14236825
14236683 14236826
14236683 14236827
14236683 14236828
14236683 14236829
14236683 14236830
14236683 14236831
14236683 14236832
14236683 14236833
14236683 14236834
14236683 14236835
14236683 14236836
14236683 14236837
14236683 14236838
14236683 14236839
14236683 14236840
14236683 14236841
14236683 14236842
14236683 11782219
14236683 14236843
14236683 14236844
14236683 14236845
14236683 14236846
14236683 14236847
14236683 14236848
14236683 14236849
14236683 14236850
14236683 14236851
14236683 14236852
14236683 14236853
14236683 14236854
14236683 14236855
14236683 14236856
14236683 14236857
14236683 14236858
14236683 14236859
14236683 14236860
14236683 14236861
14236683 14236862
14236683 1009083
14236683 1661430
14236683 14236863
14236683 14236864
14236683 14236865
14236683 14236866
14236683 14236867
14236683 14236868
14236683 14236869
14236683 14236870
14236683 14236871
14236683 14236872
14236683 14236873
14236683 14236874
14236683 14236875
14236683 14236876
14236683 14236877
14236683 14236878
14236683 14236879
14236683 14236880
14236683 14236881
14236683 14236882
14236683 14236883
14236683 14236884
14236683 14236885
14236683 14236886
14236683 14236887
14236683 14236888
14236683 14236889
14236683 14236890
14236683 14236891
14236683 14236892
14236683 14236893
14236683 14236894
14236683 14236895
14236683 14236896
14236683 14236897
14236683 14236898
14236683 14236899
14236683 14236900
14236683 14236901
14236683 14236902
14236683 14236903
14236683 14236904
14236683 14236905
14236683 14236906
14236683 14236907
14236683 14236908
14236683 14236909
14236683 14236710
14236683 14236910
14236683 14236911
14236683 14236912
14236683 14236913
14236683 14236914
14236683 14236915
14236683 14236916
14236683 14236917
14236683 14236918
14236683 14236919
14236683 14236920
14236683 14236921
14236683 14236922
14236683 14236923
14236683 14236924
14236683 14236925
14236683 14236926
14236683 14236927
14236683 734639
14236683 14236928
14236683 7020186
14236683 14236929
14236683 14236930
14236683 14236931
14236683 14236932
14236683 14236933
14236683 734640
14236683 14236934
14236683 14236935
14236683 14236936
14236683 14236937
14236683 14236938
14236683 14236939
14236683 14236940
14236683 14236941
14236683 14236942
14236683 14236943
14236683 14236944
14236683 14236945
14236683 14236946
14236683 14236947
14236683 14236948
14236683 14236949
14236683 14236950
14236683 14236951
14236683 14236952
14236683 14236953
14236683 14236954
14236683 14236955
14236683 14236956
14236683 14236957
14236683 14236958
14236683 14236959
14236683 14236960
14236683 14236961
14236683 14236962
14236683 14236963
14236683 14236964
14236683 14236965
14236683 14236966
14236683 14236967
14236683 14236968
14236683 14236969
14236683 14236970
14236683 14236971
14236683 14236972
14236683 14236973
14236683 14236974
14236683 14236975
14236683 14236976
14236683 14236977
14236683 14236978
14236683 14236979
14236683 14236980
14236683 14236981
14236683 14236982
14236683 14236983
14236683 14236984
14236683 14236985
14236683 14236986
14236683 14236987
14236683 14236988
14236683 14236989
14236683 14236990
14236683 14236417
14236683 14236991
14236683 14236992
14236683 14236993
14236683 14236994
14236683 14236995
14236683 14236996
14236683 14236997
14236683 14236998
14236683 14236999
14236683 14237000
14236683 14237001
14236683 14237002
14236683 14237003
14236683 14237004
14236683 14237005
14236683 14237006
14236683 14237007
14236683 14237008
14236683 14237009
14236683 14237010
14236683 14237011
14236683 14237012
14236683 14237013
14236683 14237014
14236683 14237015
14236683 14237016
14236683 14237017
14236683 14237018
14236683 14237019
14236683 14237020
14236683 14237021
14236683 14237022
14236683 14237023
14236683 14237024
14236683 14237025
14236683 14237026
14236683 14237027
14236683 14237028
14236683 14237029
14236683 14237030
14236683 14237031
14236683 14237032
14236683 14237033
14236683 14237034
14236683 14237035
14236683 14236450
14236683 14237036
14236683 14237037
14236683 14237038
14236683 14237039
14236683 14237040
14236683 14237041
14236683 14237042
14236683 14237043
14236683 14237044
14236683 14237045
14236683 14237046
14236683 14237047
14236683 14237048
14236683 14237049
14236683 10884619
14236683 14237050
14236683 14237051
14236683 14237052
14236683 14237053
14236683 14237054
14236683 14237055
14236683 14237056
14236683 14237057
14236683 14237058
14236683 14237059
14236683 14237060
14236683 14237061
14236683 14237062
14236683 14237063
14236683 14237064
14236683 14237065
14236683 14237066
14236683 14237067
14236683 14237068
14236683 14237069
14236683 14237070
14236683 14237071
14236683 14237072
14236683 14237073
14236683 14237074
14236683 14237075
14236683 14237076
14236683 14237077
14236683 14237078
14236683 14237079
14236683 14237080
14236683 14237081
14236683 14237082
14236683 14237083
14236683 14237084
14236683 14237085
14236683 14237086
14236683 14237087
14236683 14236475
14236683 14237088
14236683 14237089
14236683 14237090
14236683 14237091
14236683 14237092
14236683 14237093
14236683 14237094
14236683 14237095
14236683 14237096
14236683 14237097
14236683 14237098
14236683 14237099
14236683 14237100
14236683 14237101
14236683 14237102
14236683 14237103
14236683 14237104
14236683 14237105
14236683 14237106
14236683 14237107
14236683 14237108
14236683 14237109
14236683 14237110
14236683 14237111
14236683 14237112
14236683 14237113
14236683 14237114
14236683 14237115
14236683 14237116
14236683 14237117
14236683 14237118
14236683 14237119
14236683 14237120
14236683 14237121
14236683 14237122
14236683 14237123
14236683 14237124
14236683 14237125
14236683 14237126
14236683 14237127
14236683 14237128
14236683 14237129
14236683 14237130
14236683 14237131
14236683 14237132
14236683 14237133
14236683 14237134
14236683 14237135
14236683 14237136
14236683 14237137
14236683 14237138
14236683 14237139
14236683 14237140
14236683 14237141
14236683 14237142
14236683 14237143
14236683 14237144
14236683 14237145
14236683 14237146
14236683 14237147
14236683 14237148
14236683 14237149
14236683 14237150
14236683 14237151
14236683 14237152
14236683 14237153
14236683 14237154
14236683 14237155
14236683 14237156
14236683 14237157
14236683 14237158
14236683 14237159
14236683 14237160
14236683 14237161
14236683 14237162
14236683 14237163
14236683 14237164
14236683 14237165
14236683 14237166
14236683 14237167
14236683 14237168
14236683 14237169
14236683 14237170
14236683 14237171
14236683 14237172
14236683 14237173
14236683 14237174
14236683 14237175
14236683 14237176
14236683 14237177
14236683 14237178
14236683 14237179
14236683 14237180
14236683 14237181
14236683 14237182
14236683 14237183
14236683 14237184
14236683 14237185
14236683 14237186
14236683 14237187
14236683 14237188
14236683 14237189
14236683 14237190
14236683 14237191
14236683 14237192
14236683 14237193
14236683 14237194
14236683 14237195
14236683 14237196
14236683 14237197
14236683 14237198
14236683 14237199
14236683 14237200
14236683 14237201
14236683 14237202
14236683 14237203
14236683 14237204
14236683 14237205
14236683 14237206
14236683 14237207
14236683 14237208
14236683 14237209
14236683 14237210
14236683 14237211
14236683 14237212
14236683 14237213
14236683 14237214
14236683 14237215
14236683 14237216
14236683 14237217
14236683 14237218
14236683 14237219
14236683 14237220
14236683 14237221
14236683 14237222
14236683 14237223
14236683 14237224
14236683 14237225
14236683 14237226
14236683 14237227
14236683 14237228
14236683 14237229
14236683 14237230
14236683 14237231
14236683 14237232
14236683 14237233
14236683 14237234
14236683 14237235
14236683 14237236
14236683 14237237
14236683 14237238
14236683 14237239
14236683 14237240
14236683 14237241
14236683 14237242
14236683 14237243
14236683 14237244
14236683 14237245
14236683 14237246
14236683 14237247
14236683 14237248
14236683 14237249
14236683 14237250
14236683 14237251
14236683 14237252
14236683 14237253
14236683 14237254
14236683 14237255
14236683 14237256
14236683 14237257
14236683 14237258
14236683 14237259
14236683 14237260
14236683 14237261
14236683 14237262
14236683 14237263
14236683 14237264
14236683 14237265
14236683 14237266
14236683 14237267
14236683 14237268
14236683 14237269
14236683 14237270
14236683 14237271
14236683 14237272
14236683 14237273
14236683 14237274
14236683 14237275
14236683 14237276
14236683 14237277
14236683 14237278
14236683 14237279
14236683 14237280
14236683 14237281
14236683 14237282
14236683 14237283
14236683 14237284
14236683 14237285
14236683 14237286
14236683 14237287
14236683 14237288
14236683 14237289
14236683 14237290
14236683 14237291
14404736 161971
14407989 302
14407989 14407991
14418155 34847
1315400 588083
1315400 2186578
1315400 585577
1315400 2186579
1315400 2186580
1315400 2186581
1315400 2186582
1315400 2186583
1315400 2186584
1315400 2186585
1315400 2186586
1315400 2186587
1315400 2186588
1315400 2186589
1315400 2186590
1315400 2186591
1315400 2186592
1315400 2186593
1315400 2186594
1315400 2186595
1315400 2186596
1315400 2186597
1315400 2186598
1315400 2186599
1315400 2186600
1315400 2186601
1315400 2186602
1315400 2186604
1315400 2186605
1315400 2186606
1315400 2186607
1315400 2186608
1315400 2186609
1315400 2186610
1315400 2186611
1315400 2186612
1315400 2186613
14433053 135371
14439822 585661
14439983 141532
14439995 141532
14441587 135371
14442143 136794
14444139 136871
14444775 141532
14468699 141532
138289 34847
14471546 141532
14471867 141532
14472770 137156
14473517 140892
14474535 141532
14475041 141532
14475511 141532
14475516 141532
243232 136760
14482273 136760
14482921 136760
14485546 136760
14485566 136760
14486558 136760
14487038 136760
14488056 136794
14488990 136760
14489034 136760
14493211 136760
14274681 136760
14494732 136760
2751130 137232
14501998 136760
14502010 136760
14504423 136760
14505092 136760
14505692 136760
14506501 136760
14230659 136760
14511382 141532
14511384 136760
14514682 45105
14514710 161971
3255673 161971
14514715 135371
14514953 137232
14516344 136760
14518812 136760
14518919 136760
14519236 136760
14519866 136760
14519996 135371
14528262 45148
14530604 45148
14533298 136760
14538490 136760
14539949 1077256
14544391 136760
14544727 136760
14546240 136760
4954014 136760
14551955 136760
14554344 136608
14556425 42197
14557022 45148
14560344 42197
14560779 42197
14376059 136760
14561192 135371
14570081 45166
14570152 42197
14576067 42197
14576690 42197
14581160 42197
14582036 42197
14586333 42197
14586402 42197
14589614 42197
14589704 45105
14593476 42197
14595311 137232
14595317 136794
14596475 42197
14596496 42197
14596512 42197
14610866 136608
14611136 1448977
14614483 137061
14616833 137061
14617091 42197
14618659 42197
14629236 45148
14629554 42197
14637410 45105
14642839 45148
14645572 42197
14647131 336004
14647161 585661
14649870 136794
14650870 135371
14651295 136794
14651420 136608
14651443 136794
14651762 136871
14651950 137232
14651955 136871
14652036 136608
14652108 136608
3729814 137232
14653186 136608
14653191 136794
14653208 45148
14654378 140892
14656346 336004
3729815 137232
14658863 135371
14659177 585661
14659534 2012999
14659715 136871
14660333 136608
14660375 136794
14663132 161971
14663187 136871
14671502 136871
14675030 42197
14675261 136608
14675283 45105
14678549 201587
14678677 1805712
14678682 136794
14679867 135371
14680541 2335
14680962 336004
14376225 336004
14682534 137232
14682886 585661
14683244 45148
14683435 45148
14684827 62065
14546242 62065
14685317 62065
14685338 62065
14685664 62065
14686467 62065
14686816 62065
14686826 62065
14687072 135371
14688405 62065
14688442 62065
13470209 62065
14688656 62065
14688822 62065
14689580 141532
14689807 141532
14689812 141532
14235841 6150091
14235841 6813670
14235841 7129734
14235841 7170138
14235841 7292603
14235841 7336824
14235841 490080
14235841 7437594
14235841 8002869
14235841 2620387
14235841 8316295
14235841 8588929
14235841 8974426
14235841 9602100
14235841 10664018
14235841 10672464
14235841 10693104
14235841 10694818
14235841 10702524
14235841 10890680
14235841 10903208
14235841 11041304
14235841 11207770
14235841 11209449
14235841 11230671
14235841 11246729
14235841 11279434
14235841 11289036
14235841 7409943
14235841 11545822
14235841 11647297
14235841 11658512
14235841 12020236
14235841 14235852
14235841 14235853
14235841 14235854
14235841 14235855
14235841 14235857
14235841 14235858
14235841 14235859
14235841 14235860
14235841 14235862
14235841 14235863
14235841 14235865
14235841 14235866
14235841 14235867
14235841 14235868
14235841 14235869
14235841 14235870
14235841 14235871
14235841 14235872
14235841 14235873
14235841 14235874
14235841 14235875
14235841 14235876
14235841 14235877
14235841 14235878
14235841 14235879
14235841 14235880
14235841 14235881
14235841 14235882
14235841 14235883
14235841 14235884
14235841 14235885
14235841 14235886
14235841 14235887
14235841 14235888
14235841 14235889
14235841 14235890
14235841 14235891
14235841 14235892
14235841 14235893
14235841 14235894
14235841 14235895
14235841 14235896
14235841 14235897
14235841 14235898
14235841 14235899
14235841 14235900
14235841 14235901
14235841 14235902
14235841 14235903
14235841 14235904
14235841 14235905
14235841 14235906
14235841 14235907
14235841 14235908
14235841 14235909
14235841 14235910
14235841 14235911
14235841 14235912
14235841 14235913
14235841 14235914
14235841 14235915
14235841 14235916
14235841 14235917
14235841 10903215
14235841 14235918
14235841 14235919
14235841 14235920
14235841 14235921
14235841 14235922
14235841 14235923
14235841 14235924
14235841 14235925
14235841 14235926
14235841 14235927
14235841 14235928
14235841 14235929
14235841 14235930
14235841 14235931
14235841 14235932
14235841 14235933
14235841 14235934
14235841 14235935
14235841 14235936
14235841 14235937
14235841 14235938
14235841 14235939
14235841 14235940
14235841 14235941
14235841 14235942
14235841 14235943
14235841 14235944
14235841 14235945
14235841 14235946
14235841 14235947
14235841 14235948
14235841 14235949
14235841 14235950
14235841 14235951
14235841 14235952
14235841 14235953
14235841 14235954
14235841 14235955
14235841 14235956
14235841 14235957
14235841 14235958
14235841 14235959
14235841 14235960
14235841 14235961
14235841 14235962
14235841 14235963
14235841 14235964
14235841 14235965
14235841 14235966
14235841 14235967
14235841 14235968
14235841 14235969
14235841 14235970
14235841 14235971
14235841 14235972
14235841 14235973
14235841 14235974
14235841 14235975
14235841 14235976
14235841 14235977
14235841 14235978
14235841 14235979
14235841 14235980
14235841 14235981
14235841 14235982
14235841 14235983
14235841 14235984
14235841 14235985
14235841 14235986
14235841 14235987
14235841 14235988
14235841 14235989
14235841 14235990
14235841 14235991
14235841 14235992
14235841 14235993
14235841 14235994
14235841 14235995
14235841 14235996
14235841 14235997
14235841 14235998
14235841 14235999
14235841 14236000
14235841 14236001
14235841 14236002
14235841 14236003
14235841 14236004
14235841 14236005
14235841 14236006
14235841 14236007
14235841 14236008
14235841 14236009
14235841 14236010
14235841 14236011
14235841 14236012
14235841 14236013
14235841 14236014
14235841 14236015
14235841 14236016
14235841 14236017
14235841 14236018
14235841 14236019
14235841 14236020
14235841 14236021
14235841 14236022
14235841 14236023
14235841 14236024
14235841 14236025
14235841 14236026
14235841 14236027
14235841 14236028
14235841 14236029
14235841 14236030
14235841 14236031
14235841 14236032
14235841 14236033
14235841 14236034
14235841 14236035
14235841 14236036
14235841 14236037
14235841 14236038
14235841 14236039
14235841 14236040
14235841 14236041
14235841 14236042
14235841 14236043
14692533 141532
14692917 141532
14236322 5568142
14236322 2217737
14236322 6203511
14236322 6406816
14236322 3811847
14236322 6616885
14236322 6681068
14236322 6834887
14236322 1481691
14236322 7448162
14236322 7509265
14236322 7587445
14236322 7702920
14236322 7832960
14236322 8097323
14236322 8106465
14236322 8300058
14236322 9496877
14236322 9545579
14236322 10283089
14236322 10286486
14236322 10680550
14236322 10701930
14236322 10713525
14236322 10717580
14236322 10743297
14236322 734621
14236322 10837054
14236322 10837411
14236322 10908241
14236322 10928091
14236322 11109086
14236322 11109243
14236322 11109476
14236322 11236053
14236322 11285422
14236322 11286244
14236322 11368108
14236322 11387544
14236322 11407036
14236322 11498151
14236322 11811028
14236322 11310544
14236322 12057953
14236322 734623
14236322 12738999
14236322 12974661
14236322 14236401
14236322 14236402
14236322 14236403
14236322 14236081
14236322 14236404
14236322 14236405
14236322 14236406
14236322 14236407
14236322 14236408
14236322 14236409
14236322 14236085
14236322 14236410
14236322 14236411
14236322 14236324
14236322 14236412
14236322 14236087
14236322 14236413
14236322 14236414
14236322 14236415
14236322 14236416
14236322 14236417
14236322 14236418
14236322 14236419
14236322 14236420
14236322 734646
14236322 14236092
14236322 14236421
14236322 734652
14236322 734669
14236322 14236422
14236322 14236423
14236322 14236424
14236322 10910349
14236322 14236425
14236322 14236426
14236322 14236094
14236322 14236427
14236322 14236428
14236322 14236429
14236322 14236430
14236322 14236431
14236322 14236096
14236322 14236098
14236322 14236432
14236322 14236433
14236322 14236434
14236322 14236435
14236322 14236436
14236322 14236437
14236322 14236438
14236322 14236439
14236322 14236440
14236322 14236441
14236322 14236442
14236322 14236443
14236322 14236444
14236322 14236445
14236322 14236446
14236322 14236447
14236322 14236109
14236322 14236448
14236322 14236110
14236322 14236111
14236322 14236449
14236322 14236450
14236322 14236451
14236322 14236452
14236322 14236453
14236322 14236454
14236322 14236455
14236322 14236456
14236322 14236457
14236322 14236458
14236322 14236459
14236322 14236460
14236322 14236461
14236322 14236462
14236322 14236463
14236322 14236464
14236322 14236465
14236322 14236466
14236322 14236467
14236322 14236468
14236322 14236117
14236322 14236469
14236322 9545590
14236322 14236470
14236322 14235933
14236322 14236471
14236322 14236118
14236322 14236472
14236322 14236473
14236322 14236474
14236322 14236475
14236322 14236476
14236322 14236477
14236322 14236478
14236322 14236479
14236322 14236480
14236322 14236121
14236322 14236481
14236322 14236482
14236322 14236483
14236322 14236126
14236322 14236484
14236322 14236485
14236322 9129243
14236322 14236486
14236322 14236487
14236322 14236488
14236322 14236489
14236322 14236490
14236322 14236491
14236322 14236492
14236322 14236493
14236322 14236494
14236322 14236495
14236322 14236496
14236322 14236141
14236322 14236497
14236322 14236498
14236322 14236499
14236322 14236500
14236322 14236501
14236322 14236502
14236322 14236503
14236322 14236504
14236322 14236505
14236322 14236506
14236322 14236507
14236322 14236508
14236322 14236509
14236322 14236510
14236322 14236511
14236322 14236512
14236322 14236513
14236322 14236514
14236322 14236515
14236322 14236516
14236322 14236517
14236322 14236518
14236322 14236519
14236322 14236520
14236322 14236521
14236322 14236522
14236322 14236523
14236322 14236524
14236322 14236525
14236322 14236526
14236322 14236527
14236322 14236528
14236322 14236529
14236322 14236530
14236322 14236531
14236322 14236532
14236322 14236154
14236322 14236533
14236322 14236155
14236322 14236534
14236322 14236535
14236322 14236156
14236322 14236157
14236322 14236536
14236322 14236537
14236322 14236538
14236322 14236539
14236322 14236540
14236322 14236541
14236322 14236542
14236322 14236543
14236322 14236544
14236322 14236545
14236322 14236546
14236322 14236547
14236322 14236548
14236322 14236549
14236322 14236550
14236322 14236551
14236322 14236552
14236322 14236553
14236322 14236554
14236322 14236555
14236322 14236556
14236322 14236557
14236322 14236558
14236322 14236559
14236322 14236560
14236322 14236561
14236322 14236562
14236322 14236563
14236322 14236564
14236322 14236565
14236322 14236566
14236322 14236567
14236322 14236568
14236322 14236569
14236322 14236570
14236322 14236571
14236322 14236572
14236322 14236573
14236322 14236574
14236322 14236575
14236322 14236576
14236322 14236577
14236322 14236578
14236322 14236579
14236322 14236158
14236322 14236580
14236322 14236581
14236322 14236582
14236322 14236583
14236322 14236584
14236322 14236585
14236322 14236586
14236322 14236587
14236322 14236588
14236322 14236159
14236322 14236589
14236322 14236590
14236322 14236591
14236322 14236592
14236322 14236593
14236322 14236594
14236322 14236595
14236322 14236596
14236322 14236597
14236322 14236598
14236322 14236599
14236322 14236160
14236322 14236600
14236322 14236601
14236322 14236602
14236322 14236603
14236322 14236604
14236322 14236605
14236322 14236606
14236322 14236607
14236322 14236161
14236322 14236608
14236322 14236609
14236322 14236610
14236322 14236611
14236322 14236612
14236322 14236613
14236322 14236614
14236322 14236615
14236322 14236616
14236322 14236617
14236322 14236162
14236322 14236618
14236322 14236619
14236322 14236620
14236322 14236621
14236322 14236622
14236322 14236623
14236322 14236624
14236322 14236625
14236322 14236626
14236322 14236627
14236322 14236628
14236322 14236629
14693310 141532
14694293 135371
14695405 141532
8777801 2434
14560781 137232
14696598 141532
14696631 141532
14696942 141532
14236400 5655626
14236400 14236685
14236400 14236686
14236400 14236687
14236400 734641
14236400 14236412
14236400 14236688
14236400 14236689
14236400 14236690
14236400 14236691
14236400 14236692
14236400 14236693
14236400 14236694
14697030 141532
14698048 141532
14698287 141532
14698463 136794
14698561 141532
14698800 141532
14699022 141532
14699695 141532
14699706 141532
14701912 336004
14706973 141532
14707690 585661
14708752 141532
14709119 136794
14710570 141532
14369917 136608
14714812 141532
14718746 136760
14731053 971291
14746986 45148
14750281 4632038
15096547 1924893
15302021 902
15302021 909
15302021 916
15302021 925
15486382 131386
15486382 138614
15486382 2480
15486382 7424
15486382 35011
15756124 914
15756124 302
15831898 1002329
15831898 3987276
725620 11185
725620 67099
725620 2480
725620 7424
725620 138640
15837830 10061
15837830 2458
24391736 24391739
28185952 129313
28185952 28185953
14355427 28893
28193859 746795
28193859 7483618
28193859 10334620
28193859 9187105
28193859 8961216
28193859 5479716
28193859 15182425
28193859 15200
28193859 764404
28193859 15498574
28193859 15571099
14438204 253023
14438204 1915209
14438204 10273871
14438204 10357168
14438204 14218732
14438205 253040
14438205 1273353
14438205 3684896
14438205 13015342
14438206 591957
14438206 253040
14438206 4082246
14438206 14438217
14438206 14438218
14438201 746062
14438201 3565569
14438201 253003
14438201 353974
14438201 256454
14438201 4594273
14438201 3399937
14438201 6588817
14438201 7611997
14438201 10278569
14438201 10294145
14438201 2868458
28194438 212836
28195188 1805712
28196311 7156235
28196311 10728591
28196311 15628329
28196311 28196314
28196311 28196315
28196311 28196316
28196352 7168220
28196352 8002858
28196352 8009637
28196352 9541583
28196352 10286486
28196352 10691594
28196352 12786054
28196352 15613244
28196352 734631
28196352 28196335
28196352 28196336
28196352 28196337
28196352 28196338
28196352 28196339
28196352 28196340
28196352 28196341
28196352 28196347
28196365 7168220
28196365 8002858
28196365 8009637
28196365 9541583
28196365 10286486
28196365 10691594
28196365 12786054
28196365 15613244
28196365 734631
28196365 28196335
28196365 28196336
28196365 28196337
28196365 28196338
28196365 28196339
28196365 28196340
28196365 28196341
28196365 28196347
28196375 7168220
28196375 8002858
28196375 8009637
28196375 9541583
28196375 10286486
28196375 12786054
28196375 15613244
28196375 734631
28196375 28196335
28196375 28196336
28196375 28196337
28196375 28196338
28196375 28196339
28196375 28196340
28196375 28196341
28196375 28196347
28196383 7168220
28196383 8002858
28196383 8009637
28196383 9541583
28196383 10286486
28196383 12786054
28196383 15613244
28196383 734631
28196383 28196335
28196383 28196337
28196383 28196338
28196383 28196339
28196383 28196340
28196383 28196347
28196387 7168220
28196387 8002858
28196387 8009637
28196387 9541583
28196387 10286486
28196387 12786054
28196387 15613244
28196387 734631
28196387 28196335
28196387 28196337
28196387 28196338
28196387 28196339
28196387 28196340
28196387 28196341
28196387 28196347
28196387 28196392
14235864 6687695
14235864 6774958
14235864 6832165
14235864 7302949
14235864 7421363
14235864 8015207
14235864 8106465
14235864 8241788
14235864 10283089
14235864 10702477
14235864 734621
14235864 7080698
14235864 10862615
14235864 10935916
14235864 11109476
14235864 11166679
14235864 11209449
14235864 11286244
14235864 11478925
14235864 11528839
14235864 11553689
14235864 11649224
14235864 11713214
14235864 12059606
14235864 734627
14235864 14236078
14235864 14236079
14235864 14236080
14235864 14236081
14235864 14236082
14235864 14236083
14235864 14236084
14235864 14236085
14235864 14236086
14235864 14236087
14235864 14236088
14235864 6827085
14235864 14236089
14235864 14236090
14235864 14236091
14235864 14236092
14235864 6348334
14235864 14236093
14235864 14236094
14235864 14236095
14235864 14236096
14235864 14236097
14235864 14236098
14235864 14236099
14235864 14236100
14235864 14236101
14235864 14236102
14235864 14236103
14235864 14236104
14235864 14236105
14235864 14236106
14235864 14236107
14235864 14236108
14235864 14236109
14235864 14236110
14235864 14236111
14235864 14236112
14235864 14236113
14235864 14236114
14235864 14236115
14235864 14236116
14235864 14236117
14235864 14236118
14235864 14236119
14235864 14236120
14235864 14236121
14235864 14236122
14235864 14236123
14235864 14236124
14235864 14236125
14235864 14236126
14235864 14235954
14235864 14236127
14235864 14236128
14235864 14236129
14235864 14236130
14235864 14236131
14235864 14236132
14235864 14236133
14235864 14236134
14235864 14236135
14235864 14236136
14235864 14236137
14235864 14236138
14235864 14236139
14235864 14236140
14235864 14236141
14235864 14236142
14235864 14236143
14235864 14236144
14235864 14236145
14235864 14236146
14235864 14236147
14235864 14236148
14235864 14236149
14235864 14236150
14235864 14236151
14235864 14236152
14235864 14236153
14235864 14236154
14235864 14236155
14235864 14236156
14235864 14236157
14235864 14236158
14235864 14236159
14235864 14236160
14235864 14236161
14235864 14236162
14235864 14236163
14235864 14236164
14235864 14236165
14235864 14236166
14235864 14236167
14235864 14236168
14235864 14236169
14235864 14236170
14235864 14236171
14235864 14236172
14235864 14236173
14235864 14236174
14235864 14236175
14235864 14236176
14235864 14236177
14235864 14236178
14235864 14236179
14235864 14236180
14235864 14236181
14235864 14236182
14235864 14236183
14235864 14236184
14235864 14236185
14235864 14236186
14235864 14236187
14235864 14236188
14235864 14236189
14235864 14236190
14235864 14236191
14235864 14236192
14235864 14236193
14235864 14236194
14235864 14236195
14235864 14236196
14235864 14236197
14235864 14236198
14235864 14236199
14235864 14236200
14235864 14236201
14235864 14236202
14235864 14236203
14235864 14236204
14235864 14236205
14235864 14236206
14235864 14236207
14235864 14236208
14235864 14236209
14235864 14236210
14235864 14236211
14235864 14236212
14235864 14236213
14235864 14236214
14235864 14236215
14235864 14236216
14235864 14236217
14235864 14236218
14235864 14236219
14235864 14236220
14235864 14236221
14235864 14236222
14235864 14236223
14235864 14236224
14235864 14236225
14235864 14236226
14235864 14236227
14235864 14236228
14235864 14236229
14235864 14236230
14235864 14236231
14235864 14236232
14235864 14236233
14235864 14236234
14235864 14236235
14235864 14236236
14235864 14236237
14235864 14236238
14235864 14236239
14235864 14236240
14235864 14236241
14235864 14236242
14235864 14236243
14235864 14236244
14235864 14236245
14235864 14236246
14235864 14236247
14235864 14236248
14235864 14236249
14235864 14236250
14235864 14236251
14235864 14236252
14235864 14236253
14235864 14236254
14235864 14236255
14235864 14236256
14235864 14236257
14235864 14236258
14235864 14236259
14235864 14236260
14235864 14236261
14235864 14236262
14235864 14236263
14235864 14236264
14235864 14236265
14235864 14236266
14235864 14236267
14235864 14236268
14235864 14236269
14235864 14236270
14235864 14236271
14235864 14236272
14235864 14236273
14235864 14236274
14235864 14236275
14235864 14236276
14235864 14236277
14235864 14236278
14235864 14236279
14235864 14236280
14235864 14236281
14235864 14236282
14235864 14236283
14235864 14236284
14235864 14236285
14235864 14236286
14235864 14236287
14235864 14236288
14235864 14236289
14235864 14236290
14235864 14236291
14235864 14236292
14235864 14236293
14235864 14236294
14235864 14236295
14235864 14236296
14235864 14236297
14235864 14236298
14235864 14236299
14235864 14236300
14235864 14236301
14235864 14236302
14235864 14236303
14235864 14236304
28196325 7168220
28196325 8002858
28196325 8009637
28196325 9541583
28196325 10286486
28196325 10691594
28196325 12786054
28196325 15613244
28196325 734631
28196325 28196335
28196325 28196336
28196325 28196337
28196325 28196338
28196325 28196339
28196325 28196340
28196325 28196341
28196325 28196342
28196312 7156235
28196312 8226150
28196312 10691594
28196312 10728591
28196312 15628329
28196312 28196321
28196320 10691594
28196320 12786054
28196320 28196332
28196361 7168220
28196361 8002858
28196361 8009637
28196361 9541583
28196361 10691594
28196361 12786054
28196361 15613244
28196361 734631
28196361 28196336
28196361 28196337
28196361 28196338
28196361 28196366
28196361 28196339
28196361 28196340
28196361 28196341
28196361 28196367
28196361 28196347
28196391 7168220
28196391 8002858
28196391 8009637
28196391 9541583
28196391 10286486
28196391 12786054
28196391 15613244
28196391 734631
28196391 28196335
28196391 28196337
28196391 28196338
28196391 28196339
28196391 28196340
28196391 28196341
28196391 28196347
28196391 28196392
28196357 7168220
28196357 8002858
28196357 8009637
28196357 9541583
28196357 10286486
28196357 10691594
28196357 12786054
28196357 15613244
28196357 734631
28196357 28196335
28196357 28196336
28196357 28196337
28196357 28196338
28196357 28196339
28196357 28196340
28196357 28196341
28196357 28196347
28196371 7168220
28196371 8002858
28196371 8009637
28196371 9541583
28196371 10286486
28196371 12786054
28196371 15613244
28196371 734631
28196371 28196335
28196371 28196336
28196371 28196337
28196371 28196338
28196371 28196339
28196371 28196340
28196371 28196341
28196371 28196347
28196379 7168220
28196379 8002858
28196379 8009637
28196379 9541583
28196379 10286486
28196379 12786054
28196379 15613244
28196379 734631
28196379 28196335
28196379 28196336
28196379 28196337
28196379 28196338
28196379 28196341
28196379 28196347
28196313 7156235
28196313 10728591
28196313 28196315
28196313 28196326
28196313 28196327
28196313 28196328
28196334 7168220
28196334 8002858
28196334 8009637
28196334 9541583
28196334 10286486
28196334 10691594
28196334 12786054
28196334 15613244
28196334 734631
28196334 28196335
28196334 28196336
28196334 28196337
28196334 28196338
28196334 28196339
28196334 28196340
28196334 28196341
28196334 28196347
28196346 7168220
28196346 8002858
28196346 8009637
28196346 10286486
28196346 10691594
28196346 12786054
28196346 15613244
28196346 734631
28196346 28196335
28196346 28196336
28196346 28196337
28196346 28196338
28196346 28196339
28196346 28196353
28196346 28196340
28196346 28196341
28196346 28196347
28197572 141007
28197779 12830
28197803 2728081
28205166 3591786
28205166 10051
28205174 3591786
28205174 10325997
28205174 15824584
28205262 3591786
28205262 4377705
28205422 595600
28205422 28205423
28205422 4046724
28205422 28205424
28205422 28205425
28205422 28205426
28207954 136608
28214936 899
28214936 903
28214936 904
28214936 2407
28214936 952
28214936 956
28214936 12065
23671580 8015685
23671580 8596236
23671580 9758754
23671580 3710847
23671580 3463694
23671580 8015687
23671580 9797595
23671580 9797598
23671580 9798064
23671580 9798833
23671580 9798861
23671580 9799665
23671580 9799691
23671580 3835772
23671580 9801359
23671580 9801363
23671580 9801436
23671580 9801458
23671580 9801461
23671580 9801578
23671580 9801674
23671580 9802845
23671580 9802937
23671580 9802940
23671580 9802946
23671580 9802949
23671580 9802952
23671580 9802955
23671580 9803043
23671580 9803094
23671580 9803161
23671580 9803189
23671580 9803284
23671580 9803287
23671580 9803290
23671580 9803293
23671580 9803586
23671580 9803593
23671580 9803615
23671580 9803827
23671580 9803835
23671580 9803838
23671580 9803841
23671580 9803844
23671580 4324641
23671580 9803876
23671580 9804121
23671580 9811817
23671580 9827813
23671580 9833712
23671580 9834600
23671580 3974205
23671580 9839162
23671580 9839300
23671580 3026358
23671580 4120484
23671580 9852256
23671580 9770750
23671580 9862525
23671580 9865063
23671580 9877447
23671580 9878964
23671580 9878993
23671580 9881023
23671580 9897544
23671580 9906621
23671580 4365532
23671580 9930032
23671580 4917454
23671580 9854119
23671580 9953351
23671580 9959327
23671580 9961951
23671580 1451056
23671580 9976837
23671580 9983267
23671580 82564
23671580 2187977
23671580 4471833
23671580 9803058
23671580 10034299
23671580 23671582
23671580 23671583
23671580 23671584
23671580 23671585
23671580 23671586
23671580 23671587
23671580 23671588
23671580 23671589
23671580 23671590
23671580 23671591
23671580 23671592
23671580 23671593
23671580 23671594
23671580 23671595
23671580 23671596
23671580 23671597
23671580 23671598
23671580 23671599
23671580 23671600
23671580 23671601
23671580 23671602
23671580 23671603
23671580 23671604
23671580 23671605
23671580 23671606
23671580 23671607
23671580 23671608
23671580 23671609
23671580 23671610
23671580 23671611
28215645 14649
28215645 7261102
28215908 780114
28219769 2895380
28219979 996
28219979 28219980
28220002 3113486
28220045 886
28220045 899
28220045 900
28220045 902
28220045 932
28220045 2407
28220045 945
28220045 952
28220045 956
28222702 1542173
28222911 76453
28222911 256004
28223599 34847
14327015 45166
28223615 137232
14308304 141532
28223640 2189965
28223671 135221
28223741 42197
28223774 62065
28223827 136760
28223842 585661
11439005 28893
28223908 136608
28223911 137156
28223915 1805712
28223982 135371
28224011 135371
28224042 585661
28224044 137061
28224052 34847
28224061 62065
28224163 45105
28224166 34847
28224171 45105
28224174 136760
28224185 2335
28224194 2335
28224197 137061
28224203 136760
28224205 971291
28223983 135371
28224221 2335
28224224 1805712
14679869 135371
28224231 45105
28224235 45105
28224239 135371
28224244 135371
28224247 135221
28224250 141532
14661582 2189965
28224253 135371
28224259 45148
28224269 135371
28224276 1805712
28224281 135221
28224285 135371
28224293 45105
222062 45105
28224301 1805712
28224303 2335
28224312 45105
28224318 136760
28224327 137061
28224329 45105
28224332 45105
28224342 336004
28224346 136608
28224349 136608
28224352 45148
28224355 135371
28224358 45166
28224361 161971
28224365 136608
28224369 136871
28224372 136608
28224375 336004
28224382 336004
28224428 45166
13395945 135371
28224482 336004
28224487 336004
28224494 585661
28224498 230053
28224503 4632038
28224508 141532
28224514 45105
28224518 136760
28224521 140892
28224524 42197
28224527 136871
28224533 136760
28224539 135371
14312786 136871
28224553 336004
28224558 45148
28224561 135371
28224564 34847
28224570 201587
28224565 45166
28224574 45105
28224579 230053
3729816 137232
28224588 1805712
28224603 1077256
28224607 45105
28224611 136760
28224615 62065
685563 137156
28224618 1077256
28224621 45148
28224626 136760
28224628 136794
28224631 137156
28224634 7840553
28224639 136760
28224641 1077256
28224655 336004
28224657 42197
28224664 585661
28224688 141532
28224695 7840553
28224696 1448977
28224702 336004
28224708 135371
28224712 161971
28224715 2012999
28224720 136871
28224724 45105
28224727 137061
28224734 336004
28224737 585661
28224651 62065
28224741 585661
28224745 5657947
28224747 45166
28224750 45166
28224753 136760
28224756 137232
28224761 141532
28224766 135371
28224770 137232
28224776 141532
28224787 336004
28224790 62065
14512430 136760
28224792 62065
28224795 45166
28224798 161971
28224802 62065
28224804 45105
28224810 45148
28224812 45166
28224815 585661
28224818 136871
28224820 136608
28224831 135371
28224858 141532
28224876 62065
28224879 135371
28224887 137156
14355717 141532
28224893 45105
28224902 136760
28224921 136871
28225016 2189965
28225018 45166
28225026 141532
28225040 1077256
28225062 141532
28225162 136608
28225231 9005349
28225231 28225232
28225331 45105
28225342 136794
28225358 136871
28225363 45105
28226748 2180954
28226748 6230709
28226748 44999
28272783 137061
28276796 6212797
28276796 2883502
28276796 3712923
28276796 6940309
28276796 8070777
28276796 8908801
28276796 9414799
28276796 10781620
28276796 2466870
28276796 4029794
28276796 10850909
28276796 10871489
28276796 10871932
28276796 3766654
28276796 11007185
28276796 5686852
28276796 11144092
28276796 11146348
28276796 11147852
28276796 11207844
28276796 11214957
28276796 3045375
28276796 11236342
28276796 11252835
28276796 11264551
28276796 11273416
28276796 11273591
28276796 11280694
28276796 11281910
28276796 1856831
28276796 11353267
28276796 11404028
28276796 11510088
28276796 11525903
28276796 2695434
28276796 11553840
28276796 14221916
28276796 14537545
28276796 14620012
28276796 14684169
28276796 28276797
28276796 28276798
28276796 28276799
28276796 28276800
28276796 28276801
28276796 28276802
28276796 2466886
28276796 28276803
28276796 28276804
28276796 28276805
263242 761224
263242 71614
28311394 253295
28311394 472369
28311394 253040
28399570 9433705
28399570 7919303
28399570 2232384
28726657 893
28726657 900
28726657 902
28726657 2357
28726657 903
28726657 904
28726657 905
28726657 932
28726657 2407
28726657 951
28726657 956
28726657 8460
28726657 12059
28726657 14952
28726657 65258
29365675 658310
29365677 3202866
30539249 911
30539249 2470
30539249 28468999
30539249 444835
30583883 14190
28555869 5897
28555869 288006
28555869 6610231
28555869 2479778
28555869 3423495
28555869 379961
28555869 21281
28555869 367753
28555869 120280
28555869 3399169
28555869 81230
28555869 1833196
28555869 8653479
28555869 5530177
28555869 9158371
28555869 2398597
28555869 588499
28555869 2835708
28555869 282676
28555869 3386137
28555869 9593984
28555869 3236007
28555869 337011
28555869 290448
28555869 3254857
28555869 9841904
28555869 10020840
28555869 10289627
28555869 113607
28555869 3177
28555869 118768
28555869 10844283
28555869 10904775
28555869 86487
28555869 1556048
28555869 853305
28555869 8633470
28555869 11065705
28555869 1867604
28555869 3739761
28555869 9282948
28555869 86446
28555869 2377614
28555869 11348692
28555869 161877
28555869 2839003
28555869 2512125
28555869 2480993
28555869 11473808
28555869 2477890
28555869 11482258
28555869 11558817
28555869 11560690
28555869 21285
28555869 3710366
28555869 11830786
28555869 12065362
28555869 331336
28555869 12143311
28555869 4960437
28555869 4421728
28555869 1855896
28555869 1867607
28555869 14240742
28555869 14387224
28555869 4305832
28555869 4013575
28555869 265666
28555869 14874225
28555869 15347384
28555869 822240
28555869 15727670
28555869 15862739
28555869 282683
28555869 28522745
28555869 28541846
28555869 4177628
28555869 28544781
28555869 15726338
28555869 28547668
28555869 1560169
28555869 28555867
28555869 28555879
28555869 28555880
28555869 28555881
28555869 28555882
28555869 10709787
28555869 28555883
28555869 3784396
28555869 28555884
28555869 1820249
28555869 28555885
28555869 653526
28555869 28555886
28555869 28555887
28555869 986324
28555869 369740
28555869 28555888
28555869 744132
28555869 1833200
28555869 28555889
28555869 2123027
28555869 28555890
28555869 28555891
28555869 12196794
28555869 744133
28555869 28555892
28555869 28555893
28555869 16765
28555869 28555894
28555869 8811012
28555869 12196795
28555869 1833201
28555869 1205463
28555869 28555895
28555869 28555896
28555869 86457
28555869 2960943
28555869 28555897
28555869 28555898
28555869 28555899
28555869 16766
28555869 371779
28555869 2541934
28555869 28555900
28555869 1833202
28555869 28555901
28555869 28555902
28555869 28555903
28555869 28555904
28555869 963096
28555869 28555905
28555869 9618407
28555869 28555906
28555869 51659
28555869 28555907
28555869 28555908
28555869 28555909
28555869 28555910
28555869 28555911
28555869 28555912
28555869 28555913
28555869 28555914
28555869 28555915
28555869 28555916
28555869 28555917
28555869 28555918
28555869 28555919
28555869 28555920
28555869 28555921
28555869 510726
28555869 28555922
28555869 28555923
28555869 28555924
28555869 28555925
28555869 9618419
28555869 28555926
28555869 28555927
28555869 28555928
28555869 28555929
28555869 28555930
28555869 28555931
28555869 16778
28555869 28555932
28555869 28555933
31847695 21226
31847695 18435
31847695 31847696
409949 902
409949 911
409949 932
409949 934
409949 939
409949 951
409949 302
409949 958
32682247 35004
32682247 10061
32684950 951
32684950 35009
10564346 173596
10564346 10564349
10564346 10564350
32935394 34365
32935612 902
32935612 905
32935612 136441
32935612 7424
618966 34365
618966 67611
618966 22868
618966 532531
200278 140579
200278 600188
32939160 905
32939160 147887
32939160 34365
32939160 67611
32939160 67657
32941475 71078
32941475 85688
32945250 1230960
32945250 4182880
32946418 513621
32946418 161471
33162353 919
33162353 933
33164257 951
33164257 256548
33164888 28205423
33222821 35004
33222821 2480
28732289 10894027
28732289 4006182
33251849 11185
33251849 35014
363300 962207
363300 141356
363300 962208
363300 962209
363300 962210
363300 332166
363300 333778
363300 962211
363300 962212
363300 111386
363300 318976
363300 339558
363300 962213
363300 962214
363300 320737
363300 962215
363300 111453
363300 962216
363300 962217
363300 962218
363300 907615
363300 962219
363300 319144
363300 947344
363300 100808
974242 1816773
974242 1816774
974242 1816775
974242 1816776
974242 1816777
974242 1816778
974242 1816779
974242 1816780
974242 1816781
33580577 10306530
33580578 8374732
33581636 141007
33581637 75575
28224186 2335
28726659 900
28726659 902
28726659 903
28726659 932
28726659 2407
28726659 956
34345860 902
34345860 914
34345860 951
34345860 302
34345860 12065
34346212 2153976
34346212 9722621
34346212 302
34346212 1277318
34346212 1277322
34346212 34346214
34351795 919
34351795 933
518627 905
518627 12068
518627 64044
518627 67611
518627 247145
518627 247173
34366986 71078
34366986 1629277
34392677 902
34392677 914
34392677 943
34392677 951
34392677 302
34392677 12065
34396371 5115313
34396371 5176917
34396371 5349910
34396371 5459364
34396371 5459911
34396371 1046875
34396371 5488858
34396371 693573
34396371 693574
34396371 1448602
34396371 5626094
34396371 1776450
34396371 5649398
34396371 107576
34396371 5653754
34396371 5047895
34396371 5677654
34396371 5916525
34396371 5916551
34396371 6096862
34396371 220397
34396371 6229546
34396371 6374817
34396371 6374844
34396371 6414731
34396371 1526074
34396371 6463191
34396371 302878
34396371 2961384
34396371 4199759
34396371 1634884
34396371 195911
34396371 867360
34396371 7605724
34396371 7792738
34396371 353995
34396371 1776366
34396371 7975214
34396371 7976423
34396371 7210632
34396371 5515478
34396371 962218
34396371 8110642
34396371 8311034
34396371 9000938
34396371 9024681
34396371 1799000
34396371 9336899
34396371 9538871
34396371 9859919
34396371 2654652
34396371 12217354
34396371 12317581
34396371 12493745
34396371 1776369
34396371 322183
34396371 15256878
34396371 15370723
34396371 15380369
34396371 5939850
34396371 15460044
34396371 31776071
34396371 32178389
34396371 34396372
34401396 2428
34401396 8894
34401396 64553
34412161 7380
34412161 895
34412161 2350
34412161 2351
34412161 897
34412161 2353
34412161 2413
34412161 2417
34412161 2418
34412161 2420
34412161 2421
34412161 942
34412161 2425
34412161 946
34416694 141418
34416694 3423198
34416694 1510321
34416694 12491669
34416694 127213
34416694 64553
34417525 238819
34417525 703863
34417525 581876
34477556 900
34477556 2407
34477556 956
34477556 12068
34477556 2480
34477556 35011
34477556 8894
34477556 138640
15903593 34365
3100343 444597
3100343 131386
3100343 2480
3100343 7424
3100343 35011
34498035 2687211
34741643 7354168
34741643 2133022
34741643 11652023
4002340 45175
4002340 45176
35046630 2482023
35046715 426770
35046744 336004
35046744 45189
35046767 302
35046767 7424
35047055 2983040
35047055 6602772
30771482 11185246
8397733 8182820
8397733 8226189
8397733 8261925
8397733 8286839
8397733 45214
8397733 1457610
8397733 8300890
8397733 8312079
8397733 8325153
8397733 8358708
8397733 8397723
8397733 8397739
8397733 8397740
8397733 8397741
8397733 8397742
8397733 3385039
8397733 8397743
8397733 8397744
8397733 8314801
8397733 8397745
8397733 8397746
8397733 8397747
8397733 8397748
8397733 8397749
8397733 8397750
8397733 8397751
8397733 8397752
8397733 8397753
8397733 8397754
8397733 8397755
8397733 8397756
8397733 8397757
8397733 8397758
8397733 8397759
8397733 8397760
8397733 8397761
8397733 8397762
8397733 8397763
8397733 8397764
8397733 8397765
8397733 8397766
8397733 8397767
8397733 8397768
8397733 8397769
8397733 8397770
8397733 8397771
8397733 8397772
8397733 8397773
8397733 8397774
8397733 8397775
8397733 8397776
8397733 8397777
8397733 8397778
8397733 8397779
8397733 8397780
8397733 8397781
8397733 8397782
8397733 8397783
8397733 8397784
8397733 8397785
8397733 8397786
8397733 8397787
8397733 8397788
8397733 8397789
8397733 8397790
8397733 8397791
8397733 8397792
8397733 8397793
8397733 8397794
8397733 8397795
8397733 8397796
8397733 8397798
8397733 8397799
8397733 8397800
8397733 8397801
8397733 8397802
8397733 8397803
8397733 8397804
8397733 8397805
8397733 8397806
8397733 8397807
8397733 8397808
8397733 8397809
8397733 8397810
8397733 8397811
8397733 8397812
8397733 8397813
8397733 8397814
8397733 8397815
8397733 8397816
8397733 8397817
8397733 8397818
8397733 8397819
8397733 8397820
8397733 8397821
8397733 8397822
8397733 8397823
8397733 8397824
13013321 14780
35065219 45148
35069107 141532
35070314 1077256
35070314 426766
35070314 34847
35070314 1565746
35070314 6246736
35070314 382688
35070314 1565747
35070314 382689
35070314 7874754
35070314 7875770
35070314 1565749
35070314 1565750
35070314 1977192
35070314 1565751
35070314 382698
35070314 1565753
35070314 1565755
35070314 1436878
35070314 2426390
35070314 8336520
35070314 10796659
35070314 1565759
35070314 1565760
35070314 992397
35070314 382706
35070314 1565761
35070314 1565762
35070314 11104011
35070314 11138790
35070314 11152918
35070314 1565776
35070314 11180985
35070314 11187415
35070314 11202981
35070314 382715
35070314 1565779
35070314 429906
35070314 2225127
35070314 1565780
35070314 11303139
35070314 1565782
35070314 838225
35070314 11538226
35070314 382720
35070314 11222823
35070314 3156703
35070314 2053686
35070314 4201978
35070314 14441452
35070314 30863973
35070314 30864066
35070314 30864084
35070314 2425177
35070386 5797971
35070386 7532371
35071556 3128693
35071556 5850519
35071556 6228691
35071556 9130563
35071556 5850521
35071556 10930145
35071556 10930148
35071556 28542655
35071556 31158985
35071556 35071558
35079484 919
35079484 933
28502878 751414
35085199 951
35085199 302
35085199 2458
35085199 4758
35092435 34365
35094071 2449
35100192 34365
35100192 67657
35100225 141326
35100225 262215
725629 1494768
725629 1494769
725629 1494770
725629 1494771
35100256 14649
35100256 497545
35100256 149521
35100289 34365
28737280 302
28737280 36312
35100312 497545
35100312 2878053
35100430 34365
35354980 144422
35354980 2186579
268194 1237
268194 886
268194 888
268194 893
268194 899
268194 900
268194 901
268194 2355
268194 902
268194 2356
268194 2357
268194 903
268194 904
268194 2358
268194 905
268194 2359
268194 2395
268194 932
268194 2407
268194 2408
268194 2427
268194 603
268194 2428
268194 945
268194 2429
268194 2431
268194 2432
268194 2434
268194 947
268194 2436
268194 2437
268194 948
268194 2440
268194 2442
268194 951
268194 952
268194 2444
268194 956
268194 958
35410456 170279
35410456 171656
35411970 6513370
35411970 8952339
35411970 9484892
35411970 3698354
35411970 13077535
35411970 33612723
725630 2355
725630 2458
35413175 31069745
35773908 45144
35773908 35773910
14629557 141007
35774489 915
35774489 936
35774494 915
35774494 936
35774493 915
35774493 936
717542 41812
717542 67611
35774669 137156
3796556 423296
3796556 4046635
3796556 4046636
3796556 4046637
3796556 3796550
3796556 4046638
3796556 4046639
3796556 4046640
3796556 4046642
3796556 4046643
3796556 4046644
35855712 114
35855712 956
35861086 137061
35861824 161971
35940176 136608
35890765 728058
35981539 141007
35981540 141007
35981541 141007
36002073 4394584
36002073 497545
36065859 7424
36065859 14817
36065860 7424
36065860 79056
28224703 336004
36071206 141532
6077727 6077790
36849622 1312676
36849622 7301491
36849622 8289504
36849622 8380681
36849622 8687967
36849622 10724468
36849622 10797567
36849622 10855996
36849622 10996599
36849622 11395823
36849622 11532936
36849622 11589777
36849622 12621230
36849622 14721870
36849622 30485910
37636124 142093
38071455 906
38071455 910
38071455 911
38071455 916
38071455 933
38071455 936
38071455 2453
38071497 884
38071497 892
38072261 884
38072261 892
38072261 911
38072261 914
38072261 933
38072261 936
38072261 963
984625 87702
984654 141967
984655 118772
984637 583278
12251493 884
12251493 887
12251493 892
12251493 897
12251493 907
12251493 914
12251493 917
12251493 925
12251493 937
12251493 942
12251493 943
38824717 887
38824717 888
38824717 892
38824717 895
38824717 899
38824717 900
38824717 909
38824717 2364
38824717 2401
38824717 943
38824717 946
38824717 2433
38824717 2434
38824717 2437
38824717 2449
38824717 954
38824717 2451
38824718 887
38824718 891
38824718 895
38824718 2351
38824718 899
38824718 906
38824718 9816
38824718 8859
38824718 2401
38824718 954
38824719 6076034
38824719 415379
38824719 7162503
38824719 9166617
38824719 415381
38824719 12946419
38824720 183363
38824720 1281496
38824720 5089689
38824720 5411097
38824720 5395627
38824720 5420609
38824720 5538666
38824720 5824013
38824720 5859257
38824720 184224
38824720 768840
38824720 6118594
38824720 6327735
38824720 19195
38824720 319138
38824720 6740824
38824720 2904454
38824720 1550306
38824720 6424259
38824720 874336
38824720 7004207
38824720 7125033
38824720 3197961
38824720 183406
38824720 266651
38824720 183409
38824720 70908
38824720 1421264
38824720 7603993
38824720 1571099
38824720 7643262
38824720 3198216
38824720 8378992
38824720 8545803
38824720 183441
38824720 183449
38824720 9320452
38824720 9323375
38824720 1709528
38824720 9503103
38824720 182268
38824720 3284489
38824720 11602664
38824720 498971
38824720 11815543
38824720 12081673
38824720 12206004
38824720 12716642
38824720 1189838
38824720 13087738
38824720 183955
38824720 5259650
38824720 36673477
38824720 36727373
38824720 38824721
38824722 171431
38824722 379519
38824722 169756
38824722 171437
38824724 5113546
38824724 5173026
38824724 5181539
38824724 5231767
38824724 5279362
38824724 5307871
38824724 5430648
38824724 2915079
38824724 5433416
38824724 5457329
38824724 5577753
38824724 5640119
38824724 5642090
38824724 5642247
38824724 106024
38824724 5675673
38824724 5922767
38824724 5617244
38824724 5962069
38824724 5990386
38824724 6090952
38824724 6214913
38824724 5279380
38824724 6391284
38824724 6401182
38824724 5960836
38824724 6848869
38824724 7051785
38824724 7052123
38824724 7053896
38824724 7054070
38824724 7055649
38824724 7058042
38824724 7058055
38824724 7058074
38824724 7067011
38824724 7111588
38824724 7338156
38824724 7379717
38824724 7437301
38824724 7492499
38824724 7499436
38824724 7503254
38824724 7525998
38824724 7527205
38824724 5642130
38824724 7658406
38824724 5990412
38824724 5457331
38824724 7910345
38824724 166836
38824724 7966969
38824724 7970726
38824724 7988464
38824724 7997978
38824724 8000519
38824724 8004885
38824724 8014080
38824724 8030774
38824724 8034103
38824724 8049709
38824724 8053487
38824724 8072182
38824724 8083911
38824724 8087092
38824724 8161228
38824724 8247976
38824724 4541429
38824724 8266912
38824724 8359776
38824724 8406886
38824724 8412214
38824724 8546409
38824724 8588237
38824724 963164
38824724 8468942
38824724 8774837
38824724 8779369
38824724 8810400
38824724 8850396
38824724 8893148
38824724 8946538
38824724 8982064
38824724 8994661
38824724 9037805
38824724 9118636
38824724 6786277
38824724 9266330
38824724 7335555
38824724 9578627
38824724 9362680
38824724 7106504
38824724 10762237
38824724 10779173
38824724 10842820
38824724 10869738
38824724 5922789
38824724 2540990
38824724 10768817
38824724 10992536
38824724 11004558
38824724 11224671
38824724 11302334
38824724 11336684
38824724 11337867
38824724 11354958
38824724 8476115
38824724 4485237
38824724 11417734
38824724 5551142
38824724 11464505
38824724 10298952
38824724 11532444
38824724 8982067
38824724 11735490
38824724 11826181
38824724 3647318
38824724 5922772
38824724 12107071
38824724 8982068
38824724 8982092
38824724 12350002
38824724 12507869
38824724 12677030
38824724 12704845
38824724 12771866
38824724 12923154
38824724 12933755
38824724 11658083
38824724 5279368
38824724 11532446
38824724 13098905
38824724 9439416
38824724 13189508
38824724 14275239
38824724 1710184
38824724 14407355
38824724 14416573
38824724 1455111
38824724 8548261
38824724 11367188
38824724 14581826
38824724 7973221
38824724 14722212
38824724 15287991
38824724 15324217
38824724 15326252
38824724 15563645
38824724 15611560
38824724 15619807
38824724 5731960
38824724 15640048
38824724 15647764
38824724 23734760
38824724 28313046
38824724 28426403
38824724 28472298
38824724 28472327
38824724 28472331
38824724 28472334
38824724 28472343
38824724 28472347
38824724 28472363
38824724 28472364
38824724 28472366
38824724 28472369
38824724 28472390
38824724 28472420
38824724 28472439
38824724 28472453
38824724 28472471
38824724 28472472
38824724 28472473
38824724 28472491
38824724 28587868
38824724 28587994
38824724 28588175
38824724 28588336
38824724 28588612
38824724 28588684
38824724 144913
38824724 28589715
38824724 28628624
38824724 28640856
38824724 28640868
38824724 28640878
38824724 28641066
38824724 28641225
38824724 28641534
38824724 6521657
38824724 28641799
38824724 7967214
38824724 28776054
38824724 30485712
38824724 31084747
38824724 32977361
38824724 34768370
38824724 34769106
38824724 34769628
38824724 34769651
38824724 34769702
38824724 7967236
38824724 34770014
38824724 34770347
38824724 34770463
38824724 34770476
38824724 34770483
38824724 34770600
38824724 34781966
38824724 34966074
38824724 34983518
38824724 34983603
38824724 28776056
38824724 34983855
38824724 36675797
38824724 36741792
38824724 36757736
38824724 36860053
38824724 7492524
38824724 38824725
38824724 34770464
38824724 38824726
38824724 38824727
38824724 38824728
38824724 38824729
38824724 38824730
38824724 38824731
38824724 38824732
38824724 38824733
38824724 38824734
38824724 38824735
38824724 38824736
38824724 38824737
38824724 38824738
38824724 38824739
38824724 8982074
38824724 38824740
38824748 18435
38824750 38824751
38824755 12954923
38824757 13789042
38824759 38824760
38824762 13682340
38824764 440811
38824766 218411
38824768 13605163
38824770 2933517
38824772 15704459
38824774 58731
38824774 2691998
38824774 1140315
38824774 158694
38824774 1320810
38824774 1562108
38824776 365274
38824778 2127018
38824780 2127018
38824782 1110257
38824784 1667402
38824786 400280
38824786 41702
38824786 525050
38824786 529797
38824790 7154266
38824792 1317150
38824794 39734
38824796 240873
38824796 38824797
38824802 10227
38824802 556
38824802 891
38824802 892
38824802 902
38824802 907
38824802 911
38824802 114
38824802 914
38824802 916
38824802 917
38824802 920
38824802 925
38824802 933
38824802 937
38824802 943
38824802 951
38824802 302
38824802 2458
38824802 68291
38824802 2365682
38824802 10304117
38824802 242246
38824803 556
38824803 899
38824805 297422
38824807 933
38824807 10530
38824808 14649
38824808 10530
38824812 8599791
38824812 11354503
38824812 15504763
38824812 38824813
38824812 38824814
38824812 38824815
38824816 128861
38824818 216997
38824820 5872974
38824820 583813
38824820 6868968
38824820 1307514
38824820 6868970
38824820 4270161
38824820 11167368
38824820 11274768
38824820 11284016
38824820 11580356
38824820 11651255
38824820 31072655
38824820 38824821
38824820 11274773
38824822 1063957
38824824 134071
38824826 15703420
38824828 510123
38824830 34517
38824832 129312
38824834 261054
38824834 423296
38824834 591957
38824834 62066
38824834 141532
38824834 275445
38824834 429760
38824834 1092225
38824837 773534
38824837 13164764
38824837 38824838
38824839 15999
38824841 156249
38824843 15693453
38824845 282529
38824847 866849
38824849 330934
38824851 381807
38824853 5037612
38824855 340970
38824857 53735
38824859 427245
38824861 105904
38824863 8952795
38824865 13451878
38824865 38142634
38824866 2637796
38824866 2430564
38824866 5875994
38824866 2390690
38824866 4264643
38824866 2697220
38824866 6860760
38824866 1518674
38824866 6919454
38824866 8984380
38824866 10809482
38824866 14506068
38824866 14600928
38824866 15443257
38824866 4164508
38824866 25417050
38824866 25423553
38824866 25432400
38824866 25450408
38824866 25461822
38824866 28579601
38824866 25430872
38824866 3113982
38824866 31105966
38824866 34823163
38824866 34843251
38824866 38824867
38824866 3702107
38824866 38824868
38824870 5058915
38824870 4123622
38824870 5875994
38824870 2389784
38824870 2390690
38824870 4264643
38824870 6440262
38824870 3959793
38824870 2697220
38824870 3908522
38824870 750991
38824870 6868686
38824870 6871905
38824870 6887760
38824870 6919445
38824870 4616573
38824870 7872965
38824870 8078044
38824870 985195
38824870 10809482
38824870 9142522
38824870 11088729
38824870 11167868
38824870 11258109
38824870 4727299
38824870 11959730
38824870 2894167
38824870 2517002
38824870 14506068
38824870 14695141
38824870 4164506
38824870 14759482
38824870 14811103
38824870 15443257
38824870 3957157
38824870 25422932
38824870 25461825
38824870 28432111
38824870 28502152
38824870 15630704
38824870 2389341
38824870 30399159
38824870 1531264
38824870 9091585
38824870 32872101
38824870 32944496
38824870 38824868
38824872 10971447
38824872 2577889
38824872 11914881
38824873 10894027
38824873 31081975
38824873 38824874
38824875 3462151
38824877 230053
38824877 306379
38824878 1575198
38824878 10277569
38824880 102334
38824882 232854
38824884 80099
38824886 6448866
38824888 310210
38824890 538006
38824892 36559
38824892 34365
38824892 36312
38824892 64548
38824894 298064
38824896 28190830
38824898 9072608
38824900 81453
38824902 185747
38824904 15704311
38824906 1914776
38824909 2837
38824911 413062
38824911 420783
38824911 13452718
38824911 34728102
38824913 185748
38824915 133663
38824917 898146
38824919 9143776
38824919 28430320
38824921 35813742
38824923 957
38824923 28430320
38824924 957
38824924 28430320
38824925 957
38824925 28430320
38824926 11185
38824926 64548
38824928 11185
38824928 138692
38824929 14337970
38824931 4670987
38824932 13806885
38824934 272493
38824934 20288
38824934 1591842
38824934 10949875
38824935 897667
38824937 13745089
38824939 252416
38824941 36338499
38824943 15707354
38824946 1721983
38824948 557459
38824950 115805
38824953 38824954
38824956 38824957
38824959 15704469
38824961 367066
38824963 131386
38824963 2480
38824963 7424
38824963 35011
8524 900
8524 29899
8524 2480
8524 7424
8524 35011
8524 65208
8524 14817
38824964 661052
725633 34277
725633 1494777
38824966 80091
38824968 690338
38824970 154832
33706 7424
33706 135076
38824972 2451548
38824974 2523038
38824976 74655
38824978 8057
38824980 9005746
34438291 7181819
34438291 7634144
34438291 7819958
34438291 7828719
34438291 8397387
34438291 10887137
34438291 11180785
34438291 11408793
34438291 11409411
34438291 11518682
34438291 11812112
34438291 12309356
34438291 12494734
34438291 13012358
34438291 11641457
34438291 30313139
34438291 31178751
34438291 34438293
34438291 34438294
34438291 12141222
38824982 125340
38824984 196613
38824987 15708839
38824990 2843097
38824992 2470012
38824994 8678654
38824996 12307370
38824998 1080455
38825000 1080455
38825002 1072919
38825004 731453
38825004 38825005
38825008 8849162
38825010 46791
38825012 902
38825012 951
38825014 902
38825014 947
38825016 902
38825016 302
38825018 892
38825018 902
38825020 902
38825020 905
38825022 902
38825022 943
38825024 902
38825024 939
38825026 902
38825026 7791
38825028 2355
38825028 902
38825030 902
38825030 929
38825032 902
38825032 904
38825034 902
38825034 932
38825036 902
38825036 2395
38825038 902
38825038 952
38825040 902
38825040 903
38825042 888
38825042 902
38825044 902
38825044 905
38825046 902
38825046 2431
38825048 902
38825048 945
38825050 902
38825050 2407
38825052 902
38825052 2430
38825054 902
38825054 2444
38825056 2343
38825056 902
38825058 902
38825058 2359
38825060 902
38825060 2442
38825062 886
38825062 902
38825064 902
38825064 2440
38825066 902
38825066 2429
38825068 2416295
38825070 1777927
38825072 239839
38825074 892765
38825076 561879
38825078 86264
38825080 86264
38825081 848787
38825083 581208
38825086 1052103
38825088 2442612
38825090 951
38825090 588015
38825091 900
38825091 951
38825091 302
38825092 884
38825092 892
38825092 917
38825092 937
38825092 951
38825093 905
38825093 951
38825095 888
38825095 951
38825097 888
38825097 951
38825099 888
38825099 951
38825101 945
38825101 951
38825103 2432
38825103 951
38825105 905
38825105 951
38825107 2355
38825107 951
38825109 911
38825109 951
38825111 15692840
38825113 12218250
38825115 3892085
38825115 11631895
38825115 12715700
38825115 12721393
38825115 28624470
38825116 1563480
38825118 9095502
38825120 77978
38825122 298801
38825124 911
38825124 952
38825125 911
38825125 2397
38825126 897
38825126 911
38825127 911
38825127 936
38825128 911
38825128 2417
38825129 911
38825129 947
38825130 911
38825130 2470
38825131 273353
38825131 9503503
38825133 1807648
38825135 136230
38825137 4026479
38825139 45140
38825139 1489631
38825139 985172
38825139 332185
38825139 140817
38825139 45170
38825139 815246
38825139 1618008
38825139 3553037
38825139 815174
38825139 379144
38825140 3437232
38825142 252495
2581 35207
2581 35208
2581 35209
2581 35210
2581 35211
2581 35212
38825145 214256
38825147 189545
38825149 392838
38825151 87694
38825153 144067
38825155 87691
38825157 266355
38825159 85273
38825159 64044
38825159 64051
38825159 131395
34798618 8217236
34798618 30484780
34798618 34798620
34798618 34798621
34798618 34798622
38825161 1557363
38825163 191409
38825165 85899
38825167 15687915
38825169 568593
38825171 441422
38825173 2061142
38825173 39416
38825175 947642
38825177 73654
38825179 887
38825179 2349
38825179 895
38825179 896
38825179 2350
38825179 2352
38825179 897
38825179 2353
38825179 898
38825179 2417
38825179 2418
38825179 2419
38825179 2420
38825179 2422
38825179 942
38825179 2424
38825179 2425
38825179 946
38825179 302
38825180 207009
38825182 16530
38825184 252925
38825186 172225
38825188 251690
38825190 1203018
38825190 9503503
38825192 265963
38825192 2480
38825194 847973
38825196 371394
38825198 181721
38825200 905
38825200 939
38825202 932
38825202 939
38825204 939
38825204 2437
38825204 948
38825204 2444
38825205 934
38825205 939
38825205 2433
38825205 2438
38825205 2444
38825206 939
38825206 2437
38825206 948
38825206 2444
38825207 510484
38825209 561678
38825211 251747
38825213 914
38825213 920
38825213 929
38825213 943
38825213 302
38825214 897
38825214 943
38825215 892
38825215 943
38825217 896
38825217 943
38825218 943
38825218 302
38825220 129710
38825222 1866569
38825222 31146440
38825224 298720
38825226 54814
38825228 905
38825228 67611
38825228 36312
38825228 9022
38825233 260781
38825235 268281
38825237 589360
38825239 589360
38825241 818422
38825243 195054
38825245 1505493
38825247 38587
38825249 591503
38825251 12184569
38825253 8050025
38825256 1731886
38825258 206956
38825260 39600
38825262 33367203
38825264 945
38825264 10646
38825265 7483056
38825266 15701309
38825268 15701957
38825271 914
38825271 915
10143 914
10143 302
38825272 34365
38825273 34365
38825274 34365
38825275 34365
38825276 34365
38825277 34365
38825279 34365
38825281 34365
38825282 34365
38825283 34365
38825284 34365
38825284 9022
38825285 34365
38825286 34365
38825287 34365
38825289 34365
38825291 34365
38825291 22868
38825292 34365
38825295 34365
38825296 34365
38825297 34365
38825298 34365
38825300 34365
38825301 3229844
38825303 11829831
38825305 15704605
38825307 172352
38825307 1202124
38825307 161471
38825308 15703804
38825309 15701271
38825311 35414023
38825313 23009787
38825315 455537
38825315 500875
38825317 77088
38825317 131386
38825318 8894
38825319 3698484
38825321 8733384
38825321 38825322
38825323 8733384
38825323 38825322
38825324 10061
38825324 7424
38825324 35195
38825324 45336
38825326 302
38825326 10061
38825326 2480
38825326 7424
38825327 12068
38825327 2480
38825327 7424
38825327 138645
38825329 690469
38825331 137424
38825333 156251
38825335 3796704
38825335 28205425
38825335 38825336
38825339 609647
38825341 105265
38825343 2193339
38825345 1176377
38825347 812667
38825349 97804
38825351 904
38825351 22868
38825352 1325
38825355 3704219
38825357 2894307
38825359 2902452
38825361 58845
38825363 5711908
38825363 6057967
38825363 7169279
38825363 772371
38825363 7884824
38825363 426381
38825363 28485339
38825364 932
38825365 932
38825365 2441
38825367 888
38825367 932
38825369 888
38825369 932
38825371 2343
38825371 932
38825373 932
38825373 7791
38825375 932
38825375 302
38825377 932
38825377 948
38825379 932
38825379 2432
38825381 932
38825381 2430
38825383 900
38825383 932
38825385 2355
38825385 932
38825387 904
38825387 932
38825389 2395
38825389 932
38825391 899
38825391 932
38825393 2343
38825393 932
38825395 905
38825395 932
38825397 932
38825397 945
38825399 932
38825399 2442
38825401 932
38825401 7791
38825403 932
38825403 2444
38825404 932
38825404 2431
38825406 2358
38825406 932
38825407 892
38825407 932
38825409 932
38825409 2407
38825411 932
38825413 423296
38825413 429760
38825414 38825415
38825418 21192
38825420 6576077
38825422 1475900
38825423 205114
38825425 10061
38825425 69985
38825428 105318
38825430 14940
38825430 2356
38825431 12177502
38825433 1237
38825433 2430
38825435 2407
38825435 2430
38825437 2395
38825437 2430
38825439 905
38825439 2430
38825441 2430
38825441 2431
38825442 2430
38825442 2432
38825443 903
38825443 2430
38825445 886
38825445 2430
38825447 2395
38825447 2430
38825449 2355
38825449 2430
38825451 899
38825451 2430
38825453 905
38825453 2430
38825455 2430
38825455 2442
38825457 2430
38825457 2431
38825459 1058353
38825461 116835
38825463 7020174
38825463 4281536
38825464 87667
38825466 44506
38825468 79846
38825470 2482504
38825472 1557139
38825474 127457
38825476 127457
38825478 136005
38825480 28584682
38825482 1549109
38825484 9643763
38825486 13837014
38825488 38825489
38825495 6132913
38825495 10883829
38825497 1237
38825497 302
38825499 1237
38825499 302
38825501 1237
38825501 905
38825503 1237
38825503 2428
38825505 1237
38825505 945
38825507 135114
6392876 4123635
6392876 6392868
6392876 6392881
6392876 4427798
6392876 4427820
38825509 1853298
38825511 1210176
38825513 9017
38825513 35050990
38825514 35004
38825514 9017
38825515 2680308
38825517 6562589
38825519 12031055
38825521 82377
38825523 15701653
38825525 280268
38825527 221952
38825529 543075
38825531 10360506
38825532 6700498
38825534 1307589
38825536 591957
38825536 183441
38825539 7231
38825541 2359
38825541 2431
38825543 2431
38825543 2432
38825545 2431
38825545 947
38825547 2428
38825547 2431
38825549 886
38825549 2431
38825551 886
38825551 2431
38825553 2431
38825553 2432
38825555 2395
38825555 2431
38825557 888
38825557 2431
38825559 893
38825559 2431
38825560 945
38825560 2431
38825562 2431
38825562 948
38825564 903
38825564 2431
38825566 2343
38825566 2431
38825568 2431
38825568 947
38825569 2355
38825569 2431
38825571 2360
38825571 2431
38825573 904
38825573 2431
38825575 905
38825575 2431
38825577 2407
38825577 2431
38825579 899
38825579 2431
38825581 2429
38825581 2431
38825583 2358
38825583 2431
38825585 2431
38825585 2442
38825587 12295428
38825589 945
38825589 948
38825591 2343
38825591 948
38825593 947
38825593 948
38825594 7046402
38825595 11741297
38825597 2395
38825597 2432
38825599 904
38825599 2395
38825601 2355
38825601 2395
38825603 905
38825603 2395
38825605 2395
38825605 952
38825607 2359
38825607 2395
38825609 87698
38825611 2343
38825611 2434
38825613 2343
38825613 945
38825615 2343
38825615 2407
38825617 2343
38825617 947
38825619 2343
38825619 2359
38825621 2343
38825621 2355
38825623 2343
38825623 899
38825625 2343
38825625 904
38825626 2343
38825626 2432
38825628 2343
38825628 905
38825630 905
38825630 2442
38825632 2355
38825632 2442
38825634 945
38825634 2442
38825636 39733
38825638 702411
38825640 421730
38825642 67656
38825642 9022
38825644 42789
38825644 7803
38825645 34520
38825647 2358
38825648 2358
38825648 2359
38825650 2358
38825650 905
38825652 580786
38825652 455537
38825654 252334
38825656 888
38825657 888
38825657 2359
38825659 888
38825659 945
38825661 888
38825661 2432
38825663 888
38825663 2355
38825664 113512
38825668 79835
38825670 68093
38825672 905
38825672 2441
38825674 101138
38825676 116779
38825678 2429
38825678 2449
38825680 312854
38825682 2355
38825682 2440
38825684 38825685
38825688 13745344
38825690 2335
38825692 905
38825692 2359
38825693 2359
38825693 945
38825695 899
38825695 2359
38825697 2432
38825697 947
38825699 905
38825699 947
38825701 2407
38825701 947
38825703 1183828
38825705 68954
38825707 1563035
38825709 62065
38825712 4363434
38825712 4363497
38825713 34514
38825715 945
38825715 2447
38825717 3717565
7280246 6570593
7280246 7280235
7280246 7280254
7280246 7280255
38825719 2742500
38825721 604471
38825723 1015485
38825725 1142268
38825725 10269656
38825726 559295
38825728 2346
38825728 7380
38825728 2411
38825728 2412
38825728 2413
38825728 2414
38825728 8184
38825731 51500
38825733 3272620
38825735 5112174
38825735 8670996
38825735 15640341
38825737 15256777
38825739 1562332
38825741 851393
38825743 7787084
38825745 925339
38825747 137495
38825748 116209
38825750 15704068
38825752 6917102
38825754 36417500
38825756 79972
38825758 160167
38825760 4986563
38825760 5947230
38825760 2692776
38825760 7389463
38825760 7427174
38825761 38825762
38825764 213615
38825766 9242411
38825768 131386
38825769 750604
38825771 762459
38825773 3557678
38825775 2191023
38825777 10007236
38825779 36420443
38825781 1664355
38825783 886
38825783 2428
38825785 581209
38825787 286698
38825789 10844288
38825791 298319
38825793 15704062
38825795 3180174
38825797 15704631
38825798 7048402
38825800 322392
38825802 750156
38825804 15290839
38825806 730910
38825808 905
38825808 942
38825810 905
38825810 302
38825812 905
38825812 936
38825814 905
38825814 2360
38825816 905
38825816 950
38825818 905
38825818 2360
38825820 899
38825820 905
38825822 899
38825822 905
38825824 892
38825824 905
38825826 903
38825826 905
38825828 893
38825828 905
38825830 905
38825830 952
38825832 2355
38825832 905
38825834 905
38825834 2432
38825836 905
38825836 35009
38825839 905
38825839 302
38825840 905
38825840 302
38825842 1105909
38825844 2396284
38825846 822039
38825848 38825849
38825853 36868462
38824787 400280
38824787 529240
38825855 7445957
38825856 1530415
38825858 10894027
38825859 10912097
38825861 1104208
38825861 1095559
38825863 206952
38825865 9987438
38825865 15700526
38825865 15700600
38825869 661131
38825869 302
38825871 942
38825871 302
38825873 892
38825873 302
38825874 915
38825874 302
38825876 2355
38825876 302
38825878 934
38825878 302
38825880 892
38825880 302
38825882 945
38825882 302
38825884 302
38825884 958
38825886 903
38825886 302
38825888 302
38825888 2451
38825890 14649
38825890 302
38825892 661131
38825892 302
38825894 661131
38825894 302
38825896 976787
38825898 15704878
38825900 13682348
38825902 38825903
38825906 15713680
38825908 38825909
38825913 15701221
38825914 15701355
38825915 15709890
38825916 15701451
38825917 38825918
38825922 15703299
38825924 38825925
38825928 15700866
38825930 15702174
38825932 15701304
38825933 15701478
38825935 15702098
38825937 15700794
38825939 15701073
38825941 15701316
38825943 15701184
38825944 3275799
38825946 3958071
38825948 373113
38825950 38825951
38825955 1046005
38825957 6876975
38825959 6099992
38825959 6579407
38825959 3193708
38825961 16752
38825963 262831
38825963 28447920
38825965 15705993
38825968 15701276
38825970 15683075
38825972 1046727
38825974 1341908
38825976 268042
38825978 16861
38825980 886
38825980 900
38825982 441423
38825984 15692682
38825987 372688
38825989 1055700
38825991 251273
38825993 556034
38825995 3731596
38825997 525050
38825997 171656
38825998 2407
38825998 945
38826000 2355
38826000 2407
38826002 661131
38826002 2465
38826004 661131
38826004 2465
38826005 86712
38826007 186943
38826009 2355
38826009 952
38826011 2355
38826011 903
38826012 2355
38826012 945
38826014 54303
38826016 6524461
38826016 497545
38826017 897
38826017 937
38826018 937
38826018 958
38826019 937
38826019 952
38826021 892
38826021 937
38826023 910
38826023 937
38826024 251385
38826026 15716358
38826028 2109544
38826028 32946166
38826029 886
38826029 892
38826031 886
38826031 945
38826033 886
38826033 2432
38826035 84652
38826037 50476
38826039 15708259
38826041 225429
38826043 14421420
38826045 901
38826045 952
38826047 892
38826047 901
38826048 2377111
38826050 2377111
38826051 7729284
38826053 1164512
38826055 1635153
38826057 28579337
38826058 3816935
38826059 523311
38826060 15786174
38826060 28493478
38826064 15705666
38826066 945
38826066 950
38826068 945
38826068 2432
38826069 161469
38826069 508492
38826071 411933
38826073 38826074
38826077 9620552
38826079 9620552
30386111 171390
30386111 529479
38826081 903
38826081 2432
38826082 2475
38826083 978285
38826085 298062
38826087 160064
38826089 252031
38826091 15715803
38826093 794079
38826095 133664
38826097 2360
38826097 952
38826099 252853
38826101 15377600
38826104 297638
38826106 589424
38826108 892
38826108 899
38826108 906
38826108 2364
38826108 946
38826109 207035
38826111 7716693
38826113 130338
38826115 271947
38826115 1070513
38826116 884
38826116 892
38826118 892
38826118 958
38826120 2347
38826120 892
38826122 892
38826122 936
38826124 892
38826124 958
38826125 2727802
38826127 472846
38826129 2349
38826129 2352
38826129 897
38826129 2353
38826129 946
38826130 2352
38826130 2353
38826130 946
38826131 2349
38826131 2352
38826131 897
38826131 2353
38826131 946
38826132 2349
38826132 2352
38826132 897
38826132 2353
38826132 946
38826133 2349
38826133 2352
38826133 897
38826133 2353
38826133 946
38826134 2349
38826134 2352
38826134 897
38826134 2353
38826134 946
38826135 341213
38826137 4813481
38826139 2805239
38826141 10322874
38826141 28497158
38826142 678518
38826144 28303550
38826146 897
38826146 942
38826147 13825101
38826149 280381
38826151 894918
38826153 1516409
38826155 38826156
38826158 1974583
38826159 2962783
38826160 8698
38826163 690467
38826165 148740
38826165 35009
38826166 2152777
38826168 113511
38826170 15694396
38826171 285037
38826174 38826175
38826179 13857465
38826181 1787638
38826183 9149655
38826185 257681
38826187 15177
38826187 9874849
38826189 15699485
38826190 312209
38826192 129727
38826194 256438
38826196 6907496
38826198 105369
38826200 101430
38826202 277622
38826202 28513630
38826203 3586534
38826205 742442
38826207 14674675
38826209 15701261
38826211 10660070
38826212 15697731
38826214 15701909
38826215 429570
38826217 7425166
38826219 5385575
38826221 4121788
38826223 13836904
38826225 15701340
38826227 4950443
38826228 15683119
38826230 4908665
38826233 1182751
38826233 497545
38826234 661132
38826234 2465
38826235 15709531
38826237 191560
38826239 35790847
38826241 52273
38826243 87723
38826245 54148
38826247 50610
38826249 23079
38826251 21077
38826253 21089
38826255 75172
38826257 53362
38826259 193122
38826261 97500
38826263 745619
38826265 419927
38826267 15701651
38826269 15701194
38826271 15701114
38826274 15701179
38826275 2227607
38826277 15708466
38826279 87635
38826281 252110
38826283 555676
38826285 454856
38826287 743077
38826289 50475
38826291 2157425
38826293 23118892
38826295 15703253
38826297 856792
38826299 391264
38826301 659375
38826302 1070990
38826305 13850638
38826307 15704102
38826309 15700855
38826311 15675664
38826313 3130340
38826314 194713
38826316 15701412
38826319 93423
38826321 379195
38826323 189349
38826325 4938719
38826326 243605
38826328 15701101
38826329 1532227
38826331 2912829
38826333 1639279
38826335 15701867
38826337 87659
38826339 15701565
38826340 38826341
38826345 38826346
38826350 953
38826350 956
38826351 13605294
38826353 1530416
38826355 35815522
38826357 35803718
38826358 36327958
38826359 38826360
38826365 71875
38826367 15683069
38826369 55596
38826369 67611
38826371 14280606
38826372 573994
38826372 1915014
38826376 569040
38826378 144064
38826380 65093
38826382 43289
38826384 15704079
38826386 3008148
38826389 15701503
38826391 1278529
38826393 38826394
38826398 115269
38826400 656282
38826402 308786
38826404 8308990
38826408 8140353
38826410 563712
38826412 196699
38826414 11421791
38826415 13450237
38826418 250622
38826420 86273
38826422 263964
38826424 137255
38826427 1731885
38826429 35806081
38826431 58435
38826433 13745437
38826435 38826436
38826440 30387271
38826442 13745275
38826444 13872898
38826446 38826447
38826449 376668
38826451 4160626
38826453 13159990
38826455 51986
38826457 12743173
38826459 190827
38826461 160092
38826463 1124289
38826465 33584912
38826466 358058
38826468 487496
38826470 38826471
38826475 33270731
38826477 15701159
38826479 847971
38826481 6917423
38826482 38826483
38826486 87662
38826488 15713174
38826490 195183
38826492 702033
38826494 15701125
38826496 367926
38826498 3920359
38826500 266586
38826502 7169741
38826504 36436289
38826506 299088
38826508 11662699
38826510 131570
38826512 8795297
38826514 557202
38826516 298610
38826518 14997122
38826520 559469
38826522 36314544
38826524 13147557
38826526 768151
38826528 557545
38826530 15701575
38826533 309740
38826535 15701493
38826537 286696
38826539 243758
38826542 822216
38826544 15000171
38826547 1313826
38826549 12065
38826549 1082050
38826551 87696
38826553 453629
38826555 251061
38826557 13872887
38826559 557309
38826561 7198257
38826562 559352
38826564 745081
38826566 9962868
38826567 15701210
38826569 2464
38826571 2347
38826573 4171177
38826575 38826576
38826584 11711304
38826586 15702029
38826587 61732
38826589 755
38826591 1046142
38826593 116730
38826595 38826596
38826600 1620129
38826602 12411205
38826604 38826605
38826609 15701407
38826611 141970
38826612 13680624
38826614 2349
38826616 294447
38826618 116210
38826620 42197
38826621 42197
38826622 1506869
38826624 14683659
38826626 15701429
38826628 1052102
38826630 1505971
38826632 5013480
38826633 274114
38826635 298072
38826637 7775
38826639 190714
38826641 9452316
38826643 444213
38826645 9317095
38826647 1859160
38826649 35811988
38826651 32793082
38826653 280174
38826655 135371
38826657 45187
38826658 15705585
38826660 38826661
38826665 391912
38826667 12341808
38826669 66019
38826671 218394
38826673 688757
38826675 227271
38826677 160063
38826679 15158954
38826680 556998
38826682 1515703
38826684 252959
38826686 116864
38826688 103603
38826690 8700074
38826692 13789140
38826694 411654
38826696 6251466
38826698 593765
38826700 46048
38826702 672209
38826704 126054
38826706 190634
38826708 190634
38826710 36340907
38826712 87725
38826714 130070
38826716 15289478
38826719 3311705
38826721 1187241
38826723 195629
38826725 28739132
38826726 14943
38826728 3105609
38826730 744815
38826732 252852
38826734 2992205
38826736 3842548
38826738 116304
38826740 255905
38826742 719405
38826744 916030
38826746 4383567
38826748 15247150
38826750 7719602
38826752 265662
38826754 2399163
38826756 38584
38826758 117200
38826760 447069
38826762 190389
38826764 336004
