5006367 5006371
50813 214808
39425 161776
96651 325847
5007773 3429181
21244 118379
838471 1649664
119886 382671
536172 1253679
281030 789033
656922 1399271
299968 824791
53764 220891
5014112 4241556
394600 1004568
436395 1084235
86884 296281
5017401 262455
4316570 4393686
5019551 2348644
901491 1711256
214853 653620
35322 57265
16527 84674
5023142 5023145
23079 125240
2559678 417811
281031 789046
54293 221680
383570 994789
3661644 1103159
604824 1341804
1899 21111
3557448 3899671
511235 1206305
391126 419028
98263 327637
54148 221302
301056 94543
366243 964093
86264 294499
193122 588123
16569 84865
1891 20948
227085 701835
699455 1198565
281032 789069
367926 754430
117853 378451
427790 924243
419047 1058876
869292 1685432
691321 1446160
39733 162697
194713 589375
105132 337645
656923 1399284
15940 82237
125531 409325
50610 214401
16923 87310
21625 119735
1881 20847
53362 220502
88156 303112
353589 944022
41025 169541
11624742 11624746
105854 338159
367872 734038
193253 588325
135114 424246
314048 850214
54814 226206
683628 1436498
190389 584318
86885 296297
214968 653721
671742 1414766
2117825 2865308
54715 226096
59367 239811
324073 876053
99457 329282
131776 418514
16689 86154
52653 218690
115254 371804
671010 1414439
52857 218991
54647 112166
52313 217898
987774 1833996
2837326 1364646
6566138 6104420
379517 632172
357047 953736
86499 295264
409752 904124
54471 223614
16914 87242
340461 930556
190634 584626
367873 966179
427255 1071367
51046 215932
215985 655152
385102 996690
54128 221256
86723 296121
672207 1415486
6451957 6451968
281033 789095
584261 1312048
99227 328694
1315938 1008509
366977 964955
605162 1341893
11918205 6791236
162123 511512
1254404 2132605
109088 353157
349864 877551
655520 1397808
100856 331404
118181 378939
10780818 4312456
16690 86183
427236 93619
86886 296312
18105 91813
892759 1705336
334799 913066
52135 217603
93506 318409
316884 853580
892760 1705348
297434 820931
98146 327565
2296384 3013758
7835304 7835314
50261 212616
963033 1801138
12045221 221994
511242 1206367
1704147 897065
815062 1617260
129057 415392
12191922 7041350
369833 969685
16555 84771
2640877 3263616
353590 136246
536178 1253781
496626 1180801
1227298 2105878
190390 584340
610488 1348584
690744 1445853
1848955 2652068
1801167 2614750
3712270 1634530
329019 892634
579453 29046
1901 21198
212837 648242
3648520 3959195
227234 701999
99505 329316
1565682 2424528
1765876 2582259
294433 814966
2709262 3304177
4733837 4735331
5431126 2925423
94498 320633
1519724 2377780
510484 1205174
684461 1437155
427721 216957
52901 219282
940981 1772179
692716 1447828
655521 1397824
943273 957954
97888 327253
1059807 953696
491349 1171960
294341 814873
41026 169562
655522 1397842
427136 1071209
857834 1672684
965635 1805856
886483 1547345
1827276 1720295
762444 1545571
95284 321881
427921 1072022
2192219 2929904
653501 1396430
427119 1071197
297281 820798
2058757 665005
12206416 4451722
511996 1207234
290821 809027
301007 825443
219198 672982
367066 965150
427223 932115
105824 338113
700100 1457576
948836 1778694
281035 789114
898698 1709857
16890 87117
138801 432906
16853 86991
695761 1450563
103048 334854
877958 1695215
21226 118273
388737 999567
16835 86745
948908 1778708
2635300 635413
656924 1399304
693218 638989
87723 298846
6974616 6239051
87087 296846
346045 728938
289031 806554
510390 1205016
117439 377345
190827 585012
672209 1415506
338932 929286
118182 378967
594476 793009
16836 86789
16837 86826
964775 1804787
818759 1250258
225424 698925
802775 1594896
19838 112358
194802 589509
1519291 2377619
427154 1071251
87698 298584
21248 118507
54473 223651
19871 112450
50369 212849
427245 1071345
282445 793045
50785 214749
290416 808570
104124 336097
50829 214983
23096 125482
214256 316700
46666 201629
318895 857940
100163 330477
826540 1637971
39600 162243
297422 387632
53035 219574
3293704 1213164
16692 86210
223802 694156
669487 1413297
81173 282263
93751 318792
251512 743502
53036 219606
222107 685573
1726266 258928
439567 1086466
251803 744109
39479 162087
849295 1663206
5826311 957326
52902 219296
86887 296327
604064 1340942
675697 1417667
913656 17983
326330 884597
296275 818601
289543 807419
322978 874344
91759 312382
191501 585915
288974 806325
53097 219711
214969 653733
818422 1624869
13461423 1034385
103050 334916
700195 1457747
700259 1458042
1960167 916235
3210070 3665069
11361722 1523668
3624314 3944614
695331 1450344
169091 318939
3019115 3528672
115109 371649
53801 220926
427188 1071286
5617079 3055058
1448810 2034433
4733838 2159745
4921608 4703309
367874 966192
361697 960743
87725 298910
336337 921564
914404 1724016
655523 1397862
173812 536768
51167 216088
173763 536698
3701330 3990846
14215092 2544180
663904 1406433
10836443 4411601
1784175 2600743
100164 330498
510115 1204675
761275 510269
1827279 2636179
7881766 7881776
684479 1437184
17034 87926
334699 912484
94735 321116
296931 820507
296932 820524
189287 582110
130338 416637
1765442 105651
18435 93118
1737246 2569811
8207112 5232052
281037 789130
1658439 2499550
4053518 3155222
1206228 2082869
99693 329917
194045 588870
1726518 1526333
587406 924143
2451914 704383
818262 1624698
196892 592076
5912508 2737316
2736394 1565709
94878 321463
1850039 2220029
116427 374927
11374433 7397022
9498468 1279990
2198816 2936205
393024 1003164
4548900 908197
815063 1617272
130543 416838
8927458 660221
5900804 5900820
4265150 2192651
14473448 3169943
14474733 2992485
14474896 2019346
93508 318428
11640114 3642624
14486647 1254003
3135035 3610568
14495225 1730882
281038 789140
3954959 1829609
683966 1436675
14547386 2585580
14549062 5527068
161774 509392
10364590 7606940
8573372 8573398
3701331 128732
8633450 8633474
14686146 1319058
296933 820539
14689262 3332812
9544253 5789496
823698 940033
14693660 1751085
14696151 2651979
971889 1811076
94880 321474
5075905 1702791
11808464 5325313
818760 1625414
86888 296344
4736903 4484643
1433136 1735869
3304651 3729764
969481 665318
892761 1705360
9509038 166842
14910634 2740821
8507078 8507087
11196464 2512844
3008033 3521596
10967232 10967237
14929988 332920
3178325 195105
158382 498453
14945975 3593516
663580 1406308
14948238 14948240
1519750 579823
14958220 3117719
1685273 294858
2648400 3268637
11326015 701682
1015118 1106949
2481021 3155314
496400 1180482
969482 1808721
14966034 3689555
14966242 3537327
7515202 4281448
1070710 607481
12943562 3635865
2271226 2993433
14976770 8632905
7250195 1794802
970894 1810243
299088 823902
9147161 9147188
14989766 14989768
14990469 6202111
6175021 4159969
3056029 3552986
14997317 11420041
1705577 51286
655641 1398167
87303 277645
15018201 1485369
11467825 2192200
1234698 2114182
15028239 1764117
103603 335648
3159029 2356489
5856835 5804820
15036545 5671149
5505190 5304979
4060142 4217404
4980642 1726699
883233 1700475
15052598 1491269
925569 1733558
15053600 1721298
115269 371833
97804 327172
11362871 4019408
15061846 901257
95535 322434
15071721 394314
216058 655492
15074453 1326468
15079610 4091979
4680969 1015093
1394368 2268397
117199 376740
3371225 2254872
11324893 10312844
15096210 6424849
3701332 3990863
15102159 1659878
324135 876141
7819482 5463080
15107717 3785419
519297 1220341
15115755 5529894
302926 832309
53878 220958
15121201 648827
86890 296360
2289599 1803499
14458610 1391615
661052 1402296
15130869 6734168
15134068 386275
101967 333875
15135970 6641769
1318843 2190027
14510338 12846565
6627917 6627935
6781679 6781689
15142795 3272165
15144354 1776869
6968385 1174734
15163777 4090668
901278 1711236
6251269 6251289
15258180 475914
251986 744355
428890 1072791
54301 221746
16532 84735
126054 410592
1073270 1289555
117200 376754
95365 321956
223479 690967
10421152 839601
39734 162733
1406029 2279487
39735 162761
859356 1674060
51986 217489
97500 326935
256462 751626
327994 888803
131744 418467
273904 778878
424816 1067228
80099 193719
2185257 2540795
54303 221774
755 6070
1433741 2303912
346803 935323
953608 1784230
1358169 1084418
683876 1349928
653492 848526
289982 808129
281040 789153
252787 745428
287972 802497
118128 378879
86892 296380
366979 964968
1394369 2268409
93709 318754
9027849 7529086
427149 1071231
17107 88092
3507717 3862856
297359 820843
892762 1705373
587914 1319570
409622 1046266
366626 964659
1071967 1934034
823699 1631976
735927 675950
130457 416771
103442 335529
162436 512251
870594 634280
396685 1006053
1765228 2582144
104297 336396
131745 322229
367875 966205
98547 327869
5082547 879973
52543 218571
1406353 2281384
282795 793450
8799799 4341383
395357 358084
118940 380529
1453548 2323534
885754 1701438
365274 963508
885142 1701232
9213729 9213742
86894 296395
86895 296410
15651918 5037471
6760361 2709843
15681379 6762735
1710418 35237
610321 1348267
694182 1449211
97122 326513
4085828 4237358
659225 1401106
386953 997980
2560436 3204203
859707 1674399
225429 698947
349824 936176
15687021 10096878
323950 875980
281043 789167
5318205 3330246
671743 1414779
2582065 1486129
424817 1067245
15687464 15687466
54263 221656
140751 441141
15687684 427358
86896 296421
17109 88109
15941 82273
1174538 2047182
815065 1533537
215993 655218
2186921 2574892
5601730 5291902
14214373 1639383
6593893 679235
994713 1841104
86267 294575
1934846 2710246
129727 416107
683967 1436686
230095 707689
857836 1672698
191132 585441
105138 337674
1220350 2030897
2818060 1710096
964898 1804941
214393 652500
812667 1614856
86897 296433
969483 1808731
15690516 1672695
1459455 869155
857837 1672709
252799 745445
663582 1406318
1690782 2525359
663583 1406330
1394371 2268421
823700 1631993
14645252 1298270
892763 1705387
1595466 2452280
132856 420484
509992 1204476
1402633 2277011
7755605 7755618
14469001 435524
51260 216325
103464 335550
8561165 782465
54653 224312
780537 1566785
2565883 3206338
1524229 2381322
1594728 899039
857838 1672718
93586 7715
823701 1632003
15692267 1250711
561576 1281910
663584 1406341
416392 1055976
892764 1705393
14432273 2302486
363393 944809
971015 1810330
364313 962783
3925607 4133098
673470 1416153
1313214 2185153
983974 1827779
870645 1686515
1406082 2279506
1073348 1934791
214872 653641
823702 1632019
328511 868539
195771 590360
892765 1705405
6893453 1923386
80879 281094
389711 1000282
86899 296443
86900 296454
367877 966216
96957 326273
916199 794645
367878 966225
367879 153347
1803912 2616029
2291835 3010812
7087570 5297191
8290981 98611
890260 1704128
11776136 5521454
104298 336405
653502 1396440
55256 228142
86901 296465
86268 294584
2294958 2686898
653503 1396449
1763291 1708737
410028 1046771
702411 1083740
252830 745461
1034580 1897983
90892 309393
653504 1396461
55257 228154
1803898 363958
103587 335604
2564891 3205896
1318777 2190002
1459456 2329899
1459458 2329918
890975 1704373
1072154 1934126
2542748 867853
5019843 4738682
898770 1709868
2161049 2831970
787249 1574260
787888 252983
677853 693864
969484 1808741
6515801 2897
914805 1724174
1803899 829685
4749886 4751043
856843 1671779
857839 1672729
118190 379019
281045 789176
15698290 15698292
15230644 5112128
15698297 6938908
281046 789186
281047 789197
3709463 3952250
281048 789206
281049 789215
15698305 2377577
281050 789226
1397668 1732547
361077 107624
15698998 2527986
15699004 15699006
8251198 6514124
823704 1632041
15208049 4194875
11459030 3910959
5248152 4702272
294435 814987
665251 1407146
913998 1723891
6531267 1731517
4502950 2483685
1315738 1420863
15726479 2281459
7844626 3206538
9225539 1258457
1660392 1492651
838725 1649910
8567159 1443997
2329324 3032075
9449976 5163946
5314132 1270580
15204337 1957056
899889 1710432
510487 1205189
572222 1287175
877795 1300041
397524 1006386
2722448 192262
1088528 1815558
478459 1152913
5847533 2094121
4360430 4423419
256986 752147
1761775 2581176
1848973 2652118
2398609 930626
119489 381604
5020614 163494
15729279 1208460
15729338 2860961
16915 87266
3323768 1771981
1073323 1934763
8996951 390355
118915 158404
173856 536825
2614616 880121
1827595 2636438
5340182 2556011
1251430 2129990
8706498 1560562
8667082 8667093
6678761 6678782
511259 1206437
1848644 2651853
1779144 2595415
15729948 913900
395634 1005392
8789849 5174337
2990953 3506379
11275721 2665919
852816 320109
1626217 2474010
1312897 2184924
10672593 1709020
889189 1703722
3661334 3030840
458090 1119796
1565840 2425326
6771374 871462
2411302 661030
8791312 8791323
348487 935695
274581 779685
14478429 10187863
1314385 2186028
861144 1675298
10297476 892465
4622085 4631212
8327773 8327794
5548107 5548124
15731761 1725370
3311038 3734146
15239546 3309131
1763383 2581696
1457764 2328643
10282003 2366566
9975594 9431719
15731770 2651468
825886 1634545
9775269 9775275
14427834 1501378
5071447 3386979
4490748 4520780
775196 1560081
7057196 2543161
3773831 1819379
1258599 852207
1254375 2132587
15731796 6142627
15731807 15731810
3144996 3619668
9372511 5970694
4277140 1615510
8650349 4018513
4748300 3194386
4898850 4898856
15731819 2686436
869275 1685415
3701333 3245860
1001794 1201768
15731830 8200927
10299410 5980032
6709370 261593
11348280 1090335
15731849 2528503
15731857 6468684
15731865 6360662
15731880 6425832
7930018 105293
11692104 1702195
891374 1704540
670825 1414406
427935 1072090
15731900 2642111
378306 982736
11423780 4742179
1967624 2736384
14459552 651683
5599526 5599533
880054 790422
2325668 1113419
15731952 15731956
7777164 332435
15731965 5477369
3053428 1220311
7628804 224956
6427948 6427966
7422995 7423002
15731972 2448446
15731980 1415771
485211 1162901
256460 751608
15731987 11020088
7849745 7849760
9223933 2591801
10926219 578957
1059780 1712838
7429730 36303
4978770 990237
15732408 6443833
4093554 3428347
8208547 8208565
11113867 9029886
932886 1757676
15732462 7594410
15732839 1119058
10833756 912229
695377 1450364
15732858 1300788
15732869 998327
3328660 3747087
15732886 6291436
5412686 5024914
15732907 10425717
3063120 3557520
281051 789237
3178875 3170702
15732914 2652189
5939346 5939353
15732950 5157357
690779 1445949
6570619 4629756
101699 333337
8674436 693934
5281294 3623225
96699 325895
775197 1560090
3138844 2324702
7994534 1846991
15733112 7991990
9387303 895149
15733253 394722
15733268 6033277
288238 803356
3932495 4138938
10964418 1255011
5871800 1765454
3774117 4032954
3580176 3914703
684463 792757
989763 1835512
15733309 2536170
4957367 911542
8992641 8992648
5379541 5379557
1685687 2522002
1396274 1472185
6478131 327707
15733506 5674819
15733524 5224702
6939310 394159
15733598 10006607
1253829 2132331
859763 1243760
4444348 407537
653507 1396473
15733734 2023677
511216 1206213
263098 761492
14544008 10718934
8593095 4593750
10560865 4057399
921994 767491
6804581 6804588
751535 1532580
15237397 7726977
9300037 2503341
8093744 7529801
7558199 5656134
103598 335615
15733900 4193977
2631802 481135
890846 1704288
6193745 2722217
1316173 2187132
5007746 939889
15734676 1659773
2817931 1172015
15216699 10689971
5849365 5849369
394712 894834
1305223 2182750
15735759 1220750
815066 1617288
281052 789245
15735967 7653788
3469047 3842230
15736163 8573997
6939311 1186412
251563 557816
1827821 2636575
2595518 3230733
86270 294597
348247 935622
692425 1447690
15736454 8075112
15736487 5716504
375674 978806
9074071 316725
6906198 6906204
6903488 3901275
378671 983732
1712540 2542459
2320533 1772392
11028910 11028916
28365725 5725978
28365727 2185022
7444375 4791947
215995 445018
424686 1067124
1907911 2686552
341225 931454
86903 40842
545363 1268136
857840 1672741
1952700 2724808
103026 334803
2190565 1102891
3154252 3626017
6961334 6961338
284247 794868
2734367 663
15223022 5257917
1007405 1857500
8693987 1672091
2655375 2623902
655053 1397627
1803913 2616042
989707 1835444
1907912 2686558
8648198 1730928
1315683 2186796
683968 1436696
2282040 3005697
14214502 1340281
393887 1004162
5427143 5427181
97675 327090
13877050 1592986
5498778 2512616
393698 1003901
607690 1344250
664314 1406570
119253 381028
162695 512599
28535453 15293205
1765302 2582158
536990 1255821
2709717 3304398
12970539 7482538
336365 921612
1765387 2582184
23300115 10052592
1045914 1626408
5878439 877112
3774103 4032945
378309 982747
192526 587473
3093877 2502270
6356296 6128557
28442171 2924284
901053 1711194
2651299 3270278
97042 326427
54022 221191
2630014 3255728
55003 227408
409803 1046450
390556 1001454
1208770 2084938
587500 1318856
1451772 2322205
3259903 1721915
2404775 3094028
877019 207272
1342091 2215142
379229 338877
16562 84826
1083139 1730927
1448813 2317907
366248 796425
7901639 3243518
1949288 2723009
1099165 172659
912794 1723239
7436357 7436362
2667002 2412239
6853095 3913628
11190675 2568996
5826661 872284
3523109 3878102
653508 1396484
683969 1436706
5647154 333670
653509 1396493
653510 1396500
653511 1396508
653512 1396515
869603 1533025
1046533 1908595
879953 1695944
1130567 1694279
922230 1730509
3858111 2102272
828657 1641087
537464 1256598
4338938 1849597
923829 1732705
5940374 100279
511237 1206336
409102 1045744
1846704 905162
97243 326576
1459460 2329928
5148277 1334293
28556600 5707441
1608790 1705539
14679259 2273293
12145033 593814
3855252 3501440
2511330 3178864
815067 1617297
1004277 1855007
4459254 1590055
7648039 3622255
10764872 6158328
5314135 2636505
3952816 358635
815068 1617307
4032633 4202085
699698 1457157
2948738 3478657
8379116 5439253
5940366 5940389
396171 1005727
215997 655234
5482822 5482827
6965870 5435077
1593018 2450372
8960886 8960902
2282013 1775417
8625266 8625271
1848847 695421
3128525 3605153
6899730 301476
5950968 3100044
7383019 6991008
4605049 2550733
5940367 5940395
2289614 2313526
1764889 2582080
5080434 5080441
587450 1318753
1595397 2452272
207595 619054
2189989 2928237
2176001 2914677
6804619 3240508
4173559 4300803
1318780 2190012
130352 416658
988721 1834463
15080002 15080004
8159034 8159043
10728149 6907680
6644953 2485697
1056304 1917793
6230346 6230354
6085615 2536712
4240942 4149736
8801994 8241481
2421153 3107064
7491979 6257336
8877763 332530
9341659 9341660
367881 966248
5481743 5481748
656933 682524
9162055 4408074
1314412 2186073
656934 1301039
4062820 645366
4267453 1854759
3901424 1687361
14664198 670691
815069 1617318
1686336 2522470
7025465 250219
9573254 9573262
14361388 4386741
117409 377287
5739305 507372
386326 997705
2874844 3330036
138427 294688
12039578 1574841
362116 960924
393568 1003814
815070 1617325
6806237 103488
46682 201646
823705 1061342
437760 1084941
2499582 3168993
587331 1318716
393569 1003823
97381 326767
656935 1399341
9825585 9825591
2993024 3507984
2198753 2936167
692705 1447816
1952985 2724869
11589856 1703757
915945 1724453
7245506 6770261
9094079 1218826
655524 1397870
5491280 313256
5593701 3689706
3697843 3989091
1848523 394218
189349 582220
823706 1632057
7773854 2568997
869140 1685333
857841 1672750
281057 789251
281058 789257
5586711 2437313
1830017 555960
1189982 2064490
7865989 190567
1712075 665901
10993990 1968917
191151 585462
4207187 4320802
830251 1641729
659892 887619
14420216 2300963
2191338 2929466
45685 78381
11012729 2212616
367229 965335
1681003 1703930
99949 330210
6820082 1755209
656936 1399349
7495284 2926784
7567315 6674505
656282 1398687
15215278 6001612
86271 294607
86272 32951
86273 294623
4660215 4666166
86904 296477
886786 1112463
4093669 4241442
1803914 2616049
860611 946246
2991270 3506738
1686337 1127427
102674 334512
380031 986388
656937 1399354
1848935 2652015
1676207 1824681
9550254 4411855
776685 1561856
5689535 547318
379278 985154
9092303 7021038
601462 1338097
830156 1641675
7413686 2484107
5597933 2525325
2624542 3252343
815071 1409314
9057140 775230
194341 589106
8434190 5115838
30390998 2843869
2534441 2654498
998435 1847477
1309699 2183762
9586416 9586427
1519722 2377767
656938 1399360
5361280 3202307
28524592 10204343
8039162 8039168
1732622 2566222
815072 1617341
392929 1003125
1565683 2317516
2636562 2925297
1766626 2582705
1726061 2213179
12142822 12142831
409265 1045899
28311999 1924062
7473361 110059
2512342 3179757
545400 1268150
9413324 5403201
964719 1804685
14524459 1517296
969485 1808750
594393 1329306
14679260 3738205
30304510 4406144
281059 789265
12272306 3784452
360493 959566
2485034 3158506
362272 961010
5320000 915544
912760 1723220
10929515 678826
219209 672992
21826019 9471969
252738 745342
8202112 4271021
9251169 813695
8202121 8202136
3507646 3862718
970946 1810281
15233699 13369374
193150 588255
14474795 14474800
2580819 843178
25427660 8575036
2272330 2994091
194809 589533
830832 1641803
898880 1709878
440267 1087232
4282689 2628694
683970 1436710
879110 1695449
329461 892970
762455 1545583
8960887 5232880
393097 325176
15240430 7306768
284334 794922
7051199 1814768
9557337 1710241
87637 298023
7609289 5329841
14485717 190670
2817902 956618
3168504 664182
30395431 1770613
7283669 2436744
3179397 2551558
1352996 889902
391244 1001812
139804 434798
3219981 850198
1934848 2710261
1694307 2528376
28577229 6944961
14048813 7573430
1520253 2378305
7751814 7751820
8030724 1905365
28366227 11508386
7420216 7420219
8977251 8770601
5339002 2482936
1071271 1933867
14677587 5770513
2636675 3260293
367882 966257
1322023 2193022
1322024 397399
1227301 2105895
1227302 2105902
1227303 691586
101989 333884
337268 701687
9187994 9188000
226086 699612
1933902 2614804
427211 1071307
1314289 2185991
9200461 1646666
1627926 2475005
1627927 2475012
1627928 727580
690764 1445869
2532276 591724
7970070 7356937
6809583 6809588
1637964 2481994
7845645 2457546
14259347 1938298
2529376 3188476
7557653 7557656
1765053 853389
2420102 3021961
5022425 5022426
4722504 887229
857842 1045800
831858 1642305
30303932 3329177
656939 1399367
656940 1399374
193917 588760
8972664 1141310
391912 1002689
2381496 3072464
1674769 2322988
312350 847956
367883 966266
7077497 5717250
2512457 2721857
135249 424536
1406354 1903387
682217 869064
28543213 8202192
3679933 3976823
6796677 3347008
11583978 8292004
8881729 8881732
2304661 141601
510123 1204696
429482 1073526
4652623 4659397
2484864 703307
7055080 4419114
656941 1399384
6332175 1414651
8890823 3168918
217442 663402
912761 953593
585351 1315126
7436358 5404973
375679 978811
1685275 2521781
1480547 2348253
13557071 1228206
4130325 2543845
3396678 1586618
32774995 11139946
32775048 11163502
5866555 1538760
32775285 5363943
3990466 991241
113193 369650
6568537 6568543
281061 789272
4353677 4418720
1594729 2452009
14209847 6014750
2058759 2818158
5174396 3336564
4338912 4408589
2186922 2924597
15205300 6059785
2928244 674370
9913596 9913600
1064805 1672477
195199 589910
8026272 7709907
4768403 3147127
1765883 2582278
3616412 3939869
281062 789278
11735923 11735928
32835641 859887
428605 1072388
2580863 3219640
4123079 4265231
28565351 314081
7230619 4528536
3863586 4093125
885993 1701549
3323695 3743673
11954562 11954564
2274077 2994649
32843854 28961769
683971 1436716
605555 830895
14447935 5932362
7186748 900332
28537125 28537127
11002434 8804402
28536276 4155578
9416414 9064094
4013901 133391
30236237 5311710
3385203 3783931
9994427 6410694
5023735 2097573
1849578 2652409
8705069 5645771
9268042 1629513
857843 1672766
30224888 3457539
14462599 10327719
217648 663598
11291057 5248823
1830018 2636958
33058927 1956808
3170789 3636781
34262728 21880808
1801181 2614761
327734 888398
34308726 4012803
10277656 5902332
8667114 8667116
34377896 3790213
4317689 4394203
34382417 163114
34382422 11532020
8708329 978277
34391891 856262
28546248 99242
2658554 3275864
3690937 3984905
28530641 508356
34406959 1657653
28734732 4392484
34414301 13057207
684322 1437084
6329208 6329213
28486521 6762768
28557236 6478115
1953059 2724887
6973173 5997352
437348 42557
34498995 9853828
34713561 7289170
34713599 6331699
1016111 1867698
34713606 7407597
7284931 7284934
34713612 670292
7684781 1321926
34713624 6868675
10835130 4567892
34713838 4649112
6893457 6893473
11018622 3776603
9622153 9622155
14702725 3661805
11234567 3076208
3427738 1353909
7133696 3524402
2306545 2908346
11689796 4224877
15229484 15229487
8025669 7183300
28575297 9661016
3172950 3638908
2637720 3261447
14500431 5262522
1071117 1933795
4173561 4050904
10868547 10435438
30321753 3563777
3030125 2303978
28550500 9450349
7527366 3284224
1519313 2377644
5074656 5074659
9350551 5961761
34714045 5934726
34714051 4197341
7766858 5298606
1220351 2096846
28539532 1562930
34714118 3863254
34714126 7090716
34714129 4128495
11124589 11124592
34714135 6527246
3539213 3888291
34714140 339861
34714147 1658040
34714151 6256259
34714155 3010830
8795674 364198
6692458 6692463
34714262 890041
34714266 1491497
30241030 2587035
34714270 5924701
2818616 3385613
34714273 5575050
9597849 1664534
28530508 1296402
28543259 5968633
34714417 4286051
10362924 5088975
28528617 6059101
996072 1844168
34714488 3338696
34714491 208197
14602337 6097524
8941674 1104880
918916 99527
34714495 1401096
11424916 10852590
34714499 34610875
10732251 5426103
34714584 15244874
34714587 497785
34714591 1725219
34714595 746478
34714600 4796956
34714605 14585964
9073918 5876302
34714609 8493903
14253464 8198455
34714629 502297
3263614 345402
34714940 3927725
34715008 31636
34715033 3858405
195338 590067
9554278 2192166
34725872 2557100
34725983 4581952
4383186 4440499
9136779 3214680
6802265 338865
34727177 31054520
7026274 2160106
14726928 6521960
34727186 279585
34727190 14602240
34727194 11038909
28522632 6404015
1058472 1920227
4749451 4114405
34727197 2098826
34727200 218473
34727204 2098367
10478005 53383
34727207 23762014
34727211 2754946
4750609 4669907
34727215 14501026
14679261 6938343
9288839 6053108
6260870 1218433
34727403 2273103
14516655 879089
34727499 1720393
7897603 7897613
30359019 5831339
34727739 11505279
34727745 4039363
14679262 517767
34727762 10113046
6753308 6753315
34727775 4433145
30301067 880251
34727778 16164678
9394949 1334603
34727789 2566831
34727793 670118
34727797 22118203
34727838 5943420
34727842 3034342
7741220 6778403
34727846 5490903
12860606 3192741
7516070 7516099
34727850 2904185
34727854 14259212
5005603 4282979
34727963 7568535
9376854 9376857
1761708 2580945
1846584 1823477
11493233 8695640
14536788 1361569
762243 1545304
601939 1338911
28557663 7666443
4448038 4487822
5856994 4755192
34728001 850123
9804561 4116059
4399529 2180406
28577186 1578744
5320002 3023225
9278881 6013714
1072496 1934284
4265222 4357795
8253960 4363123
28556529 12089748
14588374 5541819
9583685 6048382
11113364 3271603
11534366 3536370
34728011 1484671
587489 1318764
34728017 4430034
1318847 987230
14265903 3750301
10915076 10915087
10278297 4457242
28523057 4168014
745632 383598
11481985 2925198
4639573 4647641
28545091 3704620
34735851 349664
34735856 2139712
34735917 12086662
2879753 3427792
3407161 3798092
1606173 2456117
28534040 4166751
34741946 865951
5381892 286503
1460022 59634
34741952 7962078
7124687 3189208
5079969 4018538
28521302 26397075
98678 327971
30378051 3032990
34755363 1602238
28539134 6980117
7744342 3273518
34756039 7193049
34756044 3328117
11175468 7185842
34756048 1582781
34756052 7605054
34756056 5149406
34756058 330741
4534205 4554479
28532802 297295
34756063 1930520
4034579 4203004
34756068 336314
10877744 2591016
14610110 10292841
34756073 11031371
15225778 1052530
8018242 1020941
34756331 460682
34756337 3963651
1940678 611080
34762898 791244
34763153 5559033
8420404 8420406
4516385 1860272
34763193 926872
2817283 3384773
34763232 4312241
1827296 2636186
7612710 5443343
34763858 1706154
11090281 1790935
14669138 573746
2482504 3156961
8422939 4581349
8324221 6869514
34763873 3624473
2842622 3401839
34763877 2186917
4417308 4463928
9765008 8600216
4417279 2188418
34775528 11527868
34775624 1948020
34776365 11874806
34776729 1442086
34776777 1757236
34776781 3158592
34776827 941386
34776830 24544023
8525625 5437162
34777009 1125088
28525807 5908917
15201752 5925508
34777067 3958827
25412134 8266279
366984 964984
7933828 6381663
11351148 11351157
34777274 8422106
34777278 1946895
34777282 8696966
10695862 919049
2133194 2879957
34777291 8480904
34777298 18192756
34777301 17929474
34777304 1337531
30306172 4807433
34777314 3331275
34777327 5393895
28541636 5077403
28548854 5757808
34777349 2762659
34777357 6033369
34777381 2848900
28457510 336600
213448 649885
5180990 561270
34777489 11815335
28527982 7646638
34777521 896102
34777526 2642512
34777535 1294206
7873885 5210359
11054305 1854500
8224262 1390448
11485033 6522753
34780888 358377
34781294 1472047
5832499 5832503
14500521 2293092
11181585 11181599
34782247 1491135
34783566 5364523
34783571 9347034
2818544 3385567
2939485 3472977
28570820 159681
11159963 2597676
34795274 2395915
34795889 5814798
28525669 1440408
8691284 2302264
8432574 693797
34796217 7404420
7470488 879624
5280857 5280864
10856086 10856087
34796405 5869131
34796474 962132
15232877 3122051
14433948 867438
7517517 366269
34796630 9737917
8825818 4578060
34796711 12999212
34796893 1544
34796906 854762
34796927 2490296
1826936 2148377
3522653 3877766
34797154 1527424
1765875 1517835
28544361 11128500
34798080 5257790
34798458 9428409
2783975 3363512
6520107 903070
34798901 5780466
34798905 25496995
28564640 1850208
8676243 6416945
3965473 4159537
34799109 5474446
28544573 4192875
34799163 3327707
28529604 5156320
1314398 866915
2817513 113140
7656922 5938453
8650351 1496461
34799267 2976660
34799292 7221377
8024076 6627683
30304108 12429153
34799445 8641981
890646 1704231
776790 1561942
1314340 947880
34799615 9664397
34799626 1638619
8261189 994724
5603391 100099
11485034 2842242
29017052 3642668
28995190 122517
34799732 5232666
10804144 1772761
29008775 2815270
34799808 26675733
16896 87166
9843231 18392
34799924 11139538
11650866 2680728
11501468 7114915
35010006 5535964
8236042 8089588
28549678 869395
655525 1397878
35010933 6708441
28486357 3858577
655526 1397884
3773792 2726209
35011262 7760469
34894824 2436717
823707 1632064
823708 1547221
28533961 5043503
2796556 2602969
35012493 4473563
815073 1617348
4344733 2275832
35013650 1706484
35013756 11486993
2271229 2993441
2271230 2993445
28562998 17150100
35013815 34599272
35013819 10413815
51922 217440
35013878 28843413
12234665 5194016
8202122 4171616
11805457 1692077
35017027 547394
35017028 1950941
35017157 2523471
28575061 6176693
86276 294631
682218 1435728
35017571 6399111
14662560 11878186
832257 1642528
335576 918333
12347104 3051866
281063 789283
1963636 2733950
35017659 4487763
35017663 1498183
35017687 9532679
1071272 1933872
2533066 242908
1161950 2033566
35017901 13328665
1227304 2105916
1476537 2344409
28536792 10627229
35018072 11516298
1933888 2709312
1933889 2709318
14622669 12101837
2412380 3099897
1561318 2421085
11963514 3968936
28548787 11139947
1454093 2323807
35080883 2759529
14587538 12781891
15238885 15237641
29369393 19663515
653516 330702
7684265 4134943
3324820 3744084
28524934 5040364
35605761 13579432
15222551 11549769
12076868 1849509
2817358 501454
34777335 6890262
35721452 830940
7100352 1226225
35792438 4668442
28521443 2328506
2655637 3273481
28567150 3502873
35793280 2042392
35794316 2490539
4704702 4707672
35794627 7774720
35795577 606594
35796918 1249528
35796965 2526723
700288 1451567
14664218 2443287
28528914 946748
28546032 28546034
11541414 566152
35801211 4105162
28525514 3929293
35801677 11401532
1055173 1916879
35802058 9212211
35802145 10909768
35802228 1587270
15242545 907544
7767118 2329671
10279265 5400433
28525256 2273468
28567141 3370454
35804608 101324
35804621 1596416
28559444 6183672
35805683 3270234
35806777 3687305
35807219 4012844
35807501 818661
14581296 947944
35811669 1095060
35811908 1085416
28574298 675070
35813749 6327913
1803902 2616009
1803903 2616016
33331799 19402955
35816051 6017329
6078238 6078244
1685311 1400751
35816685 18391194
793044 1583046
315718 852819
34874859 4605443
14211287 1359883
1766627 2582713
35818297 14379957
28524935 997542
35819140 11206579
14211288 1795761
700289 1458094
35822814 3113461
9999156 5068413
8202123 2963936
28548284 1104983
35824605 6890374
35824666 24584702
2566214 1602741
15248250 4159806
12286630 3020652
5016466 5016473
1155208 2027057
35826641 4700995
35827695 27542876
35827877 5669818
11126125 10765622
655527 1397890
35828887 1510358
35829470 2396795
2560440 3204213
35829881 9853063
35829919 2953784
1185273 2058915
35831879 31048180
1594730 2452015
416396 291903
1322028 2193036
226093 699618
35832444 18396169
35832737 5344275
3806970 1909221
28525040 5056988
12120733 9612830
416398 1055989
36267996 15476200
36268768 3642441
36269044 19032669
226094 699625
885767 1574693
36286480 3649524
655528 1397898
1812678 2624334
35710566 11185013
36316056 1838448
416896 1056370
15730831 1775060
36318233 1637207
3740880 4014045
28547818 5079986
86908 296487
28526682 5069843
36344888 1602258
1713791 114888
36361323 11942534
857845 1672773
2533068 54071
14568665 14568681
11315922 11315924
36381359 20077726
36383375 10300830
36384465 2724601
11293640 3120015
36390675 6162449
36395618 1322877
15231482 15231486
36412883 5405837
14557408 10328635
1459462 367439
14396540 5590589
226095 699635
971035 1810356
7889390 4193794
36426025 5585961
375685 978818
36529255 1987633
36530422 13302214
28526581 2891973
38004835 4505651
294405 814903
32143025 925153
11600331 3101194
3663646 1093406
38004839 17125905
38004844 2372725
21696429 8869694
38004848 7737245
38004852 924025
38004857 2599510
28527952 6510979
38004861 1744711
38004866 2281758
38004870 1561931
38004874 1184060
28559599 299438
11699748 3748914
38004877 4365280
38004880 1968230
2306086 1349930
38004885 4698306
38004888 10370820
3274608 3671843
1964419 2734482
37553018 4736384
28524316 1188566
38004890 3737293
2565570 1660110
35676668 2096441
38004894 8503
38004898 422959
38004901 652543
2565571 3206182
38004905 2268219
922643 672543
2565572 3206187
14656885 326498
38004908 330750
1594731 1054641
38004910 3015021
1594732 2452029
38004914 385494
38004918 6613889
1594733 515974
38004922 19475209
38004926 2844574
38004929 4506179
38004933 1358044
1594734 2452036
38004937 4344392
38004940 13931
38004943 3506113
38004946 2428926
38004950 2231085
38004954 635772
38004958 5708059
11504014 1798798
11492151 192089
5019845 1791393
2295051 536466
38004961 4270372
38004964 533157
38004967 6345330
28521016 1715627
10830485 638061
28525627 1309196
2961660 3486745
38004972 4664506
104255 336344
7932380 755556
2289617 3009904
28535696 923841
38004975 6562508
2484743 1510266
827563 1640482
38004979 2382431
38004985 696997
2734148 1486906
38004990 2765472
2818117 917075
38004994 3690471
682219 1435736
38005000 3908357
38005005 316372
38005008 3328251
38005012 3600508
38005016 2582348
1685276 2292610
38005018 11936172
824645 1633440
857651 1672484
1731619 1704188
38005022 9761847
6684987 129965
9356177 9356183
10723271 918781
3936067 1690835
1185298 816010
38005026 6838603
38005029 10280175
1685277 2521794
38005032 2989691
38005036 5789039
38005039 7765105
682220 344880
682221 675004
36686076 5259203
38005043 2693867
38005047 316253
38005053 160778
31103252 1446518
28759612 7622614
830130 1641667
4476099 4509539
320916 822501
38005054 569295
1845669 2649674
10662754 1261142
38005059 853274
38005063 252165
428534 1072364
38005066 4560961
38005071 6528494
215741 654837
11442624 908398
8518372 3152526
38005076 4175493
38005079 4012310
38005082 815032
38005086 3897276
215742 654845
30829797 3244703
28552981 936389
1705578 2536006
38005090 5073073
11269534 1712949
35724746 8846025
296445 818762
1685278 1754943
7881508 7881523
2325771 3029350
38005094 6501322
4770192 3702783
38005098 867595
318740 667503
30837774 7289873
11442613 5856265
28527109 12104407
12267836 5483671
682222 1435746
14557128 326084
11563047 6857767
7908512 5172043
3324950 3744192
38005102 3721609
11506403 7343746
38005106 347409
8202124 3786692
1578837 907048
8202125 3793598
28545964 7281134
3138710 2582910
8202126 4474019
38005110 5181985
8202127 8202160
8202128 8202165
8202129 2840629
8202130 2064198
8202131 8202178
38005114 1792544
38005117 5847108
8202132 2281431
38005121 669428
38005124 4666419
38005128 2502201
3325297 99423
38005133 10697134
38005136 1359072
969486 1413682
38005141 95813
38005145 7523384
38005148 11192533
969487 1808757
38005152 1577250
969488 1808761
38005154 571176
1850530 2652751
38005158 1578483
38005161 3818845
38005165 1576351
11494557 7536787
38005167 2684369
14513329 359594
35695869 9819880
28525063 362243
38005169 49843
38005173 5558037
28543465 12136726
6972136 2450179
31995733 2370763
38005176 8616155
28457511 2738129
38005180 672267
38005183 1328164
10987661 560461
38005185 4154493
38005189 5043402
38005191 3525839
28536858 3227412
10948078 878026
28525298 8580463
28541568 580859
38005195 8871328
38005197 7584489
3557557 1759688
11131628 390747
28545012 7788103
28536305 659266
38005202 6387764
38005208 5093047
823709 1632077
38005210 3330375
823710 1632085
2796557 3370769
35537514 880356
823711 1632091
38005215 370220
35537515 830001
8176048 1417326
38005219 6952221
38005224 26859578
38005232 618267
35537516 880056
38005237 2488779
823712 1632098
28520667 893606
38005242 3746811
38005245 2686922
15202834 1580237
38005248 1037988
35537517 3327046
38005251 6044528
38005255 1968991
28311904 10657587
38005260 2741072
35537518 1823083
28533713 3333364
35537519 13639991
35537520 1801311
35537494 8932109
38005264 660893
35537521 576043
38005267 5717900
416399 1055994
38005271 437630
28536828 353129
38005275 7823061
38005278 8522329
38005283 6389633
28527281 8871585
38005287 10295264
28572562 5217274
1827491 2636272
104034 336031
38005291 8166085
919070 1726039
38005294 6271964
919071 1726043
919072 1726047
38005297 2613007
14404310 7088205
28537446 4474239
2527907 1501047
38005300 2094438
38005304 13057167
38005307 1647148
28533638 3063371
28559633 1285163
38005310 1394290
38005313 1724748
38005316 651955
390845 943718
38005321 7842286
38005324 109399
35676914 8635396
38005328 1734207
38005332 7975769
14661787 4167143
38005337 6773516
38005340 856852
38005343 2534451
38005348 5904787
38005352 975131
28563916 1971870
4543111 4561804
392270 1002806
9200532 1161994
38005355 10757292
38005359 651364
38005363 1071182
38005368 852978
28640489 10299296
11946111 11125408
28570201 5391169
28535050 10769367
38005373 10772302
38005377 2595469
38005381 2893693
28381980 6455219
38005384 6434184
14528218 3482699
815041 1294205
815042 454424
925059 1733187
38005388 757110
28526158 25682136
38005391 900719
28536878 930311
28545983 6048243
38005395 4407153
28546853 10302660
536098 1253399
173883 537001
15228889 3203531
28577353 3344760
38005400 5151282
38005404 2295518
964721 1804692
964722 340942
28541558 860340
38005408 6548332
38005412 5899510
35676868 3711836
2734708 3325239
38005414 3678021
2818113 3385301
38005418 5240536
33264405 5272382
38005422 174847
28530445 5377783
6251601 1414712
28567844 9539731
38005427 409388
38005430 10303838
38005433 1590467
38005437 665947
38005441 5995771
38005443 6423214
12120734 3917827
12120735 6596948
12120736 4119808
38005448 912244
12120737 5232260
12120738 6834637
12120739 7704739
38005452 10852770
38005454 420304
12120740 2604305
12120741 12120779
38005458 9246215
12120742 5094644
12120726 2585846
12120743 7021821
12120744 5478307
12120745 12120794
38005462 1329844
38005466 6374649
7100353 1276471
7100354 7100369
7100335 97091
7100355 6270787
7100356 3199518
38005470 607829
997994 1847341
2594367 3229295
38005472 4932063
11467816 4143755
11467826 2527299
11467827 2287432
11467828 2775123
11467829 3762178
1963831 341951
4920788 4920914
98999 195644
38005476 3533170
30315668 176232
38005479 1856668
38005482 5294419
28546015 219959
38005487 3109772
15226225 5397793
38005489 8718453
30231901 5039183
11124523 3330896
38005493 1968982
38005497 1658994
11951978 3252146
38005503 3888680
38005508 1491753
5506562 185527
38005512 8166542
3861192 967999
38005515 17640023
28566447 6204543
287982 802519
28543181 5639938
10332626 7535015
8212483 8212486
38005519 1577223
38005524 751758
965676 1805871
38005528 5996851
38005531 32332
38005535 5260988
38005538 6098303
38005541 1663932
437515 464990
38005545 5426445
38005550 22414362
28548806 5656202
11570244 1278805
38005554 25527711
38005558 2738432
1394374 2268430
38005562 1673215
3334655 201386
30381327 3553799
28547966 1174732
28541348 1174738
38005566 2132764
38005569 2287465
38005573 5337873
38005577 5651736
941003 477611
14620492 5402932
38005582 2313887
28529534 915207
10997462 8234596
695422 1450376
30848428 3593875
38005584 3884176
38005587 3490038
31090154 3744544
10847857 5608915
38005592 2844746
38005597 7582665
38005601 6806606
10886356 3692186
38005605 3653928
28544837 6544597
77981 275664
1640275 2482997
38005609 3976040
38005613 2740510
38005617 3927228
28559816 316735
38005621 10992597
2658557 2739879
38005625 867491
14623170 2311675
28585059 1494788
2658558 3275870
28535725 7445920
38005629 8548927
38005632 1805775
38005636 2441397
38005641 4528126
28486778 95440
28486544 664141
2658559 3275874
38005644 1855860
2796558 3370773
28486387 11057561
38005648 6984646
38005650 1638119
3138885 2281670
38005653 2600299
10307613 4482754
10331330 10331346
2658560 3275879
2658561 2033799
38005657 4193783
38005661 9092699
2658562 3275887
8212946 4808158
38005665 2542823
28486769 3135746
28486501 5669148
38005669 2663559
38005674 1649062
11284355 7144326
9608079 5564867
1565686 1004899
35687712 2303827
28529990 12563917
21718379 15521077
28527771 2104867
38005678 2281513
38005683 8456788
3317749 1405303
1964436 2136070
8896853 5895834
14679263 10431198
38005685 1497531
38005686 5479835
6779944 6154358
1185262 2058887
9379618 1086496
38005691 6151837
38005695 2879714
2304953 3016056
38005699 639973
349110 935977
38005702 297038
9463890 7024000
38005706 6440161
38005710 2091048
37698574 3977399
28539478 6082112
38005714 6828194
38005716 2539902
38005718 4986728
38005722 878413
38005724 2471020
38005728 19088536
38005732 2316506
38005736 1827727
14437855 5217992
263075 761388
38005740 1605740
38005744 4566970
28545666 3471134
38005747 1674457
38005750 1828736
38005753 428661
38005755 3463978
38005757 3849746
38005761 3247609
2636564 2190126
28545667 2639815
15226541 10288426
38005765 2540436
970895 1810250
28549996 4467209
38005769 2864188
38005772 2853183
3806971 2737634
10380325 4311480
38005776 2424106
33287707 4170712
2796559 3370776
38005778 2463579
38005781 15486021
14677963 6009858
14519067 14519070
38005785 284155
38005788 4851058
38005791 20807513
38005795 16430197
38005799 2915953
38005803 18668132
38005806 3132967
7463681 7463682
2535050 3191682
9624238 5233731
38005809 6027395
28387740 8199030
38005813 8034454
4270587 4361485
38005815 4467026
38005819 9436418
38005822 3332465
28575343 9920437
38005825 325254
38005830 992521
28556286 5930266
2837434 3397937
15231427 3948059
28557452 18198074
38005834 4947612
14629821 13467173
38005838 5648163
38005842 4025641
38005846 10484684
38005848 44000
38005850 8806399
38005854 3422193
38005857 853330
28559264 20240793
536767 1255668
38005861 731218
418489 1058431
418490 1058435
28555650 9257124
418491 1058439
28566645 6133273
38005864 2819600
28385956 1311224
38005869 2336250
38005873 1836276
38005879 6210438
38005880 5159037
28384807 21439515
38005885 4085034
38005889 19940311
38005893 1242707
281065 789287
656944 1399388
281066 789292
38005896 901853
38005899 1930516
281067 789300
281068 789304
38005902 573605
38005905 2540106
38005908 5515037
38005911 18452784
38005914 11740636
38005915 6913154
38005918 5845560
38005921 27182
38005925 989178
38005930 11014477
28564801 1313878
393716 1003908
2734075 3324181
38005933 3952911
38005937 3329367
38005941 102255
1344214 832157
38005946 9733803
813100 1615555
14560401 6399300
11566277 11566284
281069 789309
38005949 5369439
2294999 3012823
38005951 6641157
38005952 1686421
281070 789314
281071 668407
38005956 5140166
38005958 5656056
38005962 15919312
38005964 11140069
38005968 9596386
38005972 904903
38005975 2557445
38005979 5767391
38005980 11385708
38005984 3707583
14664219 1801306
38005988 22203471
38005991 5842540
38005993 516852
38005996 3148828
38006000 6437001
38006004 670522
38006008 24568663
38006012 5506442
38006016 11141904
38006019 7382385
38006023 3046984
14664220 499147
28550468 9284881
38006026 10274304
38006030 7825588
38006034 8169721
14664221 2490863
38006038 21725884
38006042 11563510
38006046 7005349
38006050 1441179
38006054 26719216
38006057 4194015
7318571 4305073
3107799 1963054
38006061 326319
38006063 3232818
38006067 9930057
38006073 1677319
38006076 27064670
38006080 12487266
38006084 27065349
14664222 5071953
38006087 7467743
14664223 6411558
14664224 5696042
38006090 15416673
38006094 4599623
38006098 6267457
14664225 7829961
28546417 11144050
38006100 992837
9562025 6812620
38006104 8324449
1933890 2292570
38006108 10336509
38006112 3188326
38006116 940479
1933891 2709330
15232722 11144846
1933892 2537334
38006120 2523696
38006124 3774902
38006130 10105945
1933893 2709340
38006134 4747573
38006136 139469
655529 1397903
38006140 8968820
655530 1397908
28553308 15208313
655531 1397912
655532 1397917
38006143 25719948
38006146 9185885
38006149 3984133
655533 1397922
38006150 9520535
290989 809224
655534 1397929
38006154 6793776
38006157 3386795
655535 1397932
655536 1397936
38006159 8272755
655537 1397940
655538 1397944
655539 1397948
655540 1397952
655541 1397956
38006162 1607523
655542 1397964
655543 1397968
655544 1397972
38006166 10332430
38006170 1459795
38006172 2843891
655545 1397979
655546 1397983
38006178 4444622
38006180 3107424
28551359 3621607
216085 655557
216086 438951
216087 655569
38006183 4092677
38006188 3147440
655547 1397987
38006190 884354
38006192 5264648
655548 1397992
655549 1397999
38006196 5201695
655550 1104634
655551 1398009
38006199 1451352
38006201 10104659
655552 1398015
38006205 3435953
38006207 6851676
28535430 342250
8577843 5051422
28574870 2570529
33351136 11154622
1846464 831945
28538436 9861240
4241287 3332050
1804991 2617264
1804992 2617267
38006211 2819605
1804993 2617271
8382067 2635813
38006215 1945924
38006220 3250839
8504363 1797024
9922724 5619720
38006225 5476602
38006230 328488
2796560 3370781
38006233 2692944
38006237 677627
38006243 12128666
38006247 7466586
901171 1711225
38006251 1487603
38006256 3328720
38006259 3749405
38006262 25519292
28535841 9215902
38006266 8246827
38006270 2533391
13877051 11467073
2796561 192726
30644574 7029059
2212255 330057
38006275 5439751
815074 1617356
38006278 5198428
9476136 9113117
28576733 12785205
38006281 5581355
13675639 3984483
38006282 11160629
28540928 3425736
38006287 4372652
38006290 7821451
38006295 5216445
38006297 3531211
9430273 9430275
38006303 896954
38006308 275880
3119713 445175
14535785 13502780
38006312 779206
38006316 328539
38006320 8702528
38006328 8417701
38006330 7310531
38006332 10321001
9844213 3602122
38006335 1565871
38006339 3914536
375686 978822
375687 978828
375688 978832
375689 978836
375690 978841
375691 978848
375692 978853
375693 10811
375694 978864
375695 978870
375696 978876
375697 978883
375698 978888
375699 978892
984775 1578018
10477198 3682862
7636834 2220691
28532379 9493553
38006343 5785885
11344082 5639070
38006346 2439253
34838137 343232
38006350 7128112
38006355 2166463
38006358 573563
38006360 2526862
38006363 17222401
28538548 8251934
38006367 3196813
7226420 7226425
14211289 6843795
14211290 9165113
6626897 946294
14211278 119507
14211291 14211320
14211292 1849534
14632165 7057932
14211293 2586777
14211294 3645518
1627929 2475022
1627930 2475028
1627931 2475032
1627932 2475036
38006370 27699115
14211295 2076650
14211296 14211337
14211297 2607683
14211298 1002938
38006374 22247312
38006378 951561
38006380 11073510
38006384 5748066
38006389 2393157
28572362 8513356
28539572 15760922
38006393 3078292
28542731 12577636
38006398 2075811
11021110 837905
38006402 10321574
28524451 6084473
585402 1315148
38006408 5410997
38006413 6737722
38006417 6836693
38006421 4044871
38006424 4127813
38006427 2844151
38006430 11164251
38006435 3511121
38006440 8777383
28526088 399986
28534678 6959188
2796562 3370789
38006443 4724638
38006445 8452914
28524936 1072881
15763650 1577786
28524787 1777356
14625443 2898636
1674782 2129476
14595618 14595622
38006449 9329895
1459463 2329938
28524920 6523914
12058543 5051510
38006452 12103969
35694799 435664
38006456 6904090
33137531 7319558
38006460 5504746
38006465 3090964
10365702 2560234
1934850 1972945
38006467 10324953
14471995 2533115
883343 518282
38006470 10122050
38006474 309510
28524937 3191909
38006478 1706435
23759358 1664701
38006483 3600023
15219759 1911649
35720825 6112016
28524938 4094244
3886080 899020
3030221 1632732
21852906 1855321
4670171 3456526
28576910 6907923
36726064 3304409
1583047 74284
2631365 3256498
701834 875650
30776795 5581872
14418539 97003
11549509 6511003
4610401 4620551
38006487 6137536
38006490 5731642
38006494 5511143
38006498 9723431
683972 1436722
1436729 1712196
38006503 509835
38006506 32104644
38006509 383881
28550068 3897228
28536793 7214265
38006512 3616623
28536794 5703119
28536795 12863314
38006516 26094376
28536786 2776246
849296 1306578
28538132 1415327
38006521 894926
38006526 363631
28536796 1286182
38006529 11181046
38006533 8975320
38006537 4093732
28565059 1577717
32009806 13371913
28536797 11699935
28566812 4448444
28541477 11111932
28543735 3860076
28536798 6149592
14216297 14216302
38006542 12211565
38006546 11947236
2796563 3370793
38006550 896139
38006553 4047762
15219487 15219489
1765787 1693007
38006557 3952762
28542197 6340311
38006561 9187342
28572338 11184424
28524609 26261265
38006563 3663344
28547378 12742479
38006567 4276609
38006571 8320696
38006574 5057325
28560828 7233659
38006580 11719669
2837568 3398069
33309233 10005184
38006585 4458270
38006588 988082
38006592 2331867
38006597 391873
38006601 3292318
38006605 6973526
28531612 7186686
28525956 4975296
28544724 5528124
38006608 7257524
32553509 26397021
28547749 7424420
10817362 569470
38006612 2171136
9031759 2511902
378744 983784
38006615 9132756
28534792 14681215
10791408 4443227
38006620 1771797
9622915 4795273
15220470 8231621
38006623 3506798
38006627 28749506
38006631 917607
38006636 4299244
38006640 6792231
28575449 4558007
28540815 4057053
38006644 3523531
15220591 3819302
38006648 5821269
38006652 2290877
38006655 6180804
38006660 3965572
38006664 6805471
28303616 5936061
38006668 6366124
33333809 11192821
38006672 9740020
38006676 21305487
28488034 3660142
38006680 7041125
11621587 189645
38006683 5124904
38006686 4326119
38006688 4634299
38006693 878205
1933905 654522
28421479 445651
28421510 5098404
1933906 2709351
1933907 2709355
38006697 15933296
1933908 665157
1933909 828957
3951870 2953854
38006700 831956
38006703 3571152
38006705 11197541
38006709 30845448
38006712 3085502
38006715 6676015
38006720 11198569
35537522 14491636
38006723 5414374
9279774 9279778
38006727 11343374
38006730 9588465
38006734 8867385
3886081 4109087
35537523 11202612
38006736 3862807
4013217 4190848
12120746 12120797
38006740 6892953
38006743 15936260
38006747 619127
38006751 3745368
38006754 8019914
38006757 2129223
38006760 32603605
38006761 10387099
38006763 3997450
38006766 5404748
38006770 10347502
38006773 7192782
38006775 22315158
38006779 5403323
38006782 1898257
38006783 6139099
38006786 4518654
28576651 5395451
38006789 11389329
38006793 14533956
2565573 3206192
38006798 25708446
38006802 17414151
38006804 7296094
38006807 1563998
38006809 17189822
2796564 3370797
38006812 3535386
38006814 22279428
38006818 15213371
38006820 14018493
38006823 6278455
28527457 28527462
38006825 11392914
10381473 10381481
11551735 6271469
38006830 11013586
38006834 6448323
38006838 228087
38006841 12111608
38006843 25486374
28544278 10425361
38006845 27548047
38006849 13262083
38006853 27944207
38006856 8286392
38006859 28356976
38006860 6664779
28544864 21030110
38006865 2568094
38006868 11398129
38006872 15397705
38006875 225472
30780678 3931461
28620139 28620141
38006878 34597342
38006880 23080345
38006882 402135
38006884 8835660
38006886 8839158
38006888 25497861
11864029 6807748
162762 512636
38006890 9626032
38006893 16881186
38006895 13724777
38006899 11987314
38006907 1704518
38006910 897362
38006913 3043010
14999116 14999121
38006920 7710768
38006924 20244001
2565574 3184711
38006927 41374
38006930 28846396
38006935 11635195
38006939 15217439
38006943 16179858
38006946 8259396
38006950 14671558
38006952 25992964
1397504 2271958
28306056 28306057
14919776 14919779
38006955 348004
38006957 38006958
38006960 25485230
38006963 15653243
38006965 17868288
38006968 12863829
38006971 3067944
38006973 34607590
38006977 21064704
38006982 16774339
38006986 24920149
38006990 11453208
2796565 1465211
38006992 10363194
38006994 18330235
38006996 9794774
38007000 34542444
28538221 13434194
38007005 9352483
38007008 11465459
38007012 26231381
38007015 5122256
38007019 38007020
38007022 20603897
38007025 11467325
38007029 9801718
38007031 11467377
38007034 12435542
38007036 4701247
38007038 6953815
38007042 3957076
38007044 1134492
38007047 1993159
38007050 35028720
3886082 4109090
38007053 1629070
2566958 3207282
38007056 11471235
38007060 26676727
38007064 38007065
12345331 12345336
38007069 11789947
38007073 11478676
38007076 8327692
38007080 11482798
38007082 1179391
38007084 11483189
38007087 33773283
38007089 16072487
38007092 25795941
38007095 11486840
15281054 11487616
38007099 17241290
38007102 11488302
38007106 18955804
38007111 11488680
38007113 26482835
38007117 2436343
38007122 13214655
38007124 19266671
38007127 25946235
38007131 11490577
38007134 11871551
38007138 17937408
38007140 11689029
7100357 236210
28363040 1446176
38007143 11493156
1803904 2616023
7100358 7100385
1908709 2687082
38007146 945142
38007149 3056774
38007153 2757820
38007155 1059334
38007159 1177115
38007161 1986480
38007165 2854772
38007167 2793252
38007170 2754423
38007174 4027352
38007178 1997019
38007181 611340
34084615 3344901
38007186 3559911
38007189 2206398
38007192 3763120
38007194 2850007
28570804 1221031
38007199 2101664
38007202 3113665
38007207 1270231
38007210 930167
38007211 3409474
38007214 1994156
38007218 2105698
38007222 1041990
38007225 2028817
1071274 1222278
38007228 3056762
38007230 2374092
38007235 2099947
38007238 10255771
38007244 26072084
38007249 10189803
38007253 26171754
38007255 5015224
38007257 29437597
38007261 28070230
38007265 26196271
38007268 4331685
38007270 9333613
38007273 11883023
38007277 3301295
38007281 1466704
38007284 3602854
38007286 21040907
38007287 24328662
38007290 18595111
38007292 2587777
38007296 15611231
38007299 13418441
38007303 11509919
38007306 3761485
38007309 9434488
38007313 21814960
38007317 11510985
38007321 11511092
38007324 11511320
38007329 3196488
38007331 1358568
38007333 16450913
38007335 25936495
38007337 26151632
1810331 2621824
38007340 21772319
38007343 22234164
38007347 28017448
823713 1632104
38007350 15225194
38007351 19426266
38007354 26551786
38007356 31004512
38007360 25745693
38007363 12437105
38007365 6981031
38007370 11454228
2796566 3370806
38007373 8636382
38007376 4631213
38007380 21763876
38007382 10270636
38007386 30476587
38007390 11516570
2796567 3370810
38007393 3256858
38007395 17641298
38007397 5465761
38007400 15206603
15263953 15263957
38007403 4287868
38007407 11518000
38007411 21864547
38007415 11518239
38007416 28293617
38007420 4581950
892766 814886
28522602 11519236
38007423 12306178
2796568 3370814
38007427 8290483
38007429 3178944
38007432 15219386
38007434 4420365
38007436 27955551
38007438 19815864
38007441 11522887
38007444 3453939
38007446 34617443
38007449 11523980
38007453 2291606
38007456 11524396
38007460 38007461
38007465 24988185
38007467 11525167
38007470 32096139
38007472 10200650
38007480 10202046
38007485 11528797
38007488 11528885
38007491 34617699
2796569 3370818
38007494 27558198
38007498 4256851
38007500 6644685
38007503 34559582
3220316 3672738
3220317 945363
38007506 35307591
38007510 6056498
38007513 38007514
38007518 11555422
38007522 15573801
38007526 38007527
38007531 25919113
38007535 32221187
38007538 34955382
