2738911 1609406
2738911 2738049
2738911 2737554
2738911 1099396
2738911 3330460
2738911 3330461
2738911 3330462
2738911 2737777
2738911 2738018
2738911 3330465
4390828 3044260
4390828 3613605
4390828 3613610
4390828 4019716
4390828 4142007
4390828 3125796
30788480 2736433
30788480 2737468
30788480 2738647
30788480 3330350
30788480 2736521
30788480 2740466
30788480 2740625
30788480 2737488
30788480 30788484
30788480 30788485
30788596 2738712
30788596 30788599
30788596 2737561
30788596 4195345
30788596 30788601
30788596 30788602
30788596 30788604
30788596 3613702
30788596 30788610
30788596 30788611
30788489 2737484
30788489 2740358
30788489 2740466
30788489 2736878
30788489 2736456
30788489 2740360
30788489 2740362
30788489 3749184
30788489 2737488
30788489 2740366
2740582 1099274
2740582 2736521
2740582 2737688
2740582 2737951
2740582 2737610
2740582 3332870
2740582 3332871
2740582 2738611
2740582 2738613
2740582 3332872
30788763 2736505
30788763 2737934
30788763 2737665
30788763 2738523
30788763 3747819
30788763 2737698
30788763 2738016
30788763 2738539
30788763 3332118
30788763 3747144
4193208 4017887
4193208 4019699
4193208 4311446
1968711 1099480
1968711 2737617
1968711 2737684
1968711 2736492
1968711 2738489
1968711 2738798
1968711 2738799
1968711 2738801
1968711 2737151
1968711 2738802
4699306 4661024
4699306 4702642
4699306 4702643
1968826 1609435
1968826 2738628
1968826 2738658
1968826 2737878
1968826 2737105
1968826 2738864
1968826 2737477
1968826 2738867
1968826 2738693
1968826 2738871
30788844 1099507
30788844 2738914
30788844 1099414
30788844 1099415
30788844 2738777
30788844 2738915
30788844 2738919
30788844 2738920
30788844 30788847
30788844 2738921
4194977 4019992
4194977 4193229
3749924 2739305
3749924 3613605
3749924 3332020
3749924 3745676
3749924 3749834
3749924 2459664
3749924 3613615
3749924 1968553
3749924 3749890
3749924 3749878
1968336 1609520
1968336 2737772
1968336 2737775
1968336 2737776
1968336 2737306
1968336 2737777
1968336 2737785
1968336 2737787
1968336 2737798
1968336 2737799
1968459 1099479
1968459 2738049
1968459 141533
1968459 1609465
1968459 2737913
1968459 2738157
1968459 2738158
1968459 2738024
1968459 2738162
1968459 2738163
3327504 3330860
3327504 2737912
3327504 2740462
3327504 3746101
3327504 2740220
3327504 3333126
3327504 2737952
3327504 3746103
3327504 3746105
3327504 3745621
30788872 1609421
30788872 2737164
30788872 30788874
30788872 4018532
30788872 4018792
4194293 3749794
4194293 4311518
4194293 4194291
4194293 4193259
4194293 4017892
4194293 4311359
4194293 4017900
4194293 4312233
4194293 4311520
4194293 4311521
30788612 1099394
30788612 2738744
30788612 30788630
30788612 2737161
30788612 2739687
30788612 2738491
30788612 2737012
30788612 30788631
30788612 4019595
30788612 3746124
1969439 1099480
1969439 1099385
1969439 1099443
1969439 1099394
1969439 2737629
1969439 2739815
1969439 2740639
1969439 2740245
1969439 2738543
1969439 2740643
4193191 3044260
4193191 3748867
4193191 3613610
4193191 3332020
4193191 3745676
4193191 4019740
4193191 3749852
4193191 3613615
4193191 2459767
4193191 3330101
30789000 30789006
30789000 2737270
30789000 30789008
30789151 3328937
30789151 4019549
30789151 4193306
30789151 3749564
30789151 30789158
3327796 3745569
3327796 2737046
3327796 2738523
3327796 2738993
3327796 3745589
3327796 3745590
3327796 3745577
3327796 3745592
3327796 3746423
3327796 3745610
4194338 3748868
4194338 3613610
4194338 3613614
4194338 3749895
4194338 1968567
4194338 4019699
30788597 2737735
30788597 2736976
30788597 2738087
30788597 2736877
30788597 2740460
30788597 2737738
30788597 2459705
30788597 30788613
30788597 2737919
30788597 3746559
2740444 1099482
2740444 2737556
2740444 2740447
2740444 2740448
2740444 2738087
2740444 2738595
2740444 2737730
2740444 2738799
2740444 2737171
2740444 2738190
3332717 1099482
3332717 3138306
3332717 2740447
3332717 2740448
3332717 2738087
3332717 2740674
3332717 2738595
3332717 2737730
3332717 2738692
3332717 2738190
4017230 2740971
4017230 3745570
4017230 3613639
4017230 2738488
4017230 4017232
4017230 2740175
4017230 3332363
4017230 2738866
4017230 4192765
4017230 2737382
1968189 1099384
1968189 1609419
1968189 1099485
1968189 1968955
1968189 1099504
1968189 2737142
1968189 2737008
1968189 1099411
1968189 2737149
1968189 2737151
4017538 2736432
4017538 1609458
4017538 2740172
4017538 1099400
4017538 2738993
4017538 4192921
4017538 2737151
4017538 2736459
4017538 2738964
4017538 4192923
4195011 3748870
4195011 3330093
4195011 4020016
4195011 4019721
4195011 3328775
4195011 4019868
4195011 1968443
4195011 4018888
4195011 4018890
4195011 4019975
4019980 3749847
4019980 3330093
4019980 3326958
4019980 3749938
4019980 3328775
4019980 3138518
4019980 4020018
4019980 4019929
4019980 3749844
4019980 2459667
4192920 1099383
4192920 1609437
4192920 1099503
4192920 2736424
4192920 2737629
4192920 2739650
4192920 4311194
4192920 4311195
4192920 4311197
4192920 2740467
4019693 3749794
4019693 4194291
4019693 4193259
3749359 3746308
3749359 4017231
3749359 4019379
3749359 4017785
3749359 4019381
3749359 4019382
2737157 1099394
2737157 1099406
2737157 2738091
2737157 1099411
2737157 2737145
2737157 3328028
2737157 2737322
2737157 2737166
2737157 2736882
2737157 2740338
30788846 1099507
30788846 2738914
30788846 2736517
30788846 1099414
30788846 2738777
30788846 2738915
30788846 2738919
30788846 2738920
30788846 30788847
30788846 2738921
4193140 3044261
4193140 2459660
4193140 3613614
4193140 3748871
4193140 4142007
4193140 3613616
4193140 2739313
1969346 1099482
1969346 2737556
1969346 2740447
1969346 2740448
1969346 2738087
1969346 2738595
1969346 2737730
1969346 2738799
1969346 2738692
1969346 2738190
3749848 1969438
3749848 2739305
3749848 3613605
3749848 3745832
3749848 3749851
3749848 2459664
3749848 3749855
3749848 3125796
3749848 1968444
3749848 3332535
2740311 1099387
2740311 2459757
2740311 3332542
2740311 2740800
2740311 2736879
2740311 2738693
2740311 2738694
2740311 2738608
2740311 2737150
2740311 2740386
30789445 30789448
30789445 30789449
30789445 30789454
30789445 30789456
30789445 30789457
30789445 30789459
30789445 30789461
30789445 30789484
30789445 3328335
30789445 30789487
3327702 1099384
3327702 3746308
3327702 2738488
3327702 2740175
3327702 3746311
3327702 3746312
3327702 3746315
3327702 3746317
3327702 3746318
3327702 3746333
3330439 1609406
3330439 1099481
3330439 2737118
3330439 2736473
3330439 2740458
3330439 2737237
3330439 2737010
3330439 2737148
3330439 2740462
3330439 2740472
1968190 1099406
1968190 1099411
1968190 2737145
1968190 2736880
1968190 2737166
1968190 2737168
1968190 2737014
1968190 2737171
1968190 2737149
1968190 2737173
30789446 30789492
30789446 30789448
30789446 30789449
30789740 30789741
30789740 3748315
30789740 3745608
30789740 3745610
30789740 30789604
3328613 3747061
3328613 2737774
3328613 2738225
3328613 2738227
3328613 3332197
3328613 3747064
3328613 3328062
3328613 3747068
3328613 2737787
3328613 3747071
30789442 1099387
30789442 1099396
30789442 2736426
30789442 3332542
30789442 3332558
30789442 2736879
30789442 2738693
30789442 2738694
30789442 2738608
30789442 2737150
2740746 1609441
2740746 3329361
2740746 2737667
2740746 2737047
2740746 2736521
2740746 3333110
2740746 3333111
2740746 2737015
2740746 2739780
2740746 3333112
3326993 2737554
3326993 2736505
3326993 2737104
3326993 2736445
3326993 2737046
3326993 2737322
3326993 2736456
3326993 3745564
3326993 3745565
3326993 3745566
2740263 1099479
2740263 2736439
2740263 2736866
2740263 1609465
2740263 2737913
2740263 2738122
2740263 2740250
2740263 3329619
2740263 2738178
2740263 3332476
3748413 2738533
3748413 2737707
3748413 4018821
30788598 2736962
30788598 2736964
30788598 4192921
30788598 2738581
30788598 3332517
30788598 2737561
30788598 2737970
30788598 2736459
30788598 30788622
30788598 30788624
4311192 1099381
4311192 1099383
4311192 1609437
4311192 2459701
4311192 2738658
4311192 1609520
4311192 2737629
4311192 1099507
4311192 2737009
4311192 2738071
30789443 1099387
30789443 2736469
30789443 2736426
30789443 3332542
30789443 2737859
30789443 3332558
30789443 2736879
30789443 2738693
30789443 2738694
30789443 2738608
4193166 3613610
4193166 1968567
4193166 4017891
30789885 3745570
30789885 2738523
30789885 30789887
30789885 4017169
30789885 3333110
30789885 2737952
30789885 30789889
30789885 3328228
30789885 2739824
30789885 4192774
2740345 1609419
2740345 1609432
2740345 1099503
2740345 2736441
2740345 1609519
2740345 3328467
2740345 2737127
2740345 2738490
2740345 2736459
2740345 2736977
4019038 1099480
4019038 3331341
4019038 4193860
4019038 3746571
4019038 2737007
4019038 4193861
4019038 4193862
4019038 3746556
4019038 2737679
4019038 2736894
3330345 1609423
3330345 2738628
3330345 2737118
3330345 2737220
3330345 2736508
3330345 1609472
3330345 3748065
3330345 3748067
3330345 2738916
3330345 2738690
30789578 2459751
30789578 2737489
30789578 2737393
30789578 2737481
30789578 2738994
30789578 30789333
30789578 30789581
30789578 2737490
30789578 30789591
30789578 30789593
1969410 2737556
1969410 2737976
1969410 2737861
1969410 2737688
1969410 2738629
1969410 2737690
1969410 2740587
1969410 2740591
1969410 2740592
1969410 2740593
4193167 3613610
4193167 2459763
4193167 3749834
4193167 2739313
4193167 3749836
4193167 1968567
4193167 4017888
1968599 1609406
1968599 2736940
1968599 2737049
1968599 2738487
1968599 2738489
1968599 2738490
1968599 2737754
1968599 2736881
1968599 2737429
1968599 2738268
30790922 3746571
30790922 4389868
30790922 2740175
30790922 30790929
30790922 30790946
3138437 3613700
3138437 2736964
3138437 2740511
3138437 2738548
3138437 2740218
3138437 2737915
3138437 2737917
3138437 2737307
3138437 3613701
3138437 3613702
3746303 3746044
3746303 2737041
3746303 2736447
3746303 3613639
3746303 4017231
3746303 2740175
3746303 3332363
3746303 3332365
3746303 3746448
3746303 3746317
30789223 1609417
30789223 2738885
30789223 1609439
30789223 2736469
30789223 2737959
30789223 2738230
30789223 2737382
30789223 3331243
30789223 2738233
30789223 2740366
3326984 2737936
3326984 3745543
3326984 3745544
3326984 2738608
3326984 3745545
3326984 3745546
3326984 2737434
3326984 3330369
3326984 2738700
3326984 3745552
30789001 30789005
30789001 30789007
30789001 30789020
30789001 30789008
30789001 4192861
4019020 1609406
4019020 2738049
4019020 2737554
4019020 1099396
4019020 3330460
4019020 2740470
4019020 2738022
4019020 3330462
4019020 2738018
4019020 3330465
3746444 2737665
3746444 1099411
3746444 2737698
3746444 3746548
3746444 2740176
3746444 2740177
3746444 4017436
3746444 2738528
3746444 3746550
3746444 4017442
30790971 1609405
30790971 1099386
30790971 2057967
30790971 2736437
30790971 2737268
30790971 2737775
30790971 2740674
30790971 2736521
30790971 30790973
30790971 30790974
2740191 1099383
2740191 1099311
2740191 1099389
2740191 1099394
2740191 2736866
2740191 1609458
2740191 1099400
2740191 2736963
2740191 2736446
2740191 1099414
3328497 2738650
3328497 2740801
3328497 3746925
3328497 2740452
3328497 3746926
3328497 2737584
3328497 3746927
3328497 3745548
3328497 3746934
3328497 3746939
3327961 3329361
3327961 3746571
3327961 2737237
3327961 2739763
3327961 2737667
3327961 2737393
3327961 2736452
3327961 3746060
3327961 2738964
3327961 3746572
4194340 3748868
4194340 3613610
4194340 3613614
4194340 1968567
3935852 3613639
3935852 2736874
3935852 2740794
3935852 3329359
3935852 3332365
3935852 3745590
3935852 4142146
3935852 3329346
3935852 2740751
3935852 3747195
30789571 2738384
30789571 30789579
30789571 3331094
30789571 2738994
30789571 30789572
30789571 2739755
30789571 2740749
30789571 3746556
30789571 2740751
30789571 30789583
30791056 1609410
30791056 1099385
30791056 2737023
30791056 2738628
30791056 2737896
30791056 2737220
30791056 2740864
30791056 3330348
30791056 2738693
30791056 2738920
3935772 3613610
3935772 3613614
3935772 3935797
3935772 4142007
3935772 3613615
3935772 3613616
3935772 3613617
3935772 4142053
3935772 4142054
3935772 4019962
1968115 1099380
1968115 1609404
1968115 1099389
1968115 1609428
1968115 2736938
1968115 1099412
1968115 2736878
1968115 2737011
1968115 2737012
1968115 2737015
30789444 1099383
30789444 2737859
30789444 3332558
30789444 2736879
30789444 2738694
30789444 2738608
30789444 2738018
4193250 1969447
4193250 4017888
4193250 4019762
2740171 2459702
2740171 2737913
2740171 2738523
2740171 2737700
2740171 2739817
2740171 2740220
2740171 3332340
2740171 3332346
2740171 3332351
2740171 3332355
4517327 4486463
2739064 1609445
2739064 2736427
2739064 2737685
2739064 2738797
2739064 2738975
2739064 2737754
2739064 2737688
2739064 2738231
2739064 2737510
2739064 2740611
30791091 2740673
30791091 2736874
30791091 3331094
30791091 3333109
30791091 2737167
30791091 2739755
30791091 2737395
30791091 30791092
30791091 2740751
30791091 30789585
2740445 1099482
2740445 2737769
2740445 2737556
2740445 2740448
2740445 2738087
2740445 2738595
2740445 2737730
2740445 2738799
2740445 2738692
2740445 2738190
2740299 2739970
2740299 2738628
2740299 2740308
2740299 2737976
2740299 2738157
2740299 2737477
2740299 2738022
2740299 2738919
2740299 2738694
2740299 2740313
30789964 1609423
30789964 2738628
30789964 2737118
30789964 3331286
30789964 2737220
30789964 1609472
30789964 2736517
30789964 2738916
30789964 2738690
30789964 30789972
30789962 1609423
30789962 2738628
30789962 2737118
30789962 2737220
30789962 2736508
30789962 1609472
30789962 2736517
30789962 3748065
30789962 2738916
30789962 2738690
30791058 1099385
30791058 2737023
30791058 2738628
30791058 2737220
30791058 2740864
30791058 1609480
30791058 3330348
30791058 2738693
30791058 2738920
30791058 3332995
3327950 2737041
3327950 2738384
3327950 2740458
3327950 2736874
3327950 2737354
3327950 3746060
3327950 3333111
3327950 3746462
3327950 3746559
3327950 3333112
3745528 1609406
3745528 2736437
3745528 1099503
3745528 2739694
3745528 2737105
3745528 3330460
3745528 2459704
3745528 1967741
3745528 3332520
3745528 4016837
30788850 2738914
30788850 1099414
30788850 2738777
30788850 2738915
30788850 2738919
30788850 2738920
30788850 2738018
30788850 30788847
30788850 2738921
30788850 2737785
30789969 1609423
30789969 2737118
30789969 2737220
30789969 2739769
30789969 1609472
30789969 2736517
30789969 4517060
30789969 2738690
2737557 1099481
2737557 2737554
2737557 1609522
2737557 2738341
2737557 2737145
2737557 1099415
2737557 2737563
2737557 2737566
2737557 3328758
2740502 795689
2740502 1609411
2740502 1099489
2740502 2737517
2740502 2736424
2740502 2737878
2740502 2738070
2740502 2736976
2740502 2737431
2740502 2736458
30791125 2737934
30791125 2740358
30791125 3329359
30791125 3329000
30791125 3330849
30791125 2738073
30791125 30791127
30791125 30789889
30791125 3328228
30791125 30791131
2738861 1609410
2738861 1099385
2738861 2737023
2738861 1609435
2738861 2738628
2738861 3330344
2738861 2737220
2738861 1609480
2738861 3330348
2738861 2738693
30791061 1099385
30791061 2737023
30791061 2738628
30791061 2737220
30791061 2740864
30791061 1609480
30791061 4589760
30791061 3330348
3748766 1609406
3748766 2738049
3748766 1099396
3748766 2739802
3748766 2740470
3748766 2738022
3748766 3330462
3748766 2738018
3748766 2737488
3748766 3330465
3330458 1099482
3330458 3138306
3330458 2740447
3330458 2738087
3330458 2740674
3330458 2738595
3330458 2737730
3330458 2738799
3330458 2738692
3330458 2738190
1968696 2737556
1968696 2738689
1968696 2738777
1968696 2738778
1968696 2738690
1968696 2738691
1968696 2738694
1968696 2738695
1968696 2738698
1968696 2738120
1968660 2737556
1968660 2738689
1968660 2738690
1968660 2738691
1968660 2738692
1968660 2738693
1968660 2738694
1968660 2738695
1968660 2738698
1968660 2738700
1968661 2737556
1968661 2738690
1968661 2738691
1968661 2738229
1968661 2738692
1968661 2738693
1968661 2738694
1968661 2738695
1968661 2738700
1968661 2738705
3328770 1099274
3328770 3747137
3328770 3332871
3328770 3745635
3328770 3747140
3328770 3747141
3328770 3747142
3328770 3747143
3328770 3747144
3328770 3747156
1968251 1099268
1968251 1099393
1968251 1609458
1968251 2737363
1968251 1099404
1968251 1099406
1968251 2737364
1968251 1099411
1968251 1099414
1968251 2737365
30791197 2740927
30791197 1609465
30791197 2737912
30791197 2737489
30791197 2737803
30791197 3747977
30791197 2737354
30791197 4390183
30791197 2738071
30791197 3746463
30791278 2738689
30791278 2740068
30791278 2738526
30791278 2738543
30791278 2736457
30791278 3328059
30791278 3332520
30791278 30791281
30791278 3746449
30791278 30791282
1969347 1609406
1969347 1099481
1969347 1609424
1969347 2737118
1969347 2736473
1969347 2740458
1969347 2737237
1969347 2737148
1969347 2740459
1969347 2740462
1969411 2737484
1969411 2738039
1969411 2737242
1969411 2740105
1969411 2740597
1969411 2738821
1969411 2737990
1969411 2737382
1969411 2737510
1969411 2737134
2740456 1609406
2740456 1099481
2740456 1609424
2740456 2737118
2740456 2736473
2740456 2740458
2740456 2737237
2740456 2737148
2740456 2738691
2740456 2740472
3326946 1609406
3326946 2738049
3326946 1609514
3326946 2737006
3326946 2736442
3326946 2736472
3326946 2737911
3326946 2736873
3326946 2736456
3326946 2738093
1968662 2737556
1968662 2738691
1968662 2738694
1968662 2738695
1968662 2738698
1968662 2738120
30788629 2738744
30788629 2737161
30788629 2738608
30788629 2738544
30788629 2738641
30788629 2737014
30788629 3328032
30788629 30788635
30788629 2740646
30788629 3330369
30789219 3748287
30789219 1099385
30789219 1609417
30789219 2737677
30789219 2738225
30789219 2738798
30789219 2738230
30789219 2738630
30789219 3331243
30789219 2739698
4389882 1609404
4389882 2739508
4389882 1609514
4389882 1099390
4389882 1609434
4389882 2738195
4389882 4445302
4389882 2738295
4389882 1099508
4389882 4018371
30789227 795689
30789227 1099481
30789227 2736961
30789227 2737301
30789227 2737105
30789227 3331242
30789227 2738225
30789227 2738490
30789227 2740180
30789227 30789232
30791800 3746305
30791800 2737629
30791800 1099411
30791800 2736871
30791800 2737947
30791800 2740450
30791800 30788881
30791800 4019402
30791800 30791802
30791800 2739940
3327520 2736936
3327520 2737556
3327520 2738045
3327520 2737747
3327520 2737686
3327520 2738691
3327520 2738692
3327520 2738693
3327520 2738694
3327520 2738018
1968288 2737554
1968288 1609522
1968288 2737563
1968288 2737566
30791818 3747275
30791818 2740794
30791818 2738866
30791818 3746548
30791818 2740642
30791818 2738544
30791818 3746602
30791818 2740774
30791818 3328228
30791818 30791821
30789231 1609411
30789231 2057967
30789231 2737302
30789231 1099400
30789231 3747137
30789231 2737308
30789231 2740325
30789231 4699149
30789231 2740066
30789231 2738472
3330912 2737363
3330912 1609467
3330912 2737918
1969348 1609434
1969348 1099393
1969348 2736441
1969348 2736516
1969348 2739650
1969348 2737239
1969348 2737365
1969348 2740466
1969348 2737918
1969348 2739976
4194341 3748868
4194341 3613610
4194341 3613614
4194341 3330096
4194341 3749895
4194341 3613615
4194341 1968562
4194341 1968567
4194341 4019699
4194341 3329267
1968025 1099380
1968025 2443929
1968025 1099480
1968025 2736866
1968025 2736870
1968025 2736873
1968025 2736884
1968025 2736885
1968025 2736893
1968025 2736894
3327471 3746044
3327471 2736874
3327471 3746045
3327471 3746047
3327471 3746048
3327471 3746049
3327471 3746051
3327471 3746059
3327471 3746060
3327471 3746078
1969285 2739970
1969285 2740308
1969285 2737976
1969285 2738022
1969285 2738694
1969285 2738018
1969422 2739970
1969422 2740308
1969422 2737976
1969422 2738157
1969422 2738022
1969422 2738694
1969422 2738018
1969422 2740313
1969422 2740619
3748205 2737554
3748205 2736938
3748205 1609522
3748205 2738341
3748205 2737145
3748205 1099415
3748205 2737775
3748205 2737168
3748205 2737014
3748205 3328758
3748811 2738914
3748811 3749317
3748811 2738522
3748811 2740511
3748811 2736875
3748811 2737050
3748811 3745575
3748811 2738994
3748811 4019040
3748811 4019041
3746599 1099395
3746599 2736442
3746599 1099408
3746599 2740800
3746599 2738713
3746599 2737010
3746599 2737860
3746599 2737148
3746599 2736877
3746599 2740218
2738862 3330364
2738862 2736976
2738862 2740470
2738862 1609481
2738862 3330365
2738862 2738693
2738862 2738694
2738862 2738018
2738862 2738656
2738862 2738976
30788852 2737118
30788852 1099415
30788852 4018678
30788852 2737562
30788852 2738920
30788852 30788847
30788852 2738921
30788852 2737785
1968215 1609419
1968215 2459703
1968215 2737272
1968215 2737274
1968215 2737294
1969349 2737118
1969349 2738818
1969349 2740458
1969349 2737348
1969349 2737237
1969349 2737148
1969349 2740471
1969349 2740462
1969349 2740472
1969349 2738699
1969286 2739970
1969286 2738628
1969286 2740308
1969286 2736492
1969286 2737976
1969286 2738157
1969286 2737477
1969286 2737860
1969286 2738022
1969286 2740313
4019727 3749846
4019727 3613614
4019727 1968553
4019727 1968583
4019727 3125796
4019727 4017880
4019727 3330099
4019727 4019762
4193734 3748415
4193734 3330475
4193734 4311833
2740075 1609461
2740075 2740608
2740075 2738692
2740075 2738693
2740075 3332198
2740075 2740586
2740075 3332199
2740075 3332201
2740075 2738705
2740075 3332211
30791892 3749426
30791892 2740430
30791892 4019366
30791892 3749492
30791892 2740493
30791892 2740584
30791892 3749500
30791892 4018533
30791892 4018792
30791892 30791897
30788777 2738628
30788777 2738658
30788777 2737105
30788777 2738864
30788777 2737477
30788777 3331197
30788777 2738867
30788777 2738693
30788777 2740471
30788777 2738871
2740469 2737118
2740469 2738818
2740469 2740458
2740469 2740472
2740469 3332743
30791910 2795429
30791910 4311882
30791910 2740175
4018817 1099415
4018817 2740614
4018817 1968234
2737158 2737046
2737158 3328055
2737158 3328056
2737158 2737425
2737158 2738024
2737158 2738492
2737158 3328059
2737158 2737369
2737158 2737383
2737158 3328067
1968830 1099507
1968830 2738914
1968830 1099414
1968830 1099415
1968830 2738777
1968830 2738915
1968830 2738919
1968830 2738920
1968830 2738921
1968830 2737785
30788778 3750276
30788778 2738628
30788778 2738658
30788778 1099414
30788778 2738864
30788778 2737477
30788778 3331197
30788778 2738867
30788778 2738693
30788778 2738871
2739328 1609446
2739328 3330364
2739328 1609474
2739328 2736976
2739328 2740470
2739328 1609481
2739328 3330365
2739328 2738693
2739328 2738656
2739328 2738976
3327791 2737041
3327791 3746049
3327791 3746407
1968216 1099485
1968216 1609424
1968216 1609514
1968216 1968955
1968216 1609428
1968216 2737301
1968216 2737303
1968216 2737307
1968216 2737308
1968216 2737311
3328026 2736942
3328026 1099406
3328026 1099408
3328026 2737638
3328026 1099412
3328026 2736453
3328026 2737738
3328026 2736456
3328026 2459705
3328026 3746559
1968410 1099443
1968410 2736440
1968410 2736876
1968410 2738024
1968410 2738026
3747707 3331052
3747707 2737635
3747707 2738195
3747707 2740639
3747707 3329272
3747707 2738007
3747707 2738178
3747707 2738202
3747707 3332991
3747707 3332996
30791911 1609476
30791911 30791924
30791911 30791932
3330693 2738339
3330693 3748414
3330693 1099507
3330693 3125745
3330693 2740608
3330693 2738975
3330693 3748415
3330693 3748136
3330693 3330070
3330693 3748419
2739329 3330929
2739329 2740447
2739329 3330364
2739329 1609474
2739329 1609481
2739329 2740674
2739329 3331197
2739329 2738693
2739329 2738695
2739329 2738656
4193195 4194379
4193195 4019893
4193195 4017880
30788779 2738658
30788779 2738341
30788779 2736517
30788779 2737477
30788779 3331197
30788779 2738867
30788779 4446112
4019983 3749846
4019983 3613614
4019983 1968553
4019983 1968583
4019983 3125796
4019983 3330099
4019983 4019762
3331196 3748765
3331196 1609474
3331196 1609481
3331196 3331197
3331196 2738693
3331196 2738656
1968878 1099387
1968878 2738943
1968878 2737928
1968878 1099505
1968878 2736444
1968878 1099509
1968878 2736952
1968878 2738439
1968878 2736453
1968878 2738228
4017406 3746044
4017406 3328320
4017406 2739763
4017406 4017403
4017406 4017231
4017406 2737697
4017406 4192860
4017406 3746057
4017406 4192864
4017406 4192867
4702641 4705559
4702641 4705560
4702641 4695398
4019815 2739305
4019815 3748868
4019815 3613605
4019815 3613610
4019815 2459763
4019815 3613614
4019815 3935797
4019815 2459664
4019815 3613615
4019815 3330098
4019773 3748867
4019773 3749846
4019773 3613614
4019773 1968553
4019773 1968583
4019773 3328776
4019773 3125796
4019773 4019972
4019773 4017880
4019773 3330099
3749929 2739305
3749929 3748868
3749929 3613610
3749929 3749834
3749929 3613614
3749929 4019793
3749929 2459664
3749929 3613615
3749929 4019868
3749929 1968564
4142206 3749427
4142206 2737984
4142206 4279702
4142206 4192746
4142206 4279704
4142206 3746286
30791912 3746045
30791912 2737697
30791912 4389866
1969289 1099485
1969289 1968955
1969289 1099394
1969289 2737744
1969289 1099506
1969289 2736473
1969289 2736909
1969289 1099509
1969289 2737364
1969289 2737241
2737235 2740474
2737235 2737947
2737235 2740673
2737235 2737147
2737235 2736881
2737235 2737950
2737235 3328228
2737235 2739824
2737235 2737944
2737235 3328233
30792670 2738712
30792670 2740794
30792670 2738487
30792670 3330737
30792670 2738915
30792670 3749593
30792670 3330640
30792670 30789336
30792670 3746284
30792670 30792674
3138368 3613604
3138368 3613605
3138368 2459668
30791279 3935969
30791279 3330849
30791279 2738526
30791279 2737917
30791279 2737779
3331024 2738049
3331024 1099396
3331024 2739802
3331024 2738752
3331024 2740470
3331024 2738022
3331024 3330462
3331024 2738018
3331024 3748767
3331024 2737488
1969291 2736876
1969291 2740333
1969291 2737151
1968252 1099382
1968252 1099393
1968252 1609452
1968252 1609456
1968252 1609458
1968252 2736441
1968252 2736963
1968252 2737380
1968252 2737351
1968252 2737382
1968531 2443929
1968531 1609417
1968531 2738173
1968531 2737878
1968531 2737007
1968531 2737422
1968531 1099408
1968531 2737678
1968531 2738071
1968531 2738348
3746647 3328055
3746647 3746283
3746647 3328059
3746647 2737383
3746647 4017617
1968118 1099400
1968118 2736942
1968118 1099406
1968118 1968123
1968118 2737042
1968118 2737044
1968118 1099411
1968118 2737047
1968118 2737049
1968118 2737052
2739242 2739802
2739242 2738752
2739242 2740470
2739242 2738022
2739242 3330462
2739242 2738018
2739242 2737488
2739242 2740591
1968949 2737023
1968949 1099487
1968949 1099396
1968949 2736433
1968949 2737220
1968949 2737684
1968949 1099402
1968949 2738045
1968949 2737392
1968949 2738548
1968429 1099443
1968429 2737006
1968429 1099402
1968429 2737105
1968429 2738092
1968429 2736456
1968429 2738093
1968429 2737382
1968429 2737822
1968429 2736885
1968476 1099391
1968476 2737877
1968476 1099407
1968476 2738226
1968476 2738227
1968476 2738228
1968476 2737425
1968476 2738230
1968476 2738232
1968476 2738233
2739552 2737039
2739552 1099503
2739552 2736909
2739552 2737969
2739552 2740673
2739552 2738797
2739552 2737678
2739552 3331543
2739552 3331544
2739552 2736893
4194393 3330096
4194393 3749823
4194393 4019972
4194393 3749890
4194393 3330098
4194393 4142123
4194393 4017888
4194393 4194611
4194393 4312486
3328789 1609461
3328789 3330460
3328789 3332558
3328789 3747137
3328789 3747191
3328789 3332467
3328789 3747192
3328789 3747194
3328789 3332521
3328789 3747195
1968663 1099384
1968663 1099489
1968663 1099393
1968663 2737735
1968663 2738713
1968663 2738491
1968663 2737983
1968663 2736457
1968663 2737172
1968663 2738550
30791922 2795429
30791922 1099268
30791922 30791945
2738806 2740661
2738806 2737467
2738806 2740060
2738806 2738022
2738806 2738692
3746416 3746044
3746416 2737697
3746416 3746407
3746416 3746559
3746416 3332586
446418 1099383
446418 1099384
446418 1099385
446418 1099386
446418 1099311
446418 1099389
446418 1099390
446418 1099393
446418 1099400
446418 1099401
2738475 1099383
2738475 1099384
2738475 1099385
2738475 1099386
2738475 1099311
2738475 1099389
2738475 1099390
2738475 1099393
2738475 1099400
2738475 1099401
2738476 1099383
2738476 1099384
2738476 1099385
2738476 1099386
2738476 1099311
2738476 1099389
2738476 1099390
2738476 1099393
2738476 1099400
2738476 1099401
3329226 1099383
3329226 1099384
3329226 1099483
3329226 1099385
3329226 1099386
3329226 1099311
3329226 1099389
3329226 1099390
3329226 1099393
3329226 1099400
3329930 1099383
3329930 1099384
3329930 1099483
3329930 1099385
3329930 1099386
3329930 1099311
3329930 1099389
3329930 1099390
3329930 1099393
3329930 1099400
1968253 1099482
1968253 1099483
1968253 1099311
1968253 1609432
1968253 2737389
1968253 1099410
1968253 2736427
1968253 2737392
1968253 2737393
1968253 2737399
2737870 1099383
2737870 1099483
2737870 1099385
2737870 1099386
2737870 1099311
2737870 1099312
2737870 1099393
2737870 1099394
2737870 2459701
2737870 1099400
1967697 1099263
1967697 1099386
1967697 1099504
1967697 1609520
1967697 1099402
1967697 2736444
1967697 2736447
1967697 1099509
1967697 2736452
1967697 2736456
1968495 1099263
1968495 1099386
1968495 1099504
1968495 1609520
1968495 1099402
1968495 2736444
1968495 2736447
1968495 1099509
1968495 2736452
1968495 2736456
1968362 1099383
1968362 1099482
1968362 1099385
1968362 1099386
1968362 1099311
1968362 1099312
1968362 1099393
1968362 1099394
1968362 2459701
1968362 1099400
1968363 1099383
1968363 1099482
1968363 1099385
1968363 1099386
1968363 1099311
1968363 1099312
1968363 1099394
1968363 2459701
1968363 1099504
1968363 1099400
1968254 1099263
1968254 1099386
1968254 1099443
1968254 2736442
1968254 1609520
1968254 1099402
1968254 2736444
1968254 1099509
1968254 2736452
1968254 2736456
2737416 1099263
2737416 1099386
2737416 1099443
2737416 1099504
2737416 1609520
2737416 1099402
2737416 2736447
2737416 1099509
2737416 2736452
2737416 2736456
2737263 2737262
2737263 2738645
2737263 2459703
2737263 3328320
2737263 2737666
2737263 3328321
2737263 2737716
2737263 2738368
2737263 2738369
2737263 2740367
1968497 1099383
1968497 1099482
1968497 1099385
1968497 1099386
1968497 1099311
1968497 1099312
1968497 1099394
1968497 2459701
1968497 1099504
1968497 1099400
4193858 2738049
4193858 2736441
4193858 2737912
4193858 2740396
4193858 2459757
4193858 4311932
4193858 2738367
4193858 3746045
4193858 3329889
4193858 4311137
2738280 1099383
2738280 1099482
2738280 1099385
2738280 1099386
2738280 1099311
2738280 1099312
2738280 1099394
2738280 2459701
2738280 1099504
2738280 1099400
1968664 1099382
1968664 1099384
1968664 1099485
1968664 1099491
1968664 2736936
1968664 1609522
1968664 2737638
1968664 2737730
1968664 2737012
1968664 2737919
1968550 1099485
1968550 1099488
1968550 2738401
1968550 2737026
1968550 1099400
1968550 2443940
1968550 1099509
1968550 1099412
1968550 2736952
1968550 2737107
1968120 1099311
1968120 1099269
1968120 1099390
1968120 1609432
1968120 1099489
1968120 2737083
1968120 2736939
1968120 2737085
1968120 2737086
1968120 2736455
1968255 1099480
1968255 2737420
1968255 1609518
1968255 1099404
1968255 2737422
1968255 2736455
1968255 2736456
1968255 2737427
1968255 2737429
1968255 2737431
1967698 1099263
1967698 1099381
1967698 2736468
1967698 1099485
1967698 1099393
1967698 1099495
1967698 2736442
1967698 2736472
1967698 2459702
1967698 2736475
1968295 1099263
1968295 1099443
1968295 1609520
1968295 1099402
1968295 2736444
1968295 2736447
1968295 1099509
1968295 2736452
1968295 2736456
1968295 2736457
1968296 1099263
1968296 1099443
1968296 1609520
1968296 1099402
1968296 2736444
1968296 2736447
1968296 1099509
1968296 2736450
1968296 2736456
1968296 2736457
1968338 1099483
1968338 1099485
1968338 1099312
1968338 1609432
1968338 1099443
1968338 2736433
1968338 2737809
1968338 2736442
1968338 1099509
1968338 2737392
4193387 1099483
4193387 1099485
4193387 1099312
4193387 1609432
4193387 1099443
4193387 2736433
4193387 2737809
4193387 2736442
4193387 1099509
4193387 2737392
4311652 1099483
4311652 1099485
4311652 1099312
4311652 1609432
4311652 1099443
4311652 2736433
4311652 2737809
4311652 2736442
4311652 1099509
4311652 2737392
1968551 1099380
1968551 2443929
1968551 1099387
1968551 2737118
1968551 1609458
1968551 1609471
1968551 2738407
1968551 2738245
1968551 2738071
1968551 2736895
4018276 1099483
4018276 1099485
4018276 1099312
4018276 1609432
4018276 1099443
4018276 2736433
4018276 2737809
4018276 2736442
4018276 1099509
4018276 2737392
1968078 1099382
1968078 2443929
1968078 1099312
1968078 1099390
1968078 2736952
2737443 1099263
2737443 1099443
2737443 1609520
2737443 1099402
2737443 2736444
2737443 2736447
2737443 1099509
2737443 2736452
2737443 2736456
2737443 2736457
2737624 1099263
2737624 1099443
2737624 1609520
2737624 1099402
2737624 2736444
2737624 2736447
2737624 1099509
2737624 2736452
2737624 2736456
2737624 2736457
3329764 1099383
3329764 1099482
3329764 1099485
3329764 1609421
3329764 1099391
3329764 1099394
3329764 2459701
3329764 1099400
3329764 1099508
3329764 2737637
3747430 1099483
3747430 1099485
3747430 1099312
3747430 1609432
3747430 1099443
3747430 2736433
3747430 2737809
3747430 2736442
3747430 1099509
3747430 2737392
2738601 1099570
2738601 1099479
2738601 1099482
2738601 1609421
2738601 1099391
2738601 1099394
2738601 2459701
2738601 2737026
2738601 1099400
2738601 2737363
3329176 1099380
3329176 1099483
3329176 1099485
3329176 1099312
3329176 1609432
3329176 1099443
3329176 2737809
3329176 2736442
3329176 1099509
3329176 2737392
1968256 1099263
1968256 1099443
1968256 1609520
1968256 1099402
1968256 2736444
1968256 2736447
1968256 1099509
1968256 2736452
1968256 2736456
1968256 2736457
2737818 1099380
2737818 1099483
2737818 1099485
2737818 1099312
2737818 1609432
2737818 1099443
2737818 2737809
2737818 2736442
2737818 1099509
2737818 2737392
446420 1099263
446420 1099381
446420 1099382
446420 1099383
446420 1099384
446420 1099482
446420 1099483
446420 1099485
446420 1099495
446420 1099508
1968636 1099479
1968636 1099389
1968636 141533
1968636 2737363
1968636 2737422
1968636 2737468
1968636 2737659
1968636 2736872
1968636 2737976
1968636 2736873
1968339 1099380
1968339 1099483
1968339 1099485
1968339 1099312
1968339 1609432
1968339 2737809
1968339 2736442
1968339 1099509
1968339 2737392
1968339 2737822
1968297 1099443
1968297 2736432
1968297 2736511
1968297 1609520
1968297 1099402
1968297 1099509
1968297 2737364
1968297 2736452
1968297 2736456
1968297 2736457
1968602 1099443
1968602 2736432
1968602 2736511
1968602 1609520
1968602 1099402
1968602 1099509
1968602 2737364
1968602 2736452
1968602 2736456
1968602 2736457
2738282 1099443
2738282 2736432
2738282 2736511
2738282 1609520
2738282 1099402
2738282 1099509
2738282 2737364
2738282 2736452
2738282 2736456
2738282 2736457
1968498 1099443
1968498 2736432
1968498 2736511
1968498 1609520
1968498 1099402
1968498 1099509
1968498 2737364
1968498 2736452
1968498 2736456
1968498 2736457
2737819 1099380
2737819 1099483
2737819 1099485
2737819 1099312
2737819 1099393
2737819 2737809
2737819 1609478
2737819 2737392
2737819 2737477
2737819 2737822
1968499 1099479
1968499 141533
1968499 2737363
1968499 2737468
1968499 2736872
1968499 2736873
1968389 1099479
1968389 1099389
1968389 1609436
1968389 141533
1968389 1099395
1968389 2737363
1968389 2737468
1968389 2736872
1968389 2737976
1968389 2736873
2738602 1099479
2738602 1099389
2738602 141533
2738602 2737363
2738602 2737422
2738602 2737468
2738602 2737659
2738602 2736872
2738602 2737976
2738602 2736873
2738509 1099443
2738509 2736432
2738509 2736511
2738509 1609520
2738509 2737642
2738509 1099402
2738509 1099509
2738509 2737364
2738509 2736452
2738509 2736457
3747432 1099380
3747432 1099483
3747432 1099485
3747432 1099312
3747432 2737809
3747432 1099454
3747432 1609478
3747432 2737392
3747432 2737477
3747432 3330771
3329180 1099380
3329180 1099483
3329180 1099485
3329180 1099312
3329180 2737809
3329180 1099454
3329180 1609478
3329180 2737392
3329180 2737477
3329180 3330771
1968500 1099443
1968500 2736441
1968500 1609520
1968500 2737642
1968500 1099402
1968500 2736445
1968500 1099509
1968500 2736449
1968500 2737648
1968500 2737627
2738284 1099443
2738284 2736432
2738284 2736441
2738284 1609520
2738284 2737642
2738284 1099402
2738284 2736445
2738284 1099509
2738284 2736452
2738284 2737648
2738285 1099443
2738285 2736441
2738285 1609520
2738285 2737642
2738285 1099402
2738285 2736445
2738285 1099509
2738285 2736449
2738285 2737648
2738285 2737627
1968298 2737468
1968298 2736872
1968298 2736873
1968665 1609447
1968665 2737639
1968665 2737642
1968665 2736445
1968665 2736449
1968665 2737648
1968665 2736455
1968665 2737627
1968665 2737382
4018278 1099380
4018278 1099483
4018278 1099485
4018278 1099312
4018278 2737809
4018278 1609478
4018278 2737392
4018278 2737477
4018278 2738799
4018278 3330771
1099499 1099485
1099499 1099393
1968501 2737468
1968501 2736872
2737646 2737639
2737646 2737642
2737646 2736445
2737646 2736455
2737646 2737382
1968299 2737639
1968299 2737642
1968299 2736455
1968300 2737639
1968300 2737642
1968300 2736445
1968300 2736455
4311654 1099483
4311654 1099485
4311654 1099312
4311654 2737809
4311654 2737744
4311654 1609478
4311654 2737392
4311654 2740683
4311654 2738799
4311654 3330771
4193391 1099483
4193391 1099485
4193391 1099312
4193391 2737809
4193391 2736442
4193391 1609478
4193391 2737392
4193391 2737477
4193391 2738799
4193391 3330771
1968302 2736872
4560600 1099380
4560600 1099485
4560600 1099312
4560600 1609432
4560600 2736961
4560600 2737809
4560600 2737151
4541784 1099380
4541784 1099485
4541784 1099312
4541784 1609432
4541784 2736961
4541784 2737809
4541784 2740683
4541784 2738799
4541784 2737151
4541784 2737015
4517173 1099380
4517173 1099485
4517173 1099312
4517173 1609432
4517173 2737809
4517173 1609478
4517173 2737392
4517173 2740683
4517173 2737015
4517173 3330771
4485977 1099380
4485977 1099483
4485977 1099485
4485977 1099312
4485977 2737809
4485977 1609478
4485977 2737392
4485977 2738228
4485977 2740683
4485977 3330771
4445450 1099380
4445450 1099483
4445450 1099485
4445450 1099312
4445450 1968955
4445450 2737809
4445450 1609478
4445450 2737392
4445450 2740683
4445450 3330771
4390182 1099483
4390182 1099485
4390182 1099312
4390182 1968955
4390182 2737809
4390182 2737744
4390182 1609478
4390182 2737392
4390182 2740683
4390182 3330771
30789152 3328937
30789152 4019549
30789152 3749564
30798093 3333123
30798093 2740773
30798093 3333128
30798093 30798095
30798093 30798096
30798093 30798098
30798093 30798101
30798093 4019527
30788662 4017233
30788662 3749428
30788662 3331975
30788662 30788665
30788662 30788666
30788662 30788667
30788662 3747625
30788662 30788671
30788662 30788674
30788662 30788678
3749553 3330860
3749553 3747219
3749553 4019525
3749553 3746101
3749553 3745624
3749553 3332992
3749553 3747230
3749553 4019527
3749553 4019528
3749553 4019529
30788915 4735219
30788915 4721183
30788915 4725903
30798408 3746308
30798408 4017231
30798408 30798410
30798408 2737950
30798408 4017782
30798408 4017764
30798408 2740441
30798408 3746687
30798408 30798412
30798408 30798414
2740760 2459751
2740760 2736870
2740760 2740764
2740760 2740770
2740760 2739777
2740760 3333123
2740760 3330882
2740760 3333124
2740760 3333128
2740760 3333129
3332015 3749846
3332015 2739305
3332015 3748868
3332015 3613605
3332015 3613610
3332015 3330094
3332015 3749852
3332015 2459768
3332015 3749858
3332015 3330099
1969474 2740763
1969474 2740773
1969474 2740774
30788533 2738522
30788533 2738523
30788533 30788536
30788533 2738526
30788533 2738734
30788533 2737244
30788533 2737920
30788533 4019201
30788533 3746687
30788533 30788541
2740357 2737363
2740357 1099406
2740357 2737008
2740357 2737773
2740357 3329000
2740357 2737431
2740357 3332585
2740357 2740625
2740357 2740363
2740357 3332586
4194586 3332665
4194586 3749834
4194586 2459664
4194586 3613615
4194586 1968553
4194586 4019918
4194586 4017886
4194586 4018888
4194586 3330099
4194586 3330101
4019776 3748867
4019776 3748868
4019776 3613610
4019776 1968432
4019776 3749834
4019776 3749870
4019776 3749852
4019776 3613615
4019776 1968553
4019776 3749836
4194569 3749846
4194569 3748868
4194569 4019971
4194569 4279541
4194569 3125796
4194569 4194829
4194569 4019943
4194569 3749836
4194569 4194980
4194569 4194287
4312046 2740361
4312046 2740362
4312046 4390509
3746807 4017779
3746807 4017781
3746807 3613664
3746807 3333110
3746807 4017782
3746807 4017763
3746807 4017764
3746807 4017784
3746807 4017785
3746807 4017795
3746879 3613610
3746879 4017885
3746879 3138524
3746879 2459767
3746879 2739313
3746879 4017886
3746879 4017887
3746879 3749288
3746879 4017889
3746879 4017891
30798366 30798374
30798366 3745587
30798366 30798368
30798366 3746424
30798366 3745599
30798815 4017403
30798815 30789045
30798815 4193306
4312639 3749846
4312639 2459660
4312639 3613610
4312639 3613614
4312639 4142007
4312639 2459664
4312639 1968553
4312639 4019942
4312639 4019719
4312639 2459668
4311330 3749280
4311330 3749281
4311330 4019740
4311330 1968553
4311330 4389966
4311330 4019880
4311330 4389967
4311330 4017886
4311330 4389968
4311330 4017880
4017883 3613605
4017883 3613614
4017883 2459766
4017883 3749823
4017883 3749895
4017883 1968583
4017883 2739313
4017883 4017886
4017883 2459770
4017883 4019871
30799128 2739305
30799128 2459662
30799128 4017887
30799128 3330098
30799128 4017899
1969296 2740358
1969296 2737353
1969296 2737737
1969296 2737698
1969296 2737051
1969296 2738092
1969296 2736878
1969296 2740365
1969296 2740367
1969296 2740374
2740294 7791
2740294 2459755
2740294 2737914
2740294 2738122
2740294 3332517
2740294 3332520
2740294 2737490
2740294 2736977
2740294 2739825
2740294 3332521
30798845 3749846
30798845 3613610
30798845 3613614
30798845 4142007
30798845 2459664
30798845 4019719
30798845 2459668
30798800 3749846
30798800 3748868
30798800 4019971
30798800 4019719
30798800 3125796
30798800 4019943
30798800 3749836
30798800 4019951
30798800 4194980
30798800 4194287
30788761 3613605
30788761 3613610
30788761 4142007
30788761 3125796
2740637 1609421
2740637 1609438
2740637 1099394
2740637 2738043
2740637 2738173
2740637 2738636
2740637 2443940
2740637 2740683
2740637 3332937
2740637 2736892
30798801 3749846
30798801 4019971
30798801 3125796
30798801 4019868
30798801 3749836
30798801 4194980
30798801 4194651
4193972 2737737
4193972 2740431
4193972 4312047
3327797 2737046
3327797 2740218
3327797 2740756
3327797 2740176
3327797 3746447
3327797 3746448
3327797 2737383
3327797 2737490
3327797 3745565
3327797 3746453
3327799 2737928
3327799 2736442
3327799 2737143
3327799 2737007
3327799 2736474
3327799 2737046
3327799 2737107
3327799 2737366
3327799 2736879
3327799 2740506
4445640 2738021
4486111 3326998
4311933 1099483
4311933 1099390
4311933 2737928
4311933 1099402
4311933 1099508
4311933 4017409
4311933 2738994
4311933 4311137
4311933 4390412
4311933 4390413
30789590 3331094
30789590 2737481
30789590 2739731
30789590 2738994
30789590 30789572
30789590 2739817
30789590 2737395
30789590 2739779
30789590 2740750
30789590 2738999
33531212 2740458
33531212 4193490
33531212 33531214
33531213 30789004
33531213 33330762
33531213 30798817
33531213 30798400
33531213 4193306
4194329 3613614
4194329 3613615
4194329 4312343
2737977 1099479
2737977 1099389
2737977 1609436
2737977 141533
2737977 1099395
2737977 2737363
2737977 2737468
2737977 2737659
2737977 2736872
2737977 2736873
33537069 4142145
33537069 3331542
33537069 4019379
33537069 4017781
33537069 3746548
33537069 4019402
33537069 3746103
33537069 4018506
33537069 30788636
33537069 33537071
1968464 1099479
1968464 2738049
1968464 2737896
1968464 2737901
1968464 2738122
1968464 2738117
1968464 2738189
1968464 2738007
1968464 2738118
1968464 2738119
4192764 4311131
4192764 2738689
4192764 2740448
4192764 2739763
4192764 2740673
4192764 2739578
4192764 2738866
4192764 4192765
4192764 2740769
4192764 3746448
30788494 2737105
30788494 2737008
30788494 2737239
30788494 2737365
30788494 2736453
30788494 2740362
30788494 3750208
30788494 2740625
30788494 2740467
30788494 30788503
30791801 2443921
30791801 3749426
30791801 1609461
30791801 2737105
30791801 3935969
30791801 3749427
30791801 2736456
30791801 2737383
30791801 30791811
30791801 30791812
30791944 2737484
30791944 1609439
30791944 3746872
2740641 1099480
2740641 2738049
2740641 1099394
2740641 1099395
2740641 1099453
2740641 2739905
2740641 1609465
2740641 2737010
2740641 2738122
2740641 2738228
30788481 1609434
30788481 1099508
30788481 2737239
30788481 3329000
30788481 3328028
30788481 2740466
30788481 2737918
30788481 2737488
30788481 2740367
30788481 3332586
1968586 1099383
1968586 1099384
1968586 1099385
1968586 1099386
1968586 1099311
1968586 1099389
1968586 1099390
1968586 1099393
1968586 1099400
1968586 1099401
3749915 1969438
3749915 2739305
3749915 2459662
3749915 4020161
3749915 2459664
3749915 3749798
3749915 3749899
3749915 4020171
3749915 4020202
1969114 1099408
1969114 2739815
1969114 2737046
1969114 2739817
1969114 2737014
1969114 2736457
1969114 2739820
1969114 2739821
1969114 2739824
1969114 2739841
2740598 1099401
2740598 2459755
2740598 2737871
2740598 2740244
2740598 2738092
2740598 3332899
2740598 2738747
2740598 2736885
2740598 2738803
2740598 2739940
1968481 2737468
1968481 2736872
1969480 2737118
1969480 2736440
1969480 2737595
3746837 3332517
3746837 2737917
3746837 3749428
3746837 4017805
3746837 3330034
3746837 3745565
3746837 4017806
3746837 4017807
3746837 4017809
3746837 3747187
33532001 2740474
33532001 2736874
33532001 4017750
33532001 2737382
33532001 33532002
33532001 33532003
33532001 33532004
33532001 4142152
33540853 1099274
33540853 1968340
33540853 4560661
30789328 3747275
30789328 2737911
30789328 2737087
30789328 3746602
30789328 2740461
30789328 30789333
30789328 30789334
30789328 30789335
30789328 30789336
30789328 3330369
4390179 1099483
4390179 1099485
4390179 1099312
4390179 1609432
4390179 1099443
4390179 2736433
4390179 2737809
4390179 2736442
4390179 1099509
4390179 2737392
2739020 1609421
2739020 1099390
2739020 2738173
2739020 2736938
2739020 2737894
2739020 1609463
2739020 1609467
2739020 2738045
2739020 2740683
2739020 3330634
2740334 3332556
2740334 1609437
2740334 2738242
2740334 2737013
2740334 3332559
2740334 3332560
2740334 2737168
2740334 2740451
2740334 2737596
2740334 2737785
