4976222 4976229
4976222 4976230
4976222 4976231
4976222 4976232
4976222 4976233
4976222 4976234
4976222 4976235
4976222 4976236
4975425 4975426
4975425 4975451
4975425 4975452
4975437 4975414
4975437 4975445
4975437 4975446
4975426 4975425
4975426 4975451
4975426 4975452
4975414 4975437
4975414 4975445
4975414 4975446
48131417 48131419
48131419 48131417
48131443 48131445
48131443 48131446
48131443 48131447
48131445 48131443
48131445 48131446
48131445 48131447
48131446 48131443
48131446 48131445
48131446 48131447
48131447 48131443
48131447 48131445
48131447 48131446
48131449 48131451
48131449 48131452
48131451 48131449
48131451 48131452
48131452 48131449
48131452 48131451
48131458 48131459
48131458 48131460
48131458 48131461
48131458 48131462
48131459 48131458
48131459 48131460
48131459 48131461
48131459 48131462
48131460 48131458
48131460 48131459
48131460 48131461
48131460 48131462
48131461 48131458
48131461 48131459
48131461 48131460
48131461 48131462
48131462 48131458
48131462 48131459
48131462 48131460
48131462 48131461
48131464 48131466
48131464 48131467
48131464 48131468
48131466 48131464
48131466 48131467
48131466 48131468
48131467 48131464
48131467 48131466
48131467 48131468
48131468 48131464
48131468 48131466
48131468 48131467
48131471 48131473
48131471 48131474
48131473 48131471
48131473 48131474
48131474 48131471
48131474 48131473
48131486 48131488
48131488 48131486
48131496 48131498
48131496 48131499
48131496 48131500
48131498 48131496
48131498 48131499
48131498 48131500
48131499 48131496
48131499 48131498
48131499 48131500
48131500 48131496
48131500 48131498
48131500 48131499
48131505 48131507
48131505 48131508
48131505 48131509
48131507 48131505
48131507 48131508
48131507 48131509
48131508 48131505
48131508 48131507
48131508 48131509
48131509 48131505
48131509 48131507
48131509 48131508
48131532 48131533
48131532 48131534
48131533 48131532
48131533 48131534
48131534 48131532
48131534 48131533
48131535 48131537
48131535 48131538
48131537 48131535
48131537 48131538
48131538 48131535
48131538 48131537
48131544 48131546
48131544 48131547
48131546 48131544
48131546 48131547
48131547 48131544
48131547 48131546
48131560 48131561
48131560 48131562
48131561 48131560
48131561 48131562
48131562 48131560
48131562 48131561
48131567 48131568
48131568 48131567
48131572 48131573
48131572 48131574
48131572 48131575
48131573 48131572
48131573 48131574
48131573 48131575
48131574 48131572
48131574 48131573
48131574 48131575
48131575 48131572
48131575 48131573
48131575 48131574
48131593 48131594
48131593 48131595
48131594 48131593
48131594 48131595
48131595 48131593
48131595 48131594
48131609 48131610
48131609 48131611
48131609 48131612
48131609 48131613
48131609 48131614
48131609 48131615
48131610 48131609
48131610 48131611
48131610 48131612
48131610 48131613
48131610 48131614
48131610 48131615
48131611 48131609
48131611 48131610
48131611 48131612
48131611 48131613
48131611 48131614
48131611 48131615
48131612 48131609
48131612 48131610
48131612 48131611
48131612 48131613
48131612 48131614
48131612 48131615
48131613 48131609
48131613 48131610
48131613 48131611
48131613 48131612
48131613 48131614
48131613 48131615
48131614 48131609
48131614 48131610
48131614 48131611
48131614 48131612
48131614 48131613
48131614 48131615
48131615 48131609
48131615 48131610
48131615 48131611
48131615 48131612
48131615 48131613
48131615 48131614
48131638 48131639
48131638 48131640
48131638 48131641
48131638 48131642
48131639 48131638
48131639 48131640
48131639 48131641
48131639 48131642
48131640 48131638
48131640 48131639
48131640 48131641
48131640 48131642
48131641 48131638
48131641 48131639
48131641 48131640
48131641 48131642
48131642 48131638
48131642 48131639
48131642 48131640
48131642 48131641
48131653 48131654
48131653 48131655
48131654 48131653
48131654 48131655
48131655 48131653
48131655 48131654
48131663 48131664
48131664 48131663
48131673 48131675
48131675 48131673
48131681 48131683
48131681 48131684
48131681 48131685
48131683 48131681
48131683 48131684
48131683 48131685
48131684 48131681
48131684 48131683
48131684 48131685
48131685 48131681
48131685 48131683
48131685 48131684
48131690 48131692
48131690 48131693
48131692 48131690
48131692 48131693
48131693 48131690
48131693 48131692
48131696 48131698
48131696 48131699
48131696 48131700
48131696 48131701
48131696 48131702
48131698 48131696
48131698 48131699
48131698 48131700
48131698 48131701
48131698 48131702
48131699 48131696
48131699 48131698
48131699 48131700
48131699 48131701
48131699 48131702
48131700 48131696
48131700 48131698
48131700 48131699
48131700 48131701
48131700 48131702
48131701 48131696
48131701 48131698
48131701 48131699
48131701 48131700
48131701 48131702
48131702 48131696
48131702 48131698
48131702 48131699
48131702 48131700
48131702 48131701
48131705 48131707
48131707 48131705
48131711 48131713
48131713 48131711
48131750 48131752
48131750 48131753
48131752 48131750
48131752 48131753
48131753 48131750
48131753 48131752
48131756 48131758
48131758 48131756
48131764 48131766
48131766 48131764
48131769 48131771
48131769 48131772
48131769 48131773
48131771 48131769
48131771 48131772
48131771 48131773
48131772 48131769
48131772 48131771
48131772 48131773
48131773 48131769
48131773 48131771
48131773 48131772
48131788 48131790
48131788 48131791
48131788 48131792
48131788 48131793
48131788 48131794
48131790 48131788
48131790 48131791
48131790 48131792
48131790 48131793
48131790 48131794
48131791 48131788
48131791 48131790
48131791 48131792
48131791 48131793
48131791 48131794
48131792 48131788
48131792 48131790
48131792 48131791
48131792 48131793
48131792 48131794
48131793 48131788
48131793 48131790
48131793 48131791
48131793 48131792
48131793 48131794
48131794 48131788
48131794 48131790
48131794 48131791
48131794 48131792
48131794 48131793
48131799 48131801
48131799 48131802
48131801 48131799
48131801 48131802
48131802 48131799
48131802 48131801
48131805 48131807
48131805 48131808
48131807 48131805
48131807 48131808
48131808 48131805
48131808 48131807
48131835 48131836
48131835 48131837
48131836 48131835
48131836 48131837
48131837 48131835
48131837 48131836
48131843 48131845
48131845 48131843
48131851 48131853
48131851 48131854
48131853 48131851
48131853 48131854
48131854 48131851
48131854 48131853
4975445 4975437
4975445 4975414
4975445 4975446
4975446 4975437
4975446 4975414
4975446 4975445
48131891 48131893
48131891 48131894
48131893 48131891
48131893 48131894
48131894 48131891
48131894 48131893
48131897 48131899
48131897 48131900
48131897 48131901
48131897 48131902
48131899 48131897
48131899 48131900
48131899 48131901
48131899 48131902
48131900 48131897
48131900 48131899
48131900 48131901
48131900 48131902
48131901 48131897
48131901 48131899
48131901 48131900
48131901 48131902
48131902 48131897
48131902 48131899
48131902 48131900
48131902 48131901
48131924 48131926
48131924 48131927
48131926 48131924
48131926 48131927
48131927 48131924
48131927 48131926
4975451 4975425
4975451 4975426
4975451 4975452
4975452 4975425
4975452 4975426
4975452 4975451
48131940 48131942
48131940 48131943
48131940 48131944
48131940 48131945
48131940 48131946
48131942 48131940
48131942 48131943
48131942 48131944
48131942 48131945
48131942 48131946
48131943 48131940
48131943 48131942
48131943 48131944
48131943 48131945
48131943 48131946
48131944 48131940
48131944 48131942
48131944 48131943
48131944 48131945
48131944 48131946
48131945 48131940
48131945 48131942
48131945 48131943
48131945 48131944
48131945 48131946
48131946 48131940
48131946 48131942
48131946 48131943
48131946 48131944
48131946 48131945
48131960 48131962
48131960 48131963
48131960 48131964
48131962 48131960
48131962 48131963
48131962 48131964
48131963 48131960
48131963 48131962
48131963 48131964
48131964 48131960
48131964 48131962
48131964 48131963
48131970 48131971
48131970 48131972
48131970 48131973
48131970 48131974
48131971 48131970
48131971 48131972
48131971 48131973
48131971 48131974
48131972 48131970
48131972 48131971
48131972 48131973
48131972 48131974
48131973 48131970
48131973 48131971
48131973 48131972
48131973 48131974
48131974 48131970
48131974 48131971
48131974 48131972
48131974 48131973
48131976 48131978
48131976 48131979
48131978 48131976
48131978 48131979
48131979 48131976
48131979 48131978
48131986 48131987
48131986 48131988
48131986 48131989
48131986 48131990
48131987 48131986
48131987 48131988
48131987 48131989
48131987 48131990
48131988 48131986
48131988 48131987
48131988 48131989
48131988 48131990
48131989 48131986
48131989 48131987
48131989 48131988
48131989 48131990
48131990 48131986
48131990 48131987
48131990 48131988
48131990 48131989
48131998 48132000
48131998 48132001
48131998 48132002
48132000 48131998
48132000 48132001
48132000 48132002
48132001 48131998
48132001 48132000
48132001 48132002
48132002 48131998
48132002 48132000
48132002 48132001
48132017 48132019
48132017 48132020
48132019 48132017
48132019 48132020
48132020 48132017
48132020 48132019
48132032 48132033
48132032 48132034
48132032 48132035
48132032 48132036
48132033 48132032
48132033 48132034
48132033 48132035
48132033 48132036
48132034 48132032
48132034 48132033
48132034 48132035
48132034 48132036
48132035 48132032
48132035 48132033
48132035 48132034
48132035 48132036
48132036 48132032
48132036 48132033
48132036 48132034
48132036 48132035
48132043 48132045
48132043 48132046
48132045 48132043
48132045 48132046
48132046 48132043
48132046 48132045
48132048 48132050
48132050 48132048
48132053 48132055
48132053 48132056
48132053 48132057
48132053 48132058
48132053 48132059
48132053 48132060
48132053 48132061
48132053 48132062
48132055 48132053
48132055 48132056
48132055 48132057
48132055 48132058
48132055 48132059
48132055 48132060
48132055 48132061
48132055 48132062
48132056 48132053
48132056 48132055
48132056 48132057
48132056 48132058
48132056 48132059
48132056 48132060
48132056 48132061
48132056 48132062
48132057 48132053
48132057 48132055
48132057 48132056
48132057 48132058
48132057 48132059
48132057 48132060
48132057 48132061
48132057 48132062
48132058 48132053
48132058 48132055
48132058 48132056
48132058 48132057
48132058 48132059
48132058 48132060
48132058 48132061
48132058 48132062
48132059 48132053
48132059 48132055
48132059 48132056
48132059 48132057
48132059 48132058
48132059 48132060
48132059 48132061
48132059 48132062
48132060 48132053
48132060 48132055
48132060 48132056
48132060 48132057
48132060 48132058
48132060 48132059
48132060 48132061
48132060 48132062
48132061 48132053
48132061 48132055
48132061 48132056
48132061 48132057
48132061 48132058
48132061 48132059
48132061 48132060
48132061 48132062
48132062 48132053
48132062 48132055
48132062 48132056
48132062 48132057
48132062 48132058
48132062 48132059
48132062 48132060
48132062 48132061
48132100 48132101
48132100 48132102
48132100 48132103
48132100 48132104
48132101 48132100
48132101 48132102
48132101 48132103
48132101 48132104
48132102 48132100
48132102 48132101
48132102 48132103
48132102 48132104
48132103 48132100
48132103 48132101
48132103 48132102
48132103 48132104
48132104 48132100
48132104 48132101
48132104 48132102
48132104 48132103
48132111 48132113
48132113 48132111
48132133 48132134
48132133 48132135
48132133 48132136
48132133 48132137
48132133 48132138
48132133 48132139
48132134 48132133
48132134 48132135
48132134 48132136
48132134 48132137
48132134 48132138
48132134 48132139
48132135 48132133
48132135 48132134
48132135 48132136
48132135 48132137
48132135 48132138
48132135 48132139
48132136 48132133
48132136 48132134
48132136 48132135
48132136 48132137
48132136 48132138
48132136 48132139
48132137 48132133
48132137 48132134
48132137 48132135
48132137 48132136
48132137 48132138
48132137 48132139
48132138 48132133
48132138 48132134
48132138 48132135
48132138 48132136
48132138 48132137
48132138 48132139
48132139 48132133
48132139 48132134
48132139 48132135
48132139 48132136
48132139 48132137
48132139 48132138
48132154 48132155
48132154 48132156
48132154 48132157
48132154 48132158
48132154 48132159
48132155 48132154
48132155 48132156
48132155 48132157
48132155 48132158
48132155 48132159
48132156 48132154
48132156 48132155
48132156 48132157
48132156 48132158
48132156 48132159
48132157 48132154
48132157 48132155
48132157 48132156
48132157 48132158
48132157 48132159
48132158 48132154
48132158 48132155
48132158 48132156
48132158 48132157
48132158 48132159
48132159 48132154
48132159 48132155
48132159 48132156
48132159 48132157
48132159 48132158
48132165 48132167
48132165 48132168
48132165 48132169
48132167 48132165
48132167 48132168
48132167 48132169
48132168 48132165
48132168 48132167
48132168 48132169
48132169 48132165
48132169 48132167
48132169 48132168
48132175 48132176
48132175 48132177
48132175 48132178
48132176 48132175
48132176 48132177
48132176 48132178
48132177 48132175
48132177 48132176
48132177 48132178
48132178 48132175
48132178 48132176
48132178 48132177
48132183 48132184
48132183 48132185
48132183 48132186
48132184 48132183
48132184 48132185
48132184 48132186
48132185 48132183
48132185 48132184
48132185 48132186
48132186 48132183
48132186 48132184
48132186 48132185
48132191 48132193
48132193 48132191
48132200 48132202
48132202 48132200
48132214 48132215
48132214 48132216
48132214 48132217
48132214 48132218
48132215 48132214
48132215 48132216
48132215 48132217
48132215 48132218
48132216 48132214
48132216 48132215
48132216 48132217
48132216 48132218
48132217 48132214
48132217 48132215
48132217 48132216
48132217 48132218
48132218 48132214
48132218 48132215
48132218 48132216
48132218 48132217
48132221 48132223
48132223 48132221
48132226 48132228
48132228 48132226
48132232 48132234
48132234 48132232
48132253 48132254
48132253 48132255
48132253 48132256
48132254 48132253
48132254 48132255
48132254 48132256
48132255 48132253
48132255 48132254
48132255 48132256
48132256 48132253
48132256 48132254
48132256 48132255
48132278 48132279
48132278 48132280
48132278 48132281
48132279 48132278
48132279 48132280
48132279 48132281
48132280 48132278
48132280 48132279
48132280 48132281
48132281 48132278
48132281 48132279
48132281 48132280
48132283 48132285
48132285 48132283
48132302 48132303
48132303 48132302
48132325 48132327
48132325 48132328
48132327 48132325
48132327 48132328
48132328 48132325
48132328 48132327
48132335 48132336
48132335 48132337
48132335 48132338
48132336 48132335
48132336 48132337
48132336 48132338
48132337 48132335
48132337 48132336
48132337 48132338
48132338 48132335
48132338 48132336
48132338 48132337
48132342 48132344
48132342 48132345
48132342 48132346
48132342 48132347
48132342 48132348
48132344 48132342
48132344 48132345
48132344 48132346
48132344 48132347
48132344 48132348
48132345 48132342
48132345 48132344
48132345 48132346
48132345 48132347
48132345 48132348
48132346 48132342
48132346 48132344
48132346 48132345
48132346 48132347
48132346 48132348
48132347 48132342
48132347 48132344
48132347 48132345
48132347 48132346
48132347 48132348
48132348 48132342
48132348 48132344
48132348 48132345
48132348 48132346
48132348 48132347
48132354 48132356
48132356 48132354
48132359 48132361
48132359 48132362
48132359 48132363
48132359 48132364
48132359 48132365
48132361 48132359
48132361 48132362
48132361 48132363
48132361 48132364
48132361 48132365
48132362 48132359
48132362 48132361
48132362 48132363
48132362 48132364
48132362 48132365
48132363 48132359
48132363 48132361
48132363 48132362
48132363 48132364
48132363 48132365
48132364 48132359
48132364 48132361
48132364 48132362
48132364 48132363
48132364 48132365
48132365 48132359
48132365 48132361
48132365 48132362
48132365 48132363
48132365 48132364
48132405 48132406
48132405 48132407
48132405 48132408
48132406 48132405
48132406 48132407
48132406 48132408
48132407 48132405
48132407 48132406
48132407 48132408
48132408 48132405
48132408 48132406
48132408 48132407
48132416 48132418
48132416 48132419
48132416 48132421
48132418 48132416
48132418 48132419
48132418 48132421
48132419 48132416
48132419 48132418
48132419 48132421
48132427 48132428
48132427 48132429
48132427 48132430
48132428 48132427
48132428 48132429
48132428 48132430
48132429 48132427
48132429 48132428
48132429 48132430
48132430 48132427
48132430 48132428
48132430 48132429
48132442 48132443
48132442 48132444
48132443 48132442
48132443 48132444
48132444 48132442
48132444 48132443
48132468 48132470
48132470 48132468
48132476 48132477
48132477 48132476
48132482 48132483
48132482 48132484
48132483 48132482
48132483 48132484
48132484 48132482
48132484 48132483
48132487 48132489
48132487 48132490
48132489 48132487
48132489 48132490
48132490 48132487
48132490 48132489
48132495 48132496
48132495 48132497
48132495 48132498
48132496 48132495
48132496 48132497
48132496 48132498
48132497 48132495
48132497 48132496
48132497 48132498
48132498 48132495
48132498 48132496
48132498 48132497
48132502 48132504
48132502 48132505
48132504 48132502
48132504 48132505
48132505 48132502
48132505 48132504
48132508 48132510
48132508 48132511
48132508 48132512
48132510 48132508
48132510 48132511
48132510 48132512
48132511 48132508
48132511 48132510
48132511 48132512
48132512 48132508
48132512 48132510
48132512 48132511
48132518 48132520
48132518 48132521
48132518 48132522
48132520 48132518
48132520 48132521
48132520 48132522
48132521 48132518
48132521 48132520
48132521 48132522
48132522 48132518
48132522 48132520
48132522 48132521
48132530 48132531
48132530 48132532
48132530 48132533
48132531 48132530
48132531 48132532
48132531 48132533
48132532 48132530
48132532 48132531
48132532 48132533
48132533 48132530
48132533 48132531
48132533 48132532
48132536 48132538
48132536 48132539
48132536 48132540
48132536 48132541
48132536 48132542
48132538 48132536
48132538 48132539
48132538 48132540
48132538 48132541
48132538 48132542
48132539 48132536
48132539 48132538
48132539 48132540
48132539 48132541
48132539 48132542
48132540 48132536
48132540 48132538
48132540 48132539
48132540 48132541
48132540 48132542
48132541 48132536
48132541 48132538
48132541 48132539
48132541 48132540
48132541 48132542
48132542 48132536
48132542 48132538
48132542 48132539
48132542 48132540
48132542 48132541
48132562 48132563
48132563 48132562
4976229 4976222
4976229 4976230
4976229 4976231
4976229 4976232
4976229 4976233
4976229 4976234
4976229 4976235
4976229 4976236
4976230 4976222
4976230 4976229
4976230 4976231
4976230 4976232
4976230 4976233
4976230 4976234
4976230 4976235
4976230 4976236
4976231 4976222
4976231 4976229
4976231 4976230
4976231 4976232
4976231 4976233
4976231 4976234
4976231 4976235
4976231 4976236
4976232 4976222
4976232 4976229
4976232 4976230
4976232 4976231
4976232 4976233
4976232 4976234
4976232 4976235
4976232 4976236
48132590 48132591
4976233 4976222
4976233 4976229
4976233 4976230
4976233 4976231
4976233 4976232
4976233 4976234
4976233 4976235
4976233 4976236
4976234 4976222
4976234 4976229
4976234 4976230
4976234 4976231
4976234 4976232
4976234 4976233
4976234 4976235
4976234 4976236
4976235 4976222
4976235 4976229
4976235 4976230
4976235 4976231
4976235 4976232
4976235 4976233
4976235 4976234
4976235 4976236
4976236 4976222
4976236 4976229
4976236 4976230
4976236 4976231
4976236 4976232
4976236 4976233
4976236 4976234
4976236 4976235
48132591 48132590
48132606 48132608
48132606 48132609
48132606 48132610
48132608 48132606
48132608 48132609
48132608 48132610
48132609 48132606
48132609 48132608
48132609 48132610
48132610 48132606
48132610 48132608
48132610 48132609
48132623 48132624
48132623 48132625
48132624 48132623
48132624 48132625
48132625 48132623
48132625 48132624
48132627 48132629
48132627 48132630
48132629 48132627
48132629 48132630
48132630 48132627
48132630 48132629
48132636 48132637
48132637 48132636
48132648 48132649
48132648 48132650
48132648 48132651
48132649 48132648
48132649 48132650
48132649 48132651
48132650 48132648
48132650 48132649
48132650 48132651
48132651 48132648
48132651 48132649
48132651 48132650
48132658 48132660
48132660 48132658
48132664 48132666
48132666 48132664
48132680 48132681
48132680 48132682
48132680 48132683
48132681 48132680
48132681 48132682
48132681 48132683
48132682 48132680
48132682 48132681
48132682 48132683
48132683 48132680
48132683 48132681
48132683 48132682
48132698 48132700
48132698 48132701
48132698 48132702
48132700 48132698
48132700 48132701
48132700 48132702
48132701 48132698
48132701 48132700
48132701 48132702
48132702 48132698
48132702 48132700
48132702 48132701
48132704 48132706
48132704 48132707
48132704 48132708
48132704 48132709
48132704 48132710
48132704 48132711
48132706 48132704
48132706 48132707
48132706 48132708
48132706 48132709
48132706 48132710
48132706 48132711
48132707 48132704
48132707 48132706
48132707 48132708
48132707 48132709
48132707 48132710
48132707 48132711
48132708 48132704
48132708 48132706
48132708 48132707
48132708 48132709
48132708 48132710
48132708 48132711
48132709 48132704
48132709 48132706
48132709 48132707
48132709 48132708
48132709 48132710
48132709 48132711
48132710 48132704
48132710 48132706
48132710 48132707
48132710 48132708
48132710 48132709
48132710 48132711
48132711 48132704
48132711 48132706
48132711 48132707
48132711 48132708
48132711 48132709
48132711 48132710
48132719 48132721
48132719 48132722
48132719 48132723
48132721 48132719
48132721 48132722
48132721 48132723
48132722 48132719
48132722 48132721
48132722 48132723
48132723 48132719
48132723 48132721
48132723 48132722
48132726 48132728
48132728 48132726
48132741 48132742
48132741 48132743
48132742 48132741
48132742 48132743
48132743 48132741
48132743 48132742
48132746 48132748
48132748 48132746
48132755 48132756
48132755 48132757
48132756 48132755
48132756 48132757
48132757 48132755
48132757 48132756
48132766 48132767
48132766 48132768
48132766 48132769
48132767 48132766
48132767 48132768
48132767 48132769
48132768 48132766
48132768 48132767
48132768 48132769
48132769 48132766
48132769 48132767
48132769 48132768
48132421 48132416
48132421 48132418
48132421 48132419
48132773 48132775
48132773 48132776
48132773 48132777
48132775 48132773
48132775 48132776
48132775 48132777
48132776 48132773
48132776 48132775
48132776 48132777
48132777 48132773
48132777 48132775
48132777 48132776
48132785 48132786
48132786 48132785
48132792 48132793
48132792 48132794
48132793 48132792
48132793 48132794
48132794 48132792
48132794 48132793
48132798 48132800
48132798 48132801
48132800 48132798
48132800 48132801
48132801 48132798
48132801 48132800
48132834 48132835
48132834 48132836
48132834 48132837
48132834 48132838
48132835 48132834
48132835 48132836
48132835 48132837
48132835 48132838
48132836 48132834
48132836 48132835
48132836 48132837
48132836 48132838
48132837 48132834
48132837 48132835
48132837 48132836
48132837 48132838
48132838 48132834
48132838 48132835
48132838 48132836
48132838 48132837
48132859 48132861
48132861 48132859
48132871 48132872
48132871 48132873
48132871 48132874
48132871 48132875
48132871 48132876
48132871 48132877
48132871 48132878
48132871 48132879
48132872 48132871
48132872 48132873
48132872 48132874
48132872 48132875
48132872 48132876
48132872 48132877
48132872 48132878
48132872 48132879
48132873 48132871
48132873 48132872
48132873 48132874
48132873 48132875
48132873 48132876
48132873 48132877
48132873 48132878
48132873 48132879
48132874 48132871
48132874 48132872
48132874 48132873
48132874 48132875
48132874 48132876
48132874 48132877
48132874 48132878
48132874 48132879
48132875 48132871
48132875 48132872
48132875 48132873
48132875 48132874
48132875 48132876
48132875 48132877
48132875 48132878
48132875 48132879
48132876 48132871
48132876 48132872
48132876 48132873
48132876 48132874
48132876 48132875
48132876 48132877
48132876 48132878
48132876 48132879
48132877 48132871
48132877 48132872
48132877 48132873
48132877 48132874
48132877 48132875
48132877 48132876
48132877 48132878
48132877 48132879
48132878 48132871
48132878 48132872
48132878 48132873
48132878 48132874
48132878 48132875
48132878 48132876
48132878 48132877
48132878 48132879
48132879 48132871
48132879 48132872
48132879 48132873
48132879 48132874
48132879 48132875
48132879 48132876
48132879 48132877
48132879 48132878
48132890 48132892
48132890 48132893
48132892 48132890
48132892 48132893
48132893 48132890
48132893 48132892
48132903 48132904
48132903 48132905
48132903 48132906
48132904 48132903
48132904 48132905
48132904 48132906
48132905 48132903
48132905 48132904
48132905 48132906
48132906 48132903
48132906 48132904
48132906 48132905
48132909 48132911
48132909 48132912
48132911 48132909
48132911 48132912
48132912 48132909
48132912 48132911
48132921 48132923
48132921 48132924
48132921 48132925
48132921 48132926
48132921 48132927
48132923 48132921
48132923 48132924
48132923 48132925
48132923 48132926
48132923 48132927
48132924 48132921
48132924 48132923
48132924 48132925
48132924 48132926
48132924 48132927
48132925 48132921
48132925 48132923
48132925 48132924
48132925 48132926
48132925 48132927
48132926 48132921
48132926 48132923
48132926 48132924
48132926 48132925
48132926 48132927
48132927 48132921
48132927 48132923
48132927 48132924
48132927 48132925
48132927 48132926
48132956 48132957
48132956 48132958
48132956 48132959
48132957 48132956
48132957 48132958
48132957 48132959
48132958 48132956
48132958 48132957
48132958 48132959
48132959 48132956
48132959 48132957
48132959 48132958
48132964 48132965
48132964 48132966
48132965 48132964
48132965 48132966
48132966 48132964
48132966 48132965
48132969 48132971
48132971 48132969
48132984 48132985
48132984 48132986
48132984 48132987
48132984 48132988
48132985 48132984
48132985 48132986
48132985 48132987
48132985 48132988
48132986 48132984
48132986 48132985
48132986 48132987
48132986 48132988
48132987 48132984
48132987 48132985
48132987 48132986
48132987 48132988
48132988 48132984
48132988 48132985
48132988 48132986
48132988 48132987
48133001 48133002
48133001 48133003
48133001 48133004
48133001 48133005
48133002 48133001
48133002 48133003
48133002 48133004
48133002 48133005
48133003 48133001
48133003 48133002
48133003 48133004
48133003 48133005
48133004 48133001
48133004 48133002
48133004 48133003
48133004 48133005
48133005 48133001
48133005 48133002
48133005 48133003
48133005 48133004
48133030 48133032
48133030 48133033
48133030 48133034
48133030 48133035
48133032 48133030
48133032 48133033
48133032 48133034
48133032 48133035
48133033 48133030
48133033 48133032
48133033 48133034
48133033 48133035
48133034 48133030
48133034 48133032
48133034 48133033
48133034 48133035
48133035 48133030
48133035 48133032
48133035 48133033
48133035 48133034
48133047 48133048
48133047 48133049
48133048 48133047
48133048 48133049
48133049 48133047
48133049 48133048
48133057 48133058
48133057 48133059
48133057 48133060
48133057 48133061
48133057 48133062
48133058 48133057
48133058 48133059
48133058 48133060
48133058 48133061
48133058 48133062
48133059 48133057
48133059 48133058
48133059 48133060
48133059 48133061
48133059 48133062
48133060 48133057
48133060 48133058
48133060 48133059
48133060 48133061
48133060 48133062
48133061 48133057
48133061 48133058
48133061 48133059
48133061 48133060
48133061 48133062
48133062 48133057
48133062 48133058
48133062 48133059
48133062 48133060
48133062 48133061
48133076 48133077
48133076 48133078
48133076 48133079
48133076 48133080
48133077 48133076
48133077 48133078
48133077 48133079
48133077 48133080
48133078 48133076
48133078 48133077
48133078 48133079
48133078 48133080
48133079 48133076
48133079 48133077
48133079 48133078
48133079 48133080
48133080 48133076
48133080 48133077
48133080 48133078
48133080 48133079
48133085 48133087
48133085 48133088
48133085 48133089
48133085 48133090
48133087 48133085
48133087 48133088
48133087 48133089
48133087 48133090
48133088 48133085
48133088 48133087
48133088 48133089
48133088 48133090
48133089 48133085
48133089 48133087
48133089 48133088
48133089 48133090
48133090 48133085
48133090 48133087
48133090 48133088
48133090 48133089
48133102 48133103
48133102 48133104
48133102 48133105
48133103 48133102
48133103 48133104
48133103 48133105
48133104 48133102
48133104 48133103
48133104 48133105
48133105 48133102
48133105 48133103
48133105 48133104
48133119 48133121
48133119 48133122
48133121 48133119
48133121 48133122
48133122 48133119
48133122 48133121
48133125 48133127
48133125 48133128
48133127 48133125
48133127 48133128
48133128 48133125
48133128 48133127
48133133 48133135
48133133 48133136
48133135 48133133
48133135 48133136
48133136 48133133
48133136 48133135
48133142 48133143
48133142 48133144
48133143 48133142
48133143 48133144
48133144 48133142
48133144 48133143
48133149 48133150
48133150 48133149
48133152 48133154
48133154 48133152
48133163 48133164
48133164 48133163
48133165 48133167
48133165 48133168
48133165 48133169
48133167 48133165
48133167 48133168
48133167 48133169
48133168 48133165
48133168 48133167
48133168 48133169
48133169 48133165
48133169 48133167
48133169 48133168
48133178 48133179
48133178 48133180
48133179 48133178
48133179 48133180
48133180 48133178
48133180 48133179
48133181 48133183
48133181 48133184
48133183 48133181
48133183 48133184
48133184 48133181
48133184 48133183
48133193 48133194
48133193 48133195
48133193 48133196
48133194 48133193
48133194 48133195
48133194 48133196
48133195 48133193
48133195 48133194
48133195 48133196
48133196 48133193
48133196 48133194
48133196 48133195
48133201 48133202
48133201 48133203
48133201 48133204
48133201 48133205
48133202 48133201
48133202 48133203
48133202 48133204
48133202 48133205
48133203 48133201
48133203 48133202
48133203 48133204
48133203 48133205
48133204 48133201
48133204 48133202
48133204 48133203
48133204 48133205
48133205 48133201
48133205 48133202
48133205 48133203
48133205 48133204
48133214 48133215
48133214 48133216
48133215 48133214
48133215 48133216
48133216 48133214
48133216 48133215
48133218 48133220
48133220 48133218
48133223 48133225
48133225 48133223
48133233 48133234
48133233 48133235
48133234 48133233
48133234 48133235
48133235 48133233
48133235 48133234
48133240 48133242
48133240 48133243
48133242 48133240
48133242 48133243
48133243 48133240
48133243 48133242
48133245 48133247
48133245 48133248
48133247 48133245
48133247 48133248
48133248 48133245
48133248 48133247
48133257 48133258
48133257 48133259
48133257 48133260
48133257 48133261
48133257 48133262
48133257 48133263
48133257 48133264
48133258 48133257
48133258 48133259
48133258 48133260
48133258 48133261
48133258 48133262
48133258 48133263
48133258 48133264
48133259 48133257
48133259 48133258
48133259 48133260
48133259 48133261
48133259 48133262
48133259 48133263
48133259 48133264
48133260 48133257
48133260 48133258
48133260 48133259
48133260 48133261
48133260 48133262
48133260 48133263
48133260 48133264
48133261 48133257
48133261 48133258
48133261 48133259
48133261 48133260
48133261 48133262
48133261 48133263
48133261 48133264
48133262 48133257
48133262 48133258
48133262 48133259
48133262 48133260
48133262 48133261
48133262 48133263
48133262 48133264
48133263 48133257
48133263 48133258
48133263 48133259
48133263 48133260
48133263 48133261
48133263 48133262
48133263 48133264
48133264 48133257
48133264 48133258
48133264 48133259
48133264 48133260
48133264 48133261
48133264 48133262
48133264 48133263
48133281 48133283
48133281 48133284
48133281 48133285
48133283 48133281
48133283 48133284
48133283 48133285
48133284 48133281
48133284 48133283
48133284 48133285
48133285 48133281
48133285 48133283
48133285 48133284
48133293 48133295
48133295 48133293
48133308 48133309
48133308 48133310
48133309 48133308
48133309 48133310
48133310 48133308
48133310 48133309
48133311 48133313
48133313 48133311
48133316 48133318
48133316 48133319
48133316 48133320
48133318 48133316
48133318 48133319
48133318 48133320
48133319 48133316
48133319 48133318
48133319 48133320
48133320 48133316
48133320 48133318
48133320 48133319
48133327 48133329
48133327 48133330
48133327 48133331
48133327 48133332
48133327 48133333
48133329 48133327
48133329 48133330
48133329 48133331
48133329 48133332
48133329 48133333
48133330 48133327
48133330 48133329
48133330 48133331
48133330 48133332
48133330 48133333
48133331 48133327
48133331 48133329
48133331 48133330
48133331 48133332
48133331 48133333
48133332 48133327
48133332 48133329
48133332 48133330
48133332 48133331
48133332 48133333
48133333 48133327
48133333 48133329
48133333 48133330
48133333 48133331
48133333 48133332
48133339 48133340
48133339 48133341
48133340 48133339
48133340 48133341
48133341 48133339
48133341 48133340
48133344 48133346
48133344 48133347
48133344 48133348
48133346 48133344
48133346 48133347
48133346 48133348
48133347 48133344
48133347 48133346
48133347 48133348
48133348 48133344
48133348 48133346
48133348 48133347
48133353 48133355
48133355 48133353
48133363 48133364
48133363 48133365
48133363 48133366
48133363 48133367
48133363 48133368
48133363 48133369
48133364 48133363
48133364 48133365
48133364 48133366
48133364 48133367
48133364 48133368
48133364 48133369
48133365 48133363
48133365 48133364
48133365 48133366
48133365 48133367
48133365 48133368
48133365 48133369
48133366 48133363
48133366 48133364
48133366 48133365
48133366 48133367
48133366 48133368
48133366 48133369
48133367 48133363
48133367 48133364
48133367 48133365
48133367 48133366
48133367 48133368
48133367 48133369
48133368 48133363
48133368 48133364
48133368 48133365
48133368 48133366
48133368 48133367
48133368 48133369
48133369 48133363
48133369 48133364
48133369 48133365
48133369 48133366
48133369 48133367
48133369 48133368
48133383 48133385
48133385 48133383
48133395 48133396
48133396 48133395
48133403 48133405
48133403 48133406
48133405 48133403
48133405 48133406
48133406 48133403
48133406 48133405
48133413 48133414
48133413 48133415
48133414 48133413
48133414 48133415
48133415 48133413
48133415 48133414
