7849944 444760
9066464 1901298
9403369 922797
9429661 829495
9439212 865424
9849728 4866773
10659845 381184
10859628 697409
10889214 2770868
3575355 537646
10965588 2869682
10995788 255760
11020793 173059
11142360 318539
11155445 1659547
11175913 664439
9403117 1501590
11342155 493698
11408280 169480
11420057 986897
11436484 2693836
5011105 1670594
11443155 342669
11475006 486481
3548918 220614
11483415 300538
11488404 344034
11508770 1930722
11510795 772308
11514582 722283
11531086 289056
11612931 1213802
11632815 28384
11732402 395087
11773260 318470
11786874 1087048
11934777 1114068
12020147 354945
12345338 147632
12345343 218188
12345375 72434
12345385 854407
12353964 181643
12374353 883297
12385360 358361
12507029 48859
12507035 147685
12740834 1126146
13079414 1126337
13109633 95591
14218827 339519
14266408 836147
14276887 673151
14280420 2135573
14383063 109024
14450404 418567
14546748 95892
14573773 216324
14594445 539513
14594459 346764
14595838 316925
14601876 349599
14612970 598108
14613822 1438763
14652917 14652923
14661040 385923
14666753 716401
14716748 688071
15153549 165537
15375964 669293
15445051 113126
15448626 838121
15457085 1605477
15481028 696664
15510662 659931
15514316 1801427
15555192 316390
15621985 364886
2934002 682761
23745787 412500
23748265 1344462
23761141 50792
23764847 961899
25441918 333655
28307896 1813120
28461343 395766
28551475 738472
28732316 211296
28734155 325720
9285034 3005365
28737637 1743112
28738249 1025191
28776101 1083424
28776174 109830
28897966 757885
28982407 1203637
29026620 212342
29027552 424447
30377953 395120
30483180 1357519
30483375 2657841
30484051 176700
30486448 121808
30487280 1482073
30488373 97570
30488570 1309248
31071547 1563209
31072688 332710
31072737 338642
31074027 2177627
31074374 142625
31080460 962379
31081111 394803
31081349 990195
31081362 443464
31081585 1042107
31081831 51774
31081866 12036
31081878 1190139
31081924 352239
31083186 246203
31084163 695535
31084280 1490412
31084317 907117
31086343 1694619
31087507 124653
31087510 38613
31087648 236378
31088039 1522968
31088196 428796
31088474 333041
31089290 858923
31090032 98226
31090406 669373
31090687 893058
31090690 344363
31090716 892092
31090788 219107
31091022 191142
31091056 73059
31091071 338795
31091285 328163
31091416 604481
31091482 441876
31091486 612317
31091661 1042429
31091667 412241
31091725 2001241
31091949 524843
31092091 288308
31092331 630368
31092855 92827
31093429 60919
31093520 828046
31094170 999289
31094812 374123
31094820 83125
31095177 2206601
31096039 715397
31096947 1094408
31098927 960382
31100669 2459542
31100905 1507910
31101237 604099
31101252 642322
31101259 1054830
31101954 358363
31103188 53109
31103392 308523
31103496 1717241
31125755 353621
31146293 329030
31157131 923863
31161800 363942
32551560 32551562
2033545 41756
32554492 961495
1496517 909131
32556612 261897
32556627 361514
32556638 922297
32556802 111051
32556824 390995
32556873 670160
32557887 294886
32557931 22825
32559314 690504
33004843 676440
33137055 343944
33265617 856946
33379477 18886
33379550 605308
33382432 901168
33391202 931895
33503042 1681887
33503187 341907
33503404 1634555
33503890 327109
33504756 391908
33506049 432971
33506793 738384
33507495 221397
33507558 1006492
33507669 380588
33508024 291962
33508213 48505
33508304 386806
33508346 934012
33508349 1582566
33508455 105525
33508546 859917
33508819 16162
33508935 342317
33508945 120831
33508956 1232390
33508984 264760
33509027 1975881
33509072 288533
33509172 404561
33509273 2868638
33509274 1004910
33509691 286734
33509712 617657
33509718 892314
33509817 362465
33509823 953611
33509943 406785
33509946 649948
32056670 78773
33510150 969875
33510188 53310
28439940 320857
33510641 106977
33510659 2875910
33510716 15681
33510799 1655357
33511062 395954
33511177 238234
33511200 635308
33511246 1616187
33511257 1313669
33511328 1042262
33511417 1986816
33511429 324744
33511436 109195
33511447 1439914
33511492 400110
33511535 157976
33511569 927793
33511670 331579
33511680 1419055
33511697 158138
33511759 353312
33511764 137392
33511783 2161084
33511813 484566
33511909 1000383
33511988 171523
33511991 1070618
33512018 1591712
33512120 394767
33512272 614315
33512294 924175
33512296 263194
33512379 376224
33512493 874001
28852647 1165171
33512520 80806
33512522 19968
33512524 409041
33512528 496211
33506769 829334
33512641 251025
33512642 130242
33512645 1025492
33512651 388848
33512686 77153
33512696 860291
33512722 715380
33512737 202836
33512739 141925
33512750 362321
33512801 770258
33512874 1705213
33512879 1006576
33512938 870374
33512997 919385
33513053 434171
33513087 1759759
33513114 354659
33513139 332090
33513144 909047
7738807 53306
33513257 1703990
33513396 759013
33513400 19305
33513501 539195
33513514 510187
33513536 369871
33513676 789732
33513693 635789
33513757 994975
4400483 300301
33513929 685833
33513937 321765
33513953 923721
33513963 1940514
33513974 53601
33514110 17049
33514114 629565
33514139 429336
33514155 1287656
33514198 363804
33514307 340598
33514355 2237229
33514366 71210
33514370 26979
33514374 2434933
33514413 216887
33514476 659373
9138447 134385
33514687 77830
33514762 749651
33514986 931597
31161801 671050
33515025 705208
33515036 745998
4217954 270168
33515177 218531
33515211 792038
33515320 585537
33515373 95585
33515404 352026
33515448 241700
33515479 1596824
33515480 536492
33515541 479410
33515542 299645
33515571 2290320
33515631 624594
33515656 218346
3442964 400372
33515699 2121545
33515704 41912
33515707 1310407
33515746 341132
33515804 353622
33515810 172043
33515870 39750
33515969 278860
33515987 1718351
33516012 1614015
33516018 360933
33516025 1684567
33516082 68083
33516202 640881
33516259 289052
33516333 288530
33516431 909001
33516455 391102
33516468 644665
33516482 78378
33516486 424661
33516498 1602432
33516509 364191
33516514 908224
33516524 867372
3610209 313499
33516625 151676
33516633 344822
33516643 8901
33516647 101034
33516683 824632
33516722 1788206
33516727 391991
33516758 659887
33516766 101772
33516785 256260
30865891 1306479
33516793 1438951
33516795 346296
33516827 202764
33516843 859399
33516847 343901
33516874 938511
33516936 609360
33516947 100172
33517033 313190
33517291 537055
33517295 354324
33517314 289223
33517319 1006994
33517336 99169
33517360 297861
33517366 945467
33517375 99037
33517380 325407
33517385 242974
33517390 933043
33517397 395314
33517467 618665
31822205 442056
33517685 660553
33517730 760150
33517783 63517
33517791 38679
33517800 861615
33517924 879616
33517995 33518000
33518012 129619
33518056 846961
33518077 1860750
33518091 710540
33518145 494738
33518168 40152
33518209 2313074
33518472 305812
3590558 825191
14482357 107847
33518546 1652509
14594461 84796
33518565 152870
33518636 462345
33518647 248670
33518661 1071066
33518682 698502
33518687 105687
33518709 961578
33518744 1030815
33518760 337604
33518890 1006910
33518896 35767
4820509 308124
33518907 852612
33518911 317060
33518945 914915
33518995 130140
33519041 680536
33519112 649183
33519163 1194291
33519195 236476
33519200 1289646
33519204 697808
33519210 785524
33519233 402638
33519256 1615676
33519262 986186
33519270 1753122
33519358 66925
33519538 486953
33519571 664061
33519631 4194068
33519643 902519
33519656 206468
33519734 4659598
260504 756340
33519939 1180040
1667365 601246
33519963 1777792
33520044 1853363
33520048 432024
31161802 231150
33520305 159431
33520361 151282
33520371 1613331
33520441 1021578
33520530 1074449
33520584 87868
33520589 1249425
33520602 324932
33520607 1965913
33511797 395593
33520728 173386
33520734 1333685
33520752 3222211
33520761 2114755
28525216 123342
33520807 343368
33519391 279687
33520816 1537642
33520968 158261
33520971 872714
33520978 358424
33521015 1677571
33521047 316413
33521055 98439
33521081 175677
33521096 470118
33521149 93597
5011097 901779
33521375 697801
33521386 828565
33521390 218295
33521430 463555
33521435 123059
33521438 642563
33521443 598954
33521457 392219
33521468 1501852
33521644 245374
33521892 384483
33521900 383532
33521904 107184
33521926 2373154
33516997 352015
33522001 671899
33522386 261900
33522528 2689034
33522535 2303769
33522631 825897
33522677 1238548
33522749 84111
33522755 1591123
33522387 1721838
33522965 469921
33522984 1390379
33523015 261784
33523027 407017
33523033 1877809
33523056 349089
33523100 344567
33523154 880028
33523166 774105
33523172 1095057
33523176 333658
33523199 1026099
33523209 580882
33523216 1526284
33523220 3378399
33523262 1260018
33523267 335233
33523282 1054886
33523296 2576637
33523306 363620
33523318 1742685
33523450 2567378
33523484 215432
33523498 251346
33523533 892563
33523542 208770
33523563 917845
33523568 515408
756324 1538902
33523621 675264
33523633 746593
33523644 488803
33523650 698590
8735281 1759988
33523724 1771009
33523766 521242
33523772 148294
33523811 976929
33523820 861516
33523827 1674877
33523838 3672063
33524136 2871633
33524281 364365
14522882 1596282
33524754 1307155
33511318 1592435
3575427 1941430
33525302 2053690
33525463 895628
33525531 901312
33525565 325846
33525572 1024335
33525689 788525
33525804 1642156
33525838 923778
33525877 213274
33525889 2511931
33525898 1493076
33525931 261785
33526036 691930
33526061 670990
33526085 2344542
33526104 2192769
33526169 501271
33526173 2426354
11473209 270991
33526205 1421248
33526294 2137629
33526308 926522
33526338 857190
33526545 53832
33526559 293446
33526604 893175
33526623 1131215
33098426 352061
33526639 2585954
33526655 654634
33526660 325727
33526686 4356592
33526956 1967910
33528265 946605
33528290 2198574
33528341 333372
33528350 1240529
33528505 2037928
33528590 1381677
33528710 84816
33528927 321578
33529039 3958529
33529053 500848
33529111 2063658
33529285 1648402
33529290 346534
33529305 1413676
33355474 591720
33529399 227200
33529416 782285
33529527 755223
33529598 2134365
33529649 3329299
4544731 364658
1444869 465982
34766413 691178
34794787 960271
34872667 70439
32168929 1133424
34910156 42231
34915383 2792333
35042852 6945854
35042894 512157
35044016 609041
1696078 56929
35044316 1980856
35044865 228103
35045656 35045659
10797233 737014
35404186 5827
35404260 1007039
35404645 323876
35404976 871345
35405580 1794079
35536952 1138528
35537257 1058778
35537721 343707
35538863 798708
35539269 911451
35541965 296464
35638790 236343
35639096 35772
35639448 131194
35639811 354568
35651749 198837
35651775 994036
35651840 890208
35652391 1373938
35652501 858762
35652750 86953
35652754 901831
35652762 442763
35652765 294673
35653093 1724646
35653116 769383
35653238 358555
35653250 130826
35653500 230687
35653512 299286
35653517 342239
35653605 39414
35653624 1180049
35653640 857731
35653702 1240557
35653703 1397468
35653708 231401
35653716 758426
35653723 320268
35653733 86339
35653744 327486
35653747 917960
35653756 838208
35653771 134907
35653773 3026012
35653777 157228
35653792 443405
35653796 723069
33100225 857256
33521635 641717
35653800 178648
35653803 932236
35653806 2496604
35653809 606764
35653828 890932
35653835 93718
35653839 595951
35653843 1807228
35653847 357443
35653859 793546
35653860 1680397
35653863 1126147
35653874 878207
35653877 448746
35653879 105154
35653898 896486
35653904 307135
35653909 407382
35653915 823744
35653917 21815
35653920 361949
35653950 327309
35653961 949665
35653978 1094939
35654001 1123506
35654021 2943705
35654024 211648
6723594 849955
35654035 810080
35654174 907626
35654181 440095
35654191 1489487
35654200 24119
35654211 1124295
35654217 35654218
35654220 360352
35654230 522652
35654231 603526
35654236 531025
35654244 119701
15221331 476507
35654247 1596098
35654256 328978
35654260 827190
35654266 669014
35654284 689114
35654287 1002445
35654297 1426846
35654301 968357
35654303 95197
35654309 200345
35654318 2240641
35654322 140562
35654331 67354
35654355 634549
35654358 1217613
35654365 384729
35654370 1737185
35654408 1745585
35654416 326796
35654417 944463
35654425 2867
35654428 672222
35654432 701713
35654437 99781
35654440 1328248
35654444 396015
35654458 213869
35654480 1738113
35654508 1634907
35654512 104062
35654529 447721
35654532 530267
35654536 1101646
35654542 1079411
35654546 103540
35654558 1681124
35654583 20886
35654590 828979
35654598 937784
35654626 1748413
35654629 1407044
35654639 52326
35654640 1358072
9554807 292725
35654648 1740435
35654650 1398318
35654655 1275388
35654656 890348
35654681 940616
1098917 361081
35654687 339003
35654718 3329824
35654729 1580255
35654732 1737682
35654741 758864
35537730 1646852
35654750 365738
35654757 347618
35654763 1067057
35654773 1488250
35654778 201382
35654781 196852
35654798 600522
35654801 106700
35654816 391140
35654832 188805
35654841 1044492
35654844 1135597
35654848 697909
35654868 358774
35654870 2991980
35654873 770067
35661924 431841
35662234 246341
35668852 1131199
35668874 342106
35669039 671434
35669067 1438573
35669072 2211899
35669160 856660
30233933 52399
35669346 501441
35669368 918211
35672146 35774
35675253 789166
35675335 502168
35675447 397489
35675467 918536
35675510 328151
35675553 83424
35676213 662888
35676429 711672
35676448 771140
35676460 618174
35676475 385925
35676477 170467
35676713 122313
35676984 789299
35677047 364700
35677050 1131186
35677133 1658417
35677266 1491067
35677298 1102392
35677324 1963575
35677386 224070
35677390 103061
35677427 998932
35677450 2743754
35677614 925845
35677637 718655
35677683 678905
35677686 163238
35677702 669664
35677707 607174
35677713 1294156
35677718 900944
35677761 3094642
35677783 3333020
35677794 1198035
35677797 1524054
35677811 362237
35677836 1596654
35678763 857346
35679281 324808
35679347 336476
35679416 87059
35679532 189084
35679773 275622
35679867 644244
35682523 2190490
35682961 99521
35682962 1104450
35683134 2101057
35683137 284243
35683143 1103723
35683177 1360599
35683346 1619755
7642177 1641963
4123714 2466634
35683659 541037
35683666 792552
35684062 982744
35684071 85240
35684298 211562
35684385 449791
35685209 2130363
35685277 36337
35685328 343181
35685773 208484
35686485 1490912
35686490 101777
35686642 58051
35687789 729443
35688127 3065057
35688899 246159
35689184 922379
35689741 105332
35690293 705085
35690296 885543
35690470 135066
35690846 848728
35691019 870490
35691381 261710
35691639 215183
35692759 325329
35692882 192374
35693071 2398094
35693195 683439
35693514 103323
35693531 405443
35694288 305941
35694373 265115
35694777 699185
35695257 347813
1817696 904582
35695597 2209961
35695856 1169935
35695958 1198847
35696584 52144
35696897 487422
35697377 3424437
35698026 402713
35698804 402597
35698830 651076
35698884 413873
35698901 257684
35698908 128270
25448419 163614
35699125 39289
35699390 1031016
35699397 1180871
35699532 1208062
35699683 51273
35699690 400267
35700277 723154
35700382 316779
35701009 220091
35701218 325746
35702957 881069
35703025 2570106
35703198 402130
35706656 313733
35707739 92194
35707782 526560
35709639 827718
35709935 106697
35710058 902495
35710091 1646095
35710092 478279
35710261 878137
35710427 362069
35710430 204944
35710534 376713
35710574 441665
35710602 36068
33528804 95890
35711593 576801
35712287 218570
35712315 894234
35712431 131951
35712450 541704
35712540 852710
35713133 1027024
35713447 618175
35713535 448364
35713539 2042248
35713549 905530
35713674 1340967
35713712 831659
35714188 139461
35714465 2308434
35714742 116601
35715062 913894
35715090 94286
35715099 244854
35715294 215012
35715475 1740228
35716132 388653
35716152 668248
35716944 349482
35716957 506201
35716960 403792
35717084 1541805
35718290 918889
35719095 279224
35719385 1308610
35719548 650820
35719775 254423
35719867 143626
35720497 412568
35720578 35461
35720598 29032
35720603 228577
35720605 863876
35720607 628799
33299684 1611838
35720609 392048
35720612 975894
35720621 1104683
35720623 17044
35720624 1298821
35720625 789313
35720629 453418
35720655 339918
35720657 1775217
35720678 346786
35720688 515353
35720693 1447666
35720696 1634002
35720697 892093
35720701 327725
35720702 313933
35720705 238000
35720712 2112296
35721603 646476
35723288 541613
35723376 233015
35723409 349125
325787 880284
35723991 1498786
28702104 337483
35724021 2145379
35724022 358256
35724030 212532
35724063 940836
32556782 1667910
35724573 100474
35725048 115031
35725271 619399
11473211 387543
35725582 361226
35726353 336345
35727344 1348601
33794395 1559983
35727363 1165552
35727387 316182
35727427 293252
35727631 411445
35727637 324478
35727703 192648
35727723 1659635
35727886 987315
35727890 141892
35727893 1775881
35727935 343991
35727955 226892
35728038 1321205
35728204 464789
35728303 1852039
35728310 1433511
35728396 593368
35728428 934412
35728472 1476595
35728479 749081
35728499 52579
35728501 1394049
35728636 1611880
35728861 938166
35728946 651061
35731998 384793
35732762 1113909
35733228 50387
35733315 1157991
35733328 807213
35733358 1537983
35733398 123117
35733415 3149163
35733569 275872
35734022 6628
35734300 1520876
35734311 1138441
35734727 639057
35734906 765631
35735068 1471692
35735325 1315190
35735780 2155137
35736029 538635
35736379 320407
35736418 3511688
35736432 1332105
33513215 95587
35736951 349073
35737077 910846
35737147 831128
35737308 343395
35737428 339140
35737449 782358
35737479 2568823
35737700 648255
35737716 726246
35737719 1425205
35737833 454967
35653880 25364
35737962 2329211
35738118 1122081
3575465 698344
35738195 1357974
35738201 2209933
35738228 1358671
35738441 2384425
35738450 191615
35738684 831362
5395347 21569
35863445 430153
35866069 188811
30660374 272793
32069865 123203
14376430 230036
36539032 860684
28812305 1194093
36674544 490955
36674552 832003
36674554 389455
36674555 1273621
36674559 657215
36674571 2078182
30217648 97377
36727767 1417499
36727771 1263137
36727773 757881
36727781 1624184
36727782 424687
36727785 694634
36727786 957155
36727789 617000
36727792 330880
36727796 609761
36727798 94745
36727804 215261
36727808 338172
36727814 2230737
36727822 697805
36727824 597341
36727828 376283
2506673 1658319
36727831 2612397
36727844 102744
36727847 325800
33341116 1070494
36727858 551499
36727864 773400
36727872 225328
36727876 1409936
36727883 41913
36727885 1287573
36727890 1199995
36727898 789138
36727915 628732
36727919 115943
36727923 291918
36727926 947136
36727928 190927
36727929 1157558
36727934 669334
36727937 1729962
36727946 669294
36727949 2385190
36727954 849387
36727957 325104
36727960 375676
36727962 999698
36727965 436350
36727970 1029091
36727975 404560
36727979 210661
36727982 274220
36727983 91963
36727986 1382498
36727988 103289
36727992 1111275
36728000 395917
36728002 1323885
36728004 42383
36728018 110046
35869493 783393
36728032 142891
36728038 534501
36728044 1975300
36728045 331495
36728053 41915
36728056 1818339
35677515 261783
36728066 1098197
36728068 217003
36728070 154965
36728074 175702
36728075 929165
36728076 779716
36728080 133439
36728084 1332185
36728091 329572
36728097 56708
36728099 768994
36728103 407201
36728107 242750
36728108 148234
36728109 335224
36728114 339825
36728119 47542
36728125 976702
36728132 1005229
36728136 14339
36728137 2539897
36728140 319354
36728153 1668841
36728159 313730
36728163 546629
36728164 2525292
36728179 2572503
36728185 251586
36728186 345109
36728194 1128621
31096729 539598
36728213 705328
36728217 333204
36728223 272372
36728229 1332171
36728232 77788
36728236 361804
36728237 1261496
36728241 829789
36728243 879159
36728246 383705
36728266 510423
36728269 53830
36728271 233636
36728274 467233
36728282 27992
36728284 429678
36728285 875033
36728289 1514987
36728295 893708
36728298 761364
36728299 572207
36728301 1114656
36728304 309
36728308 962601
36728317 312711
36728337 228807
36728339 113116
36728341 531359
36728359 1686191
36728363 1002443
36728368 146554
36728369 43098
36728371 160290
36728380 216188
36728381 687973
36728385 896355
36728386 1286331
36728388 209123
36728390 91378
36728393 817925
36728400 497615
36728403 829465
36728404 324802
36728410 342948
36728421 318900
36728423 1006525
36728430 370961
36728431 2501819
36728433 361163
36728435 305986
36728441 142913
36728444 878633
36728454 237811
35537722 853539
36728456 224944
4966458 343230
36728468 688816
4966520 736726
36728475 921750
36728481 478965
36728483 2145
36728488 2869407
36728494 147724
36728506 919543
36728511 356312
36728518 759167
36728523 1186619
3910548 325441
36728533 587673
36728535 528921
36728538 2053526
36728547 1007229
36728550 342728
36728552 107720
36728555 945271
36728559 342603
36728562 590920
36728565 98760
36728569 443470
36728570 261453
36728573 871654
36728579 1303331
36728580 1719406
30827926 2403909
36728596 104319
36728597 1132774
36728598 97166
36728605 685267
36728612 310696
36728616 1017994
36728644 18418
36728650 154330
36728656 397490
36728660 314203
36728663 242689
36728670 730213
36728677 487219
36728678 1180493
36728680 1122000
36728684 1004409
36728690 1853326
36728692 675949
36728695 467866
36728696 109043
36728700 42696
36728711 1249462
36728715 117775
36728721 472246
36728724 333567
36728736 574078
36728747 964421
36728753 487030
36728754 428926
36728756 1023485
36728759 394860
36728763 364581
36728770 1407560
36728774 96045
36728778 1185496
36728781 665440
36728783 906207
36728785 477586
36728791 859013
36728792 904795
5029532 943608
36728799 457900
36728801 161172
36728805 1482438
36728816 1120655
36728818 291547
36728824 94848
36728827 2335553
36728829 602596
36728835 922053
36728838 959793
36728839 64544
36728840 895034
36728843 108840
36728844 1925362
36728845 2789805
36728850 790893
36728851 202405
36728856 659191
36728859 901956
36728863 226726
36728866 874197
36728874 333947
36728886 223002
36728891 35359
36728894 1396460
36728898 397228
36728907 1602034
36728910 445149
35869497 6000
36728925 691668
36728926 654707
36728930 2324007
36728933 1852485
36728941 631683
36728944 1460905
36728946 42218
15558689 386756
36728948 623135
36728949 1560242
36728950 3468783
36728951 681532
36728954 99943
32978597 130755
36728966 810256
36728968 1198940
36728970 1257688
36728973 278510
36728975 155202
36728978 2024537
35537723 1501851
36728995 875751
36728996 55338
36728999 457765
36729007 62168
36729010 2535664
36729011 257737
35869506 365606
36729014 1973829
36729017 1249951
36729019 332852
36729022 1216691
36729033 522783
15130697 572691
36729046 92145
36729063 220476
36729071 698578
36729076 455690
36729080 453809
36729096 901138
36729098 800397
36729101 52869
36729103 1303544
36729107 218121
36729113 135878
36729115 323028
36729117 529213
36729121 99837
36729123 1975557
36729124 724504
36729140 1771756
36729142 645262
36729152 1101964
36729154 297558
36729157 788484
36729158 899420
36729163 192777
36729171 116949
36729175 500617
36731993 213061
36732192 955092
30223361 689204
36764291 1131084
36764298 58190
35537724 393322
36769049 43322
37683914 250195
37683983 959509
37698007 2948316
38053495 1313383
38175466 1748684
30990053 2394777
34860130 95667
38671208 533027
14683304 396851
28704032 2791120
29719319 83920
1846465 1233230
38714671 892816
15448801 359041
38721582 220379
1206742 838604
5011630 92866
38735302 73093
38781140 397491
10854053 347458
35707350 99897
33472553 1002882
6273841 1520662
36728486 394801
38812768 931898
14906705 242881
39130019 224937
39271501 38852
39457591 515836
39457711 299651
39461146 1155796
39473442 914207
39474119 1419353
39474997 1358031
39475574 172415
39475652 2292309
39476010 1004596
39477566 393700
39477676 323033
39478061 515396
39482671 345074
39488780 1970693
39489908 1704254
39490861 1027952
39493014 1154193
39494804 778691
39496634 1707977
39497147 2034118
39499071 1082047
39499538 1676140
39500377 185222
39513293 51595
39524928 789282
39935426 66526
39937694 52072
39939370 107719
39939525 613279
39939707 105186
39940318 393420
39940334 1205394
39940489 355957
39940842 71835
39940847 2014301
39941219 23132
39942803 441674
39942831 1218431
39942841 693863
39942874 188549
39942880 188705
39942928 1311329
39943316 576399
39943464 445640
39943485 1915743
39943537 344216
39943584 602309
39945168 344997
39945371 133800
39945450 1657691
39945526 42232
39945703 2268024
39945775 1083422
39946374 696660
39946445 345620
39946519 603139
39946968 230057
39946977 831346
39947050 1694751
39947099 2141684
39947102 2697904
39947105 1801619
39947161 392884
39947169 190193
39947171 312770
39947239 41914
39947241 1512408
39947274 226590
39947280 910748
39947299 1891556
39947302 102102
39947305 1566447
39947320 321717
39947391 160176
39947502 672812
39947547 603426
39948118 929917
39948183 3938200
39948248 697809
39948556 212480
39948658 543792
39948687 4669744
39948722 805519
39948802 923607
39948807 828913
39948821 1018113
39948980 336049
39949449 2586929
39949481 328727
39949700 35868
39949736 1625500
39949756 321342
39949771 401792
39949807 23654
39949813 498313
39950135 353127
39950457 121215
39950524 50849
39950597 828782
39950610 293528
39950791 654167
39950920 1958369
39950940 707324
39950947 752532
39951053 155304
39951090 898273
39951636 669704
39952091 1211130
39952207 1558675
39952496 882214
39952794 2558711
39953354 3763065
39953364 333835
35869478 53547
39953529 15207
39953590 1653757
39953603 1074272
39953612 1373721
39953621 1852146
39953624 362122
39953655 661054
39953666 660450
39953729 1007704
39953754 1650754
39953883 343573
39953884 635239
39953941 1403120
39953962 333297
33519898 1180284
39954096 1589075
39954186 909728
39954255 1366208
39954412 966176
39954434 662918
39954502 959987
39954506 471996
39950948 325764
39954514 1415559
39954748 1007501
39954929 1128602
39955018 965464
39955054 402828
39955068 4343579
39955114 336189
39955129 351357
39955251 83430
39955258 230055
39955261 743858
39955270 2509140
39955342 1124020
39955347 166801
39955351 104155
39955389 894616
39955409 54482
39955436 171918
39955457 3647636
39955470 1317189
39955888 687974
39956246 728612
39956410 2611068
39956491 301468
39956594 1281777
39956655 594789
39956688 73788
39956703 215723
39956722 1709034
39956726 1315866
39956778 129450
39956807 903666
39957109 382544
39957268 127360
39957357 1735568
39957427 2628200
39957452 18251
39957492 1152878
39957498 930130
39957532 1643892
39957541 220957
39957939 1539273
39957999 2055558
39958036 110599
39958089 1128516
39958160 2187597
39958220 19407
39958291 306763
39958295 356143
39958318 1744215
39958338 353624
39958356 963823
39958361 192686
39958368 1358670
32084318 624595
39958397 818645
39958446 196496
39958916 1104684
39958938 429194
39959280 1704095
39959496 51268
39959500 2577869
39960114 1681654
39960144 248553
39960266 233845
39960359 649290
39960389 173480
35654752 1600770
39960490 1742875
39960588 3017126
39960770 1176724
11549825 1202844
39961076 916940
39961081 219821
39961090 363668
39961202 1707835
39961264 678582
39961344 529289
39961467 302402
39961628 333823
39961698 1659719
39961764 53916
39961779 665441
39962035 522327
39962232 1195271
39962237 1077477
39962977 2404578
39963711 487223
39963784 898490
39960360 47072
39963910 3116600
39963924 2658485
35869491 672655
39964012 718414
39964015 325282
39964047 2022983
39964080 316827
39964233 1660026
39964269 590275
39964311 445148
39964371 809998
39964616 676802
39964681 341566
39964717 377168
39964728 53980
39964731 1488194
39964739 1167636
39964743 948268
39964965 3420797
39965320 278355
4092279 637877
39965858 388563
39965905 1458274
3910549 1305516
33523284 1156209
39967199 1989810
39967254 1076569
39967280 604394
39967313 1239168
39967318 97201
39967328 4052581
39967680 15594
39967691 1977479
39968237 1525876
39969200 523509
39969855 938147
40023049 83774
40023222 892089
40023272 1695257
40023318 864053
40023325 1006510
40023334 1125980
40023340 924333
40023388 1475138
40023389 279154
40023395 2043373
40023396 756000
40023402 383534
40023405 947322
40023417 705182
40023423 376406
40023439 1855406
40023467 1065121
40023470 716277
40023471 877964
40023476 1489534
40023477 1498650
40023483 333606
40023485 360875
40023495 1611997
40023497 799161
40023502 1188227
40023503 216890
40023511 260697
40023512 390450
40023514 1846218
40023518 504703
40023523 1402027
40023526 862200
40023531 3461942
40023566 898555
40023613 1829672
40023646 333536
40023655 429473
40023659 225152
40023665 376739
40023668 404805
40023673 408409
40023677 900143
40023679 890402
40023684 95945
40023692 433390
40023696 515802
40023698 705234
40023699 2367430
40023707 98551
40023709 587903
40023711 926664
40023713 366087
40023715 1183086
40023717 2300328
40023721 296431
40023723 453869
40023768 333686
40023788 469682
40023794 308517
40023882 858480
40023884 295568
40023887 3275215
40023890 41685
40023892 1171277
40023900 824469
40023902 875034
40023905 883238
40023908 279441
40023910 288716
40023915 398051
40023917 142623
40023918 915763
40023921 551046
40023922 848934
40023925 273337
40023927 261494
40023932 2179467
40023934 278514
40023940 324551
40023942 2130364
40023945 1623476
40023949 966191
40023951 23767
40023955 365152
40023958 1091494
40023961 1811074
40023963 286078
40023966 678614
40023972 953280
40023975 1036129
40023977 339260
40023980 710665
40023982 96396
40023994 144985
40023998 344754
40023999 3246846
40024001 419590
40024002 219511
40024003 1094364
40024009 894231
40024060 292846
40024062 2291404
40024064 780040
40024115 397762
40024146 357528
40024150 324885
40024156 722735
40024165 2367441
40024169 707582
40024253 134469
40024266 915208
40024267 2654520
40024270 369918
40024276 313438
40024281 219823
40024287 2799849
40024293 1154716
40024297 1475218
40024298 50955
40024304 566512
40024308 1754654
40024309 694757
40024317 716377
40024321 408085
40024322 46810
40024325 45298
40024328 267225
40024332 539539
40024335 84430
40024336 1444116
40024339 394720
40024341 774463
40024349 596470
40024364 2208697
40024374 221968
40024381 332957
40024382 22497
40024387 1754942
40024406 408562
40024411 1813106
40024414 234444
40024427 2133071
40024442 219890
40024447 2576535
40024449 218681
40024450 648273
40024451 21164
40024464 1458617
40024467 11936
40024502 390356
40024524 895100
40024531 472452
40024533 1753183
40024576 364000
40024597 72563
40024600 698688
40024603 2657899
40024608 208978
40024622 898591
40024631 329028
40024640 268179
40024655 240706
40024742 909937
40024759 927644
40024761 887824
40024778 420038
40024785 361299
40024786 1707717
40024788 188442
40024792 461821
40024801 93595
40024822 218111
40024823 1440379
40024826 1024336
40024828 332677
40024849 89889
40024852 397890
40024855 39657
40024861 216931
40024868 915564
40024874 324085
40024878 1227291
40024882 344424
40024889 127550
40024890 374070
40024891 1102276
40024898 2941835
40024901 994719
40024904 2980145
40024908 130325
40024910 1067737
40024914 623520
40024915 836926
40024928 2875179
40024930 666289
40024932 268860
40024934 358070
40024936 263281
40024938 360574
40024947 715256
40024950 1974030
40024951 786350
40024954 19582
40024955 1180126
40024957 292093
40024958 1293247
40024962 1105924
40024967 1221850
40024970 1709915
40024971 123474
40024972 1895451
40024973 313967
40024980 352400
40024982 396004
40024986 1586531
40024987 1828892
40024990 2218469
40024991 88091
40025006 736849
40025007 705773
40025009 1405305
40025013 532832
40025015 689509
40025022 217866
40025023 1190307
40025026 523181
40025028 330665
40025029 686711
40025036 870418
40025039 596479
40025052 1671716
40025062 818840
40025071 924356
40025085 230104
40025098 867802
40025164 1293363
40025218 671429
40025223 3553343
40025226 836461
40025232 1503649
40025240 1057880
40025251 1191978
40025252 14971
40025273 742375
40025302 104096
40025303 2769830
40025340 699071
40025379 194469
40025380 2037137
40025383 503001
40025437 22450
40025454 323878
40025458 316225
40025460 830913
40025462 539068
40025465 898960
40025467 11711
40025471 1082818
40025522 198125
40025545 359175
40025586 3652780
40025589 180264
40025595 219663
40025598 180247
40025600 347816
40025603 394366
40025606 3462272
40025610 1535593
40025618 1692764
40025622 1191087
40025628 995345
40025629 228407
40025632 829900
40025633 1209984
40025636 800324
40025642 1075014
40025643 1218430
40025651 241606
40025661 346598
40025664 1251190
40025667 48860
40025670 787335
40025679 487076
40025681 1338038
40025684 758311
40025685 1150284
40025690 84324
40025695 198740
40025698 168934
40025703 686569
40025707 341906
40025712 92948
40025716 1685883
40025721 659850
40025723 218158
40025724 1325888
40025725 743426
40025729 448604
40025733 1314048
40025734 496424
40025737 395509
40025739 294529
40025744 291863
40025748 1711500
40025752 283202
40025753 856943
40025755 23283
40025758 212533
40025763 1745461
40025773 1300968
40025775 113657
40025779 47222
40025792 437122
40025800 863725
40025802 319355
40025809 316802
40025813 1246245
40025815 784026
40025821 1384081
40025822 345518
40025827 92390
40025831 1128974
40025835 288912
40025841 664017
40025849 1256142
40025863 185659
40025868 1320964
40025869 880512
40025872 691003
40025874 618177
40025875 263190
40025884 2507
40025904 728005
40025909 1376827
40025935 487293
40026000 55342
40026060 52042
40026105 356720
40026106 599793
40026116 1757259
40026173 619125
40026175 360353
40026218 3434128
40026234 928246
40026241 213281
40026244 284145
40026258 1951437
40026281 913751
40026286 1213808
40026292 1624
40026302 896062
40026305 64013
40026307 741
40026380 320897
40026412 729059
40026462 659847
40026463 1537972
40026475 873376
40026477 316768
40026490 1680576
40026493 1097789
40026540 338436
40026557 320223
40026561 43406
40026610 827614
40026661 672852
40026662 75030
40026667 592993
40026669 2557634
40026671 664781
40026677 1566223
40026679 2489407
40026688 213167
40026691 2476897
40026698 1657721
40026709 1945561
40026721 340339
35537725 357127
40026725 2554516
40026728 2576111
40026729 306245
40026736 889441
40026737 397764
40026739 1306852
40026751 175434
40026753 1375350
40026756 332389
40026757 296950
40026760 202179
40026771 295822
40026773 417078
40026775 1136355
40026783 365607
40026788 480533
40026789 1018039
40026796 15711
40026804 883809
40026806 1021836
40026807 912888
40026808 687447
40026810 99945
40026813 1055235
40026814 316159
40026817 1241057
40026818 21887
40026821 477141
40026825 959070
40026832 2397609
40026837 527813
40026841 157975
40026843 447601
40026845 8727
40026848 225333
40026852 2160061
40026860 1136772
40026862 358219
40026868 333883
40026872 1060864
40026874 224049
40026876 1325422
40026879 774963
40026883 216410
40026885 676039
40026888 411691
40026901 472301
40026903 554624
40026904 2762126
40026905 671234
40026907 534084
40026912 26881
40026917 651921
40026918 350791
40026925 2141485
40026927 202779
40026930 674025
40026936 792675
40026940 775219
40026944 1081239
40026952 932623
40026954 497736
40026963 660079
40026979 933282
40026986 416691
40026989 203206
40026992 2268166
40026994 447907
40026996 369671
40027000 3917202
40027002 907082
40027003 98657
40027010 479655
40027014 85759
40027015 98599
40027042 325202
40027044 80687
40027058 3067748
40027061 314365
40027064 824012
40027090 1240516
40027209 316158
40027219 857004
40027238 513020
40027241 54825
40027256 1123405
40027276 1711080
40027333 2552495
40027397 972022
40027403 1854441
40027404 137513
40027407 2069671
40027409 3327983
40027410 2037249
40027413 857997
40027414 384363
40027421 1949317
40027430 907399
40027436 180891
40026602 241637
40027575 712874
40027588 409958
40027591 294606
40027602 800327
40027610 215433
40027616 809749
40027658 173026
40027674 961553
40027677 710410
40027683 962402
40027694 880027
40027699 388502
40027716 1094559
40027727 1372460
40027730 2921539
40027733 933000
40027744 326369
40027748 227406
40027749 669537
40027756 768561
40027759 871265
40027762 934730
40027765 685757
40027908 374266
40027915 190413
40027919 218717
40027961 1216792
40027969 690860
40028000 889680
40028003 327898
40028007 1600767
40028011 3859845
40028016 623223
40028018 619085
40028019 129133
40028020 81080
40028023 98319
40028034 1459579
40028038 496818
40028041 352401
40028044 532586
40028045 366316
40028049 342316
40028056 47109
40028070 1039080
40028073 1967875
40028078 400914
40028086 188937
40028091 364840
40028093 299708
40028096 385571
40028104 286677
40028106 329195
40028108 286678
40028116 104742
40028123 523256
40028126 145392
40028127 19936
40028129 826592
40028132 2577138
40028134 393190
40028150 343984
40028178 849313
40028181 738834
40028182 360934
40028184 3053270
40028187 128078
40028190 586485
40028199 1216254
40028207 218816
40028211 722736
40028226 825230
40028230 1204457
40028232 791981
40028233 765340
40028239 454255
40028241 692190
40028249 345679
40028266 54086
40028269 97458
40028272 105357
40028278 1249120
40028280 353349
40028283 204325
40028285 1222488
40028298 94439
40028301 406784
40028310 830934
40028322 1308439
40028324 34874
40028333 1385731
40028341 35267
40028350 388372
40028354 422379
40028357 102148
40028360 573523
40028363 4457998
40028364 1823
40028380 101822
40028381 1459371
40028385 1848462
40028388 1592664
40028392 400544
40028395 654396
40028396 837580
40028399 2317855
40028412 1615460
40028419 1216584
40028423 507278
40028432 95543
40028440 328133
40028443 1581500
40028444 217044
40028445 660935
40028451 94639
40028452 1492395
40028460 99467
40028463 363356
40028485 1254999
40028490 910536
40028502 732297
40028506 648294
40028512 233357
40028518 13190
40028564 1060351
40028581 101006
40028586 349171
40028589 1469035
40028594 848935
40028597 674271
40028605 2863
40028648 192886
40028655 362324
40028659 659891
40028660 894475
40028663 793828
40028665 1475741
40028691 2844723
40028734 284691
40028784 725666
40028798 580069
40028808 320895
40028813 909799
40028842 683305
40028848 318507
40028869 70659
40028895 494274
40028904 941669
40028912 1310812
40028953 101443
35537726 96707
40028986 401791
40028993 19700
40028998 123404
40029012 835393
40029023 1028883
40029026 1944582
40029046 343078
40029055 40133
40029067 953577
40029069 343274
40029088 3187640
40029091 1389155
40029097 1180000
40029106 911680
40029129 904630
40029217 92368
40029238 906915
40029260 961059
40029269 709869
40029276 582709
40029327 482475
40029328 52408
31103640 66832
35869516 160371
40029362 507388
40029365 223813
40029373 78711
40029376 320222
40029387 1414569
40029389 941986
40029392 925883
40029393 127984
40029396 806727
40029405 316131
40029418 296191
40029424 1389189
40029435 135606
40029452 655983
40029454 856757
40029458 55366
40029466 325649
40029471 255347
40029473 48843
40029477 129743
40029481 123616
35869513 707577
40029503 394718
40029506 2069147
40029519 349910
40029532 362571
40029544 369947
40029552 898542
40029557 313635
40029560 322952
40029561 1345276
40029565 105471
40029575 485799
40029579 82654
40029585 1804663
40029595 348204
40029596 2204019
40029607 50507
40029621 1331990
40029626 93877
40029627 800325
40029634 3273425
40029637 433482
40029641 2367390
40029645 112006
40029649 393255
40029663 2696726
40029665 884476
40029677 1776337
40029681 1856991
40029685 20691
40029687 312767
40029705 623460
40029711 663045
40029715 675972
40029718 109295
40029725 95102
40029733 1102885
40029743 360930
40029750 93433
40029757 299920
40029760 391960
40029762 685174
40029764 963990
40029765 98712
40029776 358307
40029778 802005
40029781 828623
40029783 807199
40029790 213163
40029791 217002
40029794 670558
40029797 1537316
40029812 1692527
40029823 59789
40029841 756110
40029842 1477274
40029846 437124
40029850 1097009
40029852 915885
40029854 15377
40029856 762492
40029862 98036
40029870 343985
40029883 344256
40029886 112961
40029893 360877
40029924 100229
40029932 1167645
40029934 117310
40029938 423650
40029943 1725456
40029959 899208
40030009 1155071
40030078 362800
40030083 22451
40030130 2465105
35537727 1449977
40030170 28935
40030186 105327
40030221 269850
40030239 202363
40030252 108680
40030265 770847
40030268 669085
40030272 662808
40030275 219513
40030277 1711502
40030282 1724271
40030325 209977
40030393 157100
40030397 706147
40030401 904013
40030408 787906
40030415 348205
40030419 146869
40030427 322550
40030448 2552199
40030472 888456
40030488 83425
40030496 193833
40030499 354666
40030500 48844
40030501 4718689
40030502 1396429
40030562 1249671
40030566 1393088
40030593 461792
40030594 2478099
40030599 346765
40030629 221971
40030635 648794
40030644 2367760
40030647 598962
40030699 384674
40030720 884475
40030727 791354
40030735 580974
40030736 270291
40030741 477541
40030752 801357
40030757 1078563
40030770 58288
40030781 208129
40030782 2477409
40030786 106430
40030788 705340
40030789 218239
40030790 444624
40030795 134292
33521470 734692
40030808 664610
40030812 231295
40030816 478176
40030823 945130
40030826 551443
40030831 434763
40030839 153889
40030844 869815
40030855 630719
40030856 493681
40030860 97848
40030864 1094913
40030865 1046131
40030876 180722
40030881 1921157
40030886 607512
40030889 104218
40030892 861207
40030895 379419
40030899 1977252
40030905 369352
40030913 296379
40030922 671398
40030929 2606569
40030934 1401944
40030935 3862627
40030936 125809
40030939 917699
40030941 107549
40030943 1226537
40030949 649950
40030950 171522
40030958 705306
40030960 1229097
40030962 449153
40030965 262197
40030970 138817
40030972 2425782
40030977 1584633
40030983 394013
40030987 2003769
40030990 1929960
40030997 927324
40031002 66085
40031004 1019349
40031021 924516
40031040 94442
40031048 3076610
40031064 216467
40031066 53472
40031068 682366
40031135 2738213
40031136 1541500
40031145 547414
40031161 470348
40031176 631539
40031195 1757415
40031207 1672998
40031210 1660118
40031267 342670
40031283 686491
40031292 893125
40031304 336719
40031307 1617088
40031309 209341
40031316 325558
40031452 638662
40031455 1488497
40031494 260700
40031535 924079
40031552 53807
40031557 1643850
40031560 842868
40031576 108745
40031581 1493210
40031601 714899
40031608 132871
40031618 278825
40031620 459985
40031621 403972
40031634 897235
40031638 208261
40031649 445271
36728668 606577
40031657 527873
4359472 1034051
40031661 758386
40031671 198605
40031675 256675
40031734 432984
40031743 135080
40031750 447326
40031798 344422
40031822 463743
40031832 1052183
40031840 1912925
40031842 1023826
40031853 1069261
40031860 61140
40031864 2238230
40031867 345587
40031873 618341
40031876 218488
40031879 1754072
40031881 1309420
40031891 1481074
40031895 142029
40031897 604199
40031899 451237
40031905 31360
40031906 353424
40031911 332982
40031916 436678
40031918 341072
40031927 1618558
40031937 860986
40031942 296409
40031945 695143
40031947 397101
40031961 271535
40031969 296442
40031976 350813
40031977 858117
40031980 1596825
40031983 684893
40031986 502549
40031995 721241
40031996 904406
40032000 147518
40032004 332820
40032005 116765
40032017 1032756
40032018 370006
40032019 209945
40032022 1896012
40032025 995340
40032028 788295
40032032 700011
40032033 702451
40032039 1740496
40032041 228211
40032043 959900
40032047 534728
40032056 387151
40032059 95632
40032061 437437
40032064 867634
40032069 219822
40032072 590642
40032076 322953
40032078 107787
40032081 1254417
40032089 94514
40032093 600117
40032097 719843
40032102 177574
40032103 1012215
40032104 1401190
40032105 790487
40032109 58191
40032110 54730
40032113 1591887
40032120 3532423
40032121 502448
40032126 228371
40032128 689032
40032134 289222
40032140 1765077
40032146 133701
40032147 990175
40032148 299766
40032160 631895
40032176 1188088
40032180 351921
40032184 665713
40032263 326394
40032266 51656
40032281 233637
40032290 17048
40032300 408567
40032325 2018957
23745792 323881
40032331 347572
40032340 299911
40032341 105095
40032343 139801
40032351 1250007
40032353 701939
40032372 423314
40032385 59761
40032387 217718
40032392 1315106
40032401 914501
40032405 844662
40032411 628554
40032416 661929
40032422 859309
40032425 1058141
40032426 513116
40032434 288085
40032435 675241
40032442 365387
40027796 407383
40032458 1732741
40032514 396409
40032515 102918
40032522 326314
40032535 91671
40032543 770066
40032545 356968
40032574 710511
40032583 962350
40032595 98794
40032597 221400
40032604 2915029
40032609 23425
40032613 343731
40032615 606728
40032620 672747
40032696 1677025
40032716 737766
40032740 689658
40032757 346959
40032773 2738665
40032782 26676
40032790 671781
40032794 1000717
40032808 95372
40032809 60138
40032811 155122
40032816 221972
40032820 444124
40032826 963530
40032830 191873
40032831 248271
40032835 221396
40032849 800836
40032860 721721
40032869 1771673
40032880 444374
40032882 207149
40032896 724096
40032899 1787232
582562 947387
40032902 3421509
40032907 2117274
40032917 917671
40032920 509454
40032923 115190
40032926 914341
40032927 93167
40032930 13816
40032948 106864
40032956 607423
40032960 466947
40032967 345201
40032973 828222
40032976 924106
40032978 432224
40032979 1778735
40032987 678244
40032990 1803839
40033000 685461
40033002 817710
40033023 74541
40033025 403730
40033026 679066
40033027 877863
40033032 273912
40033046 989988
40033066 216734
40033068 100514
40033075 345147
40033088 348100
40033091 58226
40033108 632026
40033110 703880
40033115 2150722
40033118 1171985
40033121 1822287
40033123 3121253
40033162 314071
40033171 351960
40033188 388376
40033226 320188
40033230 194338
40033262 821925
30242378 302669
40033269 342103
40033311 1686930
40033360 2219716
40033388 437554
40033392 45400
40033423 591305
40033426 48933
40033434 143227
40033506 77738
40033523 391205
40033526 393646
40033546 394569
40033547 672384
40033549 1675239
40033550 363583
40033557 328832
40033559 227291
40033562 1307692
32553014 872
40033576 328584
40033579 3026646
40033582 312898
40033585 686718
40033587 35358
40033590 269110
40033596 212932
40033608 292288
40033609 952808
40033612 627481
40033614 832630
40033630 212843
40033633 922298
40033634 405604
40033635 2841940
40033639 52143
40033645 1216619
40033654 831035
40033658 573551
40033660 730362
40033661 508684
40033665 333787
40033666 325020
40033668 960600
40033676 248813
40033677 572625
40033680 242692
40033684 1336289
40033689 792754
40033694 1246431
32630111 1487896
40033705 129211
40033708 670409
40033710 1828419
40033714 57139
40033719 263569
40033721 2436186
40033751 630311
40033754 858116
40033757 395171
40033766 35764
40033768 175421
40033772 345962
40033802 52721
40033805 2633429
40033815 1476048
40033818 3913197
40033820 394614
40033829 2414889
40033841 595555
40033850 790894
40033854 359078
40033873 383150
35696596 287359
40033877 1256313
40033895 1384982
40033906 187200
40033926 366192
40033930 2880871
40033933 2334526
40033938 746056
40033964 297862
40033965 922299
40033968 98799
40033972 374044
40033975 1104222
40033978 21886
40033982 2501530
40033996 272270
40034011 220225
40034014 286636
40034025 935993
40034033 342559
40034037 2176610
40034043 265078
40034044 2735270
40034047 907561
40034061 334613
40034062 128182
40034069 134075
40034074 92947
40034077 174182
40034078 1246817
40034090 471682
40034091 322400
40034095 2394123
40034099 300713
40034100 356962
40034102 736869
40034109 1038875
40034112 663911
40034118 186570
40034120 77581
40034121 1067659
40034125 1852473
40034129 1182519
40034143 289905
40034179 95843
40034191 800026
40034210 3236945
40034227 102675
40034257 181308
40034287 1140124
40034293 1466626
40034306 882544
40034309 780203
40034324 388897
40034326 848478
40034334 237959
40034340 980748
40034342 3198373
40034344 882826
40034351 596693
40034353 631535
40034356 193218
33516772 228395
40034437 942456
40034438 394312
40034443 361166
40034452 1756176
40034456 1842328
40034466 92348
40034474 665403
40034489 896950
40034497 234986
40034502 665001
40034506 191343
40034515 386005
40034516 1385087
40034519 434708
40034521 2001755
40034523 340336
40034526 96886
40034541 395770
40034545 1849228
40034555 297868
40034558 1287703
40034560 929530
40034563 3165730
40034567 673588
40034570 495512
40034584 99944
40034598 1326008
40034602 288534
40034604 1486672
40034607 2759390
40034619 333370
40034623 1290503
40034638 25026
40034641 373589
40034729 251522
40034733 1753310
40034749 760394
40034753 63025
40034758 137389
40034759 3885162
40034760 273913
40034768 929687
40034781 101823
40034790 908396
40034799 446602
40034812 2083558
40034814 538643
40034817 213502
40034826 663835
40034832 1405780
40034836 339674
40034837 778866
40034839 1511
40034859 329031
40034867 890722
40034890 931172
40034897 606980
40034900 35874
40034906 150269
40034909 926587
40034914 551500
40034915 248587
40034917 700007
40034922 668476
40034941 918825
40034952 192251
40034971 418043
40034976 1855407
40034983 916976
40035020 787402
40035043 814986
40035110 216618
35653864 82782
40035150 1579581
40035151 416561
40035153 449071
40035155 163027
40035169 534865
40035196 380152
40035205 105356
40087617 590689
40117089 379766
40123505 2057586
40137006 1950417
40144285 262260
36687585 627983
40194010 1516202
40197750 333684
41416037 545876
41416343 935303
41416697 1187106
41416887 918712
41417201 1535480
41417225 394012
39925037 95891
41417536 523959
41417540 2289607
41417542 434710
41418347 98377
41418411 1934778
41418521 54015
41418714 2572213
41419002 471289
41419130 1046379
41420282 873342
41420556 2189241
41420560 640976
41420776 890868
41420879 1305578
41421049 314875
41421114 1463729
41647237 2561589
41647359 345996
41648729 857367
41648739 442629
41648744 741546
41648761 217597
41648763 544163
41648773 308524
41648774 27883
41648784 1418581
41648808 6104
41648819 692313
41648820 346666
41648822 96665
41648834 337080
41648845 687342
41648854 255284
41648863 285143
41648864 349040
41648872 321282
41648874 927614
41648888 16230
41648889 707887
41648891 96282
41648899 20598
41648900 369116
41648916 227278
41648917 1545564
41648933 829462
41648936 883511
41648944 2062577
41648952 94803
41648955 257658
41648958 248920
41648972 671549
41648977 2205912
41648978 288722
41648991 95057
41649010 300255
41649019 392147
41649029 692002
41649037 362270
41649043 924305
41649056 394365
41649059 91211
41649113 1355673
41649114 1309813
41649115 664869
41649123 41904
41649135 141845
41649163 209403
41649168 815130
41649176 924357
41649186 340922
41649194 160242
41649197 548164
41649209 780456
41649210 906597
41649211 867032
41649213 345621
41649225 575854
41649227 2084702
41649246 871085
41649252 920448
41649260 464082
41649264 1580020
41649267 384242
41649285 716267
41649298 60136
41649303 1395
41649304 632610
41649305 1777371
41649321 474845
41649350 21816
41649364 1039491
41649396 341071
41649397 462514
41649404 1134751
41649413 98322
41649426 21985
41649436 93236
41649474 1484247
41649492 1718140
41649493 869819
41649494 272525
41649495 397036
41649496 1238823
41649518 422758
41649519 536427
41649521 1097825
41649524 663800
41649554 218352
41649556 3268508
41649570 322302
41649575 363756
41649576 443929
41649617 1898975
41649622 109825
41649653 351093
41649655 339005
41649696 171148
45585175 396406
45585176 1210932
45585177 806376
