3262748 3703152
3992332 4177062
3839322 4078929
3782661 4037114
3613842 3936700
3993392 4179293
3614011 3937757
3783257 4037794
3613843 3936715
3614030 3937818
3839125 4078726
3465768 3837865
3613894 3937081
3992476 4177519
3783671 4038466
3781153 4036175
4233491 4339801
3465958 3839341
3992408 4177293
3992625 4177989
3613985 3937635
3384255 3781175
3384256 3781188
3613768 3936036
3993651 4179634
4036484 4204218
4303098 4384535
3613844 3936727
3613986 3937639
3992064 4176318
3992409 4177302
3465936 3839171
4036224 4203846
3613923 3937349
3992065 4176327
2058176 2817487
3781997 4036703
3993116 4178762
3465937 3839187
3992299 4176992
3629451 3948293
3384257 3781217
4038088 4205504
3992066 4176331
4078260 4232684
4205582 4319657
3465959 3839346
3783469 4038148
4079015 4233451
3465960 3839363
3262749 3703183
3465839 3838777
4078333 4232784
4078366 4232835
4078357 4232812
3993152 4178910
4078405 4232903
15173850 15173853
15175545 15175548
4142465 4279859
3782516 4037007
4319010 4394949
4233225 4339716
4037228 4205145
4036658 4204497
4303257 4384717
3782871 4037309
3384309 3782021
4038414 4205637
3993034 4178590
3783665 4038448
4279784 4369229
3384493 3782562
4319406 4395221
4142597 4279940
3782517 4037015
3993318 4179209
4279904 4369270
15262795 15262800
4037517 4205303
3783470 4038162
4205543 4319633
3613895 3937089
3465861 3838858
3993656 4179642
3993153 4178923
3992426 4177355
3783471 4038181
21803064 21803069
4142922 4280077
3993295 4179182
4079072 4233484
3262750 3703234
3384258 3781260
3992895 4178325
3465772 3837921
4078334 4232787
3384310 3782030
4036317 4203984
28762674 28762675
4319011 4394950
3384552 3782729
4559453 4575255
4588827 4600211
3782518 4037016
4559455 4575269
4559455 4575270
4588823 4600199
4559464 4575288
4610812 4620894
4588824 4600200
4588817 4600191
4559450 4575245
4559454 4575258
28848809 28848816
3262751 3703241
30840123 30840124
31080318 31080321
3993154 4178941
3992333 4177067
3992227 4176764
3384888 3783695
3384259 3781274
3384260 3781297
3384300 3781955
3384471 3782331
3262753 3703252
3992334 4177070
3384261 3781306
3992228 4176778
3992947 4178415
4205184 4319509
4205185 4319512
3992948 4178423
3992949 4178427
33056890 33056892
33056891 33056893
33057003 33057005
33057004 33057006
3992229 4176782
3993541 4179459
3575314 3910450
3613846 3936741
3262754 3703261
3262755 3703274
3262756 3703298
3262757 3703308
3262758 3703320
3262759 3703340
3262760 3703344
3262761 3703370
3262762 3703403
3262763 3703411
3262764 3703433
3262765 3703438
3262766 3703447
3262767 3703456
3262768 3703476
3262769 3703480
3262770 3703513
1832895 2639138
3262771 3703529
3262772 3703540
3262773 3703544
3262774 3703551
3262775 3703555
3262776 3703560
3262777 3703581
3262778 3703585
3262779 3703594
3262780 3703634
3262781 3703659
3262782 3703678
3262783 3703684
3262784 3703696
3262785 3703701
3262786 3703773
3262787 3703780
3465776 3837958
3465963 3839405
4078018 4232326
3465967 3839418
3465939 3839197
3465863 3838863
3465940 3839212
3465941 3839219
3465907 3838954
3465968 3839420
4078947 4233327
3993423 4179348
4078529 4233129
3837805 4077899
3993447 4179372
3992067 4176342
3465788 3838052
3783258 4037798
3783259 4037802
4078019 4232332
3783260 4037811
3465908 3838978
3783261 4037812
3613897 3937117
3465789 3838054
4037441 4205258
4078023 4232334
4037411 4205228
3993070 4178693
3992722 4178107
3993448 4179374
3993155 4178942
3993156 4178944
3993118 4178804
3465970 3839434
4079060 4233469
4079063 4233471
4079064 4233477
4079065 4233478
4079066 4233479
3993449 4179375
3993450 4179376
3993452 4179377
3993453 4179378
4037412 4205229
3783262 4037817
4037413 4205230
4037442 4205259
4078039 4232339
3783263 4037819
4078040 4232340
3783264 4037821
3783265 4037835
3465909 3838994
3783266 4037837
4078041 4232341
4078042 4232342
3783267 4037838
4078043 4232343
4078046 4232344
3465864 3838865
3783268 4037844
3993119 4178806
3993055 4178626
3992477 4177529
3993120 4178808
3992723 4178108
3993454 4179380
3993071 4178694
3992502 4177670
3993121 4178812
3993455 4179382
3993456 4179384
3992724 4178109
3993157 4178945
3262831 3704107
3993122 4178814
3993158 4178947
3992725 4178110
3993457 4179388
3993123 4178821
3993458 4179389
3993459 4179390
3993460 4179391
3993461 4179392
3993462 4179393
3993072 4178695
3993073 4178697
3993463 4179394
3993464 4179395
3993465 4179396
3993466 4179397
3993467 4179398
3993124 4178824
3992503 4177672
3384662 3782965
3937322 4142643
3783269 4037847
3613925 3937355
3839126 4078728
3613847 3936766
3993299 4179185
4037414 4205231
3783246 4037762
4037415 4205232
3783247 4037770
3783248 4037772
4037416 4205233
3992504 4177675
3937323 4142648
4037417 4205234
4037418 4205235
4037419 4205236
3839127 4078730
4037420 4205237
4037421 4205238
4037422 4205239
4037423 4205240
4037424 4205241
4037425 4205242
4037426 4205243
4037428 4205244
4037429 4205245
4037430 4205248
4037431 4205249
4037432 4205250
4037433 4205251
4037434 4205252
4037435 4205253
4037436 4205254
4037437 4205255
4037438 4205256
3783249 4037773
4037439 4205257
3613926 3937372
3993487 4179404
3613898 3937149
3992896 4178327
3993074 4178699
3262788 3703803
3993075 4178700
3993076 4178702
3992726 4178115
3783253 4037785
3992727 4178116
3992051 4176296
3992478 4177534
3992479 4177536
3993077 4178703
3992728 4178117
3992480 4177543
3993078 4178705
3783472 4038185
3783473 4038192
3992729 4178118
3783474 4038197
3993079 4178708
3993080 4178713
3993081 4178714
3993082 4178715
3992730 4178119
3992731 4178120
3992732 4178121
3993083 4178716
3993084 4178717
3993085 4178718
3993086 4178721
3993087 4178722
3993088 4178723
3993089 4178724
3783254 4037787
3993090 4178725
3993091 4178726
3993092 4178727
3993093 4178728
3993094 4178729
3993095 4178730
3993096 4178731
3993097 4178732
3993098 4178733
3262789 3703816
3992418 4177347
3838165 4078129
3992167 4176581
3262790 3703826
3992733 4178122
3992420 4177349
3262791 3703827
3992734 4178123
3783475 4038200
3262792 3703853
3992735 4178125
3992736 4178126
3384495 3782563
3262793 3703857
3384496 3782564
3992158 4176565
3992737 4178129
3992738 4178130
3992739 4178131
3782523 4037026
3992740 4178132
3262794 3703884
3992741 4178135
3783476 4038210
3992742 4178136
3262795 3703911
3992743 4178137
3262796 3703924
3992038 4176272
3992744 4178138
3992168 4176582
3992169 4176583
3992170 4176584
3992171 4176585
3992746 4178139
3992747 4178140
3992748 4178141
3992749 4178142
3992750 4178143
3992751 4178144
3992752 4178145
3992753 4178146
3992754 4178147
3992755 4178148
3992756 4178149
3992757 4178150
3992758 4178151
3992759 4178152
3992760 4178153
3992761 4178154
3992762 4178155
3992763 4178156
3992764 4178157
3992765 4178158
3992766 4178159
3384828 3783496
3384829 3783500
3262797 3703926
3262798 3703932
3384663 3782972
4037443 4205260
3783190 4037642
4037444 4205261
3614031 3937820
3783191 4037644
3384664 3782974
3993583 4179539
4037445 4205263
3992427 4177359
3613987 3937641
3613899 3937153
3993732 4179737
3613900 3937158
3613848 3936773
3783231 4037751
4037446 4205264
3613988 3937642
3613901 3937161
3783250 4037778
3614032 3937823
4037447 4205265
4037448 4205266
4037449 4205267
4037450 4205268
4037451 4205269
4037452 4205270
4037453 4205271
4037454 4205272
4037455 4205273
4037456 4205275
4037457 4205276
4037458 4205277
3993761 4179796
4037459 4205278
4037461 4205281
4037462 4205282
4037463 4205283
4037464 4205284
3783192 4037645
3384665 3782975
3613902 3937163
3613770 3936050
3613903 3937166
3613793 3936216
3614003 3937730
3384753 3783382
3384747 3783344
3613989 3937643
3384666 3782979
3783171 4037592
3783193 4037646
3783194 4037647
3384667 3782980
3783195 4037648
3783196 4037650
3384262 3781317
3384668 3782981
3783197 4037651
3614047 3937922
3613904 3937174
3783198 4037652
3783199 4037653
3384669 3782982
3613927 3937375
3782995 4037469
3783200 4037654
3783201 4037655
3783202 4037656
3783203 4037657
3783204 4037658
3783205 4037659
3783206 4037660
3783207 4037661
3614004 3937735
2817423 3384883
2817215 3384738
3384670 3782993
3614005 3937746
3384748 3783354
3783208 4037664
3262799 3703934
3783672 4038470
3992172 4176586
3992173 4176587
3262800 3703935
3384497 3782567
3262801 3703941
3262802 3703956
3992174 4176588
3992175 4176589
3384498 3782579
3992176 4176590
3992177 4176592
3992178 4176594
3262803 3703959
3262804 3703969
3992122 4176503
3262805 3703970
3992179 4176595
3992180 4176596
3992181 4176597
3992182 4176598
3992183 4176600
3992184 4176601
3992185 4176602
3992186 4176603
3992187 4176604
3992188 4176605
3992189 4176606
3992190 4176607
3992191 4176608
3992192 4176609
3992193 4176610
3992194 4176611
3992195 4176612
3992196 4176613
3992197 4176614
3992198 4176615
3384499 3782583
3782524 4037027
3262806 3703978
3992199 4176620
3783673 4038473
3782996 4037470
3782997 4037471
3613771 3936054
3782998 4037472
3384672 3783016
3613849 3936779
3782999 4037478
3783000 4037480
3783001 4037481
3783002 4037482
3384673 3783022
3384674 3783023
3783003 4037484
3783004 4037485
3783005 4037486
3783006 4037487
3783007 4037488
3783008 4037489
3783009 4037490
3384675 3783033
3384263 3781323
3384676 3783041
3783010 4037495
3384749 3783358
3613794 3936218
3783011 4037501
3783012 4037505
3262849 3704346
3783215 4037735
3992335 4177076
3992223 4176733
3936312 4142385
3262807 3703985
3783211 4037698
3262835 3704139
3783212 4037717
3992336 4177079
3262808 3703998
3262809 3704004
3262810 3704016
3262811 3704020
3262812 3704022
3262813 3704029
3262814 3704030
3262815 3704046
3262816 3704047
3262817 3704048
3262818 3704049
3262819 3704052
3262822 3704053
3262823 3704054
3262824 3704057
3262825 3704062
3262826 3704064
3262827 3704069
3262828 3704076
3384677 3783054
3384678 3783057
3384679 3783058
3384680 3783061
3384681 3783063
3384682 3783065
3384683 3783069
3384684 3783070
3384685 3783072
3384686 3783074
3384687 3783075
3384688 3783076
3384689 3783090
3384690 3783091
3384691 3783092
3384692 3783093
3384693 3783099
2058082 2817232
3384311 3782036
3384694 3783102
3384695 3783106
3384696 3783116
3384697 3783120
3384698 3783122
3384699 3783124
3384700 3783126
3384701 3783127
3384702 3783128
3384703 3783129
3384704 3783130
3384264 3781340
3384705 3783140
3384706 3783149
3384707 3783158
3384708 3783163
3384709 3783164
3993496 4179416
3262842 3704218
3613795 3936232
4036348 4204060
3783166 4037579
3783167 4037586
3613796 3936244
3993687 4179681
3783168 4037591
3992230 4176808
3992231 4176811
3704033 3993377
3384500 3782584
3384501 3782586
3384502 3782590
3384503 3782591
3384504 3782593
3384505 3782594
3384506 3782595
3384507 3782601
3384508 3782607
3384509 3782609
3384510 3782610
3384511 3782611
3384512 3782612
3384472 3782334
3384513 3782613
3262833 3704114
3384514 3782622
3384515 3782626
3384516 3782628
3384517 3782629
3384518 3782630
3384519 3782631
3384520 3782632
3384521 3782633
3384473 3782336
2058007 2817031
3384522 3782635
3384523 3782638
3384524 3782639
3384525 3782640
3384526 3782641
3384527 3782643
3384528 3782645
3384529 3782646
3384530 3782647
3384474 3782347
3384531 3782648
3384532 3782656
4036634 4204478
4036605 4204416
3993552 4179473
3993682 4179667
3384312 3782043
4036438 4204158
4142213 4279717
4036528 4204270
3993641 4179614
3993397 4179306
4036393 4204112
3993637 4179606
3993642 4179615
4036558 4204302
3782525 4037028
4036244 4203877
3993563 4179493
3384756 3783422
3384765 3783439
33262322 33262323
3783657 4038434
3384769 3783446
4203869 4318900
3384771 3783448
3384770 3783447
3262843 3704249
3384265 3781346
3384307 3782007
3613797 3936262
3993712 4179723
4204582 4319162
4318940 4394896
3993683 4179672
3839128 4078736
3783270 4037849
3839129 4078738
3613928 3937387
3783271 4037851
3839130 4078740
3783272 4037854
3839131 4078751
3839132 4078754
3839133 4078756
3783273 4037870
3839134 4078762
3783274 4037887
3839135 4078764
3839136 4078770
3783275 4037892
3839137 4078774
3783276 4037897
3465926 3839155
3839138 4078776
3613905 3937196
3839139 4078785
3839140 4078792
3838848 4078555
3465910 3839027
3613906 3937229
3838849 4078563
3838831 4078544
3839141 4078795
3839142 4078798
3613850 3936790
3465865 3838876
3839143 4078806
3613851 3936804
3613907 3937246
3839144 4078809
3839145 4078815
3839146 4078826
3783277 4037899
3783278 4037901
3783279 4037903
3993734 4179739
3465866 3838879
3993735 4179741
3992533 4177799
3838915 4078652
3465911 3839062
3783280 4037905
3993736 4179745
3262850 3704371
3993737 4179750
3992505 4177678
3465912 3839084
3465867 3838895
3783281 4037914
3465913 3839096
3993738 4179752
3993739 4179757
3993740 4179761
3993741 4179765
3465914 3839102
3783282 4037920
3993742 4179768
3993743 4179770
3465942 3839290
3993159 4178953
3993160 4178956
3992459 4177428
3992770 4178166
3992481 4177545
3992897 4178329
3992068 4176350
3992069 4176354
3993161 4178958
4078261 4232686
3993125 4178826
3992543 4177818
3838900 4078590
3993126 4178829
3992537 4177814
3993056 4178632
3993162 4178963
3993163 4178965
3993127 4178831
3993128 4178833
3992460 4177441
3993164 4178968
3993165 4178973
3993129 4178835
3993166 4178975
3838901 4078597
3993057 4178639
3992506 4177685
3992507 4177693
3993058 4178642
3992898 4178333
3993167 4178980
3993059 4178645
3993060 4178647
3992931 4178390
3992482 4177556
3783674 4038519
3993168 4178983
3465971 3839466
3838902 4078616
3839475 4079189
3992899 4178336
3993169 4178987
3992508 4177696
3993113 4178751
3993130 4178839
4078645 4233176
4078646 4233180
3992900 4178342
3384475 3782355
3384476 3782367
3384477 3782377
3384478 3782384
3384479 3782389
3384480 3782403
3384481 3782425
3384482 3782440
3384483 3782446
3384484 3782461
3384485 3782465
3384486 3782470
3384487 3782489
3384488 3782494
3384489 3782499
3384490 3782504
3384491 3782514
3384750 3783364
3613798 3936269
3613799 3936299
3614013 3937782
3613800 3936337
3613801 3936356
3613802 3936372
3993638 4179608
3936203 4142307
3613803 3936391
3613804 3936417
3613805 3936425
3936204 4142328
3993573 4179521
3613806 3936432
3614014 3937785
3992256 4176926
3993564 4179503
3613807 3936450
3613808 3936455
3613772 3936068
3262844 3704272
3613809 3936473
3613810 3936476
3613929 3937401
3783210 4037686
3613990 3937646
3384533 3782660
3992654 4178017
33274166 33274167
3384830 3783507
3384754 3783411
3613908 3937248
3613909 3937252
3613910 3937258
3613911 3937260
3613912 3937272
3613852 3936818
3613853 3936843
3613811 3936487
3613913 3937276
3613854 3936855
3613914 3937282
3613915 3937288
3613916 3937299
2459790 3138576
3613773 3936089
3613812 3936509
3613813 3936516
3613917 3937304
3613918 3937308
3613919 3937311
3613920 3937317
3613921 3937320
3992232 4176813
3992233 4176817
3992234 4176828
3992235 4176832
3782872 4037324
3575315 3910474
3992236 4176836
3783414 4038095
3992237 4176847
3384565 3782851
3992238 4176850
3992213 4176679
3992239 4176866
3992240 4176871
3992241 4176878
3992242 4176886
3992243 4176892
3384566 3782855
3992244 4176905
3992245 4176909
3992246 4176911
3937477 4142726
3992247 4176913
3992248 4176917
3937618 4142820
3613930 3937403
3937619 4142823
3937620 4142827
3937621 4142829
3613855 3936884
3993744 4179772
3992428 4177360
4037465 4205285
4037466 4205286
3937324 4142651
3614033 3937824
4078682 4233197
4038081 4205493
3992429 4177364
3790331 4042063
3992461 4177445
3992337 4177095
3992338 4177104
3384266 3781405
3384267 3781435
3384268 3781445
3384269 3781460
3384270 3781467
3384271 3781474
3384272 3781479
3384273 3781516
3384274 3781535
3384275 3781539
3384276 3781552
3384277 3781572
3384278 3781577
3384279 3781585
3384280 3781601
2057942 2816821
3384281 3781632
3384282 3781695
3384283 3781702
3384284 3781708
3384285 3781715
3384286 3781720
3384287 3781733
3384288 3781766
3384289 3781793
3384290 3781821
3384291 3781837
3384292 3781853
3384293 3781881
3384294 3781892
3384295 3781897
3384296 3781903
3384297 3781911
3384298 3781947
4036190 4203787
4037115 4205017
3384534 3782668
4037116 4205018
4036822 4204750
4037564 4205362
4037565 4205363
4123651 4265922
3993612 4179557
3993671 4179654
3384342 3782265
4036178 4203775
4036936 4204838
4036937 4204839
4302723 4384259
3993398 4179308
3993406 4179329
3992967 4178477
4179513 4303337
3993695 4179695
3993688 4179683
3993390 4179288
3993393 4179298
4037566 4205364
4036674 4204523
3992950 4178430
4036710 4204561
4037567 4205365
4302724 4384260
3993707 4179712
3993532 4179449
4302725 4384261
4302726 4384262
3993407 4179331
3384302 3781960
3384535 3782674
3782526 4037030
3384871 3783655
3384924 3783719
3384907 3783709
4036950 4204850
3384303 3781963
3384304 3781965
3993411 4179337
3993385 4179274
4205164 4319488
3993408 4179332
3993701 4179703
3993696 4179698
4036463 4204197
3384337 3782247
3993613 4179560
4036893 4204810
4036816 4204740
4036675 4204531
3993553 4179476
4123660 4265927
4302722 4384258
4142675 4279959
4036711 4204565
33282148 33282150
3384571 3782876
4037167 4205086
3384305 3781993
3993009 4178528
4037168 4205088
4036692 4204552
4037169 4205089
3992127 4176512
4037170 4205090
3384553 3782739
4036712 4204566
4036670 4204509
4036713 4204568
4036714 4204569
3992682 4178046
4142497 4279883
3993027 4178560
3613856 3936887
3613857 3936893
3613814 3936522
3613815 3936548
3613858 3936902
3613816 3936553
3613817 3936559
3613818 3936576
3613859 3936906
3613860 3936913
3613861 3936915
3613862 3936918
3613863 3936930
3613864 3936937
3613865 3936942
3613866 3936947
3613867 3936954
3613819 3936578
3613868 3936996
3613820 3936593
4036260 4203939
4279778 4369223
4036276 4203957
3992529 4177794
3993574 4179527
3993369 4179257
3993394 4179302
4142443 4279839
4205405 4319590
3993565 4179512
3993614 4179563
3993570 4179516
3993533 4179450
3993692 4179689
3993527 4179443
3262836 3704152
3993528 4179445
3993529 4179446
3993311 4179198
3993370 4179259
3992165 4176579
3992802 4178199
3992803 4178201
3613774 3936093
33283383 33283385
3937673 4142871
3262845 3704289
3992204 4176631
3993572 4179519
3993615 4179566
3993689 4179687
3992339 4177114
3992696 4178072
3937760 4142901
3613931 3937438
3992257 4176930
3992150 4176538
3992224 4176743
3992258 4176934
3992340 4177119
3992214 4176693
3992341 4177122
3992159 4176570
3992215 4176700
3992430 4177366
3992203 4176625
3992216 4176707
3992342 4177126
3992070 4176356
3992431 4177371
3992861 4178253
3993334 4179233
3992951 4178438
3992217 4176712
3992160 4176575
3992343 4177128
4036671 4204513
3992952 4178441
3613932 3937441
3993745 4179775
3613933 3937443
3613934 3937449
3614034 3937840
3993746 4179777
3993747 4179779
3992462 4177448
3993748 4179781
3993749 4179785
3992509 4177698
3992463 4177450
3783209 4037682
3783283 4037925
3993750 4179787
3992464 4177457
3993751 4179789
3783284 4037933
3992697 4178085
3993616 4179568
3993617 4179572
3993618 4179576
3993619 4179579
3384755 3783417
4036672 4204516
3783700 4038602
4303285 4384725
4036742 4204618
3384313 3782058
33284667 33284668
4205701 4319718
4205046 4319432
4036738 4204612
4303403 4384771
3993672 4179656
4037171 4205092
4123685 4265940
4036401 4204125
3782235 4036886
3992655 4178018
4037122 4205029
3384536 3782677
4037123 4205030
3993546 4179464
3993705 4179708
4205173 4319494
4036678 4204537
4036679 4204539
4037133 4205044
3839324 4078944
4036680 4204540
4142910 4280073
4204816 4319291
4233314 4339756
3993697 4179699
3993386 4179277
3993547 4179468
4233217 4339709
4179318 4303275
3783477 4038214
3783478 4038228
3783479 4038233
3783480 4038240
3783481 4038243
3783482 4038245
3783483 4038253
3783484 4038265
3783485 4038269
3783486 4038275
3783487 4038284
3783488 4038294
3384831 3783512
3783489 4038306
3783490 4038334
3783491 4038336
3384832 3783518
3783213 4037727
3992344 4177130
3992345 4177132
3262851 3704381
3992901 4178345
3992510 4177703
3992107 4176488
3992346 4177135
3992347 4177137
3992348 4177139
3992349 4177145
3992350 4177150
3384833 3783545
3992351 4177156
3992352 4177162
3992353 4177167
3993106 4178741
3992354 4177169
3993131 4178843
3993132 4178855
3992395 4177266
3992483 4177560
3993133 4178858
3993134 4178860
3992416 4177339
3992484 4177570
3992485 4177573
3993135 4178865
3993136 4178872
3993137 4178887
3992486 4177577
3993138 4178890
3993139 4178894
3993140 4178899
3992487 4177580
3992413 4177312
3992488 4177606
3993141 4178904
3992071 4176373
3992072 4176391
3614006 3937751
3613935 3937453
3613991 3937656
3613775 3936101
3613936 3937458
3613937 3937466
3613776 3936107
3613777 3936112
3613778 3936126
3613992 3937667
3613993 3937672
3992432 4177375
3992465 4177459
3992466 4177469
3992467 4177473
3992468 4177475
3992469 4177491
3992470 4177493
3992471 4177496
3992310 4177019
3613938 3937476
3992472 4177505
3992355 4177173
3613869 3937001
3937622 4142836
3992473 4177508
3936966 4142573
3992474 4177510
3992475 4177512
3613779 3936135
3613994 3937678
4303286 4384727
4233214 4339706
3993412 4179340
4303287 4384728
4303289 4384729
4036823 4204751
4036681 4204541
4036688 4204546
4233218 4339710
4319026 4394957
4319027 4394958
4303291 4384730
4036980 4204880
4233220 4339712
4233207 4339694
3992644 4178010
3992097 4176465
3992098 4176466
4036195 4203791
3384314 3782069
3384315 3782079
4036976 4204874
4036596 4204405
4037541 4205333
3993276 4179156
3992936 4178397
3993648 4179621
3838302 4078197
4036974 4204871
4036975 4204872
4302719 4384256
4302720 4384257
4036197 4203797
4142458 4279851
3993559 4179482
4036668 4204503
4036669 4204505
3384537 3782679
3992264 4176950
3992208 4176646
3993534 4179451
3993659 4179646
4036667 4204500
3992780 4178174
3993387 4179279
33291701 33291703
33291704 33291705
33291706 33291707
3782527 4037031
4036529 4204274
3782529 4037033
3782530 4037034
33291708 33291709
3781995 4036695
4036673 4204520
4078634 4233157
4078635 4233159
3465891 3838913
4078637 4233165
4078641 4233169
4079164 4233529
3465871 3838897
2192901 2930296
3465915 3839105
4037283 4205159
4037284 4205160
33292941 33292942
4036439 4204161
4142902 4280070
4179660 4303404
3993399 4179310
4078994 4233436
4078980 4233423
3992356 4177178
3993708 4179715
3384538 3782684
3384539 3782687
3384540 3782690
3384541 3782691
3384542 3782692
3384543 3782694
3384544 3782695
3384545 3782696
3384546 3782700
3384547 3782702
3384548 3782708
3384549 3782715
3384550 3782719
3384551 3782721
33300520 33300524
33300527 33300528
3838905 4078621
3465916 3839118
3838906 4078623
3992357 4177180
3783569 4038372
3992630 4177994
3992902 4178347
3992903 4178360
3992358 4177181
3992219 4176724
3992489 4177622
3992052 4176301
3992073 4176399
3992359 4177182
3937312 4142637
3992904 4178361
3992573 4177874
3992905 4178363
3992906 4178366
3992566 4177859
3992151 4176551
3783675 4038524
3992574 4177875
3992907 4178367
3992575 4177884
3992908 4178368
3992576 4177886
3992577 4177887
3992360 4177193
3992909 4178369
3992361 4177195
3992311 4177024
3992262 4176945
3992490 4177627
3992491 4177630
3992910 4178370
3992544 4177819
3992578 4177888
3992579 4177889
3992580 4177890
3992911 4178371
3992581 4177903
3992912 4178372
3992913 4178373
3992252 4176918
3992492 4177634
3992582 4177904
3992914 4178374
3992583 4177905
3992074 4176400
3992915 4178375
3992584 4177906
3992220 4176725
3992585 4177926
3992362 4177200
3992916 4178377
3992586 4177927
3992925 4178382
3992926 4178384
3992399 4177275
3992927 4178386
3992928 4178387
3992363 4177204
3992588 4177933
3992589 4177934
3992929 4178388
4036984 4204887
4037191 4205118
33306726 33306727
4319462 4395251
33306728 33306729
4037086 4204995
4038628 4205716
33307217 33307219
4037214 4205132
4302765 4384292
4178908 4303196
33307221 33307222
33307223 33307225
3937325 4142653
3790332 4042067
3613995 3937695
3937326 4142655
3937327 4142657
3614035 3937894
3937328 4142659
3937329 4142661
3937330 4142665
3992511 4177706
3992512 4177708
3993061 4178649
3993062 4178651
3838907 4078631
3993063 4178656
3992513 4177710
3993064 4178659
3993065 4178661
3992303 4177008
3993066 4178663
3993067 4178666
3993068 4178668
3992493 4177637
3992037 4176270
3992053 4176304
3992075 4176418
3992494 4177642
3992495 4177644
3992496 4177646
3992497 4177654
3992076 4176424
3992498 4177658
3992039 4176281
3992499 4177663
3992500 4177665
3992501 4177667
3992514 4177712
3992515 4177714
3992516 4177716
3992517 4177718
3992518 4177721
3992519 4177724
4036231 4203855
3613939 3937483
3613940 3937487
3992534 4177802
4036344 4204054
3613941 3937489
3992590 4177936
3613942 3937499
3992570 4177871
4036345 4204056
4036354 4204067
3613943 3937501
3993629 4179590
3993630 4179591
3384316 3782082
4178246 4303020
4036715 4204574
4036403 4204129
4204591 4319171
4036548 4204291
4384498 4441399
4384499 4441400
4384500 4441401
4303319 4384744
4233208 4339696
4233209 4339698
4303320 4384745
4302634 4384209
4179319 4303278
4205171 4319493
4036829 4204760
4205021 4319415
4319103 4394997
4233219 4339711
4303321 4384747
3838832 4078546
3783285 4037934
3993170 4178988
4036417 4204145
3782882 4037340
3782441 4036971
3782531 4037035
4036387 4204102
33321892 33321893
3993325 4179220
4038415 4205638
3992433 4177376
3993684 4179675
3782259 4036907
4123653 4265923
3783667 4038451
3993560 4179485
3613780 3936143
3384338 3782252
3384904 3783704
3262837 3704163
3992265 4176956
3992266 4176958
3384332 3782239
4036831 4204764
3782260 4036909
3613821 3936601
3613822 3936602
4036616 4204428
4036179 4203776
3384554 3782754
3384555 3782759
3384556 3782766
3384557 3782769
3384558 3782772
3384559 3782796
3384560 3782800
3384561 3782802
3384562 3782812
3384563 3782818
2058223 2817542
3384564 3782826
3384317 3782114
3384318 3782126
3384319 3782130
3384320 3782141
3384320 3782142
3384321 3782147
3384322 3782156
3384323 3782159
3384324 3782180
3384325 3782189
3384326 3782199
3384327 3782209
3384328 3782225
3384329 3782234
3992683 4178052
4036436 4204155
4036600 4204409
4036210 4203828
4036239 4203871
3992953 4178445
3992954 4178448
3992955 4178450
3992956 4178452
3992957 4178455
3992958 4178462
3992391 4177262
3992959 4178465
3993012 4178540
4036247 4203883
3992209 4176651
3993554 4179478
4303215 4384660
4302931 4384434
4448932 4488465
4448933 4488467
33325723 33325725
4319175 4395029
4319176 4395030
4205022 4319417
4303322 4384748
4409045 4458186
4409046 4458187
4303323 4384749
4319263 4395075
4036810 4204735
4205023 4319418
4319106 4394998
4319107 4394999
4319108 4395000
4319109 4395001
33326094 33326095
4232105 4339209
3839663 4079325
3993469 4179399
33326764 33326765
3993221 4179101
3992527 4177788
3465830 3838435
3993515 4179440
3613944 3937510
3613945 3937513
3262852 3704396
3613946 3937514
3613870 3937006
4078047 4232345
3262853 3704401
3937531 4142799
4077636 4231946
3465977 3839533
4077637 4231966
3993171 4178995
4078368 4232838
4078183 4232561
4079251 4233570
3993172 4179019
4078489 4233086
3993173 4179020
3993174 4179021
4205545 4319638
4078374 4232850
4205657 4319690
3937532 4142800
3465791 3838077
3783286 4037937
3839158 4078827
4078326 4232773
4078351 4232807
4078470 4233064
3992520 4177727
3783287 4037967
4078905 4233300
3937801 4142919
4078375 4232851
3465980 3839576
3992077 4176430
4078376 4232852
4078377 4232853
3992364 4177206
4302585 4384190
3993176 4179022
3992400 4177277
4205658 4319691
4205659 4319698
3992078 4176435
4038054 4205467
3465840 3838821
3465981 3839582
4078362 4232815
4078363 4232817
4078497 4233100
4078837 4233246
4038086 4205499
3992521 4177748
3614018 3937796
4142526 4279907
4078378 4232855
4042069 4207182
3992522 4177769
3992523 4177778
4078412 4232908
4279997 4369292
4339503 4408972
4078327 4232774
4078331 4232780
4078332 4232781
4280008 4369299
4280014 4369300
4280015 4369301
4078408 4232904
4078423 4232917
4078424 4232920
3465793 3838081
3465832 3838445
3465984 3839590
3465794 3838111
4079078 4233490
3992047 4176291
3783676 4038527
3384834 3783550
3384925 3783721
3992095 4176459
3992096 4176464
3783288 4037970
3783289 4037976
3937752 4142886
3782270 4036913
3781948 4036663
3465986 3839634
3838918 4078657
3993177 4179025
3993178 4179026
3993222 4179102
3993537 4179452
3992434 4177379
3993108 4178746
4142540 4279916
3613871 3937008
3992781 4178175
3992259 4176942
4037542 4205335
4078057 4232350
3992435 4177382
3613947 3937529
4078228 4232636
4279950 4369279
4079256 4233575
4205551 4319643
4177267 4302853
3992099 4176467
3992626 4177991
3992626 4177992
3992048 4176293
4177268 4302854
3992049 4176294
3783677 4038533
4205546 4319639
3992079 4176438
3992417 4177340
3992526 4177781
3993287 4179173
3783697 4038592
3992960 4178467
3992636 4177998
3384846 3783607
3992274 4176967
3992275 4176968
3992276 4176969
3992100 4176470
3783699 4038597
3992125 4176510
3992615 4177979
3992130 4176517
3465834 3838508
3838840 4078550
4078439 4232924
4078441 4232925
4142929 4280081
3993766 4179799
4038073 4205482
4142537 4279913
3614036 3937896
3613996 3937696
4038089 4205505
3613872 3937012
3614037 3937898
3613997 3937698
3614038 3937901
3613948 3937534
3937753 4142887
3937754 4142888
3614027 3937815
3613873 3937013
4036232 4203857
4036520 4204266
4036513 4204248
3614012 3937759
4036183 4203781
4036395 4204118
4036180 4203778
3384334 3782242
4036462 4204196
4036486 4204219
4036487 4204223
3992410 4177305
4078693 4233204
4233149 4339684
3993179 4179027
3993180 4179028
4038246 4205556
4079260 4233576
4079260 4233577
4078658 4233183
3992401 4177279
3992327 4177048
3783678 4038538
3937404 4142689
3992404 4177284
3992405 4177285
3992406 4177287
3992992 4178513
4177288 4302857
4177289 4302858
3992571 4177872
4205576 4319651
4205577 4319652
4205387 4319582
3992567 4177861
4038343 4205578
3993223 4179103
4179690 4303407
4142420 4279829
3993512 4179437
3992328 4177049
3992329 4177055
3704034 3993379
3992530 4177795
3992206 4176632
3992207 4176633
3993270 4179152
3992549 4177824
3992698 4178086
4036541 4204282
3992562 4177844
3992699 4178087
4036603 4204412
4142488 4279880
3992270 4176961
3992842 4178233
3782856 4037231
3782857 4037250
3782858 4037254
3782859 4037255
3782860 4037272
3384568 3782866
3384569 3782870
3782873 4037327
3782874 4037335
4036977 4204875
4036954 4204854
4036955 4204855
3992961 4178468
3992962 4178469
3992963 4178471
3992964 4178472
3992965 4178473
3992966 4178474
3992968 4178485
3992969 4178489
3992970 4178491
3992971 4178493
3992972 4178495
3384847 3783614
3992318 4177030
3992319 4177031
4078114 4232435
4078659 4233184
3993753 4179793
4078709 4233221
3614039 3937905
4142639 4279951
4142561 4279923
4142416 4279825
3992591 4177938
3613949 3937535
3614019 3937800
4142730 4279985
4078282 4232724
3613874 3937018
3614040 3937908
3992535 4177804
4036389 4204106
4036390 4204107
3613950 3937536
3613875 3937023
3614015 3937787
3993729 4179735
3613951 3937547
4036257 4203899
4036258 4203936
4036259 4203938
4036262 4203940
3613823 3936605
3613876 3937025
4036263 4203942
4036184 4203783
4036264 4203944
4036265 4203945
3613824 3936612
3613825 3936617
3613826 3936625
4036489 4204224
3992436 4177384
4036273 4203955
4036288 4203966
3993713 4179724
4204114 4318978
4204115 4318979
4036266 4203947
4036267 4203948
4204116 4318981
4204117 4318982
4142241 4279736
4036268 4203950
4036269 4203951
4036270 4203952
4036271 4203953
4036588 4204365
4036514 4204249
4036589 4204370
4036404 4204131
4036755 4204642
4036440 4204163
4037535 4205331
4037536 4205332
4078690 4233203
3465987 3839638
4078843 4233250
4038083 4205495
4078671 4233191
4078710 4233222
4078711 4233223
4078665 4233187
4142935 4280082
4142937 4280086
3992555 4177831
4142397 4279808
3992528 4177793
4036272 4203954
3937790 4142914
3992271 4176962
4036379 4204073
4036590 4204372
3993028 4178566
4036282 4203960
3613781 3936159
3992437 4177397
3992550 4177826
4036274 4203956
4037556 4205357
3993046 4178616
3993652 4179636
3993038 4178602
3993714 4179725
4036591 4204377
4123655 4265924
4123656 4265926
3992790 4178190
3993673 4179657
3992054 4176306
3992768 4178162
3783679 4038541
4176994 4302762
4036987 4204889
3992568 4177864
3992128 4176513
3992113 4176494
4302756 4384284
4204968 4319397
3992791 4178192
4204969 4319398
4037065 4204971
3992155 4176560
4037066 4204973
4142536 4279912
4369280 4431041
4142421 4279831
4036549 4204294
4036872 4204799
4036873 4204800
4204726 4319254
4036491 4204225
4318999 4394928
4078670 4233190
4233140 4339655
3993181 4179030
4205426 4319594
3993224 4179104
3993225 4179105
4142590 4279933
4036778 4204684
4142481 4279873
4319081 4394993
3993029 4178568
3993030 4178574
4037222 4205136
4036562 4204311
4036450 4204178
4036560 4204304
3993381 4179267
4179262 4303254
3993382 4179268
4179263 4303255
4179264 4303256
4036609 4204420
3993383 4179269
3993035 4178595
3993384 4179271
4078464 4233028
4078465 4233029
4078573 4233139
3614048 3937924
4037282 4205158
33327210 33327211
33327212 33327213
3613952 3937550
3613782 3936173
3614049 3937925
4204479 4319099
4036563 4204313
4036656 4204493
4037525 4205320
4303389 4384762
4204227 4319000
4204228 4319001
4204229 4319002
4036493 4204233
4204230 4319003
4204231 4319004
4204232 4319009
4036494 4204234
4036495 4204237
4036496 4204238
4036497 4204239
4036498 4204240
3613998 3937722
3783680 4038542
3613877 3937028
4036640 4204480
4204417 4319086
4036419 4204148
4142698 4279979
4036444 4204171
4303104 4384540
4303105 4384542
4303153 4384579
4303154 4384580
4303155 4384581
4303008 4384489
4303156 4384582
4036641 4204484
3993388 4179283
4036289 4203967
4036610 4204421
4205174 4319496
4384332 4441354
4384378 4441372
3992569 4177866
3783681 4038546
3992161 4176578
3992123 4176506
3992102 4176475
3384575 3782888
4176476 4302600
4176477 4302605
4176478 4302606
4176479 4302611
4036198 4203804
4036838 4204767
4036318 4203986
4302905 4384379
4302914 4384380
4142666 4279953
3992365 4177207
3992221 4176729
3992222 4176730
3992438 4177398
3992253 4176920
3993710 4179720
3993711 4179721
4178618 4303158
3993706 4179710
3993349 4179251
3993049 4178619
3993350 4179252
4037557 4205358
4319504 4395267
4319505 4395270
4319506 4395271
4142422 4279833
4233066 4339637
3992592 4177939
3613827 3936633
3613828 3936634
3613829 3936635
4036817 4204741
4037550 4205353
4037551 4205354
4037552 4205355
4036545 4204288
4037553 4205356
3613830 3936644
3992563 4177845
3992313 4177025
4036504 4204242
4142337 4279781
4036542 4204283
3992980 4178504
4037558 4205359
4037561 4205360
4205552 4319645
4142414 4279822
4142415 4279823
4078520 4233111
3937811 4142921
4142633 4279949
4302589 4384192
4233150 4339685
4078495 4233096
4142586 4279931
4205432 4319597
4205433 4319598
4078505 4233105
4078061 4232351
4142923 4280079
4142938 4280087
4142939 4280088
4079169 4233532
4036196 4203792
3993702 4179705
4036677 4204533
4078982 4233425
4079075 4233487
3992643 4178009
3783682 4038547
3783696 4038586
3384835 3783561
3992044 4176289
3992646 4178011
4042068 4207181
4036177 4203773
4142454 4279848
4142211 4279715
4142209 4279713
4036176 4203772
4036227 4203851
4079118 4233515
3993182 4179031
3993183 4179032
3993226 4179107
4142681 4279962
4205395 4319585
3992366 4177209
3262838 3704169
3993312 4179201
3993531 4179448
3992864 4178259
3993010 4178532
3783294 4037977
4142578 4279926
4078496 4233099
3992593 4177940
3613831 3936645
4142269 4279760
4037515 4205298
4078113 4232434
4077931 4232242
3992536 4177807
3992937 4178399
3262839 3704176
3993555 4179479
3781839 4036598
3992041 4176287
3992277 4176970
4037158 4205083
3992278 4176972
3992131 4176522
4078836 4233245
4036895 4204811
3782236 4036889
4036355 4204068
4079120 4233517
4303052 4384515
4142737 4279988
3993405 4179325
3993326 4179221
3993556 4179480
3992218 4176714
3992267 4176960
4319466 4395254
4319467 4395255
4036964 4204862
4303138 4384566
3993413 4179341
4303139 4384567
3993022 4178551
3993023 4178554
4142462 4279853
4302669 4384247
4302670 4384248
4142391 4279804
4142392 4279805
33327310 33327311
3613832 3936651
4037516 4205299
3993569 4179514
3992564 4177846
4036611 4204422
4036534 4204278
4303390 4384763
4037546 4205342
4036830 4204761
4036515 4204253
3613878 3937042
4036960 4204860
4142243 4279738
4142244 4279741
3993561 4179487
3993395 4179304
4036720 4204580
4279852 4369253
4036721 4204581
3992684 4178057
4233154 4339687
4302859 4384335
3992080 4176446
4037224 4205139
3992042 4176288
3992081 4176451
3992040 4176282
3783683 4038558
4038337 4205574
3992985 4178508
3783684 4038559
3992545 4177820
3783698 4038593
4078069 4232390
4078548 4233130
2835189 3396503
4142400 4279811
4142516 4279894
3614041 3937909
4036398 4204120
4036584 4204358
3993184 4179034
4078698 4233206
4078891 4233277
4279982 4369284
4142418 4279828
4205561 4319647
4205544 4319636
4205379 4319580
3993020 4178548
3992315 4177027
3993277 4179158
4179438 4303316
4038383 4205610
4038384 4205611
3783295 4037981
3838839 4078549
4078676 4233192
4142600 4279942
3993767 4179800
4038084 4205497
3992572 4177873
4038085 4205498
3993663 4179647
3992594 4177942
3992439 4177400
4142538 4279914
4142539 4279915
4036740 4204614
3614022 3937810
3992440 4177404
3993709 4179717
3783296 4038006
4077955 4232271
4142579 4279927
4078924 4233313
3992559 4177835
4142905 4280071
3465990 3839656
4302888 4384368
4279924 4369275
4078911 4233302
3783552 4038369
4205583 4319658
3992635 4177996
3992672 4178033
4038370 4205590
3992225 4176746
3992616 4177981
3992674 4178034
3992675 4178035
3992154 4176559
3992676 4178036
3992156 4176563
3992678 4178038
4078255 4232674
4078116 4232451
3783297 4038008
4036659 4204498
3614042 3937911
4142945 4280107
3992565 4177856
4036321 4204010
4036745 4204620
4078263 4232687
4302935 4384441
4279925 4369276
3993432 4179360
4205585 4319659
3992263 4176946
4178039 4302976
4036601 4204410
4178040 4302980
4178569 4303140
3993031 4178575
3993047 4178617
3992685 4178059
3993014 4178543
4078122 4232453
4078833 4233243
4142620 4279946
4038087 4205501
3613953 3937552
4142592 4279934
3613879 3937044
4036470 4204204
4036602 4204411
4142589 4279932
4038068 4205478
4280061 4369310
4279854 4369254
4280062 4369311
3992686 4178061
4302981 4384467
4078912 4233303
4078490 4233087
4280064 4369312
4178062 4302991
3992688 4178063
3992689 4178064
3384836 3783563
3783701 4038603
3783702 4038604
4142508 4279887
3613954 3937553
4142267 4279758
3613783 3936178
4036191 4203788
4036585 4204359
4079174 4233534
4038248 4205559
4205388 4319583
4205396 4319586
3992595 4177943
4279983 4369285
3993539 4179453
3993109 4178748
33327312 33327313
4142580 4279928
4142581 4279929
4142210 4279714
4142402 4279814
3993280 4179160
4142361 4279795
3614050 3937926
4142403 4279815
4142387 4279802
3993685 4179677
4078666 4233189
4142417 4279827
4177442 4302886
4142560 4279922
3384911 3783715
4302745 4384276
4302994 4384484
4079022 4233462
4232755 4339456
4036967 4204865
4178089 4302993
3992715 4178102
4178092 4302996
3992709 4178093
3992710 4178094
3992817 4178212
4037180 4205107
4037181 4205110
4483187 4515133
4302645 4384235
4409035 4458178
4384369 4441369
4303050 4384513
4303051 4384514
3992640 4178003
3992855 4178244
3992856 4178245
3992874 4178274
4178247 4303021
4178248 4303022
4038411 4205631
3993340 4179239
3992882 4178290
3993343 4179241
3992779 4178170
3992392 4177263
4036762 4204653
3992129 4176515
3992153 4176558
3993328 4179223
3993329 4179225
3613880 3937051
4036551 4204296
4204804 4319285
4036388 4204105
4036546 4204289
4036547 4204290
4036746 4204621
4036716 4204575
4036550 4204295
4395031 4448775
4318896 4394846
4078681 4233194
3993633 4179599
3782271 4036916
4036749 4204626
4036750 4204635
4204637 4319183
4204638 4319184
4204639 4319185
4204640 4319186
4036182 4203780
4036246 4203880
4036208 4203815
4079318 4233626
4079318 4233627
4142551 4279920
4078283 4232725
4142873 4280066
4142449 4279845
3993228 4179111
4178103 4303000
4302995 4384485
3992717 4178105
4302618 4384200
4302619 4384201
4178497 4303115
4303116 4384554
4303117 4384555
3993044 4178611
3993045 4178613
4302671 4384249
4302672 4384250
4319404 4395216
4395217 4448900
4302635 4384212
4233143 4339681
4142473 4279864
4302848 4384326
4302728 4384263
4302729 4384264
4037285 4205161
4037139 4205056
4037139 4205057
4302730 4384265
4205345 4319566
4205346 4319568
4384266 4441344
4384267 4441345
4319565 4395293
4384268 4441346
4384269 4441347
4177313 4302860
4037142 4205058
3992939 4178403
4037143 4205060
4303251 4384712
3993345 4179243
3993577 4179530
4036418 4204146
4036957 4204858
3992977 4178500
3992978 4178502
4232732 4339416
3613881 3937058
4037544 4205337
4205338 4319557
4205339 4319559
4205340 4319561
4205341 4319562
4036592 4204381
4036381 4204096
4394915 4448715
4233147 4339683
3613955 3937554
4142230 4279718
4036464 4204198
3993646 4179619
4205343 4319563
3993634 4179600
4279719 4369197
4279720 4369198
4142232 4279721
4142233 4279722
4038103 4205514
4179592 4303373
4279723 4369199
4279725 4369201
4279726 4369202
4279727 4369203
4279728 4369204
3384761 3783429
4036420 4204149
4036442 4204165
4038421 4205639
3993576 4179529
3613956 3937559
3613784 3936184
4036240 4203873
4036241 4203875
4036802 4204724
4142235 4279729
3839120 4078718
4036857 4204789
3992719 4178106
4036561 4204305
4279855 4369255
4279856 4369258
4303137 4384565
4319220 4395056
4036792 4204708
3993185 4179037
4078491 4233088
4179315 4303269
4037172 4205093
4037286 4205163
4205344 4319564
4036717 4204578
4205347 4319569
4205348 4319570
4205349 4319573
4142329 4279779
4205003 4319409
3613833 3936656
4037100 4205006
4179202 4303248
3993356 4179254
4303200 4384658
4036942 4204845
4036938 4204842
3992157 4176564
3465946 3839306
4142512 4279891
3613882 3937063
4037520 4205307
4037518 4205305
4204243 4319020
3782256 4036902
4204817 4319292
4279900 4369263
4369264 4431038
4474580 4508065
4319015 4394952
4036349 4204062
4079243 4233565
4142514 4279893
3993278 4179159
3993320 4179212
4205670 4319707
4233559 4339812
3993332 4179227
3992441 4177405
3992272 4176963
3993036 4178600
4178533 4303131
3993037 4178601
4384336 4441355
3992367 4177210
4179736 4303414
3993316 4179204
3993321 4179213
4204244 4319021
3614025 3937812
3993674 4179658
4205378 4319579
4037513 4205297
3993324 4179215
3993230 4179112
4204429 4319090
4204583 4319163
4441370 4483193
4384375 4441371
3993294 4179176
4176658 4302668
4178016 4302963
3783639 4038426
4205642 4319682
4205644 4319683
3992858 4178249
3992860 4178250
3992862 4178255
3992863 4178256
3992548 4177822
4036949 4204849
3782878 4037337
3782879 4037338
3384573 3782881
3782883 4037341
3782884 4037343
3992865 4178261
3992866 4178264
4178265 4303029
4038606 4205703
4178266 4303030
4038605 4205702
3992650 4178014
4205035 4319425
3992875 4178277
4037130 4205037
4037131 4205038
4037132 4205040
4177314 4302861
3384848 3783616
3992642 4178006
4037127 4205033
4037128 4205034
3992787 4178179
4279753 4369218
3992869 4178268
3993421 4179345
3993664 4179651
4142259 4279750
3783658 4038435
4142262 4279751
3613785 3936191
4142263 4279752
3384339 3782255
3782257 4036903
3782258 4036905
3782261 4036910
4036255 4203897
4036256 4203898
4036399 4204121
4204725 4319252
4036806 4204727
4036807 4204728
4204729 4319256
4204730 4319257
4204731 4319258
4142630 4279947
4037569 4205367
4037570 4205368
4036228 4203852
4036229 4203853
4036911 4204825
3782267 4036912
3384344 3782268
3384345 3782269
4036896 4204812
3993635 4179601
4036747 4204623
4036827 4204756
4204732 4319259
3783220 4037737
3613786 3936194
3783221 4037740
4142294 4279771
4474565 4508057
4369233 4431022
4037199 4205127
4037087 4204996
3993440 4179367
4233548 4339809
4178393 4303085
4178394 4303086
4037091 4205000
3992210 4176657
3262854 3704403
3262834 3704121
3993504 4179431
4279755 4369219
3783230 4037750
4142470 4279862
4123681 4265938
4142471 4279863
4179316 4303270
3993703 4179706
3993704 4179707
3993391 4179289
4205165 4319489
3993032 4178576
4037288 4205166
4179284 4303262
4179285 4303263
3993039 4178604
3993040 4178605
4303149 4384577
4303284 4384724
4384573 4441411
4384574 4441412
3993041 4178606
4303026 4384501
4303147 4384575
4303148 4384576
3993694 4179692
3993542 4179461
3993698 4179701
4205612 4319668
4205613 4319669
4179317 4303272
4205614 4319670
4037289 4205167
4038386 4205615
4205616 4319671
4303031 4384502
4142238 4279733
4303292 4384731
4179346 4303293
4204772 4319281
4036760 4204649
3262848 3704311
3993579 4179531
3993582 4179535
3783222 4037741
3993585 4179544
3993721 4179729
4142339 4279783
3993669 4179652
4179653 4303402
4142469 4279861
3993722 4179730
4279782 4369224
4123666 4265932
3993649 4179623
3993650 4179624
4279785 4369230
4036516 4204255
3993675 4179659
4204818 4319293
4036818 4204744
4036824 4204752
4142245 4279742
4037290 4205169
4303377 4384753
4037291 4205170
4319261 4395072
4142246 4279744
4142247 4279746
4303378 4384754
4036812 4204736
4036813 4204738
4036819 4204746
4036820 4204747
4036821 4204749
3993400 4179313
4204814 4319289
4179731 4303413
4204815 4319290
4142406 4279820
3993718 4179726
4142452 4279846
4142344 4279786
4179661 4303405
4179662 4303406
4036825 4204753
4204754 4319267
3992390 4177256
4142296 4279774
4369235 4431023
4142353 4279789
3993765 4179798
4036225 4203848
3992114 4176495
3992442 4177407
3993580 4179532
3993261 4179145
3262846 3704293
4279756 4369220
4142266 4279757
4142474 4279865
4142475 4279866
3993401 4179314
4205175 4319497
4037293 4205172
4205176 4319498
3993042 4178609
4303150 4384578
4178620 4303159
4233325 4339764
4142732 4279986
3783640 4038431
3993724 4179732
3993562 4179488
4123663 4265928
4142479 4279869
4142680 4279961
4123667 4265934
4123668 4265935
4303396 4384768
4142355 4279790
4233210 4339699
4233211 4339700
3839073 4078705
4233212 4339701
4233213 4339704
4204592 4319173
4519266 4543398
4519267 4543399
4519268 4543400
3782663 4037119
4205024 4319419
4205025 4319420
4205026 4319422
4395205 4448898
4395206 4448899
4303324 4384750
4303325 4384751
4302636 4384215
4395198 4448893
4204948 4319378
4395199 4448894
4319221 4395058
4303379 4384756
4319222 4395059
4441463 4483254
4319446 4395242
4431029 4474575
4431030 4474576
4431031 4474577
4303133 4384562
4319223 4395061
4204949 4319379
33327812 33327813
3992055 4176308
4384186 4441310
4036757 4204644
4037206 4205128
4036543 4204285
3992872 4178272
3993104 4178739
4179188 4303243
4179191 4303245
3993102 4178735
3783228 4037747
3993341 4179240
4319465 4395253
3992647 4178013
4036951 4204851
4205045 4319431
4179320 4303279
4036999 4204904
3992877 4178280
4205028 4319424
4303056 4384516
4303058 4384518
4303059 4384520
4303074 4384526
3992540 4177816
3992546 4177821
3992105 4176481
3992805 4178202
3992611 4177973
3992806 4178203
3992814 4178210
3992808 4178204
3992809 4178205
3992810 4178206
3992826 4178225
4303013 4384496
3992840 4178229
3992815 4178211
3384837 3783568
3992280 4176973
3992282 4176979
4037077 4204983
3992320 4177032
4036324 4204015
4176980 4302759
3992818 4178215
3992321 4177033
4177041 4302780
3993006 4178523
4177042 4302781
4036612 4204425
4204951 4319381
4204952 4319382
4318910 4394870
4318911 4394871
4177043 4302785
3993146 4178905
4038607 4205704
33327843 33327844
33327845 33327847
3384762 3783431
4318876 4394830
4319539 4395288
4319537 4395286
4038062 4205476
4036209 4203817
3384739 3783238
4036874 4204803
3783659 4038437
4036338 4204051
4036396 4204119
4036726 4204588
4204589 4319168
4204590 4319169
4036878 4204805
4036879 4204807
4036380 4204092
4303078 4384528
4205323 4319550
4142300 4279776
3613787 3936199
3992294 4176986
3992295 4176987
3992850 4178237
3992852 4178239
3993247 4179122
3613834 3936659
4036866 4204791
3992853 4178240
4036359 4204070
4036319 4203999
4036286 4203963
4036320 4204005
4036322 4204011
4204012 4318930
4204013 4318931
4204014 4318933
4318881 4394832
4303122 4384557
4318923 4394882
4394867 4448708
4394868 4448709
4318909 4394869
4205327 4319551
4515143 4540111
4483209 4515144
4302940 4384456
4319538 4395287
4204593 4319174
4036731 4204595
4036732 4204596
4036468 4204202
4384188 4441311
4384189 4441312
3993265 4179148
3993302 4179187
3384856 3783631
4303110 4384549
4319032 4394960
4319033 4394961
3993186 4179038
4179189 4303244
3783685 4038561
3993346 4179244
3993309 4179193
3992368 4177211
3992551 4177828
3992552 4177829
3992553 4177830
4302928 4384433
4037157 4205082
4233321 4339761
4319430 4395229
4303280 4384722
4303281 4384723
3704040 3993404
4179324 4303283
4302855 4384334
3993347 4179245
3993310 4179196
4037073 4204977
3992981 4178505
4303063 4384521
3992556 4177832
3783686 4038563
3992560 4177836
3992108 4176490
4205148 4319473
3783687 4038566
3783688 4038569
3993043 4178610
4205137 4319469
3992296 4176988
3992820 4178216
3992821 4178221
4178223 4303015
4178224 4303016
3992841 4178231
3992613 4177975
3992614 4177977
3992443 4177408
3992843 4178235
3992297 4176989
4037216 4205133
4037217 4205134
4177034 4302766
4177035 4302767
3993005 4178520
3992323 4177038
3992324 4177039
3992325 4177040
4177044 4302786
4037275 4205154
4037276 4205155
4037277 4205156
4037278 4205157
4384312 4441352
4303127 4384560
4302768 4384293
4318912 4394872
4318913 4394873
4384313 4441353
4319470 4395257
4303317 4384742
4142394 4279806
4142395 4279807
3993631 4179594
4232270 4339278
4339653 4409036
3262847 3704295
4038098 4205511
4038098 4205512
3613958 3937567
4142804 4280030
4302746 4384277
4319110 4395002
4037909 4205440
4319111 4395003
4036421 4204150
3384740 3783242
4038102 4205513
4036839 4204768
4036840 4204769
4036841 4204770
4204245 4319022
4142398 4279809
4205647 4319684
4318947 4394906
4318948 4394907
4205648 4319686
4233315 4339757
4233316 4339758
4233317 4339759
4233318 4339760
4319268 4395078
3384766 3783441
3384767 3783442
4036329 4204027
4036441 4204164
4205402 4319589
4142404 4279818
4303076 4384527
4318963 4394911
4318969 4394914
4078830 4233242
4142364 4279796
3613959 3937568
4038355 4205579
3613835 3936663
3992845 4178236
3992854 4178241
4036867 4204794
4036868 4204796
4204072 4318954
4036843 4204771
4036382 4204099
4036383 4204100
4036307 4203976
4037526 4205321
4037527 4205322
4318918 4394877
4318919 4394878
4318920 4394879
4318914 4394874
4318921 4394880
4318922 4394881
4303124 4384558
4303125 4384559
4318915 4394875
4318916 4394876
4036518 4204261
4142616 4279944
3993248 4179123
4142405 4279819
4279989 4369286
4279990 4369287
4142248 4279747
4280065 4369313
4036832 4204765
4078571 4233137
4142268 4279759
4142399 4279810
3993249 4179124
4339654 4409037
4384436 4441385
4384437 4441386
4384438 4441387
4384439 4441388
4408817 4458110
4408818 4458111
4339307 4408819
4339308 4408820
4279918 4369273
4279919 4369274
4318988 4394922
4318989 4394923
4318991 4394924
4441459 4483253
4303267 4384721
4319592 4395303
3993436 4179364
4205309 4319546
4205310 4319547
3782532 4037036
4037508 4205293
4142410 4279821
4233215 4339707
4233216 4339708
4319275 4395079
3613960 3937571
3992561 4177842
3613999 3937723
3993187 4179039
4142486 4279878
4142487 4279879
4036465 4204199
4036185 4203785
4036618 4204433
3993250 4179125
3613788 3936202
4036325 4204022
4037529 4205325
4037530 4205326
4205328 4319552
4205329 4319553
4205330 4319554
4302769 4384294
4302770 4384295
4302771 4384296
4302772 4384299
4302773 4384303
4318926 4394883
4279812 4369239
4302653 4384243
4078893 4233278
4079273 4233580
4079279 4233584
4079276 4233582
4079282 4233586
3992999 4178516
3992997 4178515
4178506 4303119
3992984 4178507
3992986 4178509
4178510 4303120
3992989 4178511
3992991 4178512
4036299 4203975
4078894 4233279
4078868 4233255
4036285 4203961
4078869 4233256
4036278 4203958
3992596 4177945
3613961 3937574
4036280 4203959
3613962 3937576
4036287 4203964
4036290 4203968
4079274 4233581
4078895 4233280
4079277 4233583
4078897 4233281
3992996 4178514
3993001 4178517
3993002 4178518
3993003 4178519
4037219 4205135
4205186 4319513
4205187 4319514
4303035 4384504
4303036 4384505
4303037 4384506
4319028 4394959
4302752 4384280
4302753 4384281
4302754 4384282
4302755 4384283
4078865 4233254
4078870 4233257
4078873 4233258
4078875 4233260
4036296 4203972
4036297 4203973
4036298 4203974
4302952 4384459
4302953 4384460
4036310 4203977
4078898 4233282
4036311 4203978
3992873 4178273
4036828 4204757
3993409 4179334
4302674 4384251
4319340 4395179
4302675 4384252
4319158 4395022
4319159 4395023
4395295 4448941
4395296 4448942
4395297 4448943
4036833 4204766
4319276 4395084
4319277 4395085
4319278 4395086
4319279 4395087
4319148 4395019
4319280 4395088
4408924 4458132
3992056 4176310
3992424 4177350
3992124 4176507
3992132 4176523
3993348 4179247
4204909 4319344
4204188 4318996
4319444 4395241
4302625 4384203
4233186 4339692
3613963 3937582
4036201 4203805
4036202 4203807
4203810 4318891
4318878 4394831
4142532 4279909
3937755 4142889
3613837 3936665
4036226 4203849
4204247 4319025
4036451 4204180
4036223 4203841
4318882 4394833
4303219 4384662
3992140 4176531
3992135 4176528
3992138 4176529
4458136 4495134
4339418 4408935
4038373 4205596
3384838 3783573
3993051 4178622
3993231 4179113
3993013 4178542
3993015 4178545
3992887 4178298
3993016 4178546
3993017 4178547
3993024 4178555
3993025 4178556
3993026 4178557
4384536 4441404
4395178 4448865
4303100 4384538
4303101 4384539
4036454 4204185
3782533 4037039
4204953 4319384
4319387 4395204
4142877 4280068
4036217 4203830
4036218 4203832
4204174 4318994
4038074 4205484
4036346 4204057
4142614 4279943
3614043 3937912
4142740 4279991
4142556 4279921
4142365 4279797
4142837 4280050
3992695 4178066
3613838 3936667
4036642 4204485
4038069 4205479
4036799 4204720
4036452 4204182
4303380 4384757
4036447 4204172
4318887 4394834
4319039 4394967
4319040 4394968
4394976 4448734
4036350 4204064
3993281 4179166
4036530 4204275
4204413 4319084
4036795 4204709
4036458 4204192
4036456 4204187
4302621 4384202
4448698 4488265
4205573 4319650
4038055 4205472
4037078 4204984
4394936 4448727
4431033 4474578
4384213 4441325
4483179 4515132
4302646 4384237
4302647 4384239
4302638 4384228
4319450 4395245
4037186 4205113
33327876 33327883
3993505 4179435
3992792 4178195
3384839 3783579
3993189 4179044
4302641 4384230
4036958 4204859
3992617 4177983
4036939 4204844
4078050 4232347
4142272 4279761
4394929 4448717
4488285 4519170
4394931 4448720
4036791 4204705
4318928 4394884
4394840 4448699
4394841 4448700
33327859 33327874
3993333 4179230
33327963 33327973
33327945 33327951
33327922 33327928
4319144 4395014
3384741 3783244
4036707 4204557
4036459 4204193
4318875 4394828
4302988 4384474
3783301 4038014
4036586 4204361
4036587 4204362
3992082 4176453
3992633 4177995
3992691 4178065
4036962 4204861
4037227 4205141
4204406 4319083
4448924 4488457
4448925 4488459
4448926 4488460
4448927 4488461
4302643 4384232
4037979 4205449
4319399 4395212
4395200 4448895
4395202 4448896
4395203 4448897
4319455 4395246
4303043 4384509
3993602 4179550
4339786 4409130
4038371 4205595
4319665 4395315
3992793 4178197
4303012 4384495
4302985 4384472
4441397 4483211
4303009 4384491
3992369 4177214
3992370 4177215
4142743 4279993
4302936 4384442
4205178 4319499
4441319 4483177
4205509 4319623
4303107 4384544
4303108 4384546
4303109 4384547
4302642 4384231
4037088 4204997
4303017 4384497
4302644 4384233
3993033 4178579
4142482 4279875
4036316 4203982
4036748 4204625
4036525 4204267
4036527 4204268
4036531 4204276
4303391 4384764
4303392 4384765
4204584 4319165
4394941 4448729
4394932 4448723
4394937 4448728
4488289 4519171
4036460 4204194
4036461 4204195
4319574 4395299
4319575 4395300
4319447 4395243
4394933 4448724
4394934 4448725
4394935 4448726
33327878 33327886
3262830 3704080
33328025 33328029
33328030 33328032
4319198 4395048
4038611 4205710
4038612 4205712
4319723 4395345
4319725 4395346
4319726 4395347
3384951 3783736
4038608 4205706
4038609 4205707
4038610 4205708
4038633 4205718
4319721 4395344
4319666 4395319
4448739 4488310
4448738 4488309
4319145 4395018
4302986 4384473
4319555 4395292
4318973 4394916
4036796 4204712
4036797 4204713
4036798 4204714
4302748 4384279
4302989 4384475
4302990 4384476
4409038 4458179
3992597 4177947
4142598 4279941
3993770 4179801
4142489 4279881
3992701 4178088
4204876 4319339
4303141 4384568
4540101 4559419
4178621 4303160
4394942 4448730
4038615 4205713
3992371 4177221
4123664 4265930
4123665 4265931
4036709 4204559
4303010 4384492
4303106 4384543
3782885 4037345
33328044 33328060
3993190 4179047
3993191 4179049
3993103 4178736
3992769 4178163
3783689 4038570
4038338 4205575
3384849 3783619
3993441 4179368
3782534 4037041
4037175 4205096
3992878 4178281
3992879 4178283
3993192 4179074
4303226 4384670
3993193 4179076
4205548 4319640
4037190 4205116
4037002 4204906
4036580 4204354
4036581 4204357
4319065 4394988
3384952 3783740
3783690 4038572
3992638 4178001
3783691 4038573
3992881 4178286
3992883 4178292
4205683 4319711
4302740 4384275
4037125 4205032
4302737 4384272
3384850 3783627
3384851 3783628
4036416 4204141
4318976 4394918
4037148 4205064
3782535 4037044
4037080 4204991
3993255 4179131
3992050 4176295
3993194 4179082
3384840 3783598
4448953 4488487
3993195 4179084
33328254 33328257
3262832 3704108
4037079 4204985
3993492 4179411
4303306 4384738
3782536 4037049
4204959 4319391
4302961 4384461
3993330 4179226
4302649 4384240
4037159 4205084
3384841 3783602
3992598 4177948
3993300 4179186
3992885 4178296
3992888 4178304
3384953 3783741
4036483 4204214
4036251 4203892
3992889 4178307
4036327 4204025
4441433 4483243
33328061 33328065
4036574 4204345
3993521 4179441
3613964 3937584
4038049 4205463
3384742 3783245
4142813 4280048
3992599 4177956
4142810 4280033
3992601 4177964
4036565 4204321
4036566 4204325
4036567 4204336
4036571 4204337
4036655 4204492
4036573 4204340
3614000 3937726
3465947 3839320
3613965 3937587
3992444 4177409
4036473 4204207
4036469 4204203
3992445 4177411
3992892 4178310
4036343 4204052
4036855 4204786
4205401 4319588
4319437 4395237
4319435 4395232
33328399 33328401
33328402 33328404
33328405 33328407
33328408 33328410
3993442 4179369
3993488 4179405
3993758 4179795
4142524 4279906
4036741 4204615
3783303 4038033
33328429 33328434
4302925 4384429
4038376 4205606
4036594 4204399
4448735 4488307
3993647 4179620
3993643 4179618
3993594 4179549
3384763 3783435
4037511 4205295
4036533 4204277
4036400 4204123
4037149 4205067
4319436 4395233
4037150 4205068
4036248 4203886
33328449 33328451
4319060 4394981
3613966 3937589
4036472 4204205
4036252 4203893
4036846 4204780
4036847 4204782
4036848 4204783
4038076 4205490
4036249 4203889
4369215 4431016
4448790 4488365
4038388 4205619
4038389 4205622
33328453 33328454
3993260 4179144
4205422 4319593
3992772 4178168
4038056 4205474
3992300 4176993
3992200 4176621
3993110 4178749
3993427 4179357
4205510 4319624
3993430 4179358
3993431 4179359
4036253 4203896
3993498 4179421
3992372 4177224
4037193 4205120
4038630 4205717
4142880 4280069
4038379 4205607
3992446 4177412
3992373 4177225
3992375 4177226
3992893 4178311
4036966 4204863
3992942 4178404
4205672 4319708
4205673 4319709
4036981 4204883
4302613 4384199
4036982 4204884
4036983 4204885
4036985 4204888
4037089 4204998
4037090 4204999
4302738 4384273
4302739 4384274
4038400 4205627
4038403 4205628
4038404 4205629
4038405 4205630
4037136 4205048
4441405 4483214
3993499 4179428
3993482 4179400
3993257 4179143
3993483 4179401
3993486 4179402
3262840 3704180
3993410 4179335
3993414 4179342
4079003 4233439
4038375 4205597
4319667 4395330
4339644 4409032
3465993 3839662
4369259 4431034
4319408 4395223
4037102 4205007
4303096 4384530
4204960 4319395
33328490 33328491
33328494 33328495
3992782 4178177
3992273 4176964
4036691 4204550
3992330 4177056
4038391 4205623
4038392 4205624
4038393 4205625
4038394 4205626
4395256 4448929
4037144 4205061
33328500 33328501
4038380 4205609
3992376 4177227
3992377 4177228
3993351 4179253
4036969 4204866
3992890 4178308
4302850 4384330
4302851 4384331
4038616 4205714
4038617 4205715
4302747 4384278
3783304 4038035
3783305 4038037
4303222 4384666
4142803 4280029
2817218 3384746
4142617 4279945
3992602 4177965
4038050 4205464
4038063 4205477
3992603 4177966
3783225 4037746
3384751 3783366
3384752 3783367
4037512 4205296
3384768 3783443
3384757 3783423
3384759 3783424
4036849 4204784
3613967 3937602
3613968 3937606
3783306 4038039
4319052 4394979
4319053 4394980
3993282 4179168
3613884 3937064
3613885 3937065
3992447 4177414
4038071 4205480
4036478 4204210
4142239 4279734
4036475 4204209
4037192 4205119
4303047 4384510
4303048 4384511
4303049 4384512
4319066 4394989
4319068 4394990
4036410 4204139
4036411 4204140
3992201 4176623
4038109 4205515
33328532 33328534
4036858 4204790
3993757 4179794
3993489 4179406
3993762 4179797
3993726 4179733
4036690 4204549
4036689 4204548
3993632 4179595
4142678 4279960
3993636 4179603
3614044 3937915
4037754 4205412
4319591 4395302
4036593 4204390
4302927 4384432
4319079 4394992
4448954 4488488
3937791 4142915
4204586 4319167
4319100 4394995
3993639 4179610
4037756 4205414
4303375 4384752
4037151 4205070
4319438 4395238
4319439 4395239
4319440 4395240
4142534 4279911
4142701 4279980
4038072 4205481
4142288 4279769
33328606 33328610
33328608 33328611
4078921 4233311
4038075 4205486
4036479 4204211
4036481 4204212
4036856 4204787
4319062 4394983
4319200 4395049
4303411 4384773
4303411 4384774
4142249 4279749
4205180 4319501
4036759 4204648
4036761 4204650
4142240 4279735
33328537 33328538
3993335 4179234
3993571 4179517
4302652 4384242
4303249 4384711
4302876 4384356
33328258 33328259
4204965 4319396
4142242 4279737
4303002 4384487
4303003 4384488
4303265 4384718
4303266 4384719
4037152 4205071
4037153 4205072
4319061 4394982
3993151 4178906
4037093 4205001
4037094 4205002
3783233 4037752
4037071 4204975
3993114 4178753
3993115 4178754
3993053 4178623
4319194 4395047
4448781 4488363
4448786 4488364
4038110 4205516
4319189 4395041
4319190 4395043
4448778 4488359
4079028 4233464
4037194 4205124
4037195 4205125
4037196 4205126
4319457 4395248
33328667 33328669
33328670 33328674
33328675 33328677
4319063 4394985
4319064 4394986
4319463 4395252
33328676 33328678
33328682 33328683
33328684 33328694
33328755 33328765
33328716 33328746
33328699 33328713
33328722 33328749
33328777 33328781
33328798 33328824
33328829 33328857
33328961 33328988
33328832 33328880
33328833 33328901
33328911 33328960
4448794 4488366
4319427 4395228
4319149 4395020
4319150 4395021
4319265 4395076
4319266 4395077
4205662 4319700
4302831 4384323
4205397 4319587
3992448 4177415
4078572 4233138
3614001 3937727
3613969 3937607
33329023 33329024
4205458 4319607
4205459 4319608
4205460 4319610
33329029 33329031
4142547 4279917
33329032 33329034
4142457 4279849
3993232 4179114
33329035 33329037
33329038 33329040
4395266 4448937
4302656 4384246
4303295 4384732
4303297 4384733
4303299 4384734
4318907 4394866
33329083 33329084
33329085 33329087
3993327 4179222
4205179 4319500
3992331 4177057
4036947 4204847
4205443 4319599
4038090 4205506
4036517 4204256
4142483 4279876
4036233 4203868
3992604 4177968
4036406 4204138
4036643 4204489
4036644 4204490
4036402 4204126
4302733 4384270
4318894 4394844
4318895 4394845
4078902 4233293
4142928 4280080
4037571 4205369
4142518 4279898
3613970 3937608
4037295 4205177
4302734 4384271
3993251 4179128
4036988 4204892
4036993 4204895
4036994 4204902
4036628 4204458
4036781 4204689
4205668 4319705
4037178 4205103
4037179 4205104
4205453 4319606
3993252 4179129
3613971 3937611
4036619 4204444
3613972 3937614
4036621 4204450
4036631 4204471
4036622 4204455
4036768 4204659
4319201 4395050
4441444 4483248
4142802 4280026
4142817 4280049
4369261 4431036
33329285 33329292
33329236 33329249
33329352 33329362
33329329 33329350
33329294 33329297
33329327 33329339
33329351 33329356
33329298 33329325
4339839 4409155
4302917 4384398
4302916 4384390
4302915 4384384
3993266 4179149
4302575 4384187
4038422 4205640
4302825 4384322
3992378 4177229
4038412 4205632
3384857 3783636
4205181 4319502
4302787 4384317
4302788 4384318
4302791 4384319
4036330 4204028
4303112 4384551
4303113 4384552
4036331 4204029
4303114 4384553
4204934 4319376
3993338 4179237
4037346 4205188
4038079 4205491
4036422 4204151
4036466 4204200
4142946 4280108
4302793 4384320
4036785 4204701
4318951 4394909
4318936 4394892
4036786 4204702
4036789 4204703
4318942 4394897
4038423 4205641
3783668 4038452
3783668 4038453
4036405 4204133
4036467 4204201
4036328 4204026
3384858 3783638
4036352 4204065
4142947 4280109
4036758 4204645
4036333 4204033
4302774 4384304
4302775 4384306
4302777 4384307
4302778 4384308
4302779 4384309
3384576 3782889
4302945 4384458
4036538 4204279
4036539 4204280
4036540 4204281
4319179 4395032
4319180 4395033
33329463 33329465
33329466 33329469
33329468 33329470
4205182 4319503
3993233 4179115
3993283 4179171
4319019 4394956
4384194 4441315
33329471 33329473
4142530 4279908
4142480 4279871
33329478 33329481
33329479 33329482
4036519 4204262
4142492 4279882
33329491 33329493
4302890 4384372
4458219 4495180
4524076 4546969
4441381 4483203
4620892 4630149
4638502 4646689
33329539 33329542
4677540 4682303
4142477 4279867
3992379 4177249
4142943 4280098
4318946 4394905
33329577 33329580
4448713 4488283
33329586 33329589
4142693 4279975
4036336 4204047
33329592 33329596
33329597 33329598
33329601 33329602
4142942 4280093
4142944 4280106
4318987 4394921
4142697 4279978
4303134 4384563
4303135 4384564
4319046 4394978
33329629 33329631
33329632 33329634
33329635 33329637
4318929 4394885
4441320 4483178
33329662 33329665
33329685 33329688
4448732 4488302
33329700 33329702
33329705 33329707
33329712 33329714
4303194 4384656
4441389 4483206
4302937 4384449
4205153 4319485
4205461 4319617
4441364 4483189
33329723 33329728
4302883 4384367
33329733 33329735
33329737 33329739
33329763 33329765
3993197 4179094
4303192 4384647
3783692 4038576
4303232 4384702
4441441 4483246
4448777 4488358
4339502 4408971
4448776 4488355
4448945 4488472
4142736 4279987
33329920 33329921
33329922 33329924
33331184 33331185
33333741 33333744
33345677 33345678
33345769 33345770
33345873 33345874
33345875 33345876
33347840 33347841
33347842 33347843
33347844 33347845
33347846 33347847
33347848 33347849
33347850 33347851
33347852 33347853
3782538 4037051
33347854 33347856
33347857 33347858
33347859 33347860
33347861 33347862
3993253 4179130
3613973 3937615
33350937 33350939
4233519 4339803
4205394 4319584
4205386 4319581
3992449 4177416
4204415 4319085
4302594 4384193
4036997 4204903
3613839 3936669
3937789 4142911
4142468 4279860
4204585 4319166
3614051 3937927
4142366 4279798
4142509 4279888
4204418 4319087
4179637 4303394
4036614 4204426
4303381 4384758
3613840 3936670
3993267 4179150
3992061 4176313
3992062 4176314
3992063 4176315
3993268 4179151
3783641 4038432
3783669 4038454
33358692 33358693
33358694 33358695
33358696 33358697
3993525 4179442
3783643 4038433
3783662 4038438
3992450 4177417
33358698 33358699
3613974 3937616
33358700 33358701
33358702 33358703
33358705 33358706
3384852 3783629
3384860 3783645
3384861 3783646
3384862 3783647
3384863 3783648
33358707 33358708
33358709 33358710
3384853 3783630
3465950 3839323
4318950 4394908
3384347 3782272
4037173 4205094
4037174 4205095
3993236 4179116
3465919 3839121
3838909 4078633
3783308 4038041
3783311 4038042
3783312 4038043
3783313 4038044
3783314 4038045
3783319 4038046
3783321 4038047
3992381 4177251
3993198 4179095
3993199 4179096
3993200 4179097
3993201 4179098
3993203 4179099
3993217 4179100
3614046 3937916
3613975 3937617
3992605 4177969
3992606 4177971
3992607 4177972
3613977 3937624
3613978 3937625
3613979 3937627
3613980 3937628
3613981 3937629
3613982 3937630
3613984 3937631
3993237 4179117
3993238 4179118
3993239 4179119
3993240 4179120
3992382 4177252
3613886 3937066
3613887 3937067
3613888 3937068
3613889 3937069
3613891 3937070
3613892 3937071
3992383 4177253
3992384 4177254
3992385 4177255
3993284 4179172
3992452 4177418
3992453 4177419
3992454 4177420
3992455 4177421
3992456 4177422
3992457 4177423
33367092 33367093
34779476 34779477
34854164 34854165
34863101 34863102
34895673 34895674
34899768 34899769
34946963 34946964
34946965 34946966
34946973 34946974
34946975 34946976
34946977 34946978
34946980 34946981
34946982 34946983
34946984 34946985
34946986 34946987
34964789 34964790
34981702 34981703
34988893 34988894
35636698 35636699
35636743 35636744
35636751 35636752
35636753 35636754
35636755 35636756
35636790 35636791
35636792 35636793
35636794 35636795
35636796 35636797
35636798 35636799
35636800 35636801
35636802 35636803
35636805 35636806
3782539 4037052
35636811 35636812
35636814 35636815
35636816 35636818
35636819 35636820
35636868 35636869
35636882 35636883
35636884 35636885
35636886 35636887
4038568 4205685
35637126 35637127
35637128 35637129
35637252 35637253
35637314 35637315
35637314 35637316
35637317 35637318
35637319 35637320
35637321 35637322
35637324 35637325
35637328 35637329
35637340 35637341
35637345 35637346
35637347 35637348
35637600 35637601
35637602 35637603
35637604 35637605
4384214 4441326
4037980 4205450
35637871 35637872
35637932 35637933
35637934 35637935
35637937 35637939
35637961 35637962
3782540 4037053
3782541 4037054
3782542 4037056
35638044 35638045
35638065 35638066
35638073 35638074
35638075 35638076
35638077 35638078
35638079 35638081
3782543 4037057
3782546 4037059
3782547 4037060
4178696 4303171
35638099 35638100
35638109 35638110
35638132 35638133
35638173 35638174
4384245 4441342
4038571 4205686
35638239 35638240
35638247 35638248
35638262 35638263
35638265 35638266
35638268 35638269
35638270 35638271
35638279 35638280
4384305 4441351
35638285 35638287
35638332 35638333
35638345 35638346
35638347 35638348
35638349 35638350
35638358 35638359
35638379 35638380
35638381 35638382
35638383 35638384
35638385 35638386
35638387 35638388
35638389 35638390
35638393 35638394
35638398 35638399
35638411 35638412
35638421 35638422
35638432 35638433
35638434 35638435
35638436 35638437
35638438 35638439
35638445 35638446
4178982 4303212
35638464 35638465
35638466 35638467
35638468 35638470
35638471 35638472
35638478 35638479
35638489 35638490
35638491 35638492
35638495 35638496
35638552 35638553
35638554 35638555
35638557 35638558
35638565 35638566
35638567 35638569
35638571 35638572
35638574 35638575
35638579 35638580
35638581 35638584
35638595 35638596
35638598 35638599
35638600 35638601
35638608 35638609
35638619 35638620
35638621 35638622
35638625 35638626
35638627 35638628
4339686 4409043
4078632 4233155
35638634 35638635
35638645 35638646
35638647 35638648
35638649 35638650
35638651 35638652
35638653 35638654
35638660 35638661
35638662 35638663
35638667 35638668
35638669 35638670
35638671 35638672
35638673 35638674
35638675 35638676
4179373 4303300
35638970 35638971
35639196 35639197
35639264 35639265
35639266 35639267
35639268 35639269
35639270 35639271
35639284 35639285
35639291 35639292
35639293 35639294
35639295 35639296
35639302 35639303
35639876 35639877
35640585 35640586
35641803 35641804
35642588 35642589
35642707 35642708
35644688 35644689
35644692 35644693
35644868 35644869
35645688 35645689
35645690 35645691
35649234 35649235
35652275 35652276
35652613 35652614
35653221 35653222
35653918 35653919
35653926 35653927
35654026 35654028
35654093 35654094
35654102 35654103
35654105 35654106
35654158 35654160
35654161 35654163
35654164 35654165
35654166 35654168
35654169 35654170
35654193 35654194
35654456 35654457
35654514 35654515
4232870 4339542
35654896 35654897
35658263 35658265
35658294 35658295
35658296 35658297
35658298 35658299
35658335 35658336
35658342 35658343
35658344 35658345
35658461 35658462
35658465 35658466
35658467 35658469
35658470 35658471
35658472 35658473
35658481 35658483
35658492 35658493
35658494 35658495
35658496 35658497
35658507 35658508
35658509 35658510
35658511 35658513
35658518 35658519
35658520 35658521
35658536 35658538
35658541 35658542
35658545 35658546
35658601 35658602
35658614 35658615
30871158 30871160
30871159 30871161
35658744 35658745
35658746 35658747
35658749 35658750
35658886 35658887
35658892 35658893
35658894 35658896
35658898 35658899
35658900 35658901
35659969 35659970
35660172 35660173
4232854 4339528
35660284 35660285
35660295 35660296
35660297 35660298
35660613 35660615
35660616 35660617
35660618 35660619
4205589 4319664
35661124 35661125
35661126 35661127
35661128 35661129
35661130 35661131
35661132 35661133
35661134 35661135
35661827 35661828
35661829 35661831
35661969 35661970
35661974 35661975
35661978 35661979
35661980 35661981
35661982 35661983
35661986 35661987
35661988 35661989
35661996 35661997
35661999 35662000
35662006 35662007
35662008 35662009
35662010 35662011
35662015 35662016
35662022 35662023
35662026 35662027
35662028 35662029
35662050 35662051
35662133 35662134
35662185 35662186
35662192 35662193
35662204 35662205
35662224 35662225
35663816 35663817
35664051 35664052
35664280 35664281
35664282 35664283
35664428 35664429
35666211 35666212
35666213 35666214
4232816 4339508
35668825 35668826
35668827 35668828
35668830 35668831
35668832 35668833
35668847 35668848
35668855 35668856
35668859 35668860
35668861 35668862
35668863 35668864
35668865 35668866
35668901 35668902
35668906 35668907
35668917 35668918
35668921 35668922
33307218 33307220
35668966 35668967
35668968 35668969
35668970 35668971
35668972 35668973
35668974 35668975
35668976 35668977
35668978 35668979
35668991 35668993
35668997 35668998
4384659 4441432
35669050 35669051
35669087 35669088
35669116 35669117
35669118 35669119
35669154 35669155
35669271 35669272
35669277 35669278
35669279 35669280
35669281 35669282
35669283 35669284
35669285 35669286
35669287 35669288
35669289 35669290
35669296 35669297
35669312 35669313
35669329 35669330
35669331 35669332
35669342 35669343
35669424 35669425
35669427 35669428
35669431 35669432
35669440 35669441
35669447 35669448
35669449 35669450
35669451 35669452
35669453 35669454
4474573 4508062
35669484 35669485
35669498 35669499
35669501 35669502
35669512 35669513
35669516 35669517
35669522 35669523
35669528 35669529
35669530 35669531
35669541 35669542
35669555 35669556
35669577 35669578
35669595 35669596
35669597 35669598
35669603 35669604
35669605 35669606
35669608 35669609
35669610 35669611
35669612 35669613
35669616 35669617
35669629 35669630
35669631 35669632
35669633 35669634
35669635 35669636
35669637 35669638
35669639 35669640
35669641 35669642
35669650 35669651
35638568 35638570
35669666 35669667
35669688 35669689
4233164 4339688
35669690 35669691
35669795 35669796
35670011 35670012
35670013 35670014
35670017 35670018
35670019 35670020
35670021 35670023
35670034 35670036
35670037 35670038
35670059 35670060
35670069 35670070
35670080 35670081
35672018 35672019
35672063 35672064
35672065 35672066
35672067 35672068
35672070 35672071
35672088 35672089
35672090 35672091
35672092 35672093
35672094 35672095
35672109 35672110
35672125 35672126
35672127 35672128
35672141 35672142
35672313 35672314
35672315 35672316
35672317 35672318
35672389 35672390
35672410 35672411
35672412 35672413
35672414 35672415
35672416 35672418
35672420 35672421
35672422 35672423
35672424 35672425
35672426 35672427
35672428 35672430
35672431 35672432
35672433 35672434
35672435 35672436
35672437 35672438
35672439 35672440
35672441 35672442
35672444 35672445
35672447 35672448
35672579 35672580
35672581 35672582
35672651 35672652
35672654 35672656
35672657 35672658
35672659 35672660
35672665 35672666
35672667 35672668
35672669 35672670
35672678 35672679
35672681 35672682
35672683 35672685
35672688 35672689
35673486 35673487
35673488 35673489
35673494 35673495
35673496 35673497
35673503 35673504
35673505 35673507
35673508 35673509
35673510 35673511
35673517 35673518
35673522 35673523
35673525 35673526
35673528 35673529
35673530 35673531
35673532 35673533
35673534 35673535
35673536 35673537
35673538 35673539
35673540 35673541
35673542 35673543
35673544 35673545
35673546 35673547
35673550 35673551
4205557 4319646
35673554 35673555
35673556 35673557
3704045 3993415
35673558 35673559
35673560 35673561
35673563 35673564
35673565 35673566
35673567 35673568
35673569 35673570
35673571 35673572
35673574 35673575
35673576 35673577
35673578 35673579
35673580 35673581
4177444 4302887
35673582 35673583
35673584 35673585
35673586 35673587
35673588 35673589
35673590 35673591
35673592 35673593
35673594 35673595
35673596 35673597
35673598 35673599
35673600 35673601
35673602 35673603
35673604 35673605
35673606 35673607
35673648 35673650
35673652 35673653
35673656 35673657
35673719 35673720
35673722 35673723
34871640 34871641
35673767 35673768
35673769 35673770
35673783 35673784
35673817 35673818
35673890 35673891
35673894 35673895
35673930 35673931
35673934 35673935
35673936 35673937
35673938 35673939
35673940 35673941
35673943 35673944
35673956 35673957
35673975 35673976
35673989 35673990
35674005 35674006
35674036 35674037
35674038 35674039
35674050 35674051
35674415 35674416
35674502 35674503
35674513 35674514
35674532 35674533
35674534 35674535
35674541 35674542
35674552 35674553
35674556 35674557
35674558 35674559
35674560 35674562
35674563 35674564
35674566 35674567
35674568 35674569
35674571 35674572
35674600 35674601
35674605 35674606
35674607 35674608
35674611 35674612
35678261 35678264
35678262 35678266
35684955 35684956
35692515 35692517
35692518 35692519
35709654 35709655
35712505 35712506
4178454 4303094
35717231 35717232
35717538 35717539
35717540 35717541
35717542 35717543
35727562 35727564
35731371 35731372
35731373 35731374
35731939 35731940
35731954 35731955
35733362 35733363
35733494 35733495
35735486 35735487
35737514 35737515
35737517 35737518
35737519 35737520
35737521 35737522
35737523 35737524
35737526 35737527
35737540 35737541
35737542 35737543
35737546 35737547
35737548 35737549
35737703 35737704
35737739 35737740
35737739 35737741
35737742 35737743
35737745 35737747
35737805 35737806
35737818 35737819
35737893 35737894
35737895 35737896
35737897 35737898
35737899 35737900
35737901 35737902
35737903 35737904
35737905 35737906
35737912 35737913
35737915 35737916
35737917 35737918
35737945 35737946
35738016 35738017
35738140 35738141
35738217 35738218
35738219 35738220
35738232 35738233
35738250 35738251
35738252 35738253
35738258 35738259
35738260 35738261
35738268 35738269
35738273 35738274
35738283 35738284
35738285 35738286
35738297 35738298
35738305 35738306
35738313 35738314
35738327 35738328
35738329 35738330
35738331 35738332
35738333 35738334
35738335 35738336
35738337 35738338
35738339 35738340
35738341 35738343
35738344 35738345
35738346 35738347
35738348 35738349
35738350 35738351
35738352 35738353
35738354 35738355
35738356 35738357
35738359 35738360
35738361 35738362
35738365 35738366
35738367 35738368
35738370 35738371
35738372 35738373
35738374 35738375
35738407 35738408
4448722 4488299
35738424 35738425
35738426 35738427
35738428 35738429
35738430 35738431
35738512 35738513
35738599 35738600
35738797 35738798
35738804 35738805
35738806 35738807
35738812 35738813
35738911 35738913
35738914 35738915
35738916 35738918
35738920 35738922
35738924 35738925
35738927 35738928
35738929 35738930
35738931 35738932
35738933 35738934
35738935 35738936
35738937 35738938
35738939 35738940
35738941 35738942
35738943 35738944
35738945 35738946
35738948 35738949
35738957 35738958
35738959 35738960
35738961 35738962
35738969 35738970
35738971 35738972
35738973 35738974
35738977 35738978
35738979 35738980
35738981 35738982
35738983 35738984
35738985 35738986
35738987 35738988
35738990 35738991
35739181 35739182
35739314 35739315
35739331 35739332
35739334 35739335
35739457 35739458
35739564 35739565
35739606 35739607
35739742 35739743
35739744 35739745
35739750 35739751
35673649 35673651
35739775 35739776
3782550 4037062
35739784 35739785
35739792 35739793
35739822 35739823
35739828 35739829
35739834 35739835
15560486 15560490
35739864 35739865
35739918 35739919
35739923 35739924
35739964 35739965
35739966 35739967
35739968 35739969
35739970 35739971
35739974 35739975
35740004 35740005
35740016 35740017
35740053 35740054
35740255 35740256
35740257 35740258
3782551 4037063
35740299 35740300
35740339 35740340
35740341 35740342
35740350 35740351
35740352 35740353
35740356 35740357
35740359 35740360
35740368 35740369
35740370 35740371
35740372 35740373
35740415 35740416
35740443 35740444
35740460 35740461
35740462 35740463
35740476 35740477
35740483 35740484
35740497 35740498
35740599 35740600
35740623 35740624
35740625 35740626
35740627 35740628
35740629 35740630
35740631 35740632
35740638 35740639
35740641 35740642
35740643 35740644
35740645 35740646
35740647 35740648
35740649 35740650
35740651 35740652
35740654 35740655
35740656 35740657
35740658 35740659
35740671 35740672
35741004 35741005
35741006 35741007
35741008 35741009
35741010 35741011
35741012 35741013
35741018 35741019
35741062 35741063
35741068 35741069
35741071 35741072
35741108 35741109
35741118 35741119
35741158 35741159
35741160 35741161
35741162 35741163
35741348 35741349
35741371 35741372
35741373 35741374
35741380 35741381
35741402 35741403
35741406 35741407
35741436 35741437
35741451 35741452
35741454 35741455
35741456 35741457
35741458 35741459
35741460 35741461
35741462 35741463
35741495 35741496
35741504 35741505
35741508 35741509
35741537 35741538
35741539 35741540
35741541 35741542
35741543 35741544
35741545 35741546
35741547 35741548
35741549 35741550
35741551 35741552
35741553 35741554
35741555 35741556
35741557 35741558
35741588 35741589
35741590 35741591
35741592 35741593
35741612 35741613
35741637 35741638
35741671 35741672
35741739 35741740
35741752 35741753
35741754 35741755
35741756 35741758
35741759 35741760
35741761 35741762
35741763 35741764
35741765 35741766
35741767 35741768
35741769 35741770
35741772 35741773
35741783 35741784
35741809 35741810
35741811 35741812
35741813 35741814
35741830 35741831
35741838 35741839
35741850 35741851
35741852 35741853
35741854 35741855
35741856 35741857
35741858 35741859
35741867 35741868
35741869 35741870
35741871 35741872
35741873 35741874
35741875 35741877
35741878 35741879
35741880 35741881
35741882 35741883
35741884 35741885
35741886 35741887
35741888 35741889
35741904 35741905
35741906 35741907
35741908 35741909
35741910 35741911
35741912 35741913
35741922 35741923
35741924 35741925
35741933 35741934
35741935 35741936
35741937 35741938
35741939 35741940
35741941 35741942
35741944 35741945
35741944 35741946
35741947 35741948
35741949 35741950
4176340 4302580
35741956 35741957
35741959 35741960
4176341 4302581
35741963 35741964
35741965 35741966
35741967 35741968
35741969 35741970
35741971 35741972
35741973 35741974
35741975 35741976
35741977 35741978
35741979 35741980
35741981 35741982
35741983 35741984
35741985 35741986
35741987 35741988
35741989 35741990
35741991 35741992
35741993 35741994
35741995 35741996
35741998 35741999
35742007 35742008
35742009 35742010
35742011 35742012
35742013 35742014
35742019 35742020
35742021 35742022
35742023 35742024
35742070 35742071
4303412 4384775
35742697 35742698
35742699 35742700
35742760 35742761
35742764 35742765
35742767 35742768
35742911 35742912
35742998 35742999
35743000 35743001
35743002 35743003
35743004 35743005
35743007 35743008
35743023 35743024
35743025 35743026
35743044 35743045
35743046 35743047
35743050 35743051
35743054 35743055
35743056 35743057
35743058 35743059
35743062 35743063
35743065 35743066
35743072 35743073
35743074 35743075
35743076 35743077
35743080 35743081
35743082 35743083
35743092 35743093
35743123 35743124
35743125 35743126
35743127 35743128
35743129 35743130
35743131 35743132
35743133 35743134
35743136 35743137
35743140 35743141
35743142 35743143
35743144 35743145
35743146 35743147
35743148 35743149
35743150 35743151
35743153 35743154
35743155 35743156
35743157 35743158
35743169 35743170
35743172 35743173
35743174 35743175
35743176 35743177
35743190 35743191
35743197 35743198
33490142 33490144
35743199 35743200
35743201 35743202
35743203 35743204
35743216 35743217
35743222 35743223
35743225 35743226
35743227 35743228
35743229 35743230
35743231 35743232
35743233 35743234
35743235 35743236
35743237 35743238
35743239 35743240
4279948 4369277
4179784 4303419
35743247 35743248
35743249 35743250
35743257 35743258
35743259 35743260
35743261 35743262
35743263 35743264
35743272 35743273
35743277 35743278
35743279 35743280
35743281 35743282
35743283 35743284
35743285 35743286
35743287 35743288
35743289 35743290
35743345 35743348
35743349 35743350
35743369 35743370
35743371 35743372
35743373 35743374
35743417 35743418
35743419 35743420
35743480 35743481
38083515 38083516
38132594 38132595
38186942 38186943
41724791 41724792
41724793 41724794
41724795 41724796
41724797 41724798
41724799 41724800
41724801 41724802
41724803 41724804
41724805 41724806
41724807 41724808
41724809 41724810
41724811 41724812
41724813 41724814
41724815 41724816
41724817 41724818
41724819 41724820
41724821 41724822
41724823 41724824
41724825 41724826
41724827 41724828
41724829 41724830
41724831 41724832
41724833 41724834
41724835 41724836
41724837 41724838
41724839 41724840
41724841 41724842
41724843 41724844
41724845 41724846
