892 7458
892 123
902 8734
2356 123
2356 13337
2356 8734
932 7458
932 123
939 1519
939 4320
939 8734
947 1519
956 7458
956 14811
956 123
956 13337
11111635 89728
12070344 4320
12070352 11217
12071764 72083
12074086 4320
12264909 77482
13164850 124
13209117 76851
13226359 123
1759145 77482
4634849 77482
13258186 13337
14654 13337
13267057 123
284821 88841
13273546 2515
4491441 13337
4357657 7458
13282984 72083
13285097 77482
13286188 4320
13288054 14811
13288218 72083
4401011 77482
4650474 124
13322845 124
13323994 13337
4688808 13337
4362189 89590
4530844 7458
13338720 76851
794275 77482
4491454 88841
4452730 88841
4612785 13337
13349926 88841
4544875 88841
4127972 59756
4542294 27596
2838318 76851
5005096 89570
13368481 2515
4613234 2515
13372798 7964
13373048 13337
13373124 124
13373311 13337
13373574 13337
13376716 76851
3125957 4320
13385719 13337
13386955 13337
4452734 88841
13391347 123
13398550 122
13404982 2515
13407227 7458
13409238 2515
373414 1015
13411899 1019
13416693 72083
13421975 76851
13426966 4320
13431096 7458
4377282 2515
3248421 123
13440447 8734
4491442 8734
13440457 4320
13440463 4320
13442672 124
13464588 124
4706661 7458
13487696 123
13500069 27596
13502711 76851
13504170 7458
13504347 76851
4622865 2515
13510066 13337
3398578 13337
13515828 124
4491443 2515
4401012 88841
13521262 123
2169795 14811
1584117 62835
14928423 59756
2169825 7458
14953384 13337
1292496 14811
4061968 88841
3487816 88841
3487817 88841
2170213 78120
4544929 88841
15002602 4874
4131573 20276
2444111 77482
3086134 77482
2444151 4148
4504749 88841
1292499 13337
2444112 59756
4427049 13337
4454866 13337
15027498 123
4054016 14811
4635219 77482
3583864 20276
15041880 14811
3759781 8734
4613353 77482
4557846 2515
15053215 124
4163276 77482
4004963 2515
4207604 37460
3228417 77482
3759042 6836
1980255 77482
36386 6836
14995047 59756
15057786 123
2798468 77482
2798469 77482
4393225 77482
450747 77482
3774811 6836
4691705 77482
15064394 7458
3487818 88841
2907091 88841
2907092 88841
3820788 88841
3820800 88841
4656309 14811
3820935 14811
4669720 13337
3821557 2515
2169827 4148
4315402 62835
4699379 62835
4616969 13337
1292501 7458
576584 8734
1292503 8734
1292505 1519
15010321 1317
1292508 1519
1292509 4320
4163277 59756
4389675 13337
1585783 2515
2169829 1519
15132334 124
4135331 13337
4274190 13337
1292511 14811
4310989 13337
1970413 20276
4131563 77482
4362106 88841
4610052 7458
4436970 2515
4639969 13337
4519728 9633
15169734 88841
4488822 13337
15180628 4320
15198272 9166
1292512 78120
1292513 89675
1292514 1519
1292514 78120
1292514 132686
1292514 73612
1292515 9417
2169799 14811
2169948 62835
25405511 312
13213028 27596
4595732 23139
4504729 23139
29340799 122
29340836 4874
29340868 122
29340886 122
13286701 1015
2444153 4148
2909976 14811
2169854 1519
2170090 1519
2444154 2515
3603202 7458
2444155 2515
2444156 14811
1292518 13337
3126084 2515
2444157 1565
29341141 23139
29341142 23139
29341143 23139
29341144 45529
29341144 23139
1292521 7458
2444158 2515
2909978 14811
1292524 8734
1292526 13337
1292527 13337
2169864 4148
2169865 7458
1292528 1519
1292529 23139
1292530 13337
29341680 45529
29341680 23139
29341681 23139
29341682 45529
29341682 23139
29341683 45529
29341683 23139
29341684 23139
29341690 23139
29341692 23139
2169867 4148
29341738 23139
29341772 23139
1292531 7458
29341819 23139
2169868 1565
1292532 1519
2170062 13337
2170063 1565
1292533 13337
3126101 13337
4552199 4148
29341985 23139
29341990 23139
3449802 14811
2169971 14811
3126085 1565
1292534 7458
29342251 13337
1292535 13337
2169879 2515
2170182 7458
2909299 4148
2444160 1565
4449745 88841
4565264 13337
29342912 4320
4043625 88841
29342920 7458
29343046 7458
29343015 2515
29343169 13337
8999923 8734
22288139 2515
29343765 2515
29343769 2515
29343803 59756
4321389 20276
4667743 2515
29343860 76851
4214400 36430
3962653 13337
29344527 76851
29344529 4320
29344550 76851
29344571 76851
4684572 59756
4436411 122
4769192 1519
29345074 72083
29345088 124
29345089 124
29345092 1519
29345108 76851
4771155 4320
3487059 62835
4602864 78120
3446794 62835
3427201 124
29345196 124
2170116 4320
3126183 77482
4364663 13337
29345217 27596
2170376 77482
4135386 13337
3928364 13337
29345230 123
10083001 77482
29345236 4320
4488819 13337
4495644 72083
29345259 123
29345261 8734
2909994 2515
29345268 122
29345284 59756
4338956 124
29345295 72083
3824795 59756
3344477 89675
29345323 2515
29345335 124
2742127 37460
4615856 62835
4135346 13337
4332738 20276
4626242 20276
4321083 20276
4321083 59756
29345391 37460
4222981 37460
4424857 128427
4454792 20276
4427050 13337
4274142 20276
4606853 13337
4583838 20276
4404354 13337
4377841 13337
4222984 59756
4522411 13337
4531918 7458
4471253 2515
4622545 13337
4531919 7458
4673463 89590
4583839 13337
4066142 88841
29345477 13337
4274314 77482
4602371 13337
29345506 7458
29345510 13337
4669730 7458
29345514 2515
4643295 13337
4657731 13337
4135349 20276
4135349 59756
29345585 77482
4753297 123
29345607 62835
29345640 123
4692734 2515
4391610 7458
3971367 4320
29345838 2515
29345989 124
29345991 7458
29345995 7458
29345998 7458
29346003 77482
4134882 77482
29346006 13337
29346009 7458
4650738 2515
4657553 2515
29346011 13337
4273656 2515
29346013 88841
29346015 123
29346017 4320
29346019 13337
29346020 2515
29346022 1519
29346023 4320
29346025 7458
29346049 124
29346050 72083
29346052 72083
29346054 9633
4709985 2515
4743718 7458
4715017 122
29346065 122
29346069 76851
29346073 122
29346077 2515
29346079 4320
29346080 7458
29346083 1519
29346085 13337
29346087 13337
29346090 7458
29346092 2515
29346095 13337
29346097 122
29346102 72083
29346107 76851
4756002 2515
4134883 77482
4717394 2515
29346114 2515
4731410 2515
4134884 13337
29346116 13337
29346118 124
29346121 7458
29346133 7458
29346136 4320
4722211 2515
4709986 7458
29346137 72083
29346142 4320
29346144 4320
4643067 13337
4684714 4320
4657566 72083
29346145 88841
4669632 1519
29346148 77482
4650747 88841
4635067 77482
29346152 124
29346157 122
29346254 76851
3916683 77482
4783725 4320
29346375 123
29346389 14811
4066145 37460
29346404 1015
29346443 20276
4591861 13337
29346448 7458
29346481 8734
4587933 72083
4066146 37460
29346531 124
29346532 76851
4647545 76851
450749 73612
4661442 72083
4779430 4320
4771203 13337
29346566 2515
29346573 76851
29346582 4320
3909483 77482
29346618 1519
29346645 123
29346647 20276
1545202 13337
3915040 13337
29346666 59756
29346670 13337
29346711 123
29346713 7458
4122809 13337
29346725 7458
29346728 4320
29346731 13337
29346776 72083
4599298 76851
4273761 20276
3125918 59756
29346832 123
4552245 59756
3489033 76851
29346849 13337
4545019 13337
29346865 123
29346911 123
29346922 13337
4545020 13337
29346951 7458
29346952 4320
13487339 123
4135350 77482
29346987 13337
29346994 2515
29346996 8734
29346998 72083
29347000 4320
4663546 1519
29347019 124
29347021 4320
29347022 4320
29347023 4320
29347025 13337
29347027 13337
4740064 77482
29347029 13337
29347037 23139
29347039 4320
4784879 88841
29347072 76851
29347090 4320
29347122 7458
4363929 4320
29347128 13337
3927962 76851
29347315 123
4602482 77482
4538000 122
29347396 124
4427030 13337
29347419 122
29347420 4320
29347440 4320
29347442 13337
29347447 77482
29347451 14811
1759146 2515
4616302 88657
4544524 62835
15101491 13337
29347478 4320
29347485 13337
29347486 7458
29347489 4320
29347491 13337
29347493 13337
29347494 72083
29347496 123
29347498 13337
29347513 4874
29347523 72083
29347534 89770
4684751 2515
29347549 72083
29347595 13337
29347597 7458
29347609 7458
29347611 124
29347629 124
29347666 59756
4606834 59756
4427077 124
4626215 59756
4531892 13337
4531652 77482
4364700 20276
29347922 20276
4426766 59756
29347976 312
29347978 20276
4595844 13337
1208160 2515
29348037 72083
29348044 14811
29348062 4320
29348074 1015
29348159 72083
29348168 123
29348170 4320
29348182 13337
15169743 20276
29348285 2515
29348288 4320
29348311 4320
3820232 2515
29348356 7132
29348360 88841
4655570 13337
29348365 77482
29348372 4320
29348382 13337
29348385 6836
29348387 6836
29348391 7458
29348395 4320
29348629 1519
29348700 4320
29348703 59756
4454793 20276
4563889 20276
29348743 59756
29348768 123
29348790 76851
4321084 77482
3426420 9633
4599287 27596
3671251 13337
4449651 8734
29348885 13337
29348888 123
29348926 27596
29348934 123
29348940 123
29348943 13337
29343861 13337
29349022 123
29349024 7458
29349030 123
4603059 2515
4544938 6335
29349033 76851
29349038 72083
4576864 76851
29349059 7458
29349066 123
29349067 4320
29349081 123
4606569 2515
4401013 88841
4470525 4320
29349141 8734
29349146 123
4626110 2515
29349257 2515
4635068 77482
29349280 4320
29349283 123
29349284 72083
29349286 72083
29349287 4320
29349289 72083
29349292 123
29349294 123
29349302 72083
29349304 123
29349309 4320
29349310 123
29349312 123
29349324 4320
29349343 2515
4612643 59756
512877 13337
4021423 13337
4634850 8734
29349485 20276
2444114 14811
29349533 8734
4135353 2515
29349585 59756
3751859 4320
29349624 13337
4377339 2515
29349637 72083
29349645 88841
4669055 7458
4715018 20276
4531324 2515
2411866 77482
29349684 123
29349692 4320
3671252 2515
29349699 13337
29349715 4320
4661433 13337
29349786 312
29346410 312
29349908 7458
29349948 124
3447517 13337
29349953 2515
2084542 122
29350023 2515
29350026 2515
3334825 77482
4127937 4320
29350055 7458
29350060 88841
2838269 77482
29350062 77482
29350082 2515
4321263 133067
4654890 13337
29350132 77482
29350140 123
29350159 4320
29350166 123
29350168 4320
29350172 4320
29350182 123
29350191 4320
29350195 2515
29350201 2515
29350205 123
29350208 4320
29350210 124
29350213 23139
512753 2515
29345394 37460
29350295 59756
29350303 59756
29350319 2515
4355523 8734
3965362 59756
29350346 2515
3446811 77482
29350351 72083
2907094 62835
29350380 4320
29350407 7458
3928321 62835
29350453 37460
29350466 122
29350530 77482
29350537 13337
29350543 13337
29350550 7458
29350555 13337
4596008 77482
29350561 2515
29350564 13337
29349574 312
29350593 122
29350601 38470
4273641 7458
1808105 20276
4709023 88841
29350756 7458
29350757 7458
29350759 312
4449388 312
3808788 124
29350807 13337
4066151 37460
3821446 7458
29350814 13337
4401014 7458
3808803 88841
29350819 123
3600034 56471
4066152 59756
29350883 37460
3447518 13337
29350893 2515
29350916 123
4423285 123
29350953 7458
4569514 77482
29350968 72083
6408692 1519
29350975 37460
4493048 59756
4410151 77482
3821563 77482
29351059 1021
29351064 7458
29351072 88841
29351073 7458
29351074 13337
29351101 312
4669034 4320
29351118 4320
29351122 72083
3909464 88841
4424840 20276
4445116 13337
29351160 13337
29351197 4320
29351199 4320
29351203 4320
29351206 7458
4603086 7458
3928346 77482
29351237 123
4458913 88841
3447519 13337
1584122 62835
3573804 20276
4635069 77482
4453055 72083
29351480 7458
4272827 13337
3583871 20276
618551 77482
29351779 2515
3916740 77482
29352009 123
4265052 76851
29352013 312
4274168 13337
29352053 27596
3671211 62835
4454869 7458
29352091 13337
3573805 88841
4122749 77482
4563426 4320
29352824 7458
29352826 2515
3603012 77482
3086136 77482
3671212 2515
4634842 2515
4163279 88841
2168590 7458
4128002 7458
3671253 77482
3971360 77482
3916741 88841
4188310 2515
3602894 77482
3447520 20276
29352873 124
3909484 20276
3909434 77482
29352889 13337
2411867 77482
4062493 2515
1759147 77482
5002326 77482
29352907 7458
3583872 88841
29352909 77482
3447521 4320
1314763 77482
4578397 88841
29352912 13337
3218526 88841
3218509 20276
3447628 77482
29352936 4320
29352942 13337
29352944 124
4426382 72083
4624197 77482
29352954 4320
4547162 4320
29352956 77482
976403 56471
450751 6836
4082737 72083
29352962 1519
4467000 7458
4716562 8734
4593197 88841
4199192 77482
4695807 7458
4668486 13337
2753755 88841
4082738 77482
4082739 9633
4543829 123
3792982 8734
4341592 6836
3792983 6836
4396775 6836
4541631 13337
4293274 77482
3820228 88841
29353010 123
3909435 4875
4274305 13337
3671213 77482
4134956 7458
29353011 124
4127206 77482
29353134 59756
4274143 20276
4131577 62835
4583705 77482
29353194 13337
3487060 20276
29353281 77482
4127974 14811
4445109 13337
29353304 123
4616449 77482
29353330 13337
4582943 17969
4639823 9633
4551007 88657
4606025 2515
4657205 13337
4530089 1565
29353342 88657
4568186 4320
4684643 88841
4424859 88657
29353393 23433
4495645 20276
29353422 2515
1292540 124
4522325 59756
3751877 2515
4646879 72083
29347850 124
4445133 7458
4364622 20276
4364694 2515
4328923 13337
3602895 2515
4363976 7458
4265024 88841
2742166 77482
29354284 37460
4569172 7458
4128012 88841
29354360 62835
3916684 77482
4505175 2515
4033322 88841
4269112 4320
29354439 2515
2411868 77482
3218527 20276
3447522 77482
2742167 2515
4293234 88841
29354560 2515
4531318 2515
3965370 77482
4389747 13337
4404246 1519
4436844 2515
29355362 27596
4426778 20276
4377358 88841
29355491 59756
29355516 7458
29355547 123
3671214 20276
29355585 2515
4773802 13337
2130844 13337
2839993 20276
29355609 13337
29355614 64909
4196046 13337
3334838 2515
3751847 77482
4043390 59756
4511219 20276
2742168 2515
4603138 88841
3671215 13337
29355933 13337
3086138 89423
15150731 76851
4505111 2515
4274144 59756
4061519 77482
4552246 2515
29356569 37460
4621938 2515
3125919 59756
1915293 77482
29356614 123
29356616 123
29356618 123
4492983 59756
4487912 13337
29356625 9417
29356635 123
29356638 62835
4482935 37460
4127975 77482
4531862 59756
29356717 4320
29356721 4874
4626368 13337
4424796 56471
4569626 13337
4569373 20276
4605518 37460
4569569 88841
4505363 59756
3218528 77482
4781067 2515
4364708 2515
4404301 13337
4663594 7458
4516966 13337
4391611 7458
4769194 2515
29356829 13337
4468909 13337
4135359 77482
4563345 14811
3909436 2515
4364640 13337
4650748 77482
3603087 77482
29357271 73612
29357274 59756
29357277 2515
29357314 123
29357329 2515
4454870 13337
4364599 7458
3928323 13337
4364564 13337
4427099 2515
29357346 123
29357357 59756
29357371 123
29357372 123
29357384 123
29357404 4320
4389748 13337
4485724 13337
4485732 13337
4128013 77482
29357471 37460
2085868 9417
29357529 13337
4595219 7458
4543588 2515
3603088 2515
4616303 88657
29357644 77482
29357646 77482
29357649 124
29357663 23139
4642051 77482
4389690 13337
4389670 13337
4516955 13337
29357742 4320
29357745 124
1292541 124
29357995 45529
29358008 72083
29358093 124
4043391 20276
1357521 88841
4647499 9633
29358124 4320
3398569 14811
29358262 13337
3928046 88841
29358290 4875
29358301 72083
29358303 123
29347668 20276
29358310 72083
29358333 123
4066155 2515
4196088 77482
4569552 37460
3086139 88841
4449639 13337
29358559 123
29358604 123
4762478 13337
29358614 1519
4391612 77482
29358621 13337
4752307 72083
3447523 124
29358686 4320
29358758 13337
29358954 2515
29358955 27596
29358967 8734
4294815 88657
29358969 123
4601673 77482
3446812 14811
29358980 4320
29358982 4320
29358984 13337
3820877 14811
4491598 14811
29358991 7458
4491538 88841
3909454 77482
4360254 123
29359014 7458
4592263 2515
29359029 123
29359031 2515
28219933 4320
29359105 72083
4560021 123
3218510 77482
29359117 124
29359120 4320
4479455 1519
29359123 4320
29359125 13337
4362316 77482
29359126 124
29359128 123
29359130 72083
29359138 123
29359143 13337
4486733 122
29359145 72083
29359150 45529
29359153 7458
29359164 4320
3398634 7458
4756700 123
29359174 123
29359178 13337
4760666 77482
4265053 77482
2411870 4320
4623112 77482
29359191 4320
29359193 13337
29359194 2515
4740066 7458
4717215 77482
29359202 77482
29359207 123
29359208 77482
29359229 13337
29359231 123
4756701 13337
29359233 77482
4538127 56471
4512148 4320
4512149 123
29359248 7458
4321046 13337
4087266 88841
29359252 7458
29359254 123
29359257 8734
29359259 72083
29359261 7458
29359265 4320
4667439 72083
29359272 2515
4590669 7458
3922555 8734
4574136 4320
29359345 13337
4780557 4320
4639362 13337
4612188 7458
4759109 88841
29359371 123
4377261 20276
4621997 88841
15074203 9633
29359375 4320
3398595 4320
29359381 13337
29359386 7458
29359388 13337
4021273 13337
29359389 7458
4196089 2515
4196090 8734
4196091 88841
15077309 8734
4537966 13337
4293275 2515
4650724 2515
29359399 124
29359411 123
29359414 123
29359415 122
4563295 88841
4479179 2515
4590230 72083
4391613 7458
29359425 13337
29359429 4320
4021285 7458
4021286 1519
29359440 13337
29359443 123
29359444 72083
29359447 23433
29359448 7458
29359455 13337
29359457 4320
29359470 77482
29359475 7458
3671216 77482
29359482 7458
29359486 8734
3671255 88841
29359490 13337
3218511 13337
29359493 123
29359495 72083
4760667 7458
4689059 2515
4691858 56471
29359509 13337
29359518 76851
3971410 4148
29359519 88841
29359524 123
29359526 77482
29359534 13337
29359540 7458
29359560 123
4655556 2515
29359567 7458
4680241 7458
29359573 312
3927931 13337
3334898 2515
29359581 2515
4207711 14811
10212498 8734
4391598 77482
29359592 13337
29359593 123
3334827 2515
4491675 7458
29359600 123
3671217 77482
4642052 7458
4460063 14811
4764302 7458
29359613 7458
4453092 13337
29359614 13337
4740067 88841
4491723 2515
4401487 77482
4329005 77482
4061913 14811
29359621 4320
29359623 4320
3398551 4320
29359625 7458
29359626 2515
4470510 7458
29359627 2515
29359630 2515
29359635 124
29359638 123
29359641 4148
4661427 8734
29359648 123
29359658 124
29359660 7458
4582930 8734
29359669 124
29359677 77482
29359685 13337
3334839 2515
2084498 2515
29359692 4320
29359695 4320
29359698 123
1759149 88841
29359707 76851
29359713 23433
29359714 4320
29359716 123
29359718 7458
29359720 2515
4712261 4320
29359730 13337
29359734 7458
4771926 7458
29359742 4320
29359743 7458
29359745 2515
29359748 4320
29359750 123
4778259 2515
29359751 123
29359754 2515
4762471 2515
29359760 123
29359766 124
29359768 123
29359771 4320
29359773 4320
29359781 7458
29359785 4320
29359787 7458
29359788 4320
29359789 123
4667403 14811
4026234 7458
29359796 123
29359800 1519
29359804 7458
29359808 72083
4377354 88841
4661449 7458
3398580 2515
3398581 2515
3398583 77482
2084526 20276
3398584 2515
2084511 77482
29359830 8734
29359838 2515
29359842 123
29359845 13337
29359847 7458
29359863 123
29359864 4320
29359870 122
29359873 4320
29359881 123
4781569 4320
29359896 123
29359901 124
29359903 72083
3398541 7458
29359906 123
4062589 2515
4590239 88841
4307346 123
4307347 123
29359911 72083
29359912 123
29359913 7458
3909485 77482
29359927 4320
4622002 13337
29359929 123
29359931 72083
29359940 7458
29359941 13337
29359943 123
29359945 89590
29359951 72083
29359092 123
29359953 72083
29359955 13337
29359957 7458
29359961 123
4778261 7458
29359963 4320
3791686 77482
4271410 9633
4042941 4320
29359978 123
4328489 14811
4293235 88841
29359984 123
4328490 2515
15067223 13337
29359986 4320
3820233 2515
3820235 77482
4061470 88841
4391600 77482
29359997 72083
29360001 123
29360003 7458
29360006 123
29360009 2515
13361093 77482
4453098 7458
4321047 77482
29360020 7458
29360022 88841
29360023 2515
4127961 2515
29359857 27596
29359085 4320
29360037 4320
4265042 88841
29360045 27596
29360047 7458
3398635 13337
29360060 4320
29360062 7458
29360066 7458
29360068 312
2559359 23139
29360071 7458
29360076 4320
29360079 13337
3583875 2515
3583876 77482
3583877 2515
3583878 77482
29360089 4320
4391601 7458
29360095 7458
29360098 2515
29360102 7458
13230822 2515
4590240 2515
29360113 23139
4601634 2515
29360114 7458
29360120 123
4590241 13337
29360138 7458
29360139 4320
29360140 13337
29360142 72083
29360143 13337
29360146 123
4588013 72083
29360148 4320
29360150 72083
29360153 7458
29360156 123
29360158 72083
29360160 13337
29360161 4320
29360171 72083
4709987 2515
29360181 7458
4449389 7458
29360186 4320
29360190 1519
29360193 8734
29360195 7458
29360197 124
29360203 72083
29360218 123
29360223 123
4700441 7458
29360226 1519
29360227 13337
4669044 77482
29360229 124
29360231 77482
4669057 8734
29360240 23139
29360242 72083
29360244 7458
29360249 124
29360251 4320
29360258 77482
29360260 123
29360262 124
29360264 4320
29360269 14811
29360271 7458
29360272 72083
29360275 38470
29360287 77482
29347032 13337
29360295 123
29360298 123
29360299 2515
3398636 4320
4042943 88841
4537987 72083
4269123 2515
4218865 88841
29360312 7458
3751912 13337
29360316 4320
3930030 2515
29360321 13337
3334884 2515
29359070 4320
29360323 123
29360328 76851
4273704 4320
29360339 27596
4127976 13337
29360356 13337
4620067 72083
29360362 88841
29348204 123
29360365 7458
29360366 122
28219935 88841
29360373 77482
29360380 13337
29360399 123
29360401 123
29360402 2515
29360403 7458
29360405 13337
29360411 13337
29360417 72083
29360434 72083
29360437 123
29360452 7458
29360455 4320
29360460 123
29360468 123
4663888 2515
29360471 13337
29360473 4320
4484435 77482
29360474 13337
4640211 13337
29360485 72083
29360486 4320
29360496 4320
29360497 7458
29360501 13337
29360503 123
29360509 7458
29360515 4320
29360518 4320
29360523 14811
3928047 13337
29360526 7458
4774934 2515
29360531 4320
29360539 7458
29360547 123
29360548 72083
4401174 88841
29360553 4320
29360556 13337
4722212 9633
29360557 123
3398585 20276
29360560 4320
29360563 123
29360565 77482
4759110 13337
29360579 123
29360580 4320
29360582 4320
29360583 123
29360591 123
29360593 124
29360594 7458
29360600 1519
4484437 13337
3820802 14811
29360624 4320
29360628 11217
29360629 124
29360630 4320
4688720 77482
4545037 2515
29360633 88657
4362299 2515
4563296 77482
4605985 9633
4624940 13337
29360635 312
4591868 2515
4709024 8734
29360640 123
4748997 72083
29360644 72083
29360646 4320
29360647 123
29360649 123
29360662 20276
29360668 4320
29360670 76851
29360675 123
4616731 77482
29360686 13337
4396257 123
4687729 124
28219936 2515
29360690 13337
4714997 123
29360695 7458
13487340 77482
29360703 13337
15060865 7458
29360706 72083
4639346 2515
29360724 123
4453060 76851
29360729 7458
4425110 6335
4307348 4320
4021387 2515
4575819 4320
29360740 7458
4021287 77482
4328731 14811
4550145 2515
4550146 72083
3928048 2515
4134885 7458
29360752 124
15076745 2515
4293276 8734
29360759 13337
29360761 76851
3791687 13337
29360765 2515
29360766 123
4639329 13337
29360777 7458
29360781 2515
29360782 124
29360784 4320
29360385 13337
29360789 123
29360791 124
4591917 88841
29360794 123
4591918 7458
4591919 88841
29360796 4320
4396251 13337
29360807 4320
29360808 7458
4021274 7458
29360810 123
29360815 2515
29360817 123
29360820 122
4764300 123
29360822 72083
4692636 4320
4669037 77482
29360824 77482
4669058 77482
29360825 7458
4764301 7458
29360827 7458
29360828 23139
29360829 7458
29360831 123
29360833 13337
29360834 7458
29360836 124
29360839 7458
29360841 4320
29360843 4320
4762472 4320
4611623 13337
4445130 13337
4601023 27596
4485725 13337
29360856 88841
14979632 4320
2579363 89423
29360911 4320
4265059 14811
29360919 124
4293267 14811
29360925 7458
4468989 62835
29360939 13337
4163280 20276
29360947 73612
4066156 8734
4332678 7458
4590923 62835
4321062 37460
4552280 59756
4274133 13337
29361014 2515
4764303 77482
4765585 2515
22288157 2515
29361027 37460
4776020 2515
1980184 8734
3928366 2515
4427071 13337
4426812 8734
10255358 2515
3086140 7458
4592264 20276
29361065 2515
4771253 2515
29361069 59756
29361074 7458
3334828 20276
4521331 77482
29361088 77482
29361091 72083
3573816 88841
29361093 7458
29361095 76851
29361104 123
3334829 88841
4467006 88841
2909999 59756
3218512 2515
3909455 6335
29361128 2515
3971411 88841
4446468 88841
4265043 14811
29361139 77482
4265044 2515
29361161 7458
29361163 4320
4576851 13337
29361191 124
29361199 13337
3671219 2515
4436377 77482
29361214 76851
4127207 62835
4780559 4320
29361233 37460
2170117 1519
4615890 62835
3573807 77482
4274145 62835
4042952 20276
4207608 62835
4675061 59756
4675062 62835
4688721 73612
29361327 4320
29361331 124
15161412 62835
4131579 62835
3927808 89712
4552247 20276
29361371 13337
4042953 20276
3487061 123
29361590 4320
29361610 89539
29361642 4874
29361657 7976
29361734 76851
4606113 8734
29361850 23434
29361948 27596
29361984 13337
29361998 4883
29362021 76851
29362148 76851
29362200 76851
29362224 4874
29362340 4874
29362382 11833
29362394 72083
29362395 123
29362447 6531
29362476 13337
29362482 13337
29362483 13337
29362484 13337
29362543 11833
29362651 123
29362677 6531
29362678 9167
1585800 2515
29362879 76851
4423286 122
4469392 4320
29362990 11833
4551314 38470
13266039 124
29363097 27596
29363100 4874
29363103 76851
29363194 10688
29363247 10688
4540001 77482
29363720 2515
4724694 17969
4705163 6836
29363732 27596
29363754 76851
29363757 76851
29363760 76851
29363765 27596
2084543 76851
29363769 122
29363772 76851
29363777 122
29363783 4874
29363816 76851
29363818 122
29363845 76851
29363847 76851
29363849 72083
4207590 76851
4207591 76851
29363853 27596
29363861 27596
29363862 76851
29363864 76851
29363866 76851
29363873 27596
29363936 76851
29363938 76851
29363975 76851
29364029 76851
29364035 76851
29364051 76851
29364075 76851
29364083 76851
29364086 76851
29364089 76851
29364113 76851
4505805 27596
29364122 27596
29364173 40273
1292542 72083
1292544 23139
2170091 72083
29364730 122
4778283 122
4631668 38470
29364748 72083
29364766 76851
29364793 76851
29364798 123
29364806 123
29364889 13337
29342828 4320
29364907 72083
29364933 13337
1835618 88657
4135400 4320
29597159 8739
30418915 23139
30419583 23139
30421832 23139
30422093 23139
30422187 23139
30423285 23139
30423683 23139
30423707 23139
30423815 23139
30423944 23139
30424590 23139
30424753 23139
30488908 72083
4622874 88841
3583881 20276
4377313 77482
4622875 88841
31758580 77482
32704187 20276
32721262 1519
1980185 45529
4505118 59756
32792147 7604
30514288 13337
15003324 13337
32816529 124
32819236 1269659
2444271 4320
32831679 77482
32834055 13337
32835627 241469
32788060 122
32872661 14811
2909825 7458
4516949 124
34234188 124
29346575 4877
34261042 88841
34261198 2517
29344947 122
34278507 8734
22288212 7458
22288257 7458
34278522 2515
4231621 123
34284276 77482
34293389 1019
34307711 4320
34313110 62835
3248563 59756
34369842 77482
34382832 37460
34383033 2515
32716218 123
34455638 4320
34470189 14811
4531851 2515
512758 77482
2085642 2515
35629999 4320
35831070 4320
35874128 171042
36108992 62835
36410202 122
3971450 2515
36444076 122
36444927 13337
15064993 7458
4218657 77482
36445708 122
4647554 2515
4293239 77482
36446927 77482
36447239 8734
4734337 72083
36448875 8734
36449026 123
4737210 72083
36524167 7458
36532270 77482
36532585 13337
36535491 13337
36535494 13337
36537233 89746
36537563 123
36770839 2515
36770840 7458
36770850 7458
36770859 123
32872659 59756
29044190 122
36770870 27596
36770872 27596
36770873 76851
36770880 122
36770888 27596
36770889 76851
36770891 72083
36770893 76851
36770895 38470
36860960 7458
36865666 13337
37986363 4874
38014386 14811
39538350 122
39649267 7142
39649576 1015
39651624 72083
39654566 13337
29359056 76851
39657756 312
39662292 4320
39663681 4320
39664825 27596
39667121 122
39674510 4874
39674856 1015
39674955 76851
39675177 4320
39675697 11833
39662321 124
39675814 124
39677854 123
4231634 20276
39683326 27596
39684321 72083
39686944 1020
39688109 7458
39688283 77482
39688283 59756
39690761 38470
39691184 10688
39691339 2515
39692811 13337
39693962 76851
39696401 88841
41461094 13337
41461095 13337
41624463 18254
41624465 123
32716209 123
44099554 122
44099555 62835
44099557 76851
44099558 76851
44099559 124
44099561 124
34479540 124
44099565 124
