22192 121277
6185 55859
1067132 678248
135331 424643
2209774 2403219
992430 55337
431918 830598
420996 1060611
485192 1162823
424633 1066922
1329345 1124097
583008 894231
91789 312532
490919 10794
309405 843054
1077572 1939608
10196387 2618114
10196411 3634212
4796692 921305
10196424 2522582
10196491 1851155
10196566 1433491
10196955 3005323
3584067 896784
311564 846416
2466867 160661
468670 1031518
2762070 819994
814911 977688
1617162 643364
3275288 293582
2008160 1039391
3144917 1194759
1856928 1195623
1856918 1254125
1617147 622372
1136521 622402
1136508 1889573
1006561 620599
2762082 812794
2717253 1039795
2775159 505362
2466900 661882
2008148 629993
2775160 526138
1943853 666219
1991356 1193110
2466869 1039427
2466914 495263
1136509 233679
2466937 773897
1991357 1198534
2775072 293613
1617148 636815
1991358 2427265
1119867 639187
1082094 1943814
814912 1617170
2775331 1696330
1943823 1043813
1943824 1043657
1993587 1581545
1082095 1017453
2775161 1253563
2657839 295718
434735 622867
2008134 2253633
2008323 2775338
1082097 629700
148648 468682
1136510 1198067
1082098 1199888
1617149 1278133
2775184 1696661
3349277 638855
1006562 1195132
2763694 623557
1617164 622098
1617150 2074020
2008201 634373
2466902 2530025
1856930 2494144
294407 49845
814914 1617185
2008135 1622846
1617181 2466977
1834937 1244168
1297575 1941488
818528 1625108
1625099 2472830
2176604 1244223
2176605 149823
398185 1007506
1007499 176078
296240 818542
1625100 1483562
1297576 1824810
1857550 1483565
580446 1297585
818530 1570549
823875 1483568
2002237 1394915
1477397 979704
1817738 633180
1613723 1425125
2370393 515441
1506965 224519
1613724 1281777
2463600 1425180
2463661 1425172
3142649 850195
2734199 996291
3142526 334932
3142623 246775
2463614 515402
2733845 819021
2463615 367105
3064385 620074
3031498 515451
2370475 2140159
1613725 655260
3142552 547975
1613726 651477
1817739 338718
2370395 2037915
2733846 2800230
246627 393107
2463601 1457682
974984 701424
735775 649405
1613727 603066
1963454 706147
1506998 1433179
3618162 2510209
3045831 341744
1613728 1419353
246628 639308
2733848 2281599
246629 735809
2463616 2119498
811713 1613732
2463663 1746237
3323920 2037800
2463664 1240564
246630 671399
735776 1506989
1506999 744165
1506967 532190
1817741 71118
1817742 1464974
2370396 927940
246631 518136
735777 663174
3142562 2497798
2370397 316802
2733849 328841
1817743 876970
1613730 2288179
735843 897674
3142650 1165552
3064401 224417
3031499 1000069
2463617 1165812
2463642 1454774
270938 774110
2209800 1448629
3673837 2958449
1131305 2003112
3692109 861398
965454 1805689
2405406 634618
2897066 1798273
1174507 2047066
2348179 3045451
1733943 224413
3148674 901008
1436964 2143265
780650 1566934
1067055 1929890
1805372 2617628
818550 848384
46071 197949
1093067 300480
80168 279089
56355 232255
52897 160244
10242576 3953297
10242632 1923881
6270258 3361119
10243141 1965888
1055973 1917404
10243147 634950
265686 764815
2628226 349482
2463665 2402188
1506984 1315190
1943804 1558442
90208 307046
84644 290723
97664 327057
125451 409158
522148 1227110
10268930 2813269
10268941 2291056
10268951 2568246
10268959 1641757
10268968 3504757
1921556 1493378
10268983 956575
10268994 337493
10269003 105233
10269012 219784
10269021 1931319
10269030 3712988
10269039 584515
3599009 462581
10269048 2049241
10269185 1160170
34851 138225
3388808 1775851
1258135 1433221
10691729 1379884
318228 85932
2105858 798829
601433 1338053
2946221 292148
1138143 708805
212474 647583
2210062 2024838
1672663 1577145
1934351 1383326
702348 1460212
519320 1003389
1220369 1353517
990193 1468462
478436 342252
201373 602225
306800 838212
2426197 1697403
152031 479409
1544949 227133
811488 1237341
3691723 280667
2923972 715389
424681 1067062
483999 189823
811489 1613351
2849363 2016903
614812 893279
2348664 625416
335713 200598
201374 602248
119428 381442
3921880 733667
856323 1671213
480778 1156208
1169931 2042126
306801 838234
292717 352204
203341 610264
138316 431925
279802 787151
147209 464944
601434 329355
811464 752908
838347 600868
1613415 2463296
480779 1156232
315465 483502
292718 475801
454910 915912
17850 90011
121245 398169
711933 1470513
2433671 1404096
2472 34874
2813019 1527372
2029428 390371
3426234 1265869
1156248 945281
3426235 314274
19715 111891
2791933 1257365
838134 236036
3758795 266209
43015 178418
1154256 83923
33940 135344
80399 279812
46072 198013
4055 40998
318286 856293
538221 808297
989243 1119911
2792357 1731510
50222 212468
2279161 342733
3410348 1267737
3407047 353241
1256456 345623
2791886 1031031
965455 857321
2617612 1582486
2028093 1844831
227453 702356
132708 420046
3372384 3345102
464933 388267
91956 313046
689369 573004
431920 791291
811554 1111613
2053697 2536956
1258120 218243
178819 548926
174392 344462
604266 375383
43297 180246
85746 293250
1258153 1237301
3038824 428927
1624835 670951
234912 718415
13349395 609712
1402131 1329926
3200911 1848772
703743 229142
989227 823125
900420 328787
2541239 1382033
114854 371287
2344633 94693
367327 493263
1338081 927484
2709772 15451
3378431 645362
3117283 362201
1948560 2722159
1181024 1298416
1476634 997528
1171923 2044054
1176248 381771
3116470 991712
2048751 122958
1176249 428959
1470510 996061
3116471 549037
2835807 335393
1470372 961009
1574138 1242158
2433606 429009
2081530 363941
3038966 924216
652656 1394860
34856 138322
1544941 1914701
2141682 2023823
6482566 325725
1329537 2201414
2617613 1464709
2020840 1992693
703965 664502
787142 64545
455059 1058698
9555119 7591724
2003110 449762
1804660 705591
1834502 831443
554535 960677
1406528 706748
788687 871456
2616894 229211
548910 1271830
216857 660768
263394 761774
431798 1077247
50223 161626
965132 898939
1804661 1816432
964694 1804672
1402132 1131474
710599 851750
2956080 1426094
2659100 995366
2783926 2434871
1220370 999169
296241 818553
2617599 1626269
612603 1350632
1080157 1692712
2433672 459139
1436892 342738
205709 614822
3558551 551700
1160797 1505670
3172443 2214202
3354915 115590
478437 890754
1160841 690933
1160798 725489
1079545 1250707
279073 785988
476818 1149896
2331318 231003
1462033 548276
165727 519389
90047 306749
90101 306937
90073 306828
306740 838125
2856242 1162756
610257 326394
1162835 655779
843048 1653760
2047135 1355501
856237 868476
2767637 657691
212496 647648
2709736 122089
34857 138365
90048 306764
1059417 1668841
3038883 516795
3966618 2142787
17854 90053
17855 90081
306802 838247
90006 306674
846936 1660940
90050 306788
90075 306846
90076 306865
306823 428657
2005070 607262
90077 306885
306862 838368
1272971 1239141
2877602 311448
818567 1625219
1205051 1913579
471598 823145
471599 736172
990155 1131489
416601 1056198
1507001 198128
138213 431757
2811929 1861525
1507002 110701
169478 523155
761771 1360629
464934 1131181
1998338 467562
144267 220139
818568 328728
1277408 1080304
1171233 1596098
149017 202837
2512548 1263046
1162821 1045296
3246910 1713234
223307 689375
3476283 934012
2885950 278510
1625563 1288291
717333 946006
2053658 807212
1476570 1640886
2047158 1335387
455016 159635
200955 213272
144268 215385
788688 839785
479408 1154158
788689 1387207
2782465 2331728
1130568 1001857
296491 818809
2025963 1721696
1929955 1265168
33766 135099
411528 1049308
2723737 895930
138214 431781
2208696 124626
371275 971252
13419687 1898797
431774 619636
1077153 1938991
1477771 323698
1149886 1141873
484000 1160803
3042658 1044492
3771518 2759390
1921144 1512408
2024387 430715
1723564 1838076
1152838 2024392
296242 441544
175494 491070
2053297 1086348
263429 761832
228177 703753
485193 1162841
431344 831231
490150 1169919
376523 883816
538223 291910
811490 787695
1107469 1979772
1077166 1721622
480780 945636
85423 292724
13427986 856898
3274051 962384
13431239 2695946
13434980 1132872
13434987 3551513
4271004 442782
13435248 3369541
1943865 2226643
780651 961441
537405 1111347
431775 1077172
469919 666947
3246835 835324
275292 780659
483389 1160095
306475 609363
215005 653774
964631 932895
602136 1339179
1922103 921052
811491 90910
689371 228432
4058105 671899
1394877 2268646
4033403 1156914
55854 230036
2339490 798847
2697970 321835
496418 1125845
1462025 2332141
2315043 2900647
306844 838351
2224721 2359169
13482858 1305578
3094564 1843946
1918629 1235776
614814 876791
419778 998838
2199887 213435
50224 119792
2053644 2004532
51628 216872
433476 638378
398151 760806
478438 1152840
455049 1115861
318229 381511
2201315 805170
376543 411443
17857 51653
1480529 1906854
2560073 1579581
232243 122447
376544 980022
2272164 1523591
843049 1653772
2856272 349527
2137581 1316165
1503607 385181
1819282 2629795
380706 989232
86845 296246
2276904 2323884
720591 822956
2214196 961469
1160784 1613607
3023554 663800
2657747 204325
1160813 1387558
2785540 1908842
2043389 892314
612604 1350649
612605 1124084
149566 471605
397754 209830
2426198 1318556
522348 1227293
40978 169484
2105859 450446
3775093 600488
2348694 2347810
838245 353761
294362 814887
464935 301650
14304870 524642
2008324 924741
2473171 373644
1436965 571991
3042841 1082047
121249 398202
2996731 311474
464253 1129745
964739 836515
2418888 328138
2473233 525755
2047061 603760
653767 1154947
1138169 22538
1160092 1671685
2301321 672765
1299664 65900
3149162 574290
774103 1558679
311914 846964
153733 420806
485195 1162855
1804866 2434815
1277345 1264956
1162837 1155071
1169977 1495396
1327967 1165598
1948561 1725460
2176943 2144258
1264590 1080924
1560374 228107
1060600 1922092
1841911 394897
2348218 2210117
610259 1050549
3045383 664453
2135559 1576576
3621895 572726
2179297 358068
1060601 809541
3732581 1776857
2528778 445995
3315498 660935
3363434 1288482
2018776 531628
2315044 759916
296492 818830
1353040 790530
602242 1339324
2946222 1330969
2849313 307118
2657651 487219
55855 230055
2405353 839133
454988 1115757
689373 571500
2877603 544972
481766 1157985
846960 1660975
1008317 1418169
2813087 2386855
14330309 2008846
1086509 667619
2192105 616942
693952 1448979
3772284 1335505
3407028 1475299
2405311 1643661
3587965 1445702
2789651 1054996
14348137 483111
3548722 1197142
14369858 475467
1227289 2105863
2210063 614323
2105861 2855754
14475064 1166277
14491734 3062655
1660970 1335644
764810 722744
2105862 2855764
2500539 2717388
1227290 131107
40980 169494
2405354 176169
2877480 3426248
34862 138397
14996487 4152810
15071836 810118
10932095 3520312
4823383 606870
1394878 1267532
1056192 1365408
1856920 791568
1574141 1020068
15120425 2007106
15120437 1297495
15120447 2058421
7830154 53411
1436966 2306496
818552 810092
2306472 910795
707598 332710
1921145 1113043
230102 345518
2723738 386173
1059419 342948
707574 360875
230032 707577
2008150 144099
1171234 508684
1059420 299763
2723739 1228456
485196 32315
653770 13938
838135 1436775
212477 647627
660753 1402150
381423 990169
760888 463461
3410324 1167213
838117 1045293
3179747 1317855
2617614 594089
3245954 2488646
371277 971267
1339173 363949
2783940 495926
554536 1277374
2018777 1288493
1277346 216863
2616949 602128
2896916 1164911
3246362 101004
2616950 798219
2617625 2010089
3246322 1992898
2154156 1124756
2616974 109370
2106600 531550
3363385 531529
2473018 436626
2996717 666721
3799060 123680
3799129 2766719
3798959 1848233
3610363 2580128
4048041 485852
1605915 122714
1476520 1388407
775465 869053
2210941 1009909
15140052 93980
3368202 545982
2029429 940658
2106610 2052922
3368203 324564
2856287 1264163
3116648 1944275
2759282 1260396
2808987 570248
3064579 180497
1507076 684392
1558674 2177211
2418889 1701520
2585135 266079
602243 1044601
2698541 877054
1060602 672352
3484575 1829664
2776381 661308
2585136 938850
2791927 1144480
3769685 877215
3772269 1144526
2029430 709276
2223040 364254
1560058 603217
2434996 1455344
1115663 1058675
493715 961613
788690 1575703
3378441 429226
2433658 213070
3891346 1972182
2032859 474620
2032824 1423260
1161210 2032826
3023555 1433763
2348665 1037767
298571 436255
780653 1562955
18473 93380
537406 1256459
780539 1566808
1129731 1050707
1174509 941448
157364 496430
46645 201379
2785723 2207199
542691 384676
785986 1572559
2762113 171918
155519 491321
492428 1174520
366603 964633
139136 433479
119003 380711
1126270 35783
1477739 703882
857815 1305513
146347 461860
461855 1126273
3439642 95595
811556 545722
2047110 2807453
2272165 1701304
2028057 2791031
1987659 293445
204471 543180
837925 1648923
1804588 91908
243968 732297
3165759 95333
3409871 809814
536739 493223
1157432 664753
1227489 646867
1006473 526133
3134485 915010
3250113 1167802
3274067 307136
397755 715417
3769672 890776
3770531 664740
461856 364225
1569489 354349
2306375 92433
2560106 629439
2511303 41954
1977181 49458
461857 594266
1477740 250741
1398043 1122936
432004 1077594
2793937 817334
2782436 1339439
2028004 1519819
780540 333214
1481135 810982
718119 699752
3354916 1247810
2812974 1702571
1569490 595829
2807520 2131522
2807499 93379
717334 396328
2807450 383596
761824 67055
3349347 2212769
1006488 1595306
811467 1613301
1321474 527526
1816000 1639813
397756 313438
1115885 105188
3769686 717704
2617656 1001406
461858 344397
2511318 2131422
3037390 49605
1723510 118661
1147827 1507454
2759283 2077980
424634 1066936
732293 1433316
594456 361947
1625564 1831287
3094522 3167077
1648938 605833
2137504 2397672
718120 343908
151588 8511
1436879 1205880
424682 1067077
1162838 1266483
2328625 2765260
594491 671316
2759294 2016010
2016730 686823
2020829 594629
1126305 890955
1264650 331280
1918630 2695429
232245 711857
464937 1131216
1006574 1067505
1560059 1019819
1841912 2647503
3368291 1802293
783072 61525
3195523 890117
1998247 1992799
3246170 1986566
1260194 2125556
1149887 236032
292721 177218
2759323 544286
1648939 2492157
1779846 359432
3170785 2918392
837927 1648942
138319 431952
485197 1045300
2042197 2804359
1258169 200608
913207 95058
37970 155246
3381113 1515813
1258138 1562992
1174511 735040
837928 544818
1477437 106889
1560060 108357
2370599 2554785
2782446 2505564
490920 224412
2053676 2635806
397757 908978
965457 767208
1080122 1448491
732294 817925
2755512 994870
2706514 1265265
3618127 3940973
174064 271279
306824 838297
652657 340417
120741 397762
2042059 1642599
539941 1260204
28168476 467919
152333 480797
2328626 594638
2042060 634477
3707766 920872
478440 251346
3304807 3690581
1258154 288279
2709761 162460
2141740 1422900
464938 765248
2956014 364280
1648987 1952083
2657548 1620063
838204 1649362
2775345 2151191
2405326 2088771
1126363 1998344
818815 488965
2135583 1291069
2226953 478259
2785704 3351731
2332147 2690241
1115635 418774
2032634 387158
1171237 927691
28169366 3083511
539942 1260218
113197 369715
469920 405370
1329403 389224
135335 424693
93371 318240
660754 235170
1720720 2007494
1856722 1519377
2367419 1997791
2812962 171898
2053298 2812553
424636 1066949
838227 475816
1149888 189682
1934505 273740
973703 173147
1149889 659462
117040 376531
995217 926851
2785606 1992686
3761496 1141852
780541 877057
28170458 3766425
1258155 208223
371278 971283
1560375 927694
2405367 3094566
2203603 2941649
2647487 594610
3267734 856348
1057137 1918638
1457179 1595193
1566994 2426445
1264652 2141747
2210054 810360
4030342 1812049
1126272 1516695
232246 189636
318231 856263
3364650 800847
3031479 942386
155239 490123
296493 818851
1566944 330156
490151 1169942
1126320 1998240
3691621 2496779
1544930 1829942
1169915 909609
2752866 297217
2268714 486944
28172208 1735030
21666978 3766400
1929925 1813162
2002252 1307466
28172413 946533
2328627 584071
1503637 1798433
1169916 633888
3105197 850856
2210064 2013367
424684 1067092
1444336 571607
1260243 2137589
234353 717345
28173276 2774227
3388810 1287778
2225080 1403426
1917655 1268113
843050 1653783
718121 953427
2883567 78059
232247 176798
1453492 18889
1080104 1941385
2024310 750847
839261 1650322
14996489 820717
1476593 2016126
1131214 1399425
1943807 694897
3364861 180511
537408 1237264
138217 431804
1560061 164130
1006588 1735693
2323483 363758
138359 396217
1110701 1405734
468673 1136528
376545 980032
2281476 1758823
1169988 1829037
424685 1067109
2370478 1992450
717336 97857
1998315 925609
1006508 1856821
1987504 544456
397759 689204
1941452 911598
3188046 480170
3360439 1212601
93373 318256
1998132 662986
3477220 1785229
1126336 231016
1077169 1237445
1856711 1794079
3324231 880119
652658 1394897
1524216 201340
1856699 1033413
2426391 1823655
2812537 67307
3246531 698252
1076542 1938408
990157 1355868
1169965 1736930
838366 1649553
838120 369596
1998206 1325789
16624 85754
717285 1476524
20061 113170
1260226 1054336
113166 369608
2272134 895849
2081534 1992017
1339174 1112464
1006590 1857026
11350050 1328118
2433637 446342
1560062 515396
711907 658918
1056193 100057
28177012 1239493
1751319 341838
490921 98760
1348193 867561
1333383 674153
3204010 588801
2813020 2804326
1992746 2763154
601583 1338321
155433 490923
312520 848343
1457725 2151948
1072944 218236
1934631 1600889
1136600 1329566
615846 475788
2420121 180376
1723512 2032887
3045741 3173999
2574622 221844
3172477 676005
1059421 1495836
2813021 1721482
1174512 389374
2433674 1048569
3204019 940799
93374 318271
3048868 1183033
2812963 3381118
1625565 1060901
1613416 887848
1672665 543192
371280 971298
2946252 1216074
717337 1346628
1834939 2008075
3537482 180290
2759295 2007069
2759284 115382
2426392 1978317
484001 526704
1569492 299915
14524219 659529
3275065 871027
1461202 230648
1560063 1017854
90051 306806
684081 1436976
1350704 893571
3094641 208194
2792293 1212631
971279 1211052
3111012 811659
1162839 1045298
2944941 395087
28179920 3357142
2214197 2948204
28180020 2774238
2042084 1618822
1921129 99897
1339321 488733
431800 690574
198006 594462
20784 117042
718122 1477415
1998133 2142531
2034493 706664
1258170 600917
1804619 1220456
3381115 71113
2029432 2791912
1934632 96288
2348696 1612317
2667145 756004
4182543 2459759
1867856 1246285
1332015 2203595
602245 861520
397760 358219
2208675 1478053
7300319 2628575
7623581 2774378
537409 1256491
3770581 1817322
9649257 3429641
4293430 1769636
2225081 2733098
1350690 2225086
1466227 2335743
3304473 1040846
292723 811506
732295 217867
2433638 175208
1126364 1491393
2344460 1253843
2210943 1464589
2020817 2740114
539944 1260235
3042126 1665992
1152804 586891
17874 90187
2647501 1275192
1169933 1637937
1354208 1745461
594558 1329548
2053646 2765004
3426541 322950
2344449 652122
28182457 265771
1566946 2426397
2560074 1031550
3172478 388851
1856700 102427
2211113 490159
1260212 471998
2622021 399348
28182924 1887366
538225 703152
478441 418629
1477412 1344991
28183027 2774052
3204113 1353029
3204021 869883
2203591 2579507
718123 1392791
1006491 135247
490152 392304
1856712 1397382
234766 442204
381425 990188
1156270 2028162
496723 1181033
2141743 1007964
3172479 174352
2137578 1265827
1157984 2029930
397761 409041
537410 1256506
1264653 2141753
376525 301364
2785647 458787
1169934 2042148
28184217 3479745
761826 629934
3038826 712300
2647490 882696
10701626 1688890
1545056 1820467
2053666 2801825
306742 838145
14368644 2118532
1318574 319015
784186 1570666
3045458 2904991
1056194 102059
221710 684027
1169918 2042087
1436968 185254
11199063 3756889
28184983 659796
235854 720598
1327969 2199892
3134486 219118
1534622 1034429
818836 851735
2126838 1434716
153364 484009
2775334 3165908
180243 551500
2133689 2660713
711890 418761
775174 1560066
775524 673153
485198 837811
306743 838152
837929 544808
837930 1648992
214545 652662
1394882 272192
1390851 2108032
1394883 1468984
652660 400007
652661 1394928
3375968 2058477
2955803 2751500
2804323 324250
3375970 810253
2813089 3347135
2804324 1918910
432006 318935
856258 1671194
424686 1027898
155242 490153
2042167 790913
2042123 631265
2697934 313458
2227925 409958
1921158 899681
1059422 224944
1171217 416236
490924 1000586
490925 1171292
490927 490955
1171259 148092
1466102 123616
55862 215786
230035 649577
707580 359703
707581 829941
1171238 619085
1171239 1459579
1466126 316051
1466146 366224
1171240 105186
1059423 1921195
1059424 397489
1921211 342044
1921171 689971
1921173 1051592
2697964 671549
2697919 141845
1950095 190850
2762115 299708
2762116 127550
1991362 388900
2762118 867237
2762119 203206
2762085 97202
3349329 896355
2775120 685174
1136512 327309
458864 98902
1992747 1452424
1121208 882748
433480 1080129
2791025 3367613
2028082 1325223
480782 1156256
1477449 293094
275264 780547
144276 454949
232250 66791
232251 711923
711922 598581
1470374 836886
1470473 1126244
1353052 601847
1314403 1044444
4271154 105357
4361981 74152
3366812 1006954
1575717 202408
1141546 1208065
2012989 1175585
1141547 646975
1141559 242635
2013031 863742
2013032 345752
2348163 1991438
2348209 376228
1834983 1387954
471602 905645
471603 251655
380709 890309
965459 646933
548250 926638
1805701 324969
989230 1387943
989231 646960
380710 16302
965461 1805752
2276511 709996
1402136 1167876
660756 1402187
660758 1402203
2276513 2346264
1625435 2039813
1625436 1167844
818796 851743
818797 933511
1402138 495142
1402176 1355884
86921 296504
818839 1543895
1180491 1167913
990158 1355940
381426 990207
381428 154946
496421 1128555
212500 647664
5793 50238
1804629 1444576
1503624 664780
2020804 2785624
3105992 291849
3246836 3308573
2493865 1448630
3816129 848478
2929760 3439380
1006521 178190
2214199 2207190
2097003 2378180
3042863 695491
2020789 292141
2709625 418614
1804589 336049
1275608 2152520
787149 355932
2657968 3117320
959988 1644080
811470 1125057
2782439 1237161
2154129 856395
1569493 2428638
1938459 2713282
3324232 1303677
1856778 1663746
2896936 202588
2016731 1422
2154103 1095603
3643619 630583
711909 1312936
1857027 1271682
2656180 1260694
1161211 1304921
3526385 3879977
2026118 1357082
2783942 1288471
2433695 1815205
2736306 810841
1436969 894614
3362818 973827
3142670 1482532
3267735 769272
2697980 97166
4299544 1340998
1804885 920152
3770411 615249
3439953 2808788
2137494 1289550
1152841 2024398
1398023 2272137
1991364 1066319
1154180 332390
3355277 630719
2029944 1650160
1160815 734359
2589702 347619
4131135 110844
3149119 791420
1154190 1563569
1156238 2028065
2306461 571965
3364610 340337
3368293 457975
1858430 2659104
3758817 2860101
3768352 905283
1998350 683614
2208685 715397
2209787 1851781
2032844 731515
761828 1545062
2500497 1628257
2944933 586485
1350691 1961006
3326845 1352328
431346 953026
2405328 2193176
3847597 851041
3691774 54065
2418878 906638
2405512 2541590
3274053 1374070
3765371 343131
3610390 795405
3772271 1741414
3483783 1060287
3045815 292281
3691566 1287555
3347983 56475
1834504 625187
711843 219892
3772272 871797
3295685 612317
4030376 1447250
431347 1021244
3368299 622943
397765 375906
3045418 3546288
2946235 3044822
2306490 1257097
788692 862981
2697972 133350
29778340 467880
2328629 2013215
2312662 571512
3369865 2010226
1922146 1984567
964635 1476523
1338310 2210051
2405424 1650197
599016 1335041
3045363 194429
484003 238501
2856301 887967
3308037 922542
2192107 317095
1049309 671514
2923945 861952
3799047 96899
1006564 573551
2849439 1320893
3045754 567317
2028177 1179244
856242 1671186
3042562 2266949
1272974 211921
2405370 1355748
3017213 652793
554538 830532
3363443 702910
2426394 328742
2012976 705930
1067073 109889
2211114 856241
1156281 390616
2345210 477243
3149164 810087
2896988 1115828
2370605 180314
2130253 1140027
1338311 810928
1723527 1566995
2344645 1335397
2433675 916098
3426236 1215366
1264654 1121427
554539 1277390
2946999 391002
2500498 1002970
1394895 391911
198009 384006
2370577 312580
2027994 2790920
2452244 3131508
2032516 425787
29794410 1135515
1141517 1912877
2348152 2733493
431348 897612
29795239 3357115
2002261 225232
3546613 372357
2616872 1504562
1918632 689452
1929886 961503
479424 1072752
479412 682348
2351702 1289191
2785648 397075
2695423 1581449
2433696 645869
2428608 3048438
1447714 325376
2589703 383872
1987660 1054481
1723553 699071
2306377 543202
1476554 144461
2657920 590689
2328630 810930
1480482 194912
1929887 1345572
4299517 3042637
3116494 162056
761775 1544942
1162824 420793
1613418 575491
3131502 3607942
3378443 101979
3366886 1272973
1329414 53521
2883662 3360786
3368324 292150
117046 376551
2472683 1069045
2877955 3374237
3304433 615905
2344473 642791
2883663 2315632
3246065 1287953
2709072 1506273
2657932 97774
718408 1477744
1161212 1711907
1804664 919098
1105255 708858
3410313 208483
1569495 805369
3921873 869820
2759221 825764
2106051 2212297
2792286 1954204
1558688 1723996
2617615 1676789
2616800 14225
2130692 654517
1805373 365214
979935 1823993
1415459 2288315
1710689 2541242
152050 194474
2697936 267225
552129 1275610
2574623 270692
397766 1006576
2855873 611536
2005071 723169
1476555 579020
3477213 3140960
2504080 906763
3116653 1081702
3430044 649404
1723514 353359
3042638 111530
2344584 1845416
1076612 879551
2883472 2512781
1332016 394650
3203985 1462181
292726 320476
1181027 2038702
3116520 1126603
3430219 1141820
4271181 426270
779567 180133
2367458 1911107
965134 659791
780543 1465516
2883492 219547
2339563 531043
718409 1477753
1804505 353629
1624940 2398160
1476582 694851
1941380 2715259
2227146 2381107
2500479 293906
2776352 196551
2472694 1033532
3621778 471536
1126274 878002
3692097 2501826
2883570 1475269
1558689 2418894
3634271 372137
1804751 1323364
1566996 2386832
1159830 346302
2348210 3045509
2186385 2218469
3924214 862745
2154104 354467
1507046 857154
2047063 2036844
29825891 1249426
711891 418687
3933637 689623
3691950 484887
2463678 1686058
1988576 1629035
2225145 1989170
3064547 551477
3596512 47148
684021 291813
703746 1462041
2344451 385634
2186386 641196
1805361 2617606
3810448 994996
431778 1043656
1804752 2036579
2567869 2212243
2541190 755809
2227029 1708697
964840 1804830
1161213 948226
3439892 190195
1264591 1272963
2048752 1100809
2560108 219835
1461203 659158
3965550 778050
29832210 260908
1152806 924108
1941431 506335
2785593 1034420
2192050 1994646
2813090 217046
2029960 1076610
3105993 132923
2717234 861652
1006522 1757259
1565737 416323
2472853 229096
2923937 2403909
818533 1266361
1277399 1157226
2782466 882638
1934506 2213092
4058140 1000902
1574168 1328789
2192051 2412451
1507065 1121038
2348165 1159846
1625103 2472852
3275302 360877
479413 1154178
3544846 206066
3015187 210748
2767771 1940786
1477783 2345607
3777869 453163
4030765 161422
1625200 333491
720563 1480488
1729840 878957
2345419 391259
1353074 342880
1566931 522722
761776 213058
4131168 2114755
3921874 2559692
10829994 220639
2424561 1254968
1729841 701680
144282 454990
3364628 1153085
2331307 2342492
684022 137987
4361938 1302956
539945 181177
3023544 870418
2779066 1464737
15728100 1754239
1982733 1309815
490155 1169971
1484050 521735
29846884 2254913
455005 1024265
2807522 95161
1674176 1520261
1353053 1218432
2348238 3045565
1804665 887735
2348520 2060834
4299545 964634
3116614 566782
1256508 1779776
1710690 1425915
2097004 1299822
1805362 1522337
1146006 424473
964841 1620974
1067060 883645
1987495 328906
2957437 881574
3381136 97574
2137508 171549
2345529 105019
2883480 3430068
2227147 121154
2849336 1436704
1339337 1432343
2616810 1105260
602223 1339305
1987669 515386
614815 1199428
479414 1154189
979968 1122837
2794979 312582
1129732 2001218
3045376 362872
964636 1804612
542640 229049
3116473 429180
1169951 810021
1575705 395840
1934507 809452
3304492 396331
2135561 1641695
3064656 551772
2657560 692313
2133072 1661319
478445 1152878
3023530 3532512
1503626 160371
2455944 663881
1931709 2707381
2656181 551723
3033504 459012
2792306 678905
2710068 2774620
2896995 688817
1989133 1334275
1353288 2227149
3362712 1121584
2493866 642039
1272975 66896
3357723 945130
1625528 572946
3596536 296889
2944942 11037
2715273 898491
1220371 959504
2657602 1335295
1723515 1658774
1180710 2009755
431755 175421
1353024 1346721
711873 1470410
1480484 1265923
2434952 1804620
1398067 2272170
1115637 356916
717341 599245
1169978 1559965
2946225 2779422
2717257 734969
2154105 1724303
1067135 1929961
2713279 375911
455017 1115827
3477243 3044970
1503627 91378
3477244 810645
3295721 144985
474420 314566
964842 412620
1060603 340415
2214540 116923
2715274 1692920
2418891 829616
1115638 159545
3691724 199773
2024337 2135504
2312663 571620
2785741 735021
1625257 1268489
3430220 1141761
29869625 3795232
3816111 529490
2025927 582709
3246066 973768
1574144 1142849
2812539 2210101
1613508 227836
1077171 602120
3357724 1197915
1154246 898170
2020806 2347833
1565719 2203103
479426 1123664
2808997 217098
1156240 1516697
137999 431356
2782447 1574464
3847591 763140
1068652 1931712
2434981 50195
2759392 921221
1116795 1123627
2048753 1121573
1476572 857346
2020790 922858
2807580 19226
1856723 860292
1934508 1042144
181841 343995
2759420 1938988
1507047 96393
1481101 2013341
1941472 1707619
3045702 2077970
1156210 2027999
29877854 1305274
2154015 222354
2424564 734918
1109004 1648541
4048024 961722
2137455 221583
3295678 161576
2137456 809675
1998249 715166
2785581 1397708
717316 219987
1503597 340409
3476254 233430
1810595 1954290
652665 204541
3347869 1282165
2272150 1340598
2885762 312057
1723528 2054843
1911642 1164994
811559 474095
29882824 2391467
538227 1258172
3304444 2117419
28487185 1135694
1154238 828979
1934501 890210
2782457 1149697
2141672 1461941
2759393 123618
2855859 514115
1006461 815278
1481159 2348702
3712288 590919
1948564 1482439
780655 1566980
964638 393562
780405 19307
2028007 1250718
2348167 2440519
3769480 850990
3295686 352543
1353091 32121
3363412 484869
3295734 251413
1264655 728625
2032837 1798082
2048754 2808992
1476583 1506302
2013033 1949574
469922 1138174
3588397 180417
2370618 955468
2028060 2556585
2794876 2887768
2855851 954221
2312664 185733
3131503 543777
1260256 1940965
1272976 1597538
3354963 1805702
2008327 1275135
2345265 544349
2770662 84254
2203592 1311293
2028095 539205
2186044 257811
2616852 100871
735826 1009982
601438 697470
3987473 1995459
2345148 1080072
3691776 794399
3430046 2578983
1934509 1003822
717342 617092
2433608 353195
29897017 1898825
913209 376546
1934498 488848
2759394 202795
2009654 1266975
1115665 327194
2767690 505241
2106611 1333766
3061613 1401944
2791059 606106
2434953 1775863
3246556 1071637
2616935 300340
2782428 849887
2657900 1012215
3527670 499065
2472856 1354456
1156252 379237
496579 634448
2897085 829118
2003113 1117347
3758818 962319
3430242 2347818
2208676 1625715
1264656 1084683
3851344 2320428
1332017 1600798
2029938 944377
1810684 2622035
1770852 1299298
3064554 2895196
3439854 96154
3042127 44943
2203605 342326
1575679 640536
1934056 251590
1077574 99837
2315045 35358
2759421 154881
1941432 1266060
3022129 1288132
2616951 2686982
1671174 833246
1625184 910206
1444349 833543
1181028 2053671
3985256 574419
2792301 989257
964843 1236200
1072571 3127
2154130 168045
3165741 341914
479427 652276
1154160 535406
2013034 2281717
3017157 1968056
2855852 2322848
2312705 1147003
455051 352058
3357725 715380
2405408 677795
1272977 1058683
1006578 663558
1558676 1595309
3326839 2367996
3031500 2461958
2923954 670558
3364617 901116
1138146 1414193
1723541 446547
2856274 2331193
2957430 875617
2005072 1052114
2622023 1659514
2367421 293086
2657551 1039080
1154247 1823397
3267736 1121067
2154106 889898
2348521 2770093
2656182 441941
28487189 2774385
1992749 364257
1477400 432009
3131504 674404
964844 527803
2736307 1330916
2047159 1824725
478446 1152890
3276122 2505369
3663514 156775
2616879 860986
3355047 321705
2885727 1458274
1503609 1143139
1575692 1723552
2047171 2207329
3165732 655256
2929805 735031
3326847 1141867
2785742 2788394
2032881 2341696
1934510 427833
3033505 1169654
787150 1574177
2779202 1841789
1566947 2426407
2348522 839110
3179748 1313639
2024347 102582
2186045 123904
2026012 691745
2272151 39057
1805382 1180767
3045841 1066590
397768 324930
4030770 204446
29925736 2007048
1480534 2348236
2348523 1025682
2032882 2794971
2096857 649949
2807523 1346925
2339564 284021
3144860 864247
689377 1145496
1006463 1249028
964639 306763
1228282 531390
1476626 391057
1174513 1516471
2348668 471770
1480520 405858
2944954 612244
3017144 3527505
1710560 2541189
3621513 3039821
2425089 445640
3409873 1476970
491316 678471
1181029 346251
3544570 2505578
2822637 3182451
3315473 500675
2343809 391913
3798951 1207956
4047870 57190
2370569 3064549
3799049 284663
3347829 858694
2154122 1242322
2698542 1590305
1129733 479222
2053300 390294
3017226 1387228
2186387 715256
1277393 1095017
2779079 1619378
1856724 2010129
3105994 43331
3768354 330351
1938999 2713490
1624941 1902478
1130569 393422
2053647 1852815
3246403 246723
3691800 1264524
3094567 355455
3349280 487223
8123300 3766579
1481115 2348531
2001242 2162926
614816 1353068
2855860 176928
3222220 1720403
1566977 2426427
2306524 819158
1115829 1442173
2616936 675199
2710069 3262395
461862 1126338
2616937 1164861
1477372 1095412
2709726 392995
2418846 996199
29939730 879085
3409882 544732
1558690 1020753
2020791 1115308
2137585 2883693
2348669 1612308
4025313 2505453
2053678 2485807
1476636 862966
2106052 234588
1332018 2203625
1115803 868501
1660936 2500484
198010 435829
1671175 322843
1987483 235255
2433676 1745379
3409927 952704
2759396 1421334
1152844 1023904
292728 601061
2783943 955396
376528 915963
3378433 427913
1146008 2016737
2154131 1094939
1264657 1121403
1327970 2199907
2016725 442423
1574169 813361
2807501 109747
2770663 989248
29949108 2362769
913210 1425338
3315474 862066
1156263 910343
964845 1417512
1544931 352019
1558677 2171177
1503610 809749
1444372 585352
3661564 818802
1220458 2097007
2944934 301149
3691760 623006
723063 658699
1566803 1999290
3116622 717540
29951793 3357550
2016734 160739
2367380 359705
479428 427353
1558691 2418910
1804600 2864
3035270 3540364
2345449 2148208
3246274 323738
3691761 90080
780656 1566989
2709727 1309814
2717258 1335361
2877944 222631
3409845 906894
3308024 3251275
2616880 659105
2418900 2803080
2785743 302442
1220372 2011680
1507066 1274892
971293 957531
2344551 828750
1922126 433867
926849 1733945
1076556 1304831
2020842 1121161
3407049 615071
2885943 942070
1436970 1392647
2002270 90106
1856993 133241
3409894 717716
1336883 525957
29959307 2774352
1115759 418707
1080106 1560646
3364603 2258872
1156211 2028006
3246275 846658
2002282 1995425
2923938 92947
1804874 2617187
3985389 2016600
3214997 3257920
1834505 915764
2186388 487390
3204055 1339175
2657603 1419803
1723530 858787
2020807 1141834
1060605 358221
3275304 671234
2318604 1212571
2762140 1854440
2767691 891558
2472858 438155
2770520 508793
2855874 1476980
1350634 272748
3246269 306827
1939014 1376829
2785749 213284
1477373 201114
2020792 53407
2348525 2268910
1477751 2345492
1138147 981511
600318 94286
2154006 109700
2807502 172386
2585137 923667
424688 1067134
2616886 818554
1354044 496230
1998236 1121436
1917641 65712
3309245 2339708
1105256 1461753
2009570 245781
2855861 328515
1115817 703480
424638 676089
1160816 2032638
2616975 785169
2776354 46906
1943809 734959
3045758 1328798
2001229 2208380
1115818 436636
1006565 278008
3042564 46596
2419992 264211
2052328 1426175
2315046 83041
3808032 3466765
2698512 876712
1462035 2332164
2574624 2261498
3691777 927577
1566832 93774
2306378 339520
1080125 543813
3064487 734036
818471 1624948
1402544 1992346
1470376 818761
2106053 1224621
1987670 1287573
3245982 544938
1353025 221444
2186389 1760026
1729842 1968990
2813092 1580265
29978116 509854
1477438 338909
3692110 527850
2512317 312635
3363387 1145576
376529 979972
3691769 1189416
29978897 3810178
2042200 2804380
3354964 992154
2002241 109023
1544944 2313485
4048043 1249328
144284 52446
366831 964839
2785601 1121608
3691762 2794672
964744 1242261
2791888 1942699
1938461 387917
3304526 61771
971265 1810566
3476257 1218430
2472684 2096902
2154157 2027829
491317 1171929
1258123 2135506
1353042 2226991
2883664 2096951
2762128 102716
3343353 1208059
2473021 572982
3360421 1180792
3105147 607168
3214998 700462
372236 887474
3354965 1834503
334883 392747
3343354 954877
1856702 228407
3360440 940893
2771269 996899
3546621 2115898
2343733 1197291
3250502 1162765
3891289 1417861
1476598 889799
2785608 2043243
2344474 676440
2276907 2043814
2759286 352160
1315134 934671
3985211 1267728
1929958 1756066
2885728 632986
2135698 575470
3354932 893862
2008329 474376
2047124 2359260
1979773 2738829
2020793 197492
837933 1649002
29997226 1026415
1339190 305750
2791013 3338505
2276908 105884
3064480 161079
2791216 103068
3045364 1265953
3246363 215085
1169937 836517
818896 938038
2306476 2808106
2344453 226896
2616802 448364
270943 361178
2792360 1937267
1138182 200038
2877464 3039830
1272978 53429
1477374 2345157
1258141 2135563
2617201 326801
1933611 707153
2028157 1265937
1126340 458993
3225940 587242
2306402 1579404
2698534 3042924
431988 1077576
1856963 905189
2791060 1325237
1077491 364104
1651101 815389
2500492 907587
454915 544375
3362810 669707
554522 696154
2710070 1804715
30004021 2865977
2225146 340000
2883665 431965
2331293 9174
2418908 667565
594480 543333
1336885 288911
720593 1480539
2713018 65756
2789639 2765230
469923 1138181
711893 1306853
2762129 255499
2348511 2347853
1156228 1067747
1804610 137389
1272979 109363
1082101 1943867
1545042 143207
3409874 1507515
1480485 397547
2883503 3430129
2807404 867922
1938462 297177
2616938 798355
718410 1190127
732299 650820
1277410 1345394
1941382 1675287
2029945 1648972
2709763 390192
761777 112150
2331294 543430
1138202 2009721
3042587 351972
3306733 1362740
1169967 912043
3410351 1098198
1277401 89890
1934057 1208893
1130571 671317
2370479 211756
3355048 306864
1260232 2137560
1911643 1522597
1470477 886400
3580614 636526
2657969 1339580
2106054 1267294
30014999 1147312
2272152 864623
30016680 1135571
3694512 1830222
1255642 2133077
3388812 2196730
3246598 55087
2025972 859117
1729843 1426128
1989134 871266
2306493 3017183
2405513 918780
2348526 973816
913212 759703
2042168 898599
3195525 2097902
3362713 669474
2941617 337024
2697937 42452
2472669 779636
2028008 2177753
2272167 1564473
2348154 988572
2306403 617435
2154007 531329
1987550 657353
2348155 348698
2288334 102725
1130572 1838028
3343366 1029692
3117286 1394662
2003114 757899
3769439 1739712
1448981 1744295
1804852 2034266
3358745 1390661
2563922 664021
1815990 2626140
2026002 364294
4031748 220186
2856275 1026994
2032609 2400592
469925 103060
973706 1287811
2141673 1180745
318288 856327
1805374 386759
2752859 63118
3222222 1421493
1126277 354922
3769545 172249
2946226 1546642
965135 716956
3592480 101825
3343355 1435998
3246251 838296
2622034 185153
703070 219956
1941474 342491
1804636 7447
1115651 1987515
3770395 509700
3042588 693813
1977195 310668
1998267 100820
2344454 665646
1570677 2429629
3009308 3522423
30029376 2007274
3250116 3050723
480792 989848
1461205 1268785
1258142 1737023
30029831 933869
1574146 954070
550017 1272972
1544932 2405327
1138162 131816
2348180 2210089
3094732 884509
1470377 2339392
3758771 1397468
1477762 298240
2020794 1269310
2096877 1051117
1987551 527952
1260214 1265892
2306477 2660783
1138172 2009636
3526387 1325280
30033904 1038167
3116551 202437
1149892 1675250
2418881 2171164
979919 907119
3381137 1653757
1804754 286206
4172031 102532
3933648 736185
2794980 853863
718127 703508
2808998 46756
1660937 824668
3246252 471609
1857028 1545564
2339394 428362
2225132 895696
3368331 1198034
2736362 408369
1056722 1253655
519390 1220449
1157986 839160
1334277 425291
971280 1810608
1711212 2028125
2032647 2794702
2137458 2883491
30038995 325179
811533 492652
1918634 2695446
2032883 917900
1613466 1291090
2344541 1352727
3985401 2692362
2790966 1749490
2877956 2210106
2047125 882986
3462322 742375
2032884 877531
3596642 1574479
1810685 2543103
4139697 2724582
1921174 352401
2351704 872941
2348671 292102
1161214 849664
2472859 2497584
1138149 745853
2029952 440278
3407051 663301
718411 390121
1917643 1111388
3347847 2779367
1477774 741430
1154230 390876
30049035 467955
594495 223018
1943810 734987
1105257 1977209
1856834 1389155
30049782 3270316
1810677 1270848
3207526 2634678
2348527 1485562
3691726 1019594
1056196 1364566
3388813 3785966
2715386 2529625
3409903 824635
3409875 1202408
2028180 670690
780544 1414281
3544873 1821416
774128 413816
3343367 2334847
2344646 326570
2855854 226503
3362763 2863729
1354045 600986
469926 157259
1660938 165853
1394926 325170
1105258 290147
2849364 2437785
1566997 1994456
3773217 544961
2785541 55085
2044077 435698
280775 788691
3364693 532859
2785569 2659198
1922147 1810042
1277349 848090
3295688 165503
1566833 2082284
296496 271210
2883666 3430254
1161215 1946588
3914996 1105403
1115849 1741926
1941098 675925
3246287 2205388
2025928 911951
1484052 1937539
2002242 53832
449243 1105263
2009604 1584174
2028061 1266049
2782430 1041753
921627 1729846
1340730 2214205
3343356 1381540
2137509 2883569
1152809 320970
2855863 1381300
689378 1444380
761778 1544970
3409846 1783565
2792288 879819
144285 418673
2433677 1237118
2706518 222758
2028049 449763
1998317 2767764
1258183 545336
3933639 2938767
3308026 3378976
1080108 810206
2785542 1561693
480793 1156271
2024448 1084263
292730 426857
735828 180397
2779068 1655884
718128 1477450
1989135 2760533
3195556 1183809
2214201 2038436
3246057 54408
811534 1269068
3195526 2877407
2345150 922798
1566804 1709278
1446046 189679
1339338 881822
818573 1104756
1566948 2426415
1126323 1121479
3295722 612370
1998237 405133
2001221 479204
1161217 1343884
612609 388056
811535 1613427
2344475 1167529
1353027 933162
1625147 1003009
1129734 1463514
480794 543732
2776441 418750
519391 1220457
3364724 675951
3439644 1262444
1648944 1677703
2622431 397543
484372 723167
1117258 839203
1060606 1922150
2029953 646362
2001232 496621
1131182 601952
2616686 618289
3246172 1394938
593257 1327973
3363388 883437
1575669 529537
2405380 891351
3179750 2495946
2883561 331582
431923 729827
2790967 1978083
3694513 1721380
2463388 724553
3381190 1019515
3998583 1086076
1115830 376363
2883704 1779163
1566805 2426154
3048499 1121597
689379 1111815
943465 1305429
2002294 50715
1335040 2206922
554542 773419
2434999 224939
1648922 176952
913213 1167616
1156229 1559831
3770511 665217
913214 84944
1476557 891015
3246253 523960
464664 674367
2791897 2299784
4171993 829498
2306525 856480
1625161 2472922
2186391 50957
2807622 19607
1353066 1340557
2896931 101176
1133353 642985
2306404 1097491
28472517 973452
964847 1214068
3295669 328907
519392 6429
1157987 539910
1329384 191433
2492168 385929
3246173 1162286
3758784 1131199
2755515 1711006
490156 692464
1174515 1516168
1332019 142512
2047098 142597
1470478 654065
1774369 324098
1733947 1633828
3409933 293520
2783930 2797883
432935 1079547
3769667 281055
3246599 326855
1260198 2137489
1174516 617003
2348156 2528559
3770413 434681
2141659 2032967
1834943 2368233
2206069 1467470
1476599 1121136
2510013 1958060
1987513 322984
1918635 746412
2616953 1239295
1072707 878029
2617164 409143
2782431 1237130
1477763 857779
3362802 345622
3343369 1577651
1258174 721180
774129 226742
1336886 836863
3691608 1816088
3165733 389372
1648945 544777
854669 349171
2616954 1179853
735846 1507080
3799030 1760564
2616977 2165412
3306710 1913219
1049311 998088
3758785 856726
2626147 2083704
3607958 1739590
1672668 1328112
3580616 1730734
2770547 1483373
2807589 1506259
1804773 860160
1126341 1120993
2896890 1104410
703749 974112
3985354 219482
2616826 199695
554543 1277413
306810 703048
614819 436113
2493868 602539
2713280 98279
2141674 2885740
3691688 1417157
1624943 1457641
1911630 745032
3017180 2626526
2767740 331538
1804637 141726
2047161 1710332
2339501 687196
2713019 2907576
3985464 1731410
4033406 2778465
2053301 808947
3431498 860963
2424935 2212822
1277350 2154029
2106612 1354260
2031721 799550
2002255 896424
2405330 1607842
2923964 349910
4131185 1563816
3430063 3810458
1507079 706763
3045728 1260374
2957431 1691537
1171926 1390304
2929769 437312
1566660 383253
3378423 428906
2047113 543235
2855845 1202430
2762131 1097489
3364613 721816
2621940 1473413
2560076 148294
2048756 97376
3306722 53889
3148676 1962985
1152845 1416632
1911645 53329
1977183 2218323
3131505 242468
2622024 3250140
1560335 720561
2306379 2571818
818574 662186
3246221 1682994
1461206 298844
971266 909640
2420247 888460
1126289 270194
2106613 669426
1938101 1104618
1129736 2001247
1436972 1729297
2032518 1473688
539948 1260261
2698485 1392172
2013035 1270387
2148523 647504
2616887 1566802
1321356 394987
2617202 38527
2883528 2297809
1149893 1868395
3985266 964312
3045704 810720
3426543 521133
2351706 68533
3324389 703583
2567871 1299106
2141685 2885767
1277383 349023
2616698 743699
3511690 33479
3148595 2449740
1394914 1053235
2759297 2013279
2560110 239298
3596656 908515
2047138 2076105
1060608 869328
2472697 1279041
1179555 1309068
2957439 1642473
3363390 1023421
1613332 1111360
1979774 390291
3691701 773400
2472698 2849393
3364652 335759
1987672 202277
3343357 1162261
2770522 1256507
3771544 2754824
2208687 123404
1911646 193709
988747 930518
2002284 677912
2137631 812038
3048493 725380
1856994 930129
818557 1625202
3105170 1366824
1256510 276283
1264594 1504476
2762132 976620
2657970 1042128
2333628 3035275
2106614 1267799
3544810 1660465
3343358 2948449
1350722 1426063
2713021 3306735
3692052 363188
1130574 846635
3368189 1144574
2896896 647480
1574179 1568595
1264659 1171626
93378 318292
2713022 52233
3729700 104228
2047139 1000991
3324234 1193953
2809000 330305
3275305 815992
2709738 1008297
1181031 2053691
3409849 445023
856226 1671124
3691616 566891
3326870 285814
1566806 110044
1921176 534084
1220374 264566
2032623 2628402
3409850 325519
3017181 1650895
2785543 2087157
538229 601027
2794964 572904
1857030 394860
3409884 1507503
1625230 515235
1080110 923043
1338086 1741923
2882157 3429140
3117303 930100
1115796 1266983
3134488 718606
2641018 2151762
3354919 1247674
2135536 1381150
2713305 2188753
2770552 1131215
2141800 1233671
144289 422716
2434982 659192
2856303 873291
3363391 890933
2029434 1196479
2154023 1687249
2029940 430924
596327 237896
1723531 2135534
964640 892985
2779081 1420881
3045849 614354
3985241 1006909
3426237 1558402
1810564 2561373
2472670 1339947
2208688 402828
856228 606687
3439828 923747
732300 299823
2856243 887177
3111153 1650754
144290 455061
1804837 404535
2617603 3246818
3933650 515286
2923965 862789
2012979 2779064
522637 1227617
2567872 2537217
2560187 1425305
3045826 810703
818535 1625163
2560037 2445609
1152826 822478
2154024 1861777
3148987 571680
612610 1350695
2332150 2660447
1338313 810855
1156284 2028198
3363392 1583066
1071989 1934059
371285 351857
1476558 987044
3117253 1152900
3304463 678395
2028159 2081513
4271104 418452
979921 1823976
971295 316561
1804630 1450125
2789544 116949
1922091 127616
1174517 458831
1804829 677087
3381236 2477425
1157989 169583
1977184 324424
2192052 105608
3546594 850205
965136 1606535
3343370 266004
2348168 3045437
718130 853313
2016735 1120520
3005363 1458912
3368206 3039757
2135650 1559222
3172482 807213
3769661 1162273
1653771 2496030
1156285 1367916
1146009 593887
2621941 572873
1338087 1017883
2472860 974082
1544954 1720489
1080111 82799
2877957 1260155
2785544 1146175
2785610 96445
2808990 637414
2367391 1303331
3148596 799560
780657 1567000
2344636 734883
1138184 544429
3758811 1471884
2776356 883874
818858 1230693
1476584 341659
1130575 448553
2616751 1735101
1260233 2137572
2344659 734935
971251 1810543
1181032 2053700
2493869 22874
1544962 695515
3275306 390551
3246372 497613
2370480 2293572
3246270 1671713
3246258 131698
455020 544411
461863 460843
4200953 96887
1854743 551937
2472671 792629
2081536 686815
1804666 1355683
461864 1119944
1987514 292269
939624 1094709
2759288 372313
2616761 899328
3246620 635021
1077155 1939002
2923956 388326
4171994 829460
2012980 979870
3207518 1307034
1672669 764486
2472685 1660271
1228317 1096670
1101801 1972136
2455945 2760175
3105171 2177180
1255644 2133084
2697991 1735366
1476559 1253836
3691598 593907
3596618 528667
2137586 2883703
964848 1176119
3388814 2939430
2020752 887823
647638 1388697
3745511 143215
2882158 2751460
554544 795094
2348698 3045879
1338088 2209802
2616835 910848
1804611 1575514
1987484 945850
1152810 1564746
614820 904263
3042640 2203626
2657922 947322
2018782 2782649
3023546 878308
30187589 1147358
2272168 2521665
2097006 2849451
1016330 338910
3250117 997217
2106602 858550
2020844 260610
2794839 875543
2855865 101401
1941099 2708458
2029435 1144565
2617604 291780
2657934 750714
18052 91792
2192053 2929772
1260246 268785
2032886 1473189
3429151 2184939
3407053 1086265
1415533 1265975
2709728 1771009
1545027 2405515
2031722 809280
2047064 1299782
2032563 1461185
3985235 58058
2541192 2142951
3366877 222475
4048026 803942
965137 1805394
1470439 1286165
3035272 1758127
1154208 833346
2348672 3045846
1477375 933000
614821 902404
3306712 2760555
30194111 3810190
318290 324309
1157990 839179
1991365 7260
1260199 2137499
2775092 218793
1560336 575397
2616752 571306
1126353 358695
2192054 2801831
2617117 2333737
1205204 196390
2715345 1105818
1477743 800674
2433678 587231
2657872 322403
2186392 2317855
1129737 55648
2405410 402598
138328 108045
2336851 2270781
2331295 327487
3544580 419087
478448 103061
2770616 1345925
2897034 745306
2715388 2500941
3921858 831511
1436884 2306408
3592482 569856
971282 1810617
612611 1350705
3250504 2434842
2736308 2915564
2789537 1521974
2154160 279995
2137459 1221716
2281478 931283
3042641 292847
1160818 708891
2944956 507278
1277371 2154073
3816139 353624
3769440 1577505
2616699 216953
4031500 889193
3410360 813633
2029436 507686
2616753 118987
774108 1357005
3544864 1449719
2472861 858115
3799090 151022
484005 1091846
3045365 3546203
292731 600972
3610374 3933642
3462333 29819
2315048 332060
2856277 50530
3165743 2024957
2493870 2318945
3409851 3064883
1154169 979486
2500501 2485693
718412 1426146
367044 965133
1856835 1915743
3045410 914033
2096891 815029
490158 1169991
3592483 832002
2734461 178082
1967415 2736317
1544945 369160
3169627 3636020
3023532 14339
3985409 633426
1113252 445154
1066934 1929821
1131185 1776756
2002244 1648990
3592484 899281
2141801 1716921
2472672 830081
3246379 1589353
2947000 825416
3364767 2338969
3921866 620044
1804592 491291
90109 290723
31770417 1838242
34383893 848847
34303012 446115
2227882 2464164
615909 824713
2014007 2780053
39770319 2032163
33802 135137
39797115 614489
39806641 2257560
39809085 877315
39818278 1850209
39818281 1783271
39834779 3055188
39845524 2018122
39845651 3070241
39890442 1211257
39892010 2175379
39892470 2794375
39899346 2961474
39904386 2493678
39907800 636724
4317843 3464865
49367253 160621
49894548 1574815
49917177 1683211
