5006500 672382
440387 40842
3220212 1737910
1782923 2599366
2821 35634
162790 223811
2412927 3100233
5011873 4308569
3384635 86826
5014351 5014361
1103854 1975501
48720 207795
35418 140679
4932208 4932215
1202463 1155786
360013 595091
875310 1691981
178958 549173
447695 1102462
3132578 3608623
5019951 5019956
593834 1328720
2124333 2438285
1778289 1531516
2720216 3312402
172758 532729
529273 1238923
3458278 57602
4434288 4477267
5023954 5023957
619113 442856
2619747 3248552
1284158 1243771
5025732 913118
402264 1016186
5026803 5026808
5027256 1506768
2795274 3370183
3046553 2555256
2502189 3171192
3982597 316471
1587766 2445316
417755 1057606
9536214 7482129
10407157 10407159
57832 236670
11609542 11609549
125643 409743
4696633 3172404
2413834 3101747
11854717 11854722
11858143 5775922
1209767 2085890
6024166 6024171
11948696 1701014
197193 593079
12184955 12184958
12199048 406972
12210974 906640
929222 388336
3575011 3910274
13234992 13234994
41881 172853
2493119 1629815
57834 236768
13327161 11440095
3555866 411822
2591534 3187692
197122 592977
799897 1591823
13349142 10673150
13355173 13355175
1211237 2087128
4945737 3235607
1950644 1653758
78041 275875
13379200 5071685
1246741 896951
8758110 4503031
13402309 910781
1100322 1405850
13420681 3526333
13425043 3185939
2131086 2878261
13429591 2716697
442934 1091601
3533270 3884326
1291995 2169184
162805 512842
197140 592995
162806 512856
13494638 13494640
2420172 2172999
3931537 4138511
13510771 1680484
12336022 4302553
13518213 13518216
801128 1592691
127255 413050
10904967 4444740
14778541 14778546
14883953 949876
1569244 2428322
2428316 465157
14898017 9847707
14915815 8437774
14916209 2275504
1525782 2384113
14930022 6676591
14931088 5957707
853081 1667455
14933505 14933507
14934254 1105900
14940481 12508027
276129 782792
14947010 3948093
3853576 4087541
1539036 2398769
1208445 1273016
14950461 6776051
371489 971637
14953629 1366684
14958500 2447625
1211335 1256475
2087257 2840794
2124125 2871859
2840793 1258143
14961598 5840857
14962277 65994
14965420 3185546
14966055 4935122
10995859 568885
14967504 1708242
14973480 639973
14978636 3997428
14982082 7074074
14983043 5519787
14983485 10201271
14985779 386086
14987416 38697
3399427 3792442
14995834 6529348
14997449 2505690
14999814 892318
15004940 6045058
15008056 15008058
15021352 3663253
15025311 4000752
15029198 7033889
15035783 1579389
15037526 15037528
15041924 48142
15044677 3262269
15048599 5579148
15048798 12101238
15048848 15048850
15054602 2272691
2131290 2878488
15055834 3531810
15057054 10388033
2461824 3140952
162814 512906
15063553 4112811
1328464 1583357
15065159 11111235
15069448 388269
15074242 4283712
15085218 829469
15086037 316486
15093597 6408788
15099138 2179053
15107219 2282015
978980 1822452
15107900 556708
15110431 4975795
15110838 3917387
15111637 3239183
15111646 9993
15112970 527233
409373 321100
9195871 5280938
3489121 204455
15117253 15117258
15118998 6318110
15124220 5959333
15124340 3488607
15127637 15127639
15131159 1114274
15131901 3101365
15132035 2575433
15134885 8889760
15135018 8658214
15135328 5398378
15137924 5442880
15142055 10327774
10059523 10059528
15151313 436276
15152927 558026
11268154 6723398
15154299 2453449
15155135 792603
15158960 876755
2838066 3398340
799900 1591830
15170916 3842430
15174317 15174319
15175308 518302
15378185 15378188
15563004 1843164
1246701 1004268
15648031 2933770
15649599 4811500
15894830 4510989
28708428 28708429
28709001 28709002
28709389 12259599
28709519 28709521
15924156 15924164
28710028 3568032
28710189 28710190
28712378 28712379
28706394 11346600
28715211 6573051
28715215 20071259
28715626 9390473
28716073 1967876
28716296 5925508
15945819 15945822
28716874 3982466
28716999 3975413
28717312 28717313
28717933 19088862
28719461 28719462
28719661 28719662
1258290 2135764
28720045 11932063
28720159 28720160
28720664 28720665
28720967 28720968
28721212 28721213
28721386 4808812
28722973 16679741
28724000 9418864
28724048 28724049
28717000 6681381
28724143 28724144
28724532 12297375
28724744 28724745
29045795 20863629
30220379 30220380
30220644 1795461
30224623 100005
2935818 1462352
782407 1568754
782407 901607
162834 513009
30237901 8935767
4317746 4394243
13442697 9847491
4175574 4302238
2047220 2638869
30492358 2373697
30493630 7695077
2131094 439078
30493637 15895517
30493646 30493647
30493648 2576152
30493656 914035
30493661 6146919
30493675 300007
30493701 10702610
30493715 2361949
30493728 4313187
30493740 29379326
30493740 30493741
30493762 2500014
30493763 16440060
30493764 8697468
30493766 1965654
30493796 5161408
4400449 931626
30493809 1676393
30493811 2548844
30493828 20747519
30493829 4421030
30493832 20549961
30493858 2868503
3913780 4126293
30493885 1541740
30493910 12713022
30493911 1274763
30493952 2623495
4139074 4277212
30494007 7936645
30494012 76170
30494052 4019204
4032775 1784363
30494086 6673265
30494102 30494103
30494126 1357977
30494135 2133825
30494172 4798800
8046201 3643137
30494204 30494205
30494211 25899684
14866599 2122347
30494228 1642193
30494241 6981930
30494243 11231121
30494244 5495051
30494279 1296983
30494297 399359
30494309 4588648
13420689 8582510
30494345 1708214
1208397 276827
30494383 13986172
2384659 3076858
30494387 23893947
30494393 2613304
30494402 9784351
30494433 3119149
30494464 20451457
30494466 1565870
30494480 8548379
30494481 5054951
30494483 18066119
30494487 3332339
30494546 9477374
30494549 3245786
30494586 2271834
10298290 3271603
2641665 1703554
30494605 20548337
30494606 207694
30494607 870909
30494622 3980643
30494629 2447708
30494631 2921063
30494637 1415656
30494648 900059
30494706 30494707
30494743 3672911
30494750 730265
30494774 10085375
30494782 1709421
30494786 30494787
30494788 800604
4283691 2452566
14733963 5132548
4208024 629279
30494798 6023177
30494799 6492224
30494802 8433660
30494808 5738659
30494824 3660336
30494826 899130
30494828 1856728
30494887 408670
30494917 838945
30494920 6824957
30494921 8877109
30494928 158034
30494929 6552401
30494933 125129
30494940 458786
30494942 20217971
30494984 5240027
30494997 2725045
30494998 859739
30495012 3847968
11485834 913531
30495017 3549024
30495039 7275073
30495044 1844959
3884409 1775771
30495059 323316
30495078 1760748
30495080 5108633
12594197 357444
30495083 3175077
576428 1292270
30495095 1369284
30495101 3971969
30495106 51602
30495110 1793583
30495114 5076844
30495121 1415407
30495148 3573463
30495177 325371
30495193 407846
3399947 3792978
30495197 2274795
30495199 1723647
30495223 30495224
30495234 7815239
30495238 3180439
30495245 9038164
30495246 9361639
30495264 6282950
30495297 9455377
30495300 1948723
30495310 3611205
10904969 10904994
1071108 1933789
30495583 4164448
30495588 1818901
13420691 327582
30495602 1853303
30495607 861775
15633034 4167143
30495613 2272997
1545387 2405743
30495618 20880162
30495621 550075
30495623 1997043
30495645 6317079
30495650 912858
2680112 3282975
30495679 813285
30495681 2404694
30495684 345045
30495703 230264
1448940 2318554
30495742 395727
30495756 8794624
532557 1244093
30495765 8053576
30495768 3013254
30495770 4007548
30495785 884164
30495793 2461641
8977879 1719897
30495798 5467848
30495822 3976146
30495825 926126
30495857 1834652
30495868 3259145
30495874 296281
801314 78388
30495886 10679960
30495889 612558
30495891 52416
30495894 6329901
30495908 9125766
30495909 16757398
607718 782493
30495912 5531177
30495917 1609877
30495918 747489
30495921 5794926
30495928 15930907
30495938 3738913
30495939 2924450
30495940 1319941
30495941 10303862
30495942 741797
30495960 5501192
30495970 5489924
30496002 5476743
30496005 30496006
30496020 30496021
30496048 2612040
30496058 1904595
30496075 3944130
30496076 1407049
30496090 1235119
11678236 6355095
30496099 2566100
30496104 300639
30496106 14725148
30496109 26297556
30496118 7760023
30496121 10281045
30496122 2892269
1246742 2125991
30496125 8435722
30496126 654897
30496131 1174587
30496135 5793650
30496137 1054890
30496140 6270226
30496147 6285759
30496153 1210821
30496158 1724729
30496163 3423805
11125102 5126156
30496168 16989622
30496182 99483
30496186 3135022
30496190 1582807
30496192 761449
30496199 11610192
30496201 10282883
30496208 30496209
30496227 11433589
30496236 19224718
30496254 382275
30496258 5478182
30496273 13667050
30496286 3203792
30496290 395230
30496291 174401
15683419 1741854
30496292 21960774
30496294 3264235
11737586 1522242
30496295 6707111
30496296 1020410
30496313 1417842
30496314 2088040
30496318 1455149
30496322 3222434
9244547 9244580
30496324 1410699
30496346 9510887
30496353 1673739
30496386 389278
1208453 2084704
30496388 1004256
30496389 328871
30496406 349737
12668444 1742231
29592224 6005722
30496436 10291253
30496449 868250
30496452 2902677
30496479 2912529
30496507 5113451
30496512 25780311
30496516 2960542
30496521 11133957
30496526 8132986
30496528 2538160
30496529 3830527
30496530 918086
30496532 3842903
30496534 296443
30496537 3303626
30496539 7303556
30496542 7575951
4951236 342192
30496572 12099863
30496578 1749415
30496582 15348665
593018 1327666
30496592 56941
30496620 4510176
30496621 5639565
30496622 3742693
30496626 3157889
30496680 5527650
30496692 2127373
30496693 8975882
30496694 9178758
30496695 7109623
30496697 730646
30496699 1731186
30496703 8646675
30496705 12831599
30496706 3467099
162835 513015
30496707 6700930
30496709 193717
30496714 252466
30496715 353317
30496721 1706348
30496723 4390725
4175575 1784189
14883955 1673915
30496739 7342955
30496740 5071854
30496742 13929307
30496743 3245897
30496744 442991
30496771 822562
30496773 1954253
30496782 2168773
30496785 2153767
30496791 7934072
15092418 1142706
8354617 4091528
30496794 5980768
30496796 391031
3253567 3697000
5001691 1483649
30496798 21183435
30496810 700028
30496824 4310242
30496831 8788802
30496834 18737922
30496836 5623818
30496837 30496838
30496842 3803772
30496844 6857931
30496845 7376458
15719786 14570534
30496847 5091121
1944519 2718214
30496854 970747
30496856 2322468
30496858 2301540
30496861 883383
30496871 2614168
30496883 4654624
30496884 885645
30496885 20402183
30496887 945612
30496889 10358489
30496896 12462993
30496902 925092
30496905 6334471
30496921 3205792
30496924 378579
30496929 8502178
30496931 934650
30496962 5313667
30496966 3997797
30496977 11827413
30496983 94597
30496984 570203
30496986 417629
30496992 3932531
30496993 2904934
30496995 9737731
30496996 3579706
30496997 30496998
30497000 18738049
30497003 1596979
30497004 3286113
30497011 10129604
30497012 740054
30497017 25037
30497029 6810714
30497032 1707770
30497035 7324751
30497036 1486438
30497037 3225877
15370519 15370525
30497064 1842147
30497071 20529923
30497125 5690294
30497132 8111371
30497151 7319386
30497152 9333859
3605093 1311169
30497159 10280841
30497161 515079
30497164 1692266
30497172 1363102
30497175 2572264
30497179 1509637
30497181 1307735
30497190 8758082
30497196 13193931
30497197 23874853
30497208 6274038
30497214 277199
30497224 2339768
30497225 4092433
30497226 2832980
30497230 5135839
30497243 612599
30497244 2174000
30497252 3860990
30497255 953696
30497264 16575748
30497265 10326239
4767651 4768217
30497270 3865165
30497274 6552952
30497300 4654681
30497304 2992098
30497323 275726
4421552 2660021
30498120 1780686
30498133 3532078
30498135 9062878
30498139 409051
30498148 6757766
30498149 1798819
30498157 21053379
30498160 1659472
2427946 3111948
30498164 5118285
30498166 2924363
30498168 3187021
30498176 792236
30498177 4448989
30498181 5760166
30498183 1674284
30498186 5666641
30498187 3315687
30498188 1527461
3570561 3907321
30498191 2080526
30498193 13354426
30498194 1634206
30498195 3124883
9474384 5475077
30498200 5434801
30498202 3707518
30498205 10292583
30498206 1606939
4701425 897413
30498208 1687283
30498209 2436244
30498210 4170179
30498211 4576457
30498213 7648329
30498220 20532015
30498223 5353103
30498225 3641734
30498226 1062758
30498227 5248488
30498234 1001860
2839612 2588233
30498238 3166203
30498241 8997967
30498264 3043392
30498267 15459056
30498283 4609606
30498287 9024306
30498304 3256413
1289438 361854
30498307 13526720
30498330 4123420
30498331 4602500
30498356 888468
30498366 2373031
30498369 1930723
30498370 30498371
30498372 11923206
30498376 6450491
30498379 1093406
30498382 8667809
30498391 7730492
30498397 1329306
30498398 21167019
30498401 364954
30498403 1008524
30498410 1532445
30498413 1732323
30498415 4529462
30498425 11983746
15801405 1319632
30498428 6440045
30498429 7216763
30498432 3021695
30498433 3601993
30498435 4269733
30498438 226206
30498440 866320
30498443 6265552
2431447 3115121
30498446 1720856
30498449 3329307
30498450 4945717
30498482 569302
30498490 4209943
30498499 5399536
30498502 7791902
30498505 1174583
30498508 5357740
30498510 4113897
30498514 1704747
30498516 5440073
30498517 1300371
30498528 3925036
30498530 2930369
30498544 20502893
30498546 1856590
30498548 30498549
30498551 323102
30498553 363500
1568785 2427971
30498563 20527232
30498570 1366133
30498571 3052253
30498574 3738472
30498590 1786623
30498593 4083159
30498597 3946249
30498599 1034514
30498617 191186
30498619 13592593
30498621 7039748
30498627 4279678
30498628 2651974
30498630 21745338
30498639 6260419
30498640 4445378
30498642 862584
30498644 10674291
30498646 7765292
30498650 5668779
30498663 12114685
30498664 5171
30498665 5938213
30498671 8510625
30498694 97311
30498712 12038777
30498713 32517
30498723 13114
8549822 4092821
30498730 3595155
30498732 2621669
30498759 3957653
30498761 1964246
30498763 3951790
30498766 486274
30498768 30498769
30498770 30498771
30498779 1856642
30498783 2846476
30498785 1311748
30498789 2501867
30498793 10278123
30498794 19161043
30498799 1696728
30498815 390325
30498819 810073
30498820 18771713
30498821 442769
30498833 3273817
30498836 4981858
30498839 3469130
2128422 2875820
30498841 1724959
30498842 21120233
30498845 874475
30498846 7198961
30498848 344958
1034224 939343
30498851 5966958
1208623 2084869
30498853 127617
30498856 6306832
30498865 352350
30498896 438660
30498918 7812943
30498923 2212774
30498925 5532724
30498927 2542214
30498934 4989545
30498936 9629728
30498942 7320219
30498946 17846176
30498949 2322858
1328465 2200536
30498951 5661832
30498954 3125697
30498956 300825
30498963 2935143
30498969 313243
30498974 30498975
30498979 11177665
30498981 7133295
30498983 5454322
30498987 1721198
30498989 313249
30498990 2723991
30498992 8235905
801140 1592703
15727545 3858312
30498996 1710915
30498997 2796165
30499000 7247614
30499003 1002462
30499006 2281694
30499007 5476535
30499008 6120903
4468956 4503227
30499018 6986538
30499064 2539815
30499071 5127076
30499075 1225047
30499076 2827476
3594059 2513195
30499081 4992209
30499085 9295109
30499091 20202549
2900418 1420369
30499097 21252237
18351 92933
30499125 262396
30499126 16211332
30499133 30499134
30499135 444632
30499139 288100
30499142 561589
15722884 10281238
30499144 3227187
30499147 1298267
30499149 1968230
30499152 7963598
30499153 10420593
15374656 1715615
30499156 6382642
30499159 2543543
30499163 2502023
30499164 6162449
30499168 1071065
409380 1046037
30499181 4297607
30499185 1667581
30499190 6091725
30498309 299719
1208454 314188
30499203 2438635
30499208 4256734
30499215 10046739
30499230 11192751
30499246 11659172
30499248 10676388
30499258 25373953
30499262 5966037
30499276 2459312
30499278 1216513
30499282 1814199
30499288 392396
30499294 2696273
30499299 7749478
1867765 2667126
30499309 30499310
30499311 2849247
30499313 95732
30499314 999746
30499317 8296007
30499318 917075
30499319 6823196
30499320 3618965
30499321 30499322
30499323 30150559
30499324 1205346
30499327 8328980
30499328 7862643
30499331 216325
30499333 86745
30499338 2649391
30499340 296327
30499343 2230684
30499344 31934
30499346 2804340
30499349 3333330
30499360 3074987
30499362 884152
30499371 910540
30499375 5825961
30499382 2170521
30499383 109202
30499385 7308011
30499395 4105123
30499400 21487615
30499402 2298764
30499407 661067
30499411 6917743
30499416 2528201
30499420 26478016
30499421 568490
30499428 1742320
30499432 6009167
30499436 908170
30499442 26084
30499451 11144375
82783 285623
30499455 8406844
30499463 5046077
30499473 29732604
30499481 21084023
30499483 19035337
30499486 13282407
30499488 2795345
30499489 1848393
30499492 801588
30499497 6108820
30499501 952979
30499502 1055216
30499509 9778832
30499510 385192
30499519 5939475
30499523 2138410
30499525 39810
30499527 5947391
30499528 11233396
30499529 16281252
30499530 3319480
30499533 5575571
30499537 7077481
30499539 7831842
30499541 414226
30499546 1673440
14872524 14872530
30499557 20453685
30499563 3505000
30499574 4345130
30499580 6652316
30499585 325921
30499586 5216812
30499595 1947251
2658553 3275863
30499600 9956969
30499603 741758
30499618 3505106
30499620 11922902
30499622 1243153
30499623 3602065
30499625 5105441
30499633 1255288
30499642 918902
30499646 332459
30499648 30499649
30499650 4325830
30499651 20578796
30499658 1606817
30499660 2444323
30499663 23559
30499664 3526203
30499666 30499667
15358275 15358280
30499674 876498
30499683 1161589
30499686 10277333
30499688 1055632
30499689 1825724
30499690 3016029
30499693 298984
30499694 4933175
30499708 2998411
30499709 1554303
30499712 895738
30499716 1957319
30499718 1722091
30499725 7523814
30499728 287470
30499729 1650518
402074 1015997
30499733 1724834
30499742 953378
30499753 16309140
30499755 2183978
30499756 1098512
30499760 1594896
15714401 961498
30499765 316826
30499771 14023337
30499776 3327549
30499778 5223671
30499788 5034660
30499789 5120980
30499793 3136553
30499794 2276272
30499808 115488
30499810 7805164
30499886 1452516
61753 242206
30500310 30500311
30500600 149887
30500622 17688864
30500623 30500624
30500625 3070703
30500629 5579325
28851238 322265
30500632 3409990
3818312 1641667
30500637 1590583
30500640 1041638
30500646 20490050
30500652 10274800
30500659 1717422
30500662 724099
30500666 5232755
8696690 6065014
30500670 1092946
30500672 3578641
30500673 2937038
30500675 659975
30500677 2303652
30500678 30500679
30500680 22547994
30500682 568842
30500683 2191470
30500684 13529845
30500691 4550506
30500693 1302253
30500696 1979731
30500703 4417487
30500716 6865657
30500720 105815
30500722 10686022
30500725 358084
30500731 158390
30500736 4548733
30500739 23861
30500746 10204343
30500756 1419355
30500770 9901235
30500785 1677119
30500790 660209
30500803 11748021
30500808 4282359
30302544 7513892
30500823 665551
30500827 1685820
1328466 2200539
30500833 165683
30500843 1502851
30500846 1849580
30500847 9598757
30500854 3328971
30500855 3609282
30500856 4014045
30500857 30500858
30500863 580761
2680115 915474
30500873 296297
1034225 1897783
15721013 4995369
30500876 3746493
30500885 11180435
30500894 3226594
30500900 928178
30500901 6166684
30500903 2598492
30500908 21164290
30500910 12349169
30500912 7888216
30500916 9738513
30500930 6463938
30500931 441693
30500934 838893
30500936 489832
5027897 1581450
30500942 2542861
30500946 98281
30500950 6606008
30500952 5027567
30500955 6504793
30500956 13605683
30500980 11208973
30500985 30500986
30500992 3505109
30500993 11089113
30500999 9500604
30501008 30501009
30501015 4241750
30501033 9216213
30501035 5210123
30501037 556361
30501045 1691062
30501051 2226499
30501053 11355239
30501060 2063444
30501062 5841012
30501072 906166
30501074 4230806
30501083 649217
30501089 6081293
30501097 3156416
30501101 1255577
11463434 2127245
30501108 5898813
13389193 2311375
1246743 1004795
30501120 8631794
30501123 7543315
30501128 4396623
30501139 1792969
30501140 1115693
30501145 1867590
30501150 18701203
30501152 2502429
30501167 2986951
30501168 1901028
30501169 293915
30501176 10684724
30501182 385493
30501196 109145
30501201 3237757
30501205 6534558
30501209 7434064
30501213 30501214
30501220 869767
30501222 12736473
30501224 1385650
30501232 1602332
30501242 5928724
30501245 15664833
30501246 14729186
30501249 961539
30501252 1296783
30501255 30501256
30501257 30501258
30501259 400306
30501264 312903
30501273 1313734
28277754 884834
30501274 2189534
30501276 3940785
30501280 217471
15722369 5758599
30501285 9980287
30501293 12297038
30501301 394152
30501309 4571256
30501312 2919543
30501322 520761
30501325 816010
30501326 4651524
30499726 1616113
30501331 2354506
30501335 30501336
30501338 7758554
30501351 20206366
30501352 4735209
30501361 15666640
30501366 105566
30501368 20495193
30501370 4144000
30501371 1686222
30501372 8471181
29340959 4158076
30501373 5347618
30501378 5466114
30501379 394657
30501390 915971
92906 315878
30501399 3228461
30501406 2313304
30501413 5985139
30501419 2511935
30501420 4625122
30501429 28524178
30501431 2264518
162839 513030
30501433 4171128
30501436 2952872
30501437 1805679
30501438 12972396
30501441 4597572
30501446 5822861
30501450 3676930
30501459 328589
30501468 20208256
30501477 2538161
30501479 8631870
30501480 20451564
30501482 30501483
30501484 12128615
30501488 428808
30501489 789167
30501493 5001964
30501502 12130881
30501519 7422041
30501521 677193
30501525 9958594
11434249 6438831
30501541 7640934
30501545 5381037
30501549 2324971
30501550 5319850
30501556 2387524
162840 513035
15722803 825890
30501563 2273405
30501564 670115
30501571 8800440
30501573 30501574
30501575 340348
30501581 8996895
30501584 1845140
30501586 20456447
30501587 20471642
30501592 20469114
30501600 27652946
30501625 658928
30501628 1194952
30501630 30501631
30501637 3333117
30501640 4239488
30501642 9397378
30501658 14130393
30501660 1577257
30501680 884510
30501682 30501683
30501684 30501685
30501686 1268319
30501691 623431
30501697 1445853
30501698 4071092
3530486 2850145
30501703 1613384
30501704 5961512
30501706 3330266
30501708 9871709
30501713 1633205
30501715 392579
30501718 30501719
30501726 30501727
30501751 50674
30501775 99998
30501781 511704
30501783 7248697
30501785 3927574
12069343 2482883
30501791 3214421
30501794 6847159
3989713 2736832
30501798 5015578
30501802 1529791
30501806 1742539
30501821 613469
30501825 3304084
30501829 11252960
30501830 8270984
1242363 2121094
30501833 2074092
30501835 2979102
30501847 4146839
30501849 1752133
30501857 5677862
30501858 6479539
30501861 944616
30501866 10681109
30501874 5270324
3213 39740
30502112 10095798
30502225 20871265
30502250 14476782
30502303 11163740
30502305 4170869
30502308 7091021
4995768 4995782
30502310 24566063
2218601 1374766
1820729 2189756
12545380 12545391
30502320 30502321
30502328 2707532
30502332 5823976
30502337 18776170
30502340 25484172
30502342 14528231
30502344 20498085
30502350 1308565
30502356 6860294
30502359 7091431
30502361 20471650
30502362 390704
30325238 5804635
30496681 14814746
30502370 365110
30502372 11330387
30502378 805196
30502394 5634028
30502427 390002
2961683 3486752
30502432 602540
30502435 6556407
1328467 1828722
989844 21198
30502439 870277
30502444 4320844
30502449 899292
30502451 3896077
532558 91915
1515571 933697
30502455 3884425
30502458 10282609
337122 923396
30502461 5007145
30502462 779484
30502463 289420
30502467 1309512
30502468 1318785
30502471 2936820
986235 1832959
30502473 15210910
30502474 21263351
30502475 4584950
30502483 1732917
30502492 9738492
30502495 3328956
30502502 4811615
30502522 515097
30502531 8047795
30502532 1787426
30502551 346746
30502552 4952229
30502556 1529315
30502557 5173704
30502577 6550002
30502582 1601499
30502587 8167138
11564036 3572600
15730750 8128130
537150 1256087
30502599 5795481
30502604 1398738
30502606 30502607
2566009 3206393
30502622 1523418
15736145 7265568
30502625 7409454
30502634 1244868
30502637 30502638
30502642 3962004
30502655 30502656
30502660 416637
1328434 2200509
30502665 166563
30502666 3512105
1322654 2193569
30502668 1226253
30502676 339749
30502679 6276896
30502685 250638
30502687 20196027
3696996 949667
30502688 1563808
30502695 1732727
30502697 5548744
30502699 2410924
989845 1835611
30502704 1153365
30502709 14164138
30502714 30502715
30502722 3140063
30502730 11252098
30502736 908746
2622155 3250231
30502739 19960810
30502740 2290548
30502761 5173118
30502764 1275869
30502770 3990888
30502774 10069699
14948871 5997732
30502776 887856
30502781 3552897
30502783 1791188
30502789 1163335
15725868 5725101
6386765 856815
30502807 8425777
30502810 1808386
2587888 2267947
30502817 17669938
30502819 4002092
30502825 6944017
30502826 802473
30502834 2103968
30502841 6548198
30502843 8000407
30502846 12374844
3108843 3591024
30502851 17342636
15086426 2003133
30502870 10681126
30502875 6939144
30502883 5065727
30502888 2354735
30502890 107857
14873231 1614150
30502896 8694818
30502898 10671474
30502902 30502903
30502909 7112158
1327611 1458878
30502922 355537
30502925 8574988
30502930 21123459
30502935 4982029
30502936 21188427
30502941 1442373
30502943 892917
30502945 323779
30502954 14167042
30502966 5096832
2632315 3256923
4914846 4183833
30502981 20578805
30502984 18190559
815946 1620321
30502988 30502989
30502999 2592136
15363166 6781896
30503002 1743774
30503003 4151662
30503004 6376168
30503011 3583071
30503019 4584683
30503022 7259232
30503023 21190804
30503032 4670337
30503033 9944784
30503036 4050675
30503044 9754
30503048 2372725
30503052 5489854
877356 1694434
30503062 5081173
30503064 3634198
30503070 20139499
30503074 3743568
30503075 3532429
30503076 1709954
30503083 344880
30503085 5874942
30503087 1304751
30503089 6007303
15244957 2381857
30503090 2741488
30503092 2681538
30503096 4427209
30503100 873722
30503101 6985142
30503105 10683635
30503111 17247072
30503116 4242086
30503120 9199439
30503121 5675564
30503134 6520588
30503142 5447548
30503143 3888508
30503146 2520173
30503166 482327
30503169 30503170
30503173 3757446
30503185 2502373
30503187 16241267
30503188 3951902
30503190 7915768
30503192 30503193
30503196 20527184
30503202 18774183
30503216 1435794
30503217 8567312
30503226 5776624
30503227 9863720
30503239 23670371
30503241 21806169
30503248 5683737
30503250 14114959
30503253 3166777
30503263 30503264
30503265 20353855
30503278 1445334
30503285 2901821
30503288 8901605
30503290 900087
30503292 7573572
30503320 1143300
30503501 30503502
30503504 5612926
28536362 21198876
30503584 1328148
30503586 10279634
30503589 5282484
30503592 5788460
30503596 2121784
4067747 928191
30503604 12305214
30503617 2299968
30503621 9604950
30503623 6847801
30503635 3269362
30496868 1305313
30503651 6383651
15719882 3909114
30503670 5086644
30503671 1694526
30503684 4925422
30503690 5551813
2641325 3264034
30503692 2991037
30503693 19665156
30503693 19152754
30503693 4649689
30503723 7088972
30503724 997733
30503725 20527569
30503731 876888
30503737 1139231
30503739 2273274
30503749 341582
30503764 13526840
30503770 3504253
30503786 823972
30503794 5772361
30503802 4576721
30503804 3696654
30503809 635606
30503816 2854550
15727620 661533
30503818 348215
15724531 14167603
30503832 1282866
30503847 14561916
989846 1629379
30503852 4502323
14949975 6851390
30503857 2186576
30503861 901908
30503871 21097919
30503883 982537
1457115 2327021
30503889 4740374
30503891 20892733
801466 1592865
30503893 10364951
30503895 30503896
30503900 30503901
30503905 2160175
30503906 6770044
30503909 3653889
30503927 10330834
30503929 3728532
30503933 5837430
30503941 1417930
30503945 8700330
30503961 1829200
30503962 21188434
30503966 5132497
30503968 2830747
30503971 4519800
30503981 11464633
30503994 18486019
30504005 3270508
30504021 74154
15247738 3955372
3385081 97482
30504036 957328
30504038 20598340
30504042 17688407
30504043 12622435
30504044 16655740
30504047 20420916
30504049 20527493
30504055 6131442
30504058 338113
30504059 6509406
30502314 1634638
30504067 20597982
30504073 1279234
10904970 3527637
1328469 2200545
30504164 1567831
30504186 10058428
1034227 1897786
7248177 1702792
162842 513042
30504328 4600895
30504331 3245252
30504333 2532305
30504349 8532081
30504350 571241
30504359 15948784
8254890 8254899
30504367 3670952
30504371 3382610
30504373 7407524
30504376 2452393
30504384 30504385
30504393 15575035
2938709 53681
30504406 1149805
30504408 4305569
30504412 28856547
30504421 23944072
30504422 5967288
30504426 55274
2561911 11043
30504437 10682857
30504440 17094515
30504453 4032934
1208455 2084708
30504467 428879
30504474 4239669
30504476 15953532
30504487 2292610
30504489 2709845
800838 915973
30504499 5871477
30504504 9142040
30504509 5131968
30504511 20527145
30504512 30504513
30504517 30504518
30504529 930057
30504539 7583419
30504544 21190872
30504716 899353
30504723 214084
162843 513045
30504740 10286998
30504743 1633201
30504751 10334704
30504756 1537895
30504759 20078007
30504760 20527446
30504764 759960
162844 513047
30504768 1459353
1328470 2200551
30504775 17277046
3212820 1750145
3689935 963702
30504790 2307678
30504794 106709
30504797 9874198
30504798 4647607
30504807 2512733
11558880 9084037
2442500 3124461
10904971 3184927
30504826 13085437
30504880 22220219
30504938 6338297
30504960 10720898
30504966 18741442
4510517 4536746
10904972 1106150
30505011 30505012
1592863 2450179
4578648 4591853
2510035 3177680
31316835 22145680
31502461 274350
13451285 13451291
14794124 5879951
32705179 21041352
32775961 31501937
32776798 1851106
32785756 31400908
32785827 15002782
32786543 5622675
32792842 4685081
32793154 1184480
32795853 3325854
32796153 362038
15830896 555197
32804557 1770612
32806794 4168360
32807518 31486833
32808000 1544379
32816804 7878592
1592536 361951
32819888 7152585
32825387 117929
32828886 5852232
12965825 12965826
32832132 6457346
32834807 6071807
32840476 20226562
5008801 660799
32846079 9556483
5480 48421
32852009 10680592
32854547 1645393
11629685 889450
32870427 6202111
32960782 7342935
32960805 13528647
32960845 26011647
32960853 20527438
32960854 20527430
32960855 9057340
32960867 315690
32960884 2571474
32960890 3092209
32960907 791284
32960919 8137811
32960928 2565498
32960939 5034164
32960945 3085362
32960947 1511269
32960960 7062043
2131316 2878552
32960982 31389500
32960991 3418955
32990762 10424279
32990780 1743117
32990781 2650230
32990783 18188792
32990792 9196111
32990918 928120
32990920 3336100
32990926 14172726
32990936 5585900
32990946 886523
32990950 8341131
32990960 1915227
32990962 8181634
32990966 659738
32990985 8409720
32990993 3329108
32991005 298538
32991007 2899307
32991012 3303335
14732888 4093575
32991018 4474441
32991117 324374
32991143 12899499
32991156 5441072
32991169 2978621
32991207 18869663
32991208 31477681
32991225 153110
32991234 879915
32991262 31536195
32991272 1890339
32991276 16276570
409129 52415
4085900 4237433
32991299 1778799
32991302 4516154
32991304 172445
32991323 16454687
32991326 6346092
32991329 772695
32991336 3170664
32991348 1709597
32991353 3011925
32991359 20911354
32991378 10381123
32991380 20495154
32991382 20495146
32991414 31489530
32991415 31497137
32991436 7413594
32991450 31510685
2461318 3140692
32991458 565345
32991486 13529902
32991505 9556897
32991515 31471511
32991520 671396
32991522 7818206
32991539 3579761
32991544 21190605
32991555 59347
32991558 1319409
32991566 5972603
32991571 9737087
32991585 1580468
32991587 10849273
10779100 921053
32991597 2536582
32991605 5190698
32991609 52597
32991610 8283813
32991613 1264597
32991615 4090513
32991625 7591160
32991626 5430094
32991627 8693131
32991635 275727
32991638 27323302
32991639 15926932
32991641 963587
32991647 3752565
440939 1088525
32991653 4795068
32991654 324472
30503947 8268826
32991656 2754193
32991657 2377581
32991667 4681932
3989493 4174957
32991701 15833942
32991704 11207521
32991705 3527728
32991708 1466344
32991714 1291385
32991715 2740056
32991718 3401110
32991736 678305
32991740 2081928
32991745 2086269
207910 619788
32991762 3330137
32991763 2299990
1545102 2405591
32991781 1749547
32991796 908077
3813862 2502073
32991814 10399448
32991820 1397560
32991838 1247362
32991842 3507962
32991845 2150053
32991873 515009
32991884 20535426
32991908 1127307
32991927 2566752
32991945 4575337
32991951 362217
32991957 2922073
32991966 2523696
32991978 3348458
32992137 3206465
32992145 1767271
32992155 6168772
32992205 14773157
32992207 20527604
32992214 31545191
32992223 961119
32992228 3421507
32992263 13635328
32992280 2522266
32992281 18183833
32992285 97987
32992287 26240196
32992305 10273649
32992306 1315422
32992315 4048089
32992318 251934
32992338 2570642
32992339 902828
32992373 25263296
32992376 10663844
32992379 322801
15730555 8500009
2579541 1258159
15937131 15937137
33111641 10344154
33111754 31497693
33562335 20496894
33578660 8492325
34036936 28120407
1736450 2569700
34235924 31487628
34245913 1051016
34252121 679122
34269775 1414009
34277971 4276233
34305241 4137477
4157067 4289319
1243209 1613284
1569265 2428353
34364303 15362856
33859074 2609062
34379271 31413618
34380339 20497429
34395915 7749890
3681837 3977965
2871860 3421560
2150156 2892594
34420994 17627571
34429030 31498885
34430308 28111692
34437695 17653170
34445467 31419180
34462300 31406326
3100150 3584271
34470976 5796081
34476710 2457725
34480026 20844606
823314 1631256
727655 1497125
1420312 2295518
34497760 9843154
34713949 11796266
34749597 31411797
14777175 14777179
5059036 811537
35562815 759350
35562911 8676408
35562990 205716
35562993 3666876
35562995 4379840
35563023 838922
35565488 1835426
35571100 1083975
35571229 6197059
35577440 4195372
35577452 4136039
35577465 2705233
35585232 5799206
35585300 35585301
2430636 3114096
35600250 8266191
35600297 5306063
35602981 498645
35605108 20497096
35605700 7390748
35606478 21115091
35606694 5587532
2938706 3472224
35610864 20844614
35621486 877469
34312967 1230270
5781415 830915
15727703 8594066
162328 511993
32836093 3779871
12072042 103308
10655068 6008978
36382097 20770263
13525682 1202041
29335448 29335461
618400 677092
36515623 4401135
36519685 126070
3033901 3538965
36520212 2302434
36523942 17391696
36530693 11553661
36531886 2416553
3399675 3792688
36537118 31731857
36630636 31414020
36630661 4868465
28773340 10182993
36875543 3678803
37911542 5739434
38019601 7688258
38027723 2739890
3584428 3694884
38280136 31493445
38280329 31493452
38280384 21197112
38280400 13364899
38280435 31493487
38280470 7400211
38280586 5476065
38280630 1497201
38280752 3091466
38280759 16439765
38280761 2712282
38280768 2571630
38280770 296312
38280773 4104716
38280776 1933934
38280781 5226692
38280785 2934540
38280788 5371732
38280791 3240882
38280793 3712563
38280799 869852
38280801 6424114
38280803 2657338
38280805 1050049
38280807 28788243
38280809 19856856
38280811 4728382
38280813 651425
38280817 3032633
38280825 353355
38280829 943501
38280831 3730284
38280833 893100
38280835 3098235
38280838 16053935
38280840 1273029
38280842 1216911
38280844 1530072
38280846 3007718
38280848 31408574
38280853 31406294
38280855 1805776
38280857 16450125
38280863 31997902
38280868 2961246
38280876 300262
38280879 505815
38280881 2438734
38280887 31408780
38280889 7735029
38280891 1706929
38280893 31568578
38280909 31482574
38280919 18496587
38280921 15939303
38280924 11213275
38280926 5070212
38280928 2203075
38280930 1485598
38280932 10200466
38280934 19267134
38280941 34623368
38280943 31482364
38280945 31416366
38280967 31409224
38280969 4617624
38280971 11277749
38280973 31391504
38280975 7908968
38280977 15297259
38280979 799294
38280981 6067957
38280983 6527677
38280985 10704002
38280987 3638605
38280989 2771466
38280993 883869
38280996 6131238
38280998 2143081
38281000 718366
38281002 2143085
38281004 6351764
38281016 1439110
38281021 7545275
38281023 31416368
38281025 2564783
38281032 31514622
38281043 9574026
38281050 21284865
38281056 5985597
38281058 11150911
38281060 1456883
38281062 4482969
38281064 5795065
38281079 531495
38281096 7494635
38281098 4003274
38281117 31535659
38281126 20465183
38281128 2606571
38281137 20890622
13522541 9119499
38281155 2252780
38281157 20887039
38281160 11282700
38281162 15918880
38281172 3524819
38281174 11125408
38281176 714599
38281180 2905775
38281182 7569153
38281187 8648700
38281189 296360
38281191 6538236
38281196 1357483
38281198 1291660
38281200 4060855
38281202 1712854
38281205 3863688
38281210 2832542
38281212 5244090
38281216 1621069
38281222 10331426
38281224 8278959
38281230 12879686
38281238 4385724
38281241 2210257
38281303 544395
38281356 31510735
38281358 31510733
38281360 926450
38281362 4043773
38281364 25760514
38281368 18443086
38281375 6006662
38281377 5076697
38281379 18967793
38281381 2633172
5001694 633933
5001695 5001700
38384539 1285819
33818605 16538180
38764784 5701603
14871109 7081474
39191012 31480768
39935293 4654940
39971529 14445705
162877 513085
39979274 31487245
39997923 4761084
40005715 5383871
40005766 2738669
3696997 3988711
40007660 5805348
40039736 12776431
40042799 21954261
40045951 21312918
40046166 31655826
1034237 1897787
41857654 8346309
41885879 340694
41892416 314104
42061211 31478719
42061831 7369301
42066245 16056880
42118547 9134531
30781227 5871032
42142799 16530976
28399978 3190014
42180586 906345
42502315 31401301
42502348 31501517
43383948 6883266
43383980 8986291
43582950 14028314
43631229 2843687
43719233 9537505
45175749 31455938
45178897 3212723
45179252 2452009
45188411 16062407
45240376 2944325
45240646 963915
45866426 14571667
45866431 4305184
45866432 76172
45866816 2033914
45869735 299550
45869737 3118531
45966855 31492983
46885884 20844623
47846038 4339873
47846403 1402168
47846411 7173434
47846495 11707961
47846545 2947605
47846546 676906
47846557 3331841
47846569 1359833
47846589 20865025
47846597 6694093
47846686 55026
47847023 31469518
47847038 20941528
47848862 2327659
47848863 961904
47848864 52006
47848865 4218014
47848866 957076
47848867 10273320
47848868 1860534
47848869 5484746
47848870 27058501
47848871 10276511
47848872 10310159
47848873 1661570
47848874 2183878
47848875 6765679
47848876 3187720
13210226 608861
47848877 7057485
47848878 1357080
47848880 1699904
47848881 1634715
47848882 2538401
47848883 1362806
47848884 660585
47848885 3508201
47848886 1364584
47848887 2055570
47848888 4639100
2527484 530321
47848889 1675443
47848890 1707304
47848891 8694738
47848892 906348
47848893 1854351
47848894 3408412
47848895 2203609
47848896 4099
47848897 318293
47848898 2606448
47848900 989039
47848901 2609104
47848902 349254
47848904 5191916
47848905 2268169
47848907 3316927
47848908 1881870
47848909 1189368
47848910 5201092
47848911 3989945
47848913 870868
47848914 4958129
47848915 2835954
47848917 4958130
47848918 2551528
47848919 7010575
47848921 4517147
47848922 1245871
47848923 10530661
47848924 2599514
47848925 631241
47848926 5512839
47848927 2550102
47848928 1415406
47848929 4463625
7853872 6905133
47848930 359457
698545 1455008
47848931 4486459
47848932 166236
47848933 1433736
47848934 13106968
47848935 360121
2200523 2938681
47848936 4681090
47848937 7762144
47848938 1633440
47848939 596328
47848940 4259080
47848941 1587270
47848942 3576870
47848943 4448463
47848944 2251014
47848945 344111
47848946 1438221
47848947 2394307
47848948 1772041
47848949 8059231
47848950 13833523
7449595 952609
47848951 361043
47848952 5196463
47848953 1955597
47848954 3443049
47848955 1854595
47848956 1604396
47848957 9252372
47848958 339933
47848959 1845350
47848960 4682180
47848961 948542
47848962 1672484
47848963 6288094
47848965 2378851
47848966 1316680
47848967 2266172
47848968 4385687
47848969 5196621
47848970 1738718
47848971 6223963
47848972 4240402
1461987 2275803
47848973 2543507
47848974 4961238
47848976 82273
47848977 1418591
47848978 6968896
47848979 8851384
47848980 8557501
47848981 822176
47848983 349606
47848984 31403244
47848985 2303726
47848987 809493
47848988 31386321
47848989 2096859
47848990 3275251
47848991 3746830
47848992 5179449
47848994 31406246
47848995 4777272
47848996 6592571
47848997 2008209
47848998 4477405
47849000 3972396
47849002 942842
47849003 1012080
47849005 2832062
47849007 897358
47849008 19961085
9759288 8502001
47849009 5193892
47849010 12734468
47849011 710875
47849012 20527890
47849013 332717
47849014 2423828
47849015 20527584
47849016 18777320
47849017 4560961
47849018 3702584
47849019 16086301
47849020 20422028
47849021 5498195
47849022 31470372
47849024 31482047
47849025 31482049
47849026 31483081
47849027 5698856
47849028 31488498
47849029 31489804
47849030 31493505
47849031 29377703
47849032 31493532
47849033 31494400
47849034 28919437
47849035 31497691
47849036 31510133
47849037 17688992
47849038 1213469
47849040 303007
47849041 2177735
47849042 21474815
47849044 31551398
47849046 14184924
47849048 4485854
47849049 5894492
47849051 4326513
47849052 17121752
47849053 2321733
47849054 6484714
47849055 4020168
47849056 31645528
47849058 1777233
47849059 12107381
47849060 828850
47849061 849049
47849062 6383797
47849063 2220793
47849064 3842774
47849065 1855580
47849066 560336
47849067 9008640
47849068 11612519
47849069 5854000
47849070 2497310
47849071 3459612
47849073 337491
47849074 670916
47849075 6473929
47849076 1183137
47849077 6550775
47849078 3864711
47849079 665260
47849080 1743113
47849082 3329421
47849083 1846938
47849084 11065402
47849085 201355
47849086 898176
47849087 859584
47849088 717797
47849089 1405311
47849090 986339
47849091 329663
47849092 1607707
47849093 24221193
47849094 2935941
47849095 1812018
47849096 1734870
47849097 4407856
47849098 3818871
47849100 5374366
47849101 2559696
47849102 12064919
4435399 3602337
47849103 2747325
2166891 2710235
47849104 6332952
47849105 10759584
3879615 4105162
47849106 4546995
47849107 3629376
47849108 7538048
4505861 4532365
47849109 211234
47849111 6232682
47849112 4792168
47849113 987052
47849114 3192778
47849115 387920
47849116 2266291
47849117 7529265
47849118 960522
47849119 565374
47849121 15216528
47849122 5884978
1311562 1089451
47849123 2522110
47849124 52474
47849125 3325777
47849126 3010782
47849127 19044150
47849128 4611094
47849129 4315495
47849130 2990238
47849131 6892021
47849132 1768999
47849134 1601820
47849137 12210708
47849138 5157493
47849139 2636339
47849140 9348864
47849141 21178816
47849142 9529509
47849143 3432076
47849144 7453122
47865078 9676120
47865080 2971158
47865101 1681727
47865103 418699
47865104 39271952
47865107 15156488
47865108 11425169
47865109 15493802
47865110 16444114
47865111 12805385
47865112 11411539
47865113 9887395
47865114 2079578
47865115 12708049
47865116 8885295
47865117 7915667
47865119 365247
47865121 21852796
47865122 7191823
47865123 21196510
47865126 30611208
47865127 34685721
30775975 17366012
47865128 15232457
47865130 19661500
47865132 19228800
47865133 6860566
47865134 11442344
47865135 15930288
47865137 11453765
47865139 3347316
47865141 13712333
47865143 4482219
47865145 11471814
47865147 32170480
47865149 33790211
47865151 10911439
47865153 12092641
47865155 26099421
47865156 16528670
