1741912 1039545
3665412 336190
15913226 328943
15926635 517130
15927275 234241
15927379 83634
15927490 222336
15927588 742017
15927776 261786
15932299 358948
15938818 336757
15943977 329134
15944317 657159
15944320 386688
15944323 841506
15944326 638481
15944329 146323
15944332 135510
15944339 139588
15944342 102040
15944345 441527
15944348 514420
15944352 681797
15944355 606519
15944358 95668
15944361 610285
15944364 58259
15944367 145939
15944370 108491
15944373 97411
15944376 532928
15944380 123271
15944384 332345
15944431 189385
15944434 142312
15944437 320383
15944446 323468
15944663 62321
15950167 306963
15950850 86012
15951053 158657
15951056 295528
15951059 399147
15951077 132379
15951080 94517
2455542 316768
15951440 299824
15951443 505679
15951446 822170
15951448 267604
15951451 174831
15951454 25767
15951457 204156
15951461 339672
15951468 220615
15951472 9623
15951475 996156
15951478 141887
15951480 526498
15951483 356784
15951486 1785531
15951489 413550
15951491 108873
15951494 385473
15951497 219988
15951500 271597
15951503 295254
15951506 413322
15951512 14342
15951515 26375
15951518 52773
15951521 47849
15951524 485071
15951527 9966
15951546 52774
15951550 1007704
15951556 703880
15951562 100516
15951584 391310
15951587 410310
15951593 217376
15951601 278825
15951604 879260
15951607 340191
15951610 278811
15951613 150640
15951616 18112
15953330 199164
15953333 352059
15953358 758073
15953462 30988
15953507 1704354
15953514 98275
15953517 186884
15953530 6967
15953545 365968
15953553 95893
15953578 107009
15953580 234327
15953586 507794
15953638 568165
15953650 365095
15953653 208817
15953662 308509
15953669 128627
15953671 43482
15953674 23655
15953684 660082
15953691 223243
15953703 203404
15953707 1855105
15953865 819147
15953869 1982469
15953872 532511
29588904 622062
29593797 62851
31934221 204540
3209903 95480
33575427 917499
33575475 43998
33575506 506948
33576407 281607
1741190 201934
33752515 97569
33755683 290915
33755685 12103
33755687 11587
33755690 1583334
33841263 131519
33849646 264889
33849999 160736
33850000 94448
33856239 218291
33856240 385926
33856242 95295
33856244 14448
33856245 337730
33856247 912040
33859215 19408
36849643 52230
37061291 178829
37087073 613918
37087075 111742
37087111 893059
37087112 134877
37087282 121508
37087441 177173
37087521 133176
37087523 192377
37087524 111139
37087526 152634
37087528 92053
37087529 1494355
37087531 649070
37087533 481991
37087547 97704
37087548 222735
37087549 537600
37087550 99779
37087551 547291
37087552 866674
37087599 225051
37087603 754170
37087635 477587
37087656 1005203
37087658 329358
37087660 295714
37087662 103213
37088251 585333
37088252 867560
37088448 102229
37088848 5467
37089058 18887
37089694 96101
37089723 947411
37089724 87366
37089738 83041
37089739 353245
37089747 95949
37089749 66669
37089791 209913
37089793 340478
37089795 473386
37089797 99705
37089799 73937
37089801 144724
37089803 80045
37089805 49228
37089807 12223
37089809 23770
37089811 45423
37089813 558978
37089815 899682
37089830 322106
37090015 470580
37090050 334726
37090606 344859
37090607 201181
37090608 35922
37090609 146506
37090610 249884
37090893 17128
37091311 316575
37091313 285621
37091315 321766
37091317 53430
37091318 462644
37091490 170671
37091937 451573
37091938 333949
37092052 832665
37092053 916558
37092054 1107699
37092058 504704
37092059 355693
37092538 220670
37092539 902031
37092754 41757
37092755 315623
37092756 658031
37092786 159721
37094059 484438
37094060 542064
37094061 625970
37094062 367955
37094064 498757
37094065 288720
37094066 352015
37094068 1392824
37094698 98934
37094700 14555
37095060 144780
37096443 5087
37096444 659932
37099948 651770
37103337 900022
37103338 417108
37103457 867192
37103465 55177
37103467 325059
37103617 316482
37104483 1359303
37104484 1659362
37104601 36680
37104602 537818
37104612 2206089
37106450 15129
37106950 343622
37106952 326334
37107192 280089
37107194 200830
37107195 550053
37108894 117044
37108895 76396
37109412 1007351
37109439 1488841
37109440 151770
37109441 1025079
37109442 321097
37109450 192467
37109452 203358
37109487 220189
37109488 639291
37109490 339200
37109492 1912750
37109500 1073653
37109501 1406786
37109558 552679
37109836 52837
37109837 672742
37109913 144987
37110025 674553
37110026 859510
37110027 98381
37110028 631878
37110029 1086759
37110030 53475
37110031 694941
37110032 325284
37110121 1721380
37110122 798159
37110289 327613
37110290 332420
37110291 26677
37110292 351921
37110896 828847
37110898 49652
37115126 125064
37115434 1300968
37115435 83946
37115436 488195
37115437 3374159
37115438 3258034
37115439 140464
37115440 435827
37115511 103634
37115512 2601157
37115569 120860
37115587 35779
37115589 109521
37115593 135801
37115597 51593
37115715 53776
37115717 625241
37115719 334039
37115878 157929
37115880 332573
37115882 665770
37115891 742107
37115892 628418
37115893 396256
37115895 195705
37115937 365698
37115939 231509
37115941 101601
37115943 402579
37115944 670587
37115945 530807
37116629 162694
37116630 136191
37116631 53304
37116632 317404
37116902 445994
37116903 948996
37116904 579404
37117001 187404
37117003 416172
37117005 67747
37117007 316247
37117009 13587
37117011 25134
37117013 105419
37117618 1312143
37117619 29037
37117621 359977
37117623 630507
37118402 19419
37118780 11468
37118781 27883
37118782 534501
37118783 907275
37118784 1829219
37118848 98896
37118849 364890
37118850 561986
37118963 273224
37118965 207771
37119398 316453
37119418 215089
37119420 512930
37119467 365530
37119468 347079
37119530 220263
37119531 546045
37119742 181041
37119743 161229
37120029 9854
37120031 412619
37120032 1566447
37122363 867739
37122879 21710
37122881 268828
37122883 137914
37122884 636276
37122885 702657
37122886 899205
37122907 196853
37122909 538635
37123268 318540
37124456 275195
37124852 264212
37124853 775717
37125185 17122
37125287 65896
37125288 267701
37125289 497500
37125290 444027
37125291 477880
37125292 219828
37125464 99840
37125465 219572
37125466 219826
37125467 7445
37125468 218066
37125469 392343
37125470 332681
37125471 538643
37125487 52563
37125488 635239
37125492 93721
37125600 338371
37125601 752434
37125602 1257212
37125603 99471
37125605 1992017
37125843 230290
37125844 1277266
37125845 2488247
37125846 876994
37125847 1896242
37125848 948235
37125849 1720828
37125850 606692
37125851 3250991
37125852 2077304
37125853 1780565
37125918 763765
37126176 633762
37126393 385819
37126428 142914
37126430 109095
37126432 50393
37126434 30625
37126442 4659598
37126443 5066963
37126444 584512
37126531 465047
37126532 1687510
37126533 51718
37126535 86786
37126537 52865
37126539 51361
37126541 1198618
37126543 42274
37126545 597202
37126814 39295
37126815 312630
37126816 100475
37126817 132109
37126818 376076
37126819 1488457
37126820 983731
37126822 1693731
37126824 33575
37126826 513008
37126828 396378
37126831 156763
37126834 240527
37126836 599450
37126837 570638
37127092 95193
37128160 301019
37129100 99642
37129102 307580
37129104 98041
37129106 130350
37129108 172689
37129454 94107
37129455 343903
37129456 226287
37130976 243060
37131092 108622
37131122 597189
37131142 333790
37131143 1526671
37131144 550374
37131145 1033108
37131257 40038
37131258 832
37131259 632212
37131260 275905
37131261 447493
37131262 113302
37131263 305811
37131264 1456910
37131267 1587870
37131269 226084
37131271 158183
37131273 67859
37131280 98795
37131282 228807
37131284 299766
37131286 976702
37131288 101284
37131290 1060308
37131292 1418581
37131294 430153
37131296 21569
37131298 119639
37131300 113126
37131302 212271
37131304 164819
37131306 212342
37131308 8727
37131310 947412
37131322 860292
37131349 435450
37131350 9726
37131351 842005
37131352 83208
37131353 225655
37131354 336128
37131355 884233
37131356 706457
37131358 45502
37131359 94929
37131362 697253
37131364 1730038
37131375 190301
37131386 393743
37131633 31450
37131634 341833
37131635 484753
37132017 764554
37132020 179292
37132022 342528
37132076 343397
37132113 473439
37132114 1083423
37132115 351862
37132801 351861
37132803 821099
37132805 1128085
37132807 208220
37132809 355757
37132811 910367
37132812 135882
37133136 501573
37133137 621887
37133184 316854
37133185 1168975
37133186 1415328
37133187 962013
37133188 320426
37133634 101381
37133635 369500
37133636 31611
37133637 606726
37133638 891330
37133793 378506
37133811 450818
37133813 1002
37133815 7712
37133817 30524
37133819 272373
37133845 323880
37133847 52839
37133849 9519
37133851 924216
37133980 60116
37133982 1621
37133984 172045
37133986 620309
37133987 127867
37134017 400985
37134037 925210
37134038 249473
37134039 54948
37134040 109597
37134042 328873
37134044 223003
37134046 60920
37134048 97379
37134049 100734
37134050 524353
37134051 126797
37134052 231366
37134053 399104
37134054 73359
37134055 38107
37134056 940277
37134057 85550
37134058 853464
37134059 320823
37134060 10100
37134078 152291
37134080 1301872
37134100 53645
37134101 99039
37134102 126829
37134103 308150
37134104 53519
37134109 368333
37134111 350365
37134118 109421
37134140 345584
37134141 639025
37134166 217288
37134674 48887
37134676 84411
37134678 145543
37134680 584026
37134682 251768
37134684 197794
37134686 324312
37134688 329359
37134690 43510
37134692 180530
37134694 600966
37134696 305871
37134771 284244
37134773 532098
37134780 148599
37134782 93545
37134784 8614
37134786 173058
37134787 1032884
37135141 759697
37135182 29254
37135259 1201218
37135260 694304
37135261 395956
37135262 394148
37135265 364886
37135266 1357519
37135277 1001638
37135278 430458
37135280 643202
37135294 51430
37135295 360550
37135557 299912
37135558 48930
37135560 41178
37135562 531878
37135796 105529
37135797 1376934
37136398 106431
37136400 393787
37136843 276180
37136844 185406
37136845 392746
37136871 41409
37136943 94748
37136944 713917
37137076 471927
37137078 157140
37137079 636210
37137154 1389157
37137343 6302113
37137344 1002611
37137345 1313604
37137346 3013829
37137488 669425
37138170 99402
37140282 201912
37140283 193650
37140284 7256
37140285 701273
37140286 25366
37140287 451723
37140288 334005
37140289 336994
37140290 178616
37140291 306141
37140292 892371
37140293 2174533
37140294 983924
37140295 939848
37140296 515426
37140297 235002
37140298 399524
37140299 879695
37140300 95598
37140301 687161
37140302 1397973
37140303 174542
37140304 482326
37140305 522719
37140306 638923
37140307 1752103
37140308 2651474
37140309 2293797
37140310 909921
37140311 1730363
37140312 236439
37140313 1701172
37140314 384875
37140315 953692
37140316 2651466
37140317 5851056
37140318 1065275
37140319 1867568
37140320 1921114
37140321 4505852
37140322 207021
37140323 1785125
37140324 3803061
37140325 2242151
37140326 1105961
37140327 329066
37140328 1520723
37140329 1289678
37140330 2824144
37140331 2779854
37140332 2139962
37140333 629178
37140334 3161048
37140335 2617560
37140336 2867299
37140386 1528591
37140585 2362431
37140586 4343408
37140587 1397331
37140588 672351
37140589 965777
37140590 1633628
37140591 6225456
37140818 163681
37140819 161407
37140923 1853832
37140924 153196
37140925 1104942
37140926 886705
37141708 339342
37143532 325650
37143533 295773
37143534 401057
37143774 45819
37144154 364582
37144155 626250
37144156 53977
37144157 98552
37144158 2861
37144159 668045
37144160 483228
37144161 256094
37144162 626541
37144163 616611
37144164 332576
37144165 988287
37144166 113478
37144320 23656
37144600 97508
37145410 34876
37145425 3591531
37145437 99947
37145442 353764
37145980 5160
37145981 34013
37145982 291851
37146003 364889
37146004 1266482
37146005 599777
37146722 1003
37147069 76774
37147504 101491
37147505 361304
37147506 322140
37147645 248812
37147646 2488629
37147647 3411197
37147648 1120235
37147649 3302429
37147650 2184961
37147727 889128
37147731 290827
37147732 895691
37147733 214844
37147734 101274
37147735 132785
37147736 48442
37148335 48130
37148336 174013
37148337 873241
37148357 56377
37148742 52286
37148785 358958
37148786 927242
37148787 789725
37148788 1567579
37149377 94689
37149426 344720
37149427 33674
37149681 363586
37150464 98797
37150725 646331
37150879 52000
37150880 678357
37150881 365740
37151061 373655
37151068 949666
37151070 1646211
37151188 47367
37151190 99640
37151191 318375
37151192 117485
37151193 204698
37151194 926556
37151195 85923
37151196 231884
37151197 126906
37151422 1340493
37151423 105726
37151428 96932
37151452 627420
37151462 349774
37151480 3205
37151529 76693
37151530 363401
37151532 917239
37151639 112306
37151650 96161
37151651 880068
37151652 392054
37151653 288401
37151654 237080
37152007 174339
37152008 142067
37152009 295899
37152010 221843
37152017 32598
37152018 487466
37152032 339004
37152033 584659
37152124 897470
37152125 193261
37152126 363836
37152127 730363
37152128 172044
37152134 659048
37152135 219860
37152136 1205759
37152137 1001400
37152138 2468258
37152147 511637
37152148 507190
37152161 19011
37152163 36248
37152164 18042
37152165 634160
37152166 246218
37152168 328514
37152201 374294
37152203 31259
37152205 681869
37152207 516344
37152208 209102
37152209 51187
37152220 902967
37152244 1988184
37152319 48578
37152369 366606
37152371 431325
37157364 42551
37157365 365527
37158368 271664
37164759 406147
37164761 144660
37164767 484796
37164768 431480
37164785 62429
37165077 401056
37165463 6349
37166876 651802
37166877 90931
37166878 6968
37166879 756189
37166880 895692
37166881 326394
37167976 111082
37168215 641445
37168216 2941162
37168217 2796439
37168218 2882297
37168331 261087
37168810 233431
37169085 195672
37169092 361806
37169093 309004
37169405 98597
37170109 150039
37170111 48775
37170198 276008
37170199 91341
37171132 959793
37171133 1818339
37171134 906817
37171135 689797
37171136 3436511
37171137 173911
37171138 272374
37171139 671552
37171140 4875129
37171141 2553150
37171142 455405
37171212 271960
37171213 1134871
37171215 80422
37171217 300959
37171218 661992
37171267 110041
37171269 22469
37171337 207400
37171350 88042
37172164 51277
37172825 78335
37173669 206276
37174730 134123
37174732 251698
37174904 43952
37174974 186724
37175776 331028
37175777 76285
37175778 41906
37175779 44312
37175780 235082
37175781 118496
37176241 342455
37176243 579808
37176244 905527
37176867 534869
37176869 670129
37176871 104526
37177055 12866
37177057 25768
37177059 734300
37177060 427801
37177106 111506
37177107 910208
37177108 24304
37177109 333205
37177110 675375
37177111 232511
37177112 385927
37177113 671314
37177114 1740701
37177648 812045
37177649 923750
37177924 686492
37178051 344515
37178095 464379
37178212 2137496
37178213 350479
37178214 208772
37178542 349845
37178589 207413
37178590 491130
37179342 109249
37179538 94380
37179540 188490
37179542 226493
37179543 104473
37180010 401505
37180011 609808
37180636 517878
37180928 231295
37181063 351435
37181064 3924
37181066 141979
37181068 449296
37181070 206678
37181072 11712
37181074 10254
37181075 577422
37181077 327133
37181079 288090
37181080 52191
37181082 126770
37181083 275436
37181084 830655
37181085 101772
37181086 295568
37181285 278790
37181286 638551
37181307 1591886
37181308 786434
37181309 911680
37181310 828051
37181316 1623
37181353 661681
37181355 306172
37181356 70847
37181357 1319274
37181358 515420
37183486 1302817
37183487 200005
37183513 75956
37183515 163368
37183517 1201336
37183519 52045
37183520 398095
37183521 869425
37183548 671051
37183550 84856
37183552 759166
37183553 379696
37183555 402991
37183557 132182
37183559 221974
37183561 123142
37183563 320314
37183564 406216
37183565 742109
37183566 19277
37183579 313488
37183581 602409
37183585 622095
37183777 51643
37183778 146125
37183779 23136
37183780 126066
37183781 87288
37184751 1016772
37185178 23427
37185931 47746
37186047 227199
37186048 104470
37186049 98227
37186051 1452948
37186052 1414249
37186185 459983
37186820 714483
37186822 423710
37186823 152776
37186825 137995
37186836 277557
37186837 202358
37186838 96710
37186839 488862
37186840 308646
37186841 73866
37186842 502287
37186843 91891
37186844 468765
37186845 553948
37186846 320069
37186847 143418
37186848 90671
37186849 194268
37186850 93879
37186851 665684
37186852 295715
37186853 859676
37186854 101776
37186855 54660
37186857 35463
37186859 177132
37186860 262006
37186861 275968
37186862 112014
37186863 340921
37186864 168952
37186866 102460
37186867 739991
37186868 900742
37186887 218293
37186888 226288
37186889 224734
37186890 100437
37186891 223859
37186892 858693
37186893 406442
37186894 336223
37186895 735897
37186896 317984
37186897 867236
37186898 233985
37186899 945921
37186900 281002
37186901 316724
37186902 606158
37186903 645501
37186904 39565
37186905 394425
37186925 52726
37186931 180835
37186933 223921
37186953 249882
37186955 97896
37186956 456756
37186979 112353
37187040 1536226
37187041 175055
37187089 87883
37187214 109243
37187218 248487
37187220 94890
37187222 446343
37187224 13707
37187231 665570
37187267 65063
37187269 97847
37187273 907838
37187276 131166
37187278 998841
37188112 233845
37188436 171248
37188437 194959
37188438 52447
37188440 274622
37188442 347973
37188444 366894
37188446 99401
37188447 69003
37188448 168516
37188996 682761
37189375 9423520
37190476 954875
37190591 86095
37190592 172846
37190593 419326
37190594 218486
37190595 623551
37190596 877767
37190597 1643208
37190598 219295
37190599 1047617
37190600 87116
37190601 770322
37190602 212399
37190603 231114
37190604 431567
37190605 724481
37190646 504253
37190648 199528
37190649 104830
37190650 1036255
37190651 630138
37190652 48891
37190653 218117
37190654 121
37190655 640262
37190656 464629
37190664 221742
37190696 249824
37190716 239805
37190859 338717
37190860 986683
37190916 332521
37192333 122365
37192901 328586
37193145 521658
37193627 196191
37193722 24604
37193723 662922
37193766 136004
37193767 858785
37193768 658706
37193770 343827
37193772 1004276
37193774 136673
37193775 397259
37195196 344860
37195271 179912
37195272 1488251
37195568 345000
37195618 716031
37195893 142164
37197438 961051
37197626 622595
37197627 488630
37197641 23657
37197642 192153
37197643 139100
37197644 1034791
37197645 701201
37197646 1211801
37197880 139046
37198361 56116
37198362 710246
37198979 458828
37199141 339736
37199680 137262
37200272 1183336
37200284 112013
37200293 109743
37200295 24515
37200356 120745
37200358 107816
37200419 109826
37200421 639024
37200577 287467
37200579 48573
37200580 150361
37200581 96828
37200716 299987
37200718 210927
37200755 132378
37200757 461308
37201225 311371
37201515 1248967
37203205 1097010
37203207 53859
37203209 1081787
37203210 201151
37204134 554198
37204658 337567
37204943 114870
37204944 135881
37204945 65479
37204946 1088397
37204947 647808
37204950 98380
37205439 54827
37205441 43033
37205443 45764
37205445 240413
37205446 72376
37205448 135244
37205450 104404
37205452 445147
37205454 47126
37205456 121059
37205458 192373
37205460 242693
37205462 217005
37205465 215088
37205467 337267
37205469 362202
37205471 698085
37205473 463421
37205475 582016
37205477 621310
37205479 391204
37205481 1629
37205483 877515
37205485 312671
37205487 28807
37205489 21008
37205491 444509
37205493 11470
37205495 27187
37205497 364152
37205499 164896
37205501 339992
37205503 291513
37205504 397229
37205505 367176
37205507 178359
37205508 399805
37205509 230008
37205510 332287
37205511 686128
37205512 849870
37205514 328838
37205515 360991
37205517 455490
37205520 1044706
37205522 979102
37205524 104745
37205526 471290
37205529 108716
37205532 718079
37205534 362235
37205536 586038
37205538 289059
37205541 252281
37205544 1690822
37205546 22603
37205548 313076
37205550 237021
37205552 94445
37205554 344513
37205556 479642
37205558 208771
37205559 53860
37205560 353530
37205561 1633
37205563 127230
37205564 385928
37205565 462548
37206649 121844
37206650 52146
37206651 566751
37206653 390188
37206673 500014
37206680 340407
37206737 3226106
37206905 43804
37206907 528987
37206965 283107
37210363 8485
37210533 1582678
37210534 497360
37210535 1529228
37210683 691744
37210684 659850
37210685 4738177
37210875 338642
37210876 1363688
37210877 565640
37210878 2558290
37210883 110045
37210884 97966
37211706 335327
37211707 95634
37211809 263435
37211896 260541
37211897 442193
37211898 172771
37211899 333610
37211900 341571
37211901 82873
37211902 11830
37211903 119945
37211904 136678
37211905 582465
37211906 339256
37211913 17961
37211915 116944
37211917 7806
37211918 408563
37211919 1587135
37211920 498008
37212792 267807
37213458 294962
37213462 672300
37213463 782925
37213614 59621
37213700 593390
37213702 253462
37213704 1109843
37213705 364578
37213706 593140
37213707 609431
37213797 52401
37213823 217839
37213824 809104
37213825 284185
37214825 1852468
37216230 118236
37216235 199191
37216236 629480
37216237 125227
37216238 526094
37216241 344565
37216242 425607
37216243 32311
37216244 906596
37216260 342947
37216913 321018
37216915 345113
37216917 289224
37216918 63993
37216919 450899
37216922 181344
37216924 444375
37216953 881164
37225539 493381
37225749 559444
37225884 2060463
37227418 361650
37228795 84107
37229381 376225
37229383 575449
37229385 200825
37229387 200826
37229389 34447
37229539 403377
37229738 670220
37229835 668477
37229837 619437
37229839 161170
37229841 135878
37230497 332654
37230498 535736
37231032 448806
37231657 325611
37231672 354791
37232007 219573
37232017 506914
37232019 291989
37232021 179103
37232076 1166706
37232078 284183
37232079 1069465
37232080 1277806
37232471 929448
37232472 1039364
37232473 946940
37232474 597888
37232475 124902
37232542 100477
37232782 452575
37234054 343948
37235189 607514
37235191 344998
37235193 98895
37235195 316681
37235197 7952
37235199 102350
37235201 228367
37235202 151849
37235204 1041576
37235206 1851051
37235207 145605
37235208 132242
37235209 92380
37235210 96195
37235211 214080
37235212 1251013
37235213 864982
37235214 508258
37235584 94519
37238191 74792
37238193 57066
37238196 189085
37238199 37722
37238201 145107
37238202 827715
37238203 193264
37238204 54895
37238205 95895
37238206 93434
37238208 174210
37238209 758388
37238210 26476
37238211 27489
37238212 869911
37238213 328837
37238214 150685
37238216 44788
37238217 95424
37238219 1603081
37238220 841115
37238221 219607
37238224 449761
37238226 21711
37238228 483012
37238230 393256
37238232 331075
37238234 2275
37238236 124132
37238238 339915
37238239 232428
37238240 331779
37238242 328734
37238244 431144
37238245 369116
37238496 30717
37238532 43548
37238533 126373
37238534 24810
37238535 45299
37238536 25250
37238537 332653
37238538 1532369
37238955 604127
37238956 730480
37238957 829462
37238958 1305578
37238959 85754
37238960 1130153
37238961 425273
37238962 41578
37238963 344257
37238964 654753
37238965 202437
37238966 138817
37238967 893909
37238968 1600673
37238969 489988
37239188 591105
37239224 192828
37239605 166626
37239646 333822
37239935 917794
37239936 1704254
37239937 5472464
37239938 6690833
37239939 324851
37241547 38019
37241548 406528
37242210 1331672
37242212 497904
37242214 1128704
37242216 479598
37242218 74541
37242220 1336518
37242672 10678
37242674 336723
37243055 478767
37243056 530267
37253365 238362
37253366 104746
37253367 325609
37253368 63433
37253369 623598
37253371 60113
37254717 217868
37254718 442421
37254719 96768
37254721 23549
37254722 92139
37255104 742099
37255165 159030
37256372 186118
37256373 1156662
37256375 84857
37256377 208770
37256537 53976
37256539 831730
37256541 1010191
37256543 312323
37259869 961614
37259870 72229
37259871 220312
37259872 42616
37259873 134253
37259874 102667
37260064 49102
37260066 99519
37260068 336721
37260070 226496
37260072 109559
37260074 341301
37260076 363240
37260078 170727
37260080 102298
37260082 8613
37260084 145641
37260086 6832
37260088 642477
37260090 35778
37260092 363884
37260093 1754467
37260094 687555
37260096 913812
37260098 361761
37260099 863790
37264287 25567
37264289 328910
37264616 757890
37264759 230856
37265333 31451
37265334 297869
37265335 1741341
37265336 21890
37265337 220048
37265338 299079
37265339 416393
37265340 218347
37265341 342607
37265342 161406
37265343 161423
37265344 161418
37265345 161393
37265346 161376
37265347 39345
37265348 424245
37265349 127329
37265350 142972
37265351 421952
37265352 161359
37265353 394806
37265354 344329
37265355 100051
37265356 340531
37265358 1708241
37266099 363721
37266100 241678
37266101 471211
37266209 160656
37266213 300221
37266472 53047
37266474 5455
37267454 895165
37267455 53604
37267456 97811
37267471 78628
37267472 94518
37267473 139974
37267474 530808
37267475 468048
37267901 207675
37267902 529455
37267903 322955
37267904 905273
37267905 300385
37267906 364369
37267907 365103
37267908 549855
37267909 178743
37267910 45111
37267911 308479
37267912 50792
37267913 92390
37267914 196821
37267915 1672290
37267916 212343
37267973 17884
37267974 336159
37267975 51278
37267976 493380
37268245 245325
37268304 11937
37268305 1391404
37268401 898376
37268402 907333
37268456 150719
37268457 922927
37268458 325613
37268459 123015
37268460 299920
37268461 341072
37268462 221972
37268976 332250
37269574 339580
37269576 479165
37270011 832596
37270012 333821
37270095 329314
37270096 236431
37270097 49103
37270098 95249
37270099 1443237
37270100 377298
37270101 150171
37270102 344861
37270275 130414
37271346 298284
37275518 18305
37275519 10348
37275520 642955
37275521 95991
37275522 698589
37275523 636958
37275524 1026098
37275525 505240
37275526 742091
37275527 96933
37275528 305484
37275529 1056552
37275530 657006
37275531 532895
37275532 926560
37275533 486600
37275534 1224319
37275535 1423072
37275536 163844
37275537 587674
37276655 201264
37276657 238188
37276659 160030
37276883 77366
37276884 247392
37276885 330443
37276886 340763
37276887 859621
37277126 225965
37277127 572071
37277128 336682
37277271 139149
37277272 15210
37277274 277914
37277354 89888
37277356 1500598
37277357 1516
37277359 187665
37277360 18888
37277361 17878
37277362 79956
37277363 395221
37277364 663912
37277365 109422
37277366 203469
37277367 258100
37277375 1772942
37277376 238260
37277377 698588
37277378 401920
37277419 119994
37277958 322674
37277964 629594
37282095 97706
37283864 112083
37284563 284569
37287175 297209
37287176 35782
37288520 127421
37288522 189980
37288524 232010
37288526 91906
37288528 12655
37292787 988701
37293997 917416
37295052 51719
37295961 51522
37295963 397001
37295965 104822
37295967 453068
37295969 65040
37295971 189526
37295973 130154
37295975 911729
37295977 339195
37295979 135609
37295981 780144
37295983 279688
37295985 576120
37296357 611845
37296825 58039
37296827 130949
37296829 219481
37296831 21819
37296833 1755811
37297120 104821
37297306 157977
37298326 551125
37298368 109983
37298591 392813
37298592 430834
37298593 862267
37298594 220314
37299403 219825
37299404 211832
37299405 638404
37300820 49353
37302819 3212181
37302860 325443
37302861 676797
37302862 1127847
37304932 640539
37304933 48776
37305422 420343
37305423 157491
37305424 630822
37306674 275945
37308954 829422
37309323 323562
37309373 186974
37310889 294797
37311795 505113
37311796 328945
37311797 193378
37311798 285911
37312055 55338
37312056 349171
37312567 212375
37312793 1251014
37313245 17125
37313246 40837
37313858 218296
37313903 341363
37314984 312775
37314985 112617
37314987 1382240
37315244 1215460
37315245 108904
37315846 305870
37315848 95003
37316122 118656
37316324 94849
37316325 84855
37316327 96438
37316328 621209
37316625 139146
37316630 2050153
37317156 160827
37317344 638956
37317345 468051
37317429 916940
37317430 3418440
37317431 1083529
37317497 240412
37317499 119766
37317501 710162
37317665 170652
37317666 2649012
37317667 4404263
37317668 13809427
37317933 40039
37318557 109520
37319163 8484
37319433 249692
37319434 95156
37319435 643266
37319437 52914
37319439 236713
37320415 493379
37320416 333789
37320417 98602
37320468 95332
37320469 325296
37320830 112305
37322686 537814
37322758 483048
37322760 7805
37323043 630426
37324002 31362
37324169 694194
37324628 344394
37324760 8483
37324762 90159
37324764 320153
37324766 273154
37324815 48890
37324816 94589
37324817 337754
37324820 1021158
37324828 1001333
37324829 19071
37324830 448221
37324831 147251
37324859 104405
37324943 334563
37324945 327306
37324947 637492
37324948 318828
37324973 316439
37325122 175652
37325179 884865
37326003 336225
37326005 313882
37326007 332252
37326079 884477
37326080 503159
37326081 384102
37326082 341181
37326083 328983
37326180 663176
37326712 237079
37327100 27283
37327117 62373
37327118 176595
37327119 31361
37327120 856894
37327121 246219
37327122 1181132
37327492 328875
37327494 83928
37327495 236423
37327497 415567
37327498 649653
37327499 357573
37329317 325509
37329318 448310
37329320 867669
37329321 201556
37329322 596879
37329324 35362
37329325 108557
37329326 213279
37329327 294241
37329328 35924
37329329 125902
37329330 130795
37329331 44161
37329332 261495
37329333 110597
37329334 261516
37329335 83243
37329336 252474
37329337 202362
37329338 96105
37329339 363121
37329340 18110
37329341 18171
37329342 5573
37329343 617334
37329344 403376
37329345 1759008
37329346 397100
37329347 939453
37329348 382663
37329349 397390
37329350 330041
37329351 59560
37329352 1456809
37329353 237269
37329354 365970
37329355 1482862
37329356 793951
37329357 129067
37329358 96770
37329359 82487
37329360 616603
37329361 340532
37329362 1785574
37329363 2162918
37329364 2325111
37329365 596695
37329366 97973
37329367 392962
37329368 90392
37330303 892372
37331754 77739
37331755 95717
37331756 338364
37331758 19043
37331759 831345
37331762 204020
37331765 467743
37331766 448747
37331767 270305
37332030 363485
37337171 1193723
37338188 1312558
37338882 54189
37338884 389829
37338886 4144
37338888 907811
37338889 251887
37339169 97170
37339312 189212
37339313 342243
37339638 5574
37339639 351860
37339640 31829
37339641 237825
37339642 321551
37339643 679250
37339644 622225
37339645 1199481
37339647 53115
37339649 988786
37339977 699007
37339978 324175
37340215 731470
37340394 891661
37340490 272747
37340752 196319
37340753 95545
37340755 363449
37345280 95192
37345282 489053
37345287 92200
37346404 112011
37346405 113053
37346407 6067
37346409 344954
37346411 345263
37346413 181498
37346415 98663
37346417 361513
37346420 745065
37346422 396608
37346424 396746
37346426 213788
37346428 339967
37346430 301077
37346432 417362
37346434 105527
37346436 399701
37346438 503442
37346440 353529
37346442 96284
37346444 507809
37346446 5795
37346448 332421
37346450 1053388
37346452 610262
37346454 846159
37346456 321368
37346458 373057
37346460 102968
37346462 93662
37346464 323504
37346466 207391
37346468 598824
37346470 142756
37346474 57569
37346476 332711
37346477 38891
37346478 355110
37346479 99838
37346480 135379
37346481 340477
37346482 126763
37346483 126762
37346484 101380
37346485 148971
37346486 213164
37346487 296411
37346488 325747
37346489 226083
37346490 500374
37346491 236667
37346492 221631
37346493 21100
37346494 101649
37346495 87924
37346497 459910
37346498 143974
37346499 330496
37346500 192301
37346501 680987
37346502 318677
37346503 316427
37346504 38820
37346505 101171
37346506 193784
37346507 167370
37346508 864103
37346509 237870
37346510 98277
37346511 103137
37346512 264567
37346513 330209
37346514 38258
37346515 234858
37346517 99946
37346518 429634
37346519 296325
37346520 333659
37346521 154266
37346522 49069
37346523 188217
37346525 886026
37346526 333539
37346527 884435
37346528 18251
37346529 1035181
37346530 98598
37346532 365606
37346533 30990
37346534 957323
37346535 314875
37346536 1254057
37346537 102809
37346541 35923
37346542 108682
37346543 434096
37346544 125065
37346545 102352
37346546 872974
37346548 99587
37346550 399720
37346551 346293
37346552 164118
37346553 541679
37346554 578050
37346556 216390
37346558 179675
37346559 121255
37346560 836889
37346561 338945
37346562 144485
37346564 1249230
37346565 1065859
37346566 93878
37346567 1046379
37346568 100360
37346570 554820
37346571 323695
37346572 148655
37346573 694071
37346574 274126
37346575 579095
37346576 224732
37346577 471248
37346578 343180
37346579 997919
37346580 698361
37346581 10431293
37346582 9344234
37346583 3328960
37346584 164078
37346586 237895
37346587 691227
37346589 1458414
37346591 18111
37346592 295450
37346593 1756661
37346594 289288
37346595 403793
37346596 325022
37346597 98988
37346598 107041
37346599 466434
37346600 815387
37346601 274265
37346602 44232
37346604 149167
37346606 360727
37346608 659430
37346609 67339
37346611 332680
37346613 628417
37346614 1207303
37346615 626718
37346616 168323
37346618 648822
37346619 835944
37346620 649071
37346621 300336
37346622 124032
37346623 83923
37346624 609360
37346625 257811
37346626 109244
37346629 902030
37346630 416296
37346631 94381
37346632 150870
37346635 643438
37346637 78188
37346639 55922
37346640 363804
37346641 52836
37346642 135509
37346654 530454
37346656 1045958
37346657 316510
37346658 346250
37346660 1207230
37346661 317168
37346662 2300553
37346664 1694639
37346665 2969595
37346666 39056
37346670 397389
37346671 336759
37346673 101898
37346674 876751
37346675 23550
37346676 332281
37346677 349912
37347319 418169
37347320 335704
37348485 96337
37350178 39296
37350355 219827
37350357 947437
37350359 550313
37351093 92648
37351983 369948
37351984 122868
37354929 49653
37355270 1344273
37355282 337081
37355341 260369
37355345 102042
37355346 648925
37355347 1014778
37355408 98600
37355967 543282
37356204 148935
37356254 419472
37356259 288085
37356925 637624
37356926 101828
37357313 628031
37358949 249770
37359794 28178
37359795 53914
37359796 550770
37359797 282262
37363832 660858
37364505 653683
37364630 454373
37364646 37923
37364663 628577
37364664 1639639
37364665 663935
37364666 99120
37364667 251455
37364840 13086
37364842 111812
37365224 1029340
37365619 300633
37367765 348387
37368220 4413
37369969 612017
37372808 659104
37373497 274623
37373855 624560
37373857 344035
37376656 827908
37377006 310465
37377139 43409
37377141 142065
37377143 54271
37377145 654
37377147 55532
37377149 144988
37377151 338860
37377153 83547
37377154 121135
37377155 220555
37377156 19586
37377157 198240
37377159 449374
37377160 353125
37377161 339827
37377162 92240
37377266 91514
37377267 138490
37377268 64902
37377416 655
37377655 194014
37377656 570370
37377657 84113
37377658 552639
37377659 432353
37377660 934105
37377662 618719
37377930 858834
37378009 49392
37378640 389456
37378641 336761
37379927 157312
37386299 215666
37386301 551245
37386814 169196
37386816 142801
37386818 225330
37386820 109197
37386822 500334
37386824 295770
37387408 329499
37387409 301353
37387522 2274791
37387879 226965
37387880 95373
37387881 351208
37387882 189374
37387883 43689
37387884 722019
37387885 613418
37387886 218906
37387887 339475
37387888 1119434
37387889 312585
37387890 150326
37387891 119008
37387892 99778
37387893 303106
37387894 466343
37387895 704530
37387896 1153319
37387897 878767
37387898 1731072
37387899 3532512
37387900 950296
37387901 839576
37387902 1028182
37387903 689453
37387904 1392062
37388033 608579
37388035 83126
37388036 991790
37388037 485085
37388039 288036
37388041 104608
37388043 335326
37388045 387691
37388047 416297
37388049 1528777
37388050 47643
37388051 59434
37388205 93664
37388207 46802
37388209 28079
37388211 493376
37388213 95481
37388214 412243
37388215 1169568
37388216 85612
37388217 498130
37388218 171919
37388219 329360
37388220 721268
37388221 589105
37388222 97000
37388223 871589
37388224 324363
37388225 160737
37388226 466744
37388227 49760
37388228 185879
37388229 649807
37388230 1029049
37388231 600298
37388232 177217
37388233 1029176
37388234 668654
37388235 340189
37388236 95951
37388237 1249560
37388238 170336
37388239 158028
37388240 107219
37388241 49569
37388242 445152
37388243 1194834
37388244 622323
37388245 191023
37388246 347252
37388247 77789
37388248 96048
37388249 367029
37388250 1089756
37388251 202409
37388252 139280
37388253 371901
37388254 920650
37388255 332487
37388256 1732687
37388257 606981
37388258 379656
37388259 582935
37388260 142181
37388262 481995
37388264 695143
37388265 77788
37388293 323633
37388294 765060
37388295 119348
37388296 226498
37388297 12104
37388298 394368
37388299 116953
37388300 652023
37389368 144350
37390044 41577
37390169 141977
37390170 50953
37390171 104224
37390172 211889
37390173 94516
37390174 387913
37390175 91515
37390176 22250
37390177 186701
37390178 46497
37390179 150755
37390180 249912
37390181 344794
37390182 96931
37390183 185065
37390185 214397
37390187 54183
37390188 915298
37390189 1149388
37390585 173635
37390586 53477
37392279 1197968
37392281 351530
37392283 141676
37392373 86009
37392374 109245
37394683 51649
37394685 145677
37394686 35965
37396812 77324
37396937 80126
37396939 61752
37396941 142570
37396943 39124
37396945 13326
37400394 365696
37400395 392386
37400397 447542
37400399 2032894
37400679 101039
37400682 227136
37400686 384365
37400688 215182
37400697 333015
37400699 52566
37400701 36218
37400703 189681
37400705 104321
37400707 256851
37400709 181521
37400711 2150656
37400713 395841
37400715 402902
37400717 534426
37400719 202361
37400721 97169
37400723 405234
37400724 641730
37400725 1439914
37400726 2435744
37400727 202443
37400728 1197703
37400729 2287845
37401198 854979
37401494 360993
37401495 385821
37401978 312861
37401979 188320
37401980 580476
37401981 28392
37401982 105274
37402229 563632
37402253 2733300
37403076 295495
37403080 665686
37403447 629623
37403930 464494
37405213 633843
37406482 352370
37406514 250648
37406518 524343
37406520 730170
37406521 827490
37406522 433501
37406527 39501
37406528 401353
37406532 314436
37406533 472352
37406534 137391
37406536 3318861
37406598 318150
37407025 27591
37407074 464493
37407371 179329
37408859 65789
37409452 467358
37410421 325612
37410561 49496
37411562 338643
37411608 246448
37411609 74134
37411619 473670
37412711 660797
37412712 49140
37412714 179257
37412968 1052703
37414609 2878530
37414610 331496
37414648 297123
37415416 870778
37415417 1052561
37415418 565981
37415419 1235403
37415441 537840
37416203 913321
37417485 1022859
37419617 193708
37420139 51833
37420142 442887
37421134 95546
37421147 95420
37421148 94379
37421163 396956
37421184 249699
37421266 110236
37421268 19583
37421270 323991
37421272 935283
37421273 1026446
37421274 632026
37421275 395314
37421276 397038
37421277 237997
37421280 1214459
37421281 1122224
37421282 769398
37421286 171548
37421288 47710
37421289 325105
37421290 362921
37421291 49393
37421292 224308
37421294 155956
37421295 98990
37421298 189083
37421299 670588
37421302 346052
37421303 96481
37421305 586273
37421306 103541
37421307 994871
37421308 122803
37421310 225153
37421311 370789
37421326 107619
37421328 58289
37421332 361849
37421334 134983
37421336 100050
37421340 219479
37421342 319649
37421343 531795
37421422 38139
37421423 461633
37421424 223417
37421426 226289
37421427 216950
37421430 653682
37421431 366090
37421432 959503
37421433 1004409
37421434 821926
37421435 2941835
37421436 1304629
37421437 2489407
37421440 5626828
37421441 5199923
37421442 3530148
37421443 333404
37421444 2035203
37421445 4311310
37421515 425571
37421517 769707
37421519 5758685
37421521 2473533
37421523 6977951
37421532 190851
37421533 356720
37421534 663558
37421535 1837378
37421540 204038
37421542 101651
37421552 963957
37421555 364001
37421557 933284
37421559 785675
37421560 2657572
37421561 5343
37421562 913354
37421564 500751
37421565 53781
37421566 198691
37421583 156313
37421584 58143
37421585 461456
37421586 392183
37422469 122869
37422470 290916
37422471 1256537
37422473 98514
37422474 223645
37422475 705121
37422477 467800
37422478 782949
37422481 98042
37422482 2115502
37422483 14968
37422484 563114
37422518 329061
37422536 321188
37422542 296294
37422544 1213198
37422545 53002
37422546 124900
37422549 276592
37422550 1286629
37422551 95958
37422552 3198373
37422553 907401
37422560 424752
37422564 162950
37422566 426818
37422570 619962
37422575 230942
37422576 344999
37422581 1687074
37422582 904413
37422584 128344
37422586 12990
37422587 25666
37422589 1713328
37422590 95670
37422591 398515
37422592 27885
37422594 5287
37422597 16216
37422598 214916
37422599 901983
37422604 57007
37422611 216351
37422630 5656
37422631 275722
37422632 108438
37422671 118498
37422673 640069
37422675 6268954
37422676 96159
37422679 2630769
37422680 322789
37422682 141974
37422688 38791
37422690 282430
37422691 361646
37422693 1081138
37422694 873260
37422698 365739
37422699 1143106
37422700 4802806
37422701 1596652
37422702 4361027
37422703 56237
37422706 66755
37422708 103162
37422709 1034814
37422716 757103
37422727 628327
37422728 21196
37422729 493364
37422730 425036
37422731 225522
37422858 626370
37422860 362322
37422863 104531
37422865 384487
37422866 96439
37422867 224008
37422870 144659
37422871 323879
37422872 317139
37422873 1051797
37422874 126905
37422875 424149
37422877 230461
37422880 118657
37422884 49842
37422885 344258
37422887 52725
37422890 1154425
37422891 13194
37422893 913449
37422895 71288
37422898 100867
37422899 137091
37422901 1214540
37422904 329220
37422907 722687
37422908 634231
37422909 190416
37422913 120808
37422916 1069261
37422917 52925
37422918 350975
37422921 329929
37422922 103761
37422926 112086
37422929 795298
37422931 96398
37422933 41456
37422935 521135
37422937 538729
37422938 225056
37422939 1060864
37422940 99841
37422941 322358
37422950 31927
37422952 320149
37423329 63609
37423331 49530
37423720 561775
37423834 65895
37423836 13706
37423838 306906
37423842 173571
37423853 1477987
37423855 1326008
37423856 342793
37423857 640881
37423858 280523
37423859 22144
37423860 354203
37423862 101773
37423864 324931
37423867 334801
37423870 19573
37423873 51516
37423875 109139
37423877 859986
37423879 115188
37423926 522703
37423927 137994
37423930 216418
37424016 314876
37424017 191581
37424021 237777
37424024 246119
37424025 9967
37424030 2529249
37424031 178477
37424032 181904
37424040 283287
37424043 924022
37424046 134124
37424047 44160
37424048 228219
37424051 237662
37424054 105686
37424056 862067
37424057 468047
37424058 942906
37424064 623552
37424067 302325
37424068 447082
37424074 98556
37424077 289060
37424079 16162
37424082 1068371
37424083 1126290
37424086 1563189
37424087 1249803
37424088 229281
37424091 1432860
37424136 553678
37424360 349146
37424361 198605
37424362 322259
37424622 2601074
37424623 50794
37424624 30716
37424625 258044
37424627 351603
37424630 64949
37424631 1608905
37424633 179491
37424636 552701
37424637 508128
37424692 229904
37424693 325410
37424694 636275
37424696 101985
37424699 41457
37424910 643362
37424911 1653516
37424912 8729
37424913 320267
37424916 106734
37424918 365528
37424922 131668
37424925 482325
37424927 318144
37424929 83428
37424931 687672
37424934 97573
37424936 678491
37424937 388373
37424939 224341
37424944 803747
37424946 182040
37425037 352627
37426242 100476
37426244 320100
37426246 2069509
37426247 215407
37426248 52105
37426250 875008
37426252 223258
37427660 867437
37429285 193263
37431113 213509
37431118 323778
37459968 139147
37459970 91464
37459972 144131
37459974 180836
37459976 37238
37459978 338369
37459981 94447
37459984 330019
37459986 100174
37459987 121112
37459989 49841
37459991 99522
37459993 342868
37459995 646689
37459997 352650
37459999 5342
37460001 101597
37460003 98039
37460005 55816
37460007 36007
37460009 170198
37460011 117095
37460013 485086
37460015 613873
37460017 215090
37460019 26781
37460021 26981
37460023 699189
37460025 518999
37460027 92931
37460029 863430
37460031 461723
37460033 1296490
37460035 448276
37460037 200829
37460038 165039
37460039 122986
37460040 992547
37460042 339740
37460043 137566
37460045 234893
37460047 532831
37460049 947999
37460051 312776
37460052 926937
37460054 121016
37460056 43531
37460058 418066
37460059 418139
37460060 295422
37460061 167107
37460062 611939
37460063 272093
37460064 686349
37460065 1041547
37460066 503642
37460067 94241
37460068 92949
37460069 318153
37460070 271925
37460071 363125
37460072 831279
37460073 344396
37460074 450789
37460075 332624
37460076 274299
37460077 97344
37460078 348157
37460079 862889
37460080 917602
37460081 349966
37460082 320427
37460083 385182
37460084 760684
37460085 291891
37460087 95590
37460089 358781
37460090 149298
37460091 655448
37460092 238896
37460094 106700
37460095 516526
37489611 345850
37489613 236712
37489615 225446
37489617 219249
37489619 940258
37489621 325412
37489623 938895
37489625 445151
37489627 333948
37489629 1038324
37490097 582480
37490099 205643
37490101 303222
37490102 395771
37490103 1672505
37490105 226594
37490106 97970
37490107 186975
37490510 98379
37490511 158658
37490512 487161
37490513 289058
37490514 501631
37490515 633367
37490904 10099
37490906 6683
37490908 310315
37491487 658704
37491489 188261
37491491 276737
37491572 216360
37493289 236345
37495544 607225
37496243 181694
37496258 93763
37496260 528922
37496262 214742
37496264 118192
37496266 277764
37496268 5315
37496270 109692
37496272 218798
37496274 392254
37496276 39080
37496277 1678260
37496278 326313
37499057 346219
37499058 381562
37499059 120308
37499060 26376
37499063 217490
37499811 101600
37499812 893402
37500507 104678
37501068 384164
37501070 220672
37501301 36765
37501302 53548
37501303 1245806
37501304 922188
37501305 12656
37501306 9723
37501307 709455
37501308 1041232
37501309 53777
37501310 53574
37501311 295771
37501312 325023
37501313 757886
37501314 345524
37501315 609080
37501316 115189
37501345 3991136
37501857 47040
37501859 281986
37501861 62880
37501863 83931
37501865 554805
37501867 213367
37501869 219894
37501871 103631
37501873 328730
37501874 75158
37501876 1056326
37501878 633997
37501880 1164671
37501882 246474
37501883 321268
37501885 353126
37501886 19588
37501888 877435
37501890 922677
37501892 889271
37501894 217267
37501896 37506
37501898 669335
37501899 97850
37501900 45555
37501902 68532
37501904 144031
37501905 534477
37501906 415568
37501907 411139
37501908 150397
37501909 246899
37501910 463826
37501911 306435
37501912 362027
37501913 541460
37501914 1071105
37501915 1738750
37501916 344925
37502066 249617
37502068 333748
37502070 188506
37502258 1028013
37502303 149474
37502305 228737
37502307 108585
37502309 103801
37502310 98445
37502311 165038
37502313 863726
37502315 219829
37502317 215892
37502319 251347
37502321 1055057
37502323 185518
37502324 92499
37502326 319303
37502327 249484
37505795 397529
37506928 97705
37507006 60295
37507008 58260
37507009 86015
37507010 446450
37507011 724972
37507012 51715
37507428 509562
37507491 389371
37507632 101608
37508360 28898
37510195 1306675
37511436 222332
37511580 325607
37511582 336222
37511585 252908
37511588 347381
37511590 101550
37511592 416106
37511593 393697
37511595 92239
37511596 908633
37513827 41132
37513828 584033
37513830 287247
37513832 408278
37513834 57930
37513836 909556
37513837 95195
37513839 235131
37516719 10546
37522996 659934
37523935 37362
37526343 323563
37529907 288091
37529910 67999
37529912 42219
37529914 146736
37529916 219480
37529917 376113
37529918 342871
37529920 160825
37529921 739703
37529922 29920
37529923 51777
37529924 40362
37529925 291739
37529926 660081
37529927 323994
37529929 328785
37529930 871199
37529931 101286
37529932 318932
37529933 2048
37529934 867339
37529935 884508
37529937 109560
37529939 242882
37529941 509560
37529944 165502
37529945 167371
37529946 128662
37529947 295529
37529949 174290
37529951 887846
37529953 478469
37529955 217185
37529957 238874
37529959 746608
37529961 917268
37529962 1006954
37529963 299986
37529964 353624
37529965 405443
37529966 828979
37529967 734929
37539992 109599
37539993 53001
37539995 195751
37542422 160243
37543121 324240
37543122 181815
37543123 875080
37543124 891429
37543125 384484
37543126 410104
37543127 117898
37543128 51438
37543129 815854
37543131 352017
37543133 19072
12368938 339201
37544140 545605
37544935 264961
37544937 313967
37545319 109873
37545320 151052
37545321 169956
37545355 340765
37546294 3630507
37546328 137823
37546330 959700
37547489 318147
37548536 159425
37548537 1711290
37548538 550849
37548539 318826
37548540 927341
37548541 1194756
37548542 696394
37551352 389771
37551354 362732
37551695 240646
37553323 104318
37553400 288413
37553401 351808
37553402 43643
37553403 116952
37553404 51431
37553406 43216
37553408 66403
37553409 231777
37553410 335647
37553411 275969
37553412 724384
37553413 97633
37553415 91210
37553416 349913
37553417 588948
37553418 1185818
37555885 46805
37555930 346740
37558308 49394
37558309 86208
37558310 26573
37558311 62146
37558709 5465
37558711 225044
37558713 547734
37558715 149106
37558717 848379
37558719 109957
37558721 118455
37559306 102230
37559307 353310
37561432 19587
37561434 919043
37561436 92827
37563152 927340
37572000 115699
37575098 227465
37575100 318824
37575764 187505
37576800 44865
37576802 51520
37576804 66524
37576806 1630
37576807 153344
37576808 97972
37576809 56115
37576810 284144
37576811 5464
37576812 328585
37576813 333747
37576814 90718
37576815 186085
37576816 270893
37576817 120908
37576818 195507
37576819 207693
37576820 196389
37576821 31171
37576822 110095
37576823 221973
37576825 132323
37576826 25135
37576827 12454
37576828 60600
37576829 9625
37576830 26674
37576831 27688
37576832 65644
37576833 672299
37576835 582710
37576836 577267
37576837 179011
37576838 566875
37576839 51238
37576840 709454
37576841 330183
37576842 346161
37576843 1513485
37576844 800707
37576846 204623
37576847 98446
37576848 103350
37576849 699190
37576850 141571
37576851 345621
37576852 41934
37577260 101549
37577261 483980
37577740 632004
37577741 629060
37579003 149406
37579493 51065
37582792 17197
37582794 99941
37582796 392050
37582798 159589
37582800 199577
37582802 672741
37582804 117011
37582806 215721
37582808 412299
37582810 98719
37582812 582493
37582814 119698
37582816 87761
37582818 1725114
37582819 49531
37582820 806963
37582821 858888
37582822 50755
37583136 607424
37583137 912427
37583138 844270
37584196 97203
37584197 611672
37584198 174541
37584597 697168
37585895 521620
37585896 278741
37585897 300804
37585898 927792
37585991 72676
37586586 5620
37586587 172585
37586588 915565
37586899 259815
37586900 129244
37587452 174712
37587453 354137
37587454 387018
37587475 1402
37587477 38064
37587478 108226
37587479 83737
37587481 194695
37587482 6371
37587483 145765
37587484 696794
37587485 275751
37587486 331026
37587487 97571
37587488 37295
37587489 51778
37587490 19308
37587491 243727
37587492 867925
37587579 1634
37587580 669374
37587581 327232
37587582 49529
37587583 170097
37587584 634572
37587585 27689
37587586 61894
37587588 528891
37587590 109296
37587591 96283
37587593 25885
37587595 401993
37587597 671783
37587599 462081
37587782 1362183
37587996 2897193
37588003 332063
37588004 30905
37588005 340479
37588006 505392
37588007 147591
37588008 1171762
37588009 158523
37588394 447165
37588554 38611
37588556 313191
37588558 284143
37588559 11210
37588827 1343862
37588937 181901
37588938 960097
37588940 353158
37588942 293450
37588964 224835
37588966 144182
37588968 132754
37588970 764318
37588972 365969
37588974 344139
37588975 1417786
37589289 579146
37589290 170981
37589750 52864
37589751 2507514
37589752 448032
37589753 353427
37589754 847871
37589886 333207
37592194 155081
37592433 83568
37593102 144080
37596997 336503
37597325 1286304
37597439 599608
37597440 668773
37599297 285669
37599591 216891
37599592 293780
37599593 101713
37600390 390739
37600822 485199
37600824 418853
37601426 192081
37601428 399613
37601430 865698
37601432 543844
37601433 19009
37601435 1499385
37601437 594265
37601664 337485
37601665 684482
37601666 314364
37601667 407823
37601669 627521
37601670 238004
37601672 365308
37601675 1307370
37601676 808128
37601689 423315
37601690 929854
37601691 141781
37601692 76725
37601693 26882
37601694 343904
37601695 859873
37601696 1029148
37601697 455492
37601699 455493
37601701 382490
37601703 1062310
37601704 548176
37601705 201950
37601706 360812
37602652 3075105
37603159 359420
37603160 2764892
37603161 2732111
37604648 312632
37604649 152008
37604911 233492
37604912 142724
37605038 216939
37605111 310730
37605112 102967
37605113 27884
37605114 751472
37605969 104679
37605970 84730
37605979 271299
37605980 402637
37606020 330474
37608247 300597
37608248 210660
37608272 394805
37608274 1193911
37608276 224060
37608278 1300097
37608279 216076
37608281 676040
37608283 905409
37608285 669886
37608287 78186
37608289 883243
37608291 447805
37608293 170594
37608294 305516
37608369 284546
37608522 341221
37608523 498756
37608525 335573
37608527 776216
37608567 340923
37608569 94892
37608570 175111
37608571 580708
37608572 118038
37608573 362660
37608574 96193
37608575 366695
37608576 279463
37608577 82828
37608578 502180
37608579 223608
37608580 2509
37608581 12344
37608582 376226
37608583 493378
37608584 109956
37608585 3086992
37608586 779234
37608587 155012
37608588 348443
37608589 571120
37608590 570373
37608591 622060
37608592 332064
37608593 224634
37608594 324314
37608595 321190
37608596 355405
37608597 489852
37608599 29728
37608602 511271
37608604 317768
37608605 189553
37608606 322551
37608607 905756
37608608 959732
37608667 51069
37608668 269786
37608670 77957
37608672 140187
37608674 120910
37608676 424751
37608678 443682
37608680 53245
37608681 332572
37608683 261555
37608685 261788
37608687 146871
37608689 392342
37608690 376498
37608691 462591
37608692 858162
37608693 327865
37608694 622094
37608695 895693
37608696 131128
37608698 831655
37608699 394936
37608700 515763
37609010 99583
37609011 148093
37609012 94446
37609013 157102
37609014 156940
37609015 47366
37609016 361305
37609017 218119
37609019 132026
37609020 174404
37609021 135339
37609022 961434
37609023 213168
37609024 100512
37609025 1042785
37609026 1372345
37609027 322104
37609028 173144
37609029 102297
37609030 109096
37609031 412207
37609032 878565
37609033 11713
37609034 829114
37609035 356721
37609036 108841
37609037 197393
37609038 332422
37609039 96104
37609040 117507
37609041 103163
37609042 1512892
37609043 208730
37609044 112151
37609045 34100
37609046 230037
37609047 1147897
37609049 323029
37609051 119699
37609052 198543
37609053 334429
37609054 83933
37609055 441447
37609056 1299426
37609057 650301
37609058 917825
37609059 349701
37609216 339001
37609218 213365
37609220 189500
37609222 82235
37609224 51086
37609710 350409
37609955 1030815
37609958 337116
37609959 233831
37609960 995704
37609961 818761
37612224 159905
37612886 104193
37613483 208417
37613800 692816
37613802 507096
37613804 222179
37613805 659432
37613806 101382
37613808 36008
37613809 223210
37613810 172286
37613811 384485
37613824 408193
37613826 1306724
37613841 388993
37613843 35775
37613845 274404
37613847 112012
37613849 346092
37613851 136773
37613853 95669
37613855 6833
37613857 45797
37613859 64015
37613861 135190
37613863 120383
37614220 90010
37614222 1046030
37614224 221026
37614226 308655
37614228 361705
37614230 318363
37614232 611938
37614234 13193
37614236 430138
37614238 94297
37614240 200827
37614242 427351
37614244 342242
37614246 390049
37614248 316791
37614277 1465994
37614278 1741182
37614381 218796
37615102 1411
37615104 554795
37615106 384486
37615108 243994
37615110 342138
37615112 173390
37615114 195704
37615116 339199
37615118 99038
37615120 161796
37615122 308663
37615124 24809
37615126 8361
37615127 10677
37615129 13475
37615131 24514
37615133 8077
37615135 9025
37615137 13588
37615139 28177
37615141 34561
37615143 218294
37615145 285123
37615147 21169
37615149 634197
37615151 408220
37615153 1705447
37615154 129417
37615156 99525
37615158 442056
37615159 1854441
37615316 43407
37615318 678930
37615319 24215
37615321 12865
37615323 633384
37615325 252046
37615327 216671
37615917 1027367
37615918 103447
37615919 108524
37615920 425041
37615921 773388
37616391 86650
37616392 215424
37616398 145106
37616399 1009967
37616400 222734
37616401 372719
37616402 267226
37616403 609362
37616404 323527
37616405 464941
37616406 277415
37616408 1382004
37616409 888455
37616411 123143
37616417 5393
37616418 160655
37616419 436243
37616420 299764
37616421 59467
37616426 141598
37616515 664407
37616791 99470
37616925 506269
37616927 842056
37617017 226592
37617019 101897
37617021 392220
37617023 1143615
37617025 6517
37617027 756479
37617029 345589
37617030 494397
37617031 394197
37617060 743917
37617062 151328
37617064 364294
37617136 19420
37617344 1329933
37617346 642954
37617347 345526
37618711 140189
37618712 25028
37618713 431145
37619466 484370
37619467 148448
37619468 84327
37619469 173633
37619961 324552
37621172 1115409
37621180 104948
37621181 1005204
37625242 444304
37626080 162832
37626144 650980
37626145 58833
37626146 51598
37626403 390412
37626404 790295
37630714 643666
37632266 1291727
37633026 55337
37633568 112010
37633570 216938
37633572 695071
37634395 851334
37634397 345525
37634399 326333
37634423 376286
37634594 628649
37634596 1491126
37634598 98721
37634745 613962
37634747 124798
37634766 252393
37634768 99776
37634893 616661
37634894 814008
37634895 633174
37634896 95374
37634898 393646
37634899 724096
37634930 882909
37635098 340762
37635723 283331
37635963 67340
37636462 48088
37636463 102105
37636465 659649
37636466 258101
37636794 151493
37636796 342241
37636798 511270
37636799 626593
37636800 347297
37636801 537970
37636802 1549230
37636804 651771
37636805 827641
37636807 52142
37636809 511856
37636811 895309
37636813 246840
37636814 1140919
37636815 515408
37638604 65976
37638723 346918
37638725 100478
37639026 2276514
37639029 923438
37639030 63456
37643668 485052
37643669 223089
37643670 66696
37643752 16017
37643754 121957
37643756 86851
37643758 313042
37643760 162645
37643762 397290
37643764 376114
37643967 308672
37644354 962676
37647242 181952
37648139 435420
37648212 554776
37648213 162732
37648700 460625
37648874 341364
37648969 320894
37648970 654844
37648971 164130
37648972 879140
37648973 748985
37648974 906312
37649191 164897
37649239 658705
37649505 359595
37649506 94063
37650154 92825
37650352 110915
37650354 249624
37650449 63866
37650450 861615
37650904 22871
37650905 87261
37651224 354664
37651385 1287973
37651522 830440
37651523 549950
37651524 391993
37651525 1754912
37651526 962611
37651527 624511
37651528 261970
37651572 225050
37651574 911133
37651576 354672
37651600 290225
37651602 93143
37651603 471045
37651604 671782
37651605 154579
37651607 97506
37651608 181623
37651609 687344
37651610 785989
37651611 96049
37651612 534086
37651613 194632
37651614 58120
37651615 635078
37651616 422567
37651617 660180
37651618 92319
37651619 526134
37651620 60765
37651622 721920
37651625 98229
37651626 96196
37651627 139801
37651628 63220
37651629 412164
37651630 2478099
37651631 394803
37651632 419310
37651633 2862312
37651634 543077
37651635 660211
37651637 98442
37651639 51588
37651641 24216
37651643 126598
37651645 365385
37651646 782762
37651647 338373
37651648 331778
37651649 392707
37651650 100613
37651651 213278
37651652 122960
37651653 336760
37651654 326854
37651655 586737
37651657 1306449
37651659 998418
37651678 124987
37651680 228579
37651692 302501
37651696 98038
37651697 50963
37651698 108339
37651700 832123
37651702 238361
37651980 218354
37652043 201816
37652045 339583
37652076 658919
37652077 385820
37652080 36921
37652082 42386
37652083 408692
37652085 133962
37652102 222723
37652104 307633
37652105 898859
37652106 377347
37652207 884387
37652208 1662999
37652212 56308
37652213 201046
37652319 391819
37652321 394679
37652323 1115501
37652380 178443
37652381 841934
37652431 648145
37652432 628733
37652433 487338
37652522 94688
37652523 51839
37652524 296538
37652525 345652
37652526 322359
37652527 99045
37652528 645042
37652529 97636
37652530 96711
37652531 18135
37652532 286404
37652533 93238
37652534 199883
37652535 296708
37652536 344721
37652539 100905
37652541 506115
37652591 886400
37652592 1732334
37652593 61771
37652594 122089
37652644 227346
37652988 177083
37652989 505962
37653450 666182
37653451 249074
37653484 49996
37653490 89891
37653571 452906
37653572 857575
37653814 673062
37653815 579504
37654692 49352
37654693 318656
37654694 881183
37654695 193915
37655560 95846
37655562 104230
37655767 9289
37655828 627684
37655830 295716
37655831 997779
37655832 109463
37655906 328836
37655907 285217
37655909 895931
37657099 336869
37657357 481344
37657613 629990
37657615 952930
37657616 791355
37657618 99331
37657619 148624
37657620 186615
37658883 145297
37660579 101711
37661858 923662
37661949 57676
37661951 312773
37661953 110659
37662065 403011
37663392 102920
37663562 86410
37664261 8208
37664262 504611
38560896 48345
38560897 157454
38560898 1032757
38560899 100561
38560900 40834
38560902 21657
38560904 325865
38560905 631042
38560907 344643
38560909 455832
38560911 240202
38560912 353350
38560913 169268
38560914 40898
38560916 614017
38560917 176799
38560918 225966
38560920 217566
38560921 218241
38560923 235332
38560924 1200558
38560925 221494
38560926 1054482
38560927 222333
38560928 101383
38560929 572161
38560930 337083
38560931 336995
38560932 345044
38560933 300257
38560934 351863
38560935 21712
38560937 1262297
38560939 696399
38560941 194053
38560943 110887
38560945 1014628
38560947 124799
38560949 842872
38560951 323374
38560953 863654
38560955 181750
38560957 101892
38560959 276435
38560961 1308125
38560962 701353
38560963 108199
38560964 8362
38560966 53550
38560967 1578153
38560968 1865586
38560969 269882
38560970 364699
38560971 1277807
38560972 270779
38560973 665940
38560974 664572
38560975 13816
38560976 656458
38560977 717734
38560978 892098
38560980 1091637
38560981 2268298
39251149 156164
39251151 221258
39251153 387542
39251155 133702
39251157 133703
39251159 221210
39251161 1527353
39251163 870863
39251165 562297
39251167 47639
39251169 578102
39251171 104065
39251173 573858
39251175 329915
39251177 52147
39251179 307045
39251181 786755
39251183 95894
39251185 573797
39251187 573868
39251189 620595
39251191 355576
39251193 621692
39251195 185305
39251197 621385
39251199 147398
39251201 107099
39251203 232404
39251205 215491
39251208 213169
39251210 584385
39251213 859767
39251216 724177
39251219 225331
39251222 873817
39251225 1419930
39251226 100271
39251228 101489
39251230 613335
39251232 335128
39251234 383707
39251236 328944
39251238 581503
39251240 160909
39251242 947047
39251244 275803
39251246 103865
39251248 83427
39251250 363621
39251252 298106
39251254 652381
39251256 94515
39251258 434486
39251260 487947
39251262 333537
39251264 252341
39251266 487977
39251268 352695
39251270 363584
39251272 35361
39251274 295918
39251276 396332
39251278 464702
39251280 53000
39251282 346298
39251284 341740
39251286 353308
39251288 428960
39251290 97744
39251292 882825
39251294 238360
39251296 98320
39251298 1256735
39251300 94804
39251302 764555
39251304 161118
39251306 678489
39251308 49351
39251310 550956
39251312 109461
39251314 1709152
39251316 376075
39251318 829997
39251320 390903
39251322 92426
39251324 2299804
39251325 1483257
39251326 1385639
39251328 349126
39251330 1618110
39251332 701926
39251334 681300
39251336 99118
39251338 626334
39251340 1497594
39251341 6243
39251344 18252
39251346 112148
39251347 345071
39251348 843041
39251350 487879
39251352 277189
39251354 1219045
39251355 8728
39251357 354986
39251359 31716
39251361 268806
39251363 135453
39251364 178988
39251365 321688
39251366 576491
39251367 95841
39251368 316440
39251369 896731
39251370 344259
39251372 101490
39251373 694779
39251374 215685
39251375 5316
39251376 160500
39251377 189088
39251378 63908
39251379 94850
39251382 631043
39251384 341303
39251385 691226
39251387 648881
39251389 96157
39251391 52998
39251393 4072
39251395 26782
39251397 1199993
39251398 217897
39251400 551832
39251402 671467
39251404 268350
39251405 170608
39251407 1304676
39251408 208623
39251409 328839
39251412 502799
39251414 927693
39251415 195580
39251416 345618
39251417 1432853
39251418 346357
39251419 549949
39251420 550586
39251421 275904
39251422 153454
39251423 4765
39251424 390190
39251425 1312169
39251426 706070
39251427 77153
39251428 192886
39251429 680817
39251432 173026
39251435 394471
39251438 383532
39251441 660079
39251444 228291
39251446 1541275
39251449 733971
39251452 1802694
39251453 284243
39251454 1684936
39251455 212502
39251456 994719
39251457 32315
39251459 103517
39251460 516522
39251461 838888
39251462 180892
39251463 3509368
39251464 335393
39251465 392678
39251466 2308259
39251467 496444
39251468 441269
39251469 1373972
39251470 101727
39251471 861732
39251472 3510236
39251473 1491953
