2337 2523
7355 59788
2339 13006
2341 23673
7357 13006
2345 23926
244 1686
2346 24033
87380 2565
1279385 2155508
1891 4077
607665 1046634
607665 119911
887 6847
1407233 2281861
890 7168
125554 409382
125554 409383
922536 1731323
7380 60531
2349 8515
896 7949
2350 24329
2351 15801
2352 24512
897 8120
900 8515
907 9429
909 9650
7381 24329
916 10366
917 8515
918 10574
925 11363
7383 24512
9816 13006
2365 13006
2366 8515
2367 13006
2368 14469
2369 26291
2370 13006
2371 26490
2372 26590
2373 7949
2374 26790
2375 8515
2376 4077
2378 15801
2379 27299
557 4899
927 11608
2381 26291
928 8515
2382 13006
2383 15801
2384 4077
2385 13006
929 11850
2387 13006
2388 28198
2389 473
2390 15801
2391 28499
2392 10366
2393 28664
10226998 4077
937 12678
10240878 599756
62294 243631
938 12775
7392 61214
2399 8515
2402 13006
2404 10366
2405 13006
2406 29837
2408 473
940 13006
2410 30177
941 13107
2720752 60531
1913194 13006
2411 30232
2227809 2957923
10241183 10241197
2412 30295
2413 4077
2414 24512
10241216 36338
2415 30538
1354137 2505
618788 90162
9123 67496
25003 127621
7394 61352
2416 30642
2418 24329
2419 24329
2422 31183
2423 31277
2425 473
8184 63752
1248468 2126910
8860 66628
7395 61443
426 4076
21475 119361
203275 203301
16687 2523
13794 77378
40343 165688
193124 4070
86265 4077
111599 366704
111992 2505
139028 26490
19710 111626
40344 165746
76332 271732
47353 203301
169118 203301
42772 4077
85420 292603
153731 485156
111601 30642
77350 274542
35143 139059
4016 40371
76333 7949
40878 169206
162154 511693
19713 111810
302 2523
953 14469
94875 321423
2448 26790
2450 33795
954 6847
310683 844594
417651 1057302
1966773 769952
461656 6847
138087 29837
268083 769952
199278 597817
784434 511693
417652 29837
1238285 2117200
468618 769952
4087267 2523
179786 2505
199505 598328
1125644 1997456
891777 29837
2454 34107
2455 34178
958 2505
21688 119911
137021 428666
22857 124043
426753 1070538
2351733 4077
11605767 59788
626 5653
455540 1116539
455540 15801
777013 4077
4832 36338
54814 4077
161886 510688
161886 510689
161886 117253
161886 510690
161886 354462
59367 2523
1601887 793608
905445 4077
905445 29837
236537 29837
974893 1817546
974893 1817547
73569 266174
2594770 36338
2619429 3248294
3229531 30642
1778295 2482683
2369072 428990
6280966 36338
6280966 6281004
6280966 4077
6280966 165746
6280966 29837
6280966 6281005
6280966 6281006
6280966 6281007
6280966 4736577
6280966 409382
6280966 1343040
6280966 6281008
6280966 31277
6280966 2423395
6280966 6281009
721291 29837
954323 954361
974896 4077
974896 1817569
1609349 2459004
496626 473
124561 405918
190390 90162
87640 298044
54935 227304
974899 119911
974902 1817605
94498 320635
6936 34315
402027 14966
2989324 592551
3185347 3646141
288365 473
275835 782420
13216284 13216288
30001 131518
1785021 2601745
44932 189688
358058 955870
1251322 4077
2267450 2986750
755721 1341606
357505 954361
119890 382769
993022 1838487
13231071 3137696
847973 756683
191855 4077
16947 87399
130456 416747
37446 151599
3135464 3610704
46072 198016
173887 165746
13321975 2459004
13321975 557519
13321975 13321980
81334 2523
91956 313049
851721 4077
825845 1634480
39601 162280
592341 1326752
146080 460655
165727 519396
443059 727420
592413 1326859
921934 1730250
2477 34981
1279743 2156419
14953 79698
81695 73870
13464532 1336136
282919 793608
8189 23926
13472858 598328
695331 61214
772957 187054
793919 1583722
948635 1778343
38 275
13491806 13491810
15756 81474
2459056 409383
1639529 2482683
136806 427809
7330721 4077
13861939 4278223
13872990 13724602
14139845 4091348
21256 118610
14272187 14272194
14295661 14469
586880 473
294663 815574
10940441 368796
379966 986192
137070 428990
11127570 11127576
12079428 12079437
9271615 9271637
200082 599692
14336775 14336777
14349537 2457452
10940467 10940489
14405223 14405225
10940468 427809
1963106 15857
6056 55229
161902 510904
1851711 2653857
281666 791178
13723628 2383777
311992 847196
19545 473
14764150 14764154
2666967 3280579
3399161 2482683
13391360 409382
14931081 2459004
14931081 4077
14951810 4077
447069 460655
14996860 14996867
10680284 79698
20294 115239
936962 15801
10302834 10302838
3744241 4077
3466328 3839875
15115674 3610704
2197271 119951
298062 821773
15130092 5630642
993025 1838514
807742 1609391
15154555 15154558
731776 1503080
15172678 3610704
1674 20128
11065790 73870
15218972 15218978
15224870 2601745
15225840 1424668
15241065 366704
15241596 2297895
15243554 4077
15244575 73870
15248110 756683
746835 1526382
1617909 30177
15309677 15309680
140684 440953
74395 268382
16558 36338
7791 63391
1065048 29837
3404789 3796234
5853860 5853886
298333 36338
891119 1704423
15603850 1070538
446251 59788
256553 751754
382843 993129
239839 727420
15676772 15676777
84572 290467
536080 1253374
15683511 955870
1204227 117253
13716023 13716028
15690194 15690196
15691184 59788
2635792 59788
2080180 2835042
3629058 3947954
263065 213380
989482 1835310
3922486 4131522
280173 751754
15719102 15719104
13473314 7935669
2619068 3247935
15723083 15723088
1477760 2345516
15729857 15729862
684463 1437170
14661735 4077
4764441 4765117
10657347 36338
1778330 2594918
1609385 29837
2594627 3229737
22151236 22151239
2459003 3137696
2458943 159473
21785862 21785870
1046139 4077
4532746 4553379
17872 90162
200087 599756
1636011 4077
599638 1336136
296644 2505
604 4077
28186254 28186256
28186513 28186514
731666 1502907
28213233 14996867
28219585 1336136
28219617 59788
1050909 1835375
28220339 4077
2797249 542159
28272203 3899881
28275278 138544
28275813 29837
28277238 28186256
752727 822399
28302431 29837
28305242 28305244
14728582 14728593
28313643 28313646
28315163 59788
28317172 2957923
28317881 4077
28361507 28361508
28363795 1778343
28364540 79698
28366695 28366696
28367519 28367523
28382066 28382067
28303810 4077
1253864 2132364
356837 59788
28409474 59788
2302413 165746
1424520 165746
28727493 1454869
28728494 81474
28728825 5644000
3578596 3913787
28729624 28729627
28996253 24512
29038575 29038577
29038603 2620179
29038644 28240356
29038959 4077
1513006 2375075
29039510 3137320
29040451 29040453
29040979 29837
29042808 618942
29043152 2957923
29043586 29043593
3280452 3715509
3715498 188282
3715498 3715509
29043752 1343040
29043996 421374
29045598 2957923
29045737 29045738
29046339 4906419
29046550 29046551
29047469 4077
3927303 2297895
29049811 29049813
28303712 28303722
29051148 955870
3729945 4007981
29365157 6516
3471574 3844247
29587466 29587467
29595106 1046634
29597259 29837
29597269 1424602
1325751 24512
29597566 7949
29597581 4077
29597665 29597666
29597714 63391
29597743 4077
29603095 11458965
29603167 28237866
29604634 4077
29609664 29609665
3860648 4091491
3860584 4091348
3860609 4091348
29710372 165746
29710991 63391
29713524 4077
369089 35161
28776996 36338
28737427 29837
29716431 4077
29716431 421371
14118 59788
29768967 36338
3174334 1964283
13117931 10224832
1625453 2473196
2506214 3174337
1666917 2506217
30044243 3591235
3940118 599756
656596 473
3616879 599756
465933 1132519
453643 2523
11567028 36338
173504 535828
14416580 115239
30312911 30312916
30320347 30320349
2899285 29837
15214781 15214794
1420967 7949
1035433 29837
20837 117253
15250781 1424815
30347746 29837
13416282 13416287
30351694 30351695
14259071 510688
1347972 756683
28433723 29837
1563752 45528
10657355 10657436
30373404 30373405
3878131 4104338
55225 55229
13515328 2565
15240475 1975008
189349 582218
30382416 29837
9092303 473
13757965 13757971
30393255 201002
7567721 424198
14423689 14423702
14393467 14393469
4906373 4906419
30491554 63391
30596794 2459004
15219095 4077
15219066 36338
30599936 15625258
30600203 409383
15219016 4077
28728604 4077
30701357 29365171
1093795 756683
4210216 2217333
30744646 30744647
30745373 30745374
15720960 9789202
30748516 30748517
30749091 4077
15042069 756683
30751388 30751389
30751582 4077
30751606 30751607
30752636 36338
30752964 10590862
30745173 1817605
2712877 3306641
30754638 30754639
30756587 30756588
30757816 3646141
30758149 30758150
30759755 29837
30760396 30760399
30761035 30761037
30761610 29837
30762648 30762649
30763420 4077
5006171 5006177
30765263 4077
30765279 4754499
15233266 59788
30765631 30765632
30765641 8181778
30765712 30765715
30767602 4077
30768886 30768887
30768949 14469
30775668 30775669
30776326 2423395
30776414 30776417
30776992 4077
30777396 30777398
30495506 271732
9436334 9436350
30780299 29349778
262705 24329
3601205 162280
3927078 35088
30782816 24425533
29372524 63391
269715 59788
30788214 30788215
30791763 6281009
30791769 36338
30596797 473
30596803 30596808
30791764 6281007
30596954 30596960
30790875 30790879
30596807 30596808
30790888 30790896
30600205 2459004
3455094 1424702
2130964 2878160
30783604 2351020
535142 76981
236546 104827
772972 1556179
30880378 30880380
30882860 30882862
2484250 30177
10940469 28198
2423346 3109007
30423884 30423886
31759326 366704
31759478 1071974
260797 756683
4235637 9429
31838393 15281
31846521 460655
31856506 141699
295384 817020
298347 822399
13561710 3610704
93060 2523
10657636 10657638
31902374 31902376
31994415 31994417
32158389 4922298
32165545 32165547
565652 1283597
2057944 2816828
30593764 30593774
125668 4077
32784364 4353697
15079975 15079978
32806243 4077
32810529 32810531
32810698 32810699
32815182 32815185
13773818 4077
32820223 2421770
14752044 14752063
32832775 9739488
32840490 32840492
32843618 4077
32845489 36338
32845780 366704
32850961 4077
16471 84585
32854127 32854128
32854432 32854433
7506978 1336136
32872977 4077
32959261 14469
32979941 4077
3202989 90162
33023912 27396511
33039402 36338
33041895 33041897
33042323 36338
33042323 4423442
33042325 36338
33050195 10460820
33058278 34981
33058327 33058329
33058526 2286917
33059504 33059506
33059560 33059562
15721993 15722013
33090426 29837
33091695 15914410
14584203 1526382
33239624 33239625
33239627 33239628
33239629 1116539
33239631 33239632
33239635 1343040
33239637 33239638
33239641 33239642
33239645 28243419
33239647 2421770
2458944 3137320
3137319 165746
2621175 4077
2371204 6847
33583380 2957923
119910 382852
33588328 189688
33670199 4077
33788674 29837
417109 4077
417109 29837
34223912 30427445
34223984 954361
10486622 366704
34232452 428666
34232478 34232479
34235751 34235752
34236150 1336136
34246778 63391
34247706 29837
34249017 409812
34250431 473
34261372 1326752
33165052 29837
34276062 473
32804945 473
34282093 34282094
30737018 63391
34362713 421371
34381726 3453280
24343762 274542
34394148 290467
34402322 2816828
34419566 4077
34453255 34453256
30870524 10038680
34664863 34664864
34669955 4077
34671756 730954
34715087 34715088
28567336 28567343
193555 588514
34899583 34899584
34977 138544
35010222 23676620
35010681 35010682
28413503 1813497
35010754 1813497
13877117 1326752
28457425 28457426
33095330 30760399
35013055 1813497
35013195 1813497
1080008 1941317
35013482 35013483
1611562 2461522
2225986 969037
35014144 4077
35014152 756683
35014168 35014169
11478688 11478695
35017105 28263254
35017108 4077
35017118 2457452
28411714 4195263
193557 473
1564309 2423395
35343246 10542542
35398432 2876891
35398602 35398604
35399156 90162
35400153 366704
35400349 4077
35400759 34715088
28303789 28303791
35402873 35402874
35403219 35403220
1533825 34981
35405278 165746
35405436 4077
35406934 15801
35407397 35407398
35411768 119911
35413617 427809
35413620 28243702
35413623 35413624
35413627 35413628
35413630 25468067
35413631 25468067
35413635 35413636
35413638 174212
35413639 35413640
29365210 29365215
35413641 9429
55228 34377
35413642 34033783
35413644 1390736
35413647 1390736
29365201 29365207
35413656 36338
35413657 218336
35413658 2957923
35413659 81474
35413662 2957923
1564310 2423397
35413665 35413666
35413670 10482993
8631099 382769
35413677 3864130
35413682 2459004
35413684 35413685
32626877 32626880
35413690 35413691
35413692 35413693
28691352 619314
35413726 35413727
35413731 35413732
35413734 35413735
35413739 35413740
35413747 35413748
29365195 1687167
29365239 29365241
29365192 29365197
35413749 6068212
3109134 165499
35413752 10302838
28640196 28640199
1564303 2423387
3109104 2423387
35413758 35413759
3109105 3591181
2423335 3108946
35413761 35413762
35413767 35413768
29365222 29365226
35413769 14673478
35413771 3108928
2423326 3108928
2423347 3108928
2423364 3108928
2423348 3108928
2423365 3108928
10898876 1813497
35413773 1813497
35413775 1813497
35413778 3557963
35413780 35413781
35413784 111810
3109094 3591169
35413786 3591169
35413786 15252578
35413702 35413706
29365198 29365202
35413788 35413789
35413791 10466039
35413800 33140385
35413801 2199155
35413802 2199155
35413803 2199155
35413804 141699
35413806 35413807
3109106 473
3109143 473
3109144 473
35413810 473
3109107 473
32999756 32999763
35413812 473
35413814 473
35413816 473
3109135 3591220
2423366 511693
35413818 598328
35413820 598328
35413821 10588266
35413828 15625258
35413833 14124252
35413834 1807229
35413837 61214
9401149 9401153
35413840 35413841
35413842 35062771
35413843 34676207
35413845 3163885
29365257 29365259
3325014 27299
35413846 35413847
35413849 4941840
29365238 29365240
35413852 2523
35413854 2523
29365175 4284594
35413855 35413856
35413858 35413859
29365205 29365211
35413861 30449210
35413863 15309680
29365185 29365196
35413870 2523
3109116 63391
8854929 290467
35413872 290467
29365162 29365171
35413873 2961185
35413876 14469
2423355 1502907
35413878 35413879
29369393 115239
3109136 3591222
365842 115239
35413880 115239
35413883 35413884
35413886 2423389
1564304 2423389
11034872 4080733
35413887 4077
35413887 35413888
3109117 3591193
35413652 35413654
35413892 3646141
2423376 90162
2484336 90162
35413896 90162
35413898 1526382
35413902 1526382
3109126 90162
63911 23926
29365172 13773525
35413903 35413904
29365167 35474
29365233 35474
29365180 29365193
35413906 271732
29365244 8084033
35413912 35413913
35413914 10234393
35413918 3025383
35413919 2816828
35413921 79698
35413927 79698
29365216 29365219
28919258 28919262
29365159 29365163
35413930 13731804
35413932 35413933
35413938 10590862
35413946 1454869
35413950 3715509
35413694 3715509
29365174 6516
35413952 35413953
3263918 15857
35413954 15857
2423377 1343040
35413958 6281008
35413961 35413962
29365220 29365223
777840 1564289
35413964 15801
35413966 15801
29365177 228105
35413968 228105
35413972 228105
29365231 29365234
35413974 2881800
35413976 35270057
35413978 35413979
35413983 969830
35413986 84585
22012128 22012140
10953266 10953271
751737 1532689
751737 1532690
35413994 35413995
35413997 33140309
35413998 519396
10940472 10940502
29365227 15154558
35414000 35414001
3108944 3591148
3108944 3591149
29365160 29365168
35414004 35414005
35414008 35414009
35414012 29028612
35414016 1704423
35414019 35414020
2423327 62050
35414022 62050
2423356 3109026
3109095 3109026
28498926 3109026
29365200 4952871
35414023 35414024
35414026 35414027
3601320 3927176
3140714 3616705
35414029 2479979
35414031 35414032
3109096 3591172
35414037 35414038
35414045 2117200
35403221 35403225
3109097 2423399
35414046 2423399
1564311 2423399
35414047 35010682
3109127 3591203
932863 1757583
3109108 2105818
3109145 2105818
35414050 2105818
2058896 2457452
35414052 1968581
35414053 2601745
35414054 3101742
35414058 416747
35414061 416747
35414063 4077
9618816 4077
35414070 4077
15219253 4077
35414073 4077
35414076 4077
35414077 4077
35414080 4077
35414083 4077
35414085 4077
35414086 4077
35414093 4077
35414094 4077
29365245 4077
35414095 4077
2423378 4077
35414096 4077
3606764 2565
35414100 4077
35414101 4077
35414104 4077
35414107 4077
35414110 4077
35414113 4077
35414114 4077
35414118 4077
30795166 4077
35414120 4077
29365235 4077
35414128 4077
35414131 35414132
35414138 3591235
3109146 3591235
35414140 3591235
35414147 1344246
35414150 59788
35414154 59788
35414156 59788
35414158 197360
35414159 59788
35414160 59788
35414162 822399
35414164 35414165
2423336 3108955
35414167 35414168
2423337 3108957
35414172 24425533
2423328 2505
2423338 13006
35414175 13006
35414176 35414177
35414183 35414184
35414186 35414177
35414189 35414190
3891590 4111733
35414192 40310
1838649 2644038
3109098 3591175
3109099 3591175
35414193 35414194
35414196 35414194
35414198 35414199
35414200 29837
4373542 29837
35414203 29837
35414208 29837
34868160 510690
35414210 2175425
35414212 2175425
35414213 2175425
35414216 354462
35414217 35414218
35414220 756683
35414222 756683
35414224 756683
35414226 2423395
35414228 2423395
3109109 266174
35414230 266174
3109118 542159
176229 542159
1564312 2423401
35414231 542159
35414234 542159
2423357 542159
35414236 1336136
15219255 15219257
35414241 35414242
35414246 337364
