2821 35650
5012935 5012945
5013099 5013104
262104 759252
360013 959028
1541754 2401680
801338 1592778
5021400 5021413
172758 532752
529273 1238940
480401 1155921
723291 1484777
287690 802083
287196 800124
105976 338407
5051662 5051682
5052194 5052215
5064855 5064878
5066361 5066399
5089804 5089823
5089804 5089824
5120753 5120760
5030069 5030101
45140 190698
5165535 5165593
120061 383617
1489468 2356310
3550714 3895451
5180998 5181019
961125 1798232
2379004 3070411
3692404 3985812
929890 1749394
5260247 5260261
5260247 5260262
90004 306659
928826 1740512
4074140 4229220
111277 358100
603030 1339985
111278 358159
4487642 4518537
332185 905585
2681672 3284181
34271 135763
353971 946833
5330014 5330024
5330102 5330114
71078 261828
691690 1446553
1787090 2603387
5332615 5332636
158802 499167
687419 1442056
5334253 5334264
5335376 5335392
2569978 3209238
5336263 5336282
5336477 5336498
120063 383754
5337012 5337054
5337145 5337156
5337831 5337854
358524 956495
5340108 5340126
54688 224465
692932 1448071
5341403 5341435
957046 1789044
358739 957187
2219107 2951587
369146 968568
135650 425083
19363 110375
928357 1735757
298530 822709
110439 355175
1634882 2480439
5353107 5353134
1766179 2582467
5355429 5355481
332149 903854
5356723 5356743
222145 685657
3963102 4158007
928462 1738387
928462 1738388
728452 1498068
5362584 5362603
815969 1620393
3215791 3669514
588772 1320936
5364007 5364027
222661 687399
5364725 5364742
583995 1311194
583995 1311195
141356 445312
141356 445313
4479021 4512069
378499 983544
378499 983545
1303368 2181890
426410 1069418
323224 874850
294963 816032
4848781 4848859
3901745 4118219
5371577 5371595
5371714 5371748
289021 806413
1948239 2721884
3894580 4113663
151434 477637
5374639 5374678
309373 843004
1102449 1973244
2571909 3211609
312616 848640
164854 516926
696636 1452260
3110652 3592230
225403 697962
140817 441611
537736 1257321
4297094 4379853
723797 1485623
893089 1705954
2600857 3234568
5385340 5385381
928360 1735907
225404 698048
225404 698049
585453 1315226
2329128 3031944
5387909 5387930
222662 687489
54689 224576
120064 383822
383676 994922
685121 1438077
319374 863057
125207 408630
219309 673206
219309 673207
373319 976117
5392182 5392216
4446714 4486967
5392266 5392305
3311801 3735055
255983 750751
54360 222022
676139 1418303
691691 1446637
5395625 5395678
447386 1101683
1340004 2211795
5013583 5013642
730353 1501891
3144122 3619111
605706 1342660
4133300 4272811
213119 649129
1971685 2743480
1842524 2648062
105986 338974
690627 1445628
1663455 2503610
213120 649251
696948 1452857
955904 1787134
723976 1486161
3583345 3916344
1715497 2549738
105987 339038
995037 1841550
5403283 5403340
693570 1448399
592549 1327083
167509 521162
537737 1257402
684945 1437855
110979 357014
222663 687612
2569977 3209191
2264081 2984135
5406928 5406947
1716866 2552283
685122 1438180
685122 1438181
442940 1091728
905737 1717651
905478 1716627
44481 189147
44481 189148
335711 918473
928827 1740565
905479 1716678
441471 1089362
5070052 5070086
332152 904057
5414483 5414506
685125 1438300
583704 1302844
524377 1230233
516442 1215495
442941 1091805
4804058 4804319
5417925 5417935
358111 955974
583705 1302921
583706 1302983
312572 848441
111417 364420
929241 1748473
2575125 3215275
5422481 5422497
542385 1264181
54690 224680
1500199 2364206
669755 1413482
449501 1105489
449501 1105490
2569969 3209155
54920 226538
332153 904169
929891 1749456
5426353 5426369
425014 1067853
223492 691263
309367 842954
690361 1445264
1715787 2550698
995038 1841659
5428005 5428026
5428005 5428027
222440 686769
5430513 5430552
189539 582597
3262595 3702811
5431778 5431817
1774527 2590268
445247 1096120
445247 1096121
223493 691311
1753937 2575846
5434451 5434464
327794 888520
5435738 5435751
743056 1517133
5435948 5435965
2180062 2918043
84834 290950
223495 691429
2361490 3057364
499103 1186115
905480 1716762
54921 226672
609634 1347367
223497 691531
50455 213226
1457607 2328345
1340005 2211863
135653 425335
5442530 5442575
438971 1085948
5443522 5443541
5445239 5445258
62216 243385
5446802 5446835
537708 1256854
1457333 2327170
54691 224784
223986 694485
583708 1303102
356534 952648
983757 1826878
657430 1400092
111284 358455
955906 1787206
163358 513769
111285 358512
358527 956631
5451298 5451319
685127 1438430
685127 1438431
1252551 2131214
5453379 5453387
500880 1189268
697746 1453753
583710 1303220
1391938 2265501
583711 1303296
657786 1400353
1718547 2553806
5457764 5457807
3132577 3608606
5459526 5459588
1525409 2383483
222665 687790
800233 1592111
225406 698197
930176 1750409
2823 35829
5462357 5462376
685129 1438629
512962 1209482
54692 224887
3225992 3675999
5316617 5316659
345666 934165
383833 995424
676142 1418540
105992 339309
221937 684740
5467325 5467345
223498 691603
605708 1342781
4788299 4788688
693572 1448522
5469259 5469300
3198623 3657781
332157 904477
773346 1557343
333731 910318
5471593 5471645
4259 42004
173355 534926
54363 222233
537709 1256937
5475254 5475279
5475284 5475314
4376916 4436125
105994 339446
5475488 5475496
5475560 5475589
1342588 2217010
5476777 5476820
5477439 5477483
603031 1340086
345 2927
4883913 4884007
5479930 5479958
432863 1079211
1340007 2211953
5481904 5481938
442159 1090822
5482639 5482684
583713 1303428
583713 1303429
54922 226797
54694 225110
4259473 4353740
3688748 3983770
120065 383906
3233713 3682644
111287 358662
685130 1438718
225407 698298
164728 516555
590580 1323158
105996 339544
583714 1303475
272075 775925
4804542 4804900
85979 294029
237238 723215
998812 1847726
537710 1256999
256459 751593
928830 1740733
5501001 5501022
1416100 2288984
1416100 2288985
5505092 5505132
928832 1740811
5506117 5506135
111289 358827
4815774 4815885
5882 50583
728454 1498201
222666 687913
5510226 5510284
5511029 5511045
5511554 5511577
699167 1455912
2873071 3423060
5514300 5514317
4874654 4874684
5515672 5515710
383678 995123
957346 1789392
2534105 3190482
2753378 3344097
5338261 5338344
5078830 5078853
289022 806480
928834 1740876
5521429 5521469
358601 956968
222441 686868
5522556 5522575
222043 685340
293931 813597
5527825 5527839
1457364 2327967
5529675 5529701
5529872 5529928
2174212 2913880
5531168 5531191
764157 1548079
5531371 5531376
5531541 5531554
5531583 5531619
105999 339704
293932 813669
222442 687014
222442 687015
5536193 5536218
106000 339773
1525213 2382453
3963055 4157928
106001 339884
54365 222540
4993906 4993973
676146 1418754
3530842 3882700
692093 1447355
141983 447191
400153 1011067
353342 943533
1297747 2176883
340900 931245
537739 1257534
2087253 2840774
1067631 1930435
928838 1741062
1250773 2129195
111292 359009
201719 604251
583718 1303645
826165 1634959
5553996 5554027
1457336 2327267
5555729 5555759
344623 933346
928839 1741124
2947189 3477743
262333 760207
219378 674520
930946 1752965
4986944 4987020
603032 1340149
339556 929715
1099909 1969984
341642 931820
3472538 3844928
2157337 2898539
18696 101226
928464 1738448
5561598 5561615
929231 1748368
287197 800194
3969741 4162429
5562871 5562895
3267812 3707870
995950 1843826
1980138 2753454
488572 1167355
5565853 5565872
1183388 2056304
1244415 2123475
583720 1303749
836031 1646452
815972 1620479
584109 1311881
5571381 5571399
5572892 5572919
2452446 3131712
106008 340252
5575352 5575380
5575383 5575419
136608 426877
5576470 5576505
84075 288615
583721 1303803
520338 1222543
702483 1460300
84076 288807
192492 587263
722201 1482643
3215769 3669428
995252 1842240
5511556 5511598
2741640 3333889
133284 421145
272127 776089
5586290 5586327
5586784 5586818
685131 1438797
1787262 2603577
106010 340374
534829 1250859
1663457 2503716
213038 648982
5593026 5593068
5593664 5593682
5594260 5594281
76447 272119
222044 685427
694397 1449330
1502712 2366808
512963 1209526
791721 1582146
5597519 5597549
95404 322030
5598119 5598157
4955837 4955878
222670 688242
583724 1303931
113499 370270
1454226 2323987
76448 272166
3132556 3608359
54696 225285
223504 691892
54505 223724
3197793 3654471
5605212 5605248
5605703 5605721
5606412 5606430
784970 1571329
784970 1571330
5607445 5607462
5609042 5609060
3100494 3584706
54697 225384
4719280 4721698
4138946 4277165
928841 1741214
54698 225491
5611206 5611237
583725 1303991
929942 1750094
583726 1304061
950114 1780594
106013 340568
802922 1595220
353974 947094
2216898 2949797
8848 65937
1959846 2730807
226144 699898
5615735 5615747
4850687 4850747
222252 685870
287199 800258
5617496 5617526
583728 1304162
224696 696705
700188 1457659
5620761 5620779
2570715 3210280
387410 998882
2573726 3213730
1776640 2593233
3599334 3925833
3599334 3925834
226145 699971
790286 1578344
583729 1304243
5625064 5625100
849549 1663635
2328483 3031361
226146 700048
5196608 5196626
5312265 5312342
2328989 3031809
1091880 1956257
728463 1498681
947021 1776953
5628386 5628399
106015 340722
236744 721951
1742059 2571502
5629484 5629525
2891736 3435067
293934 813776
5632248 5632276
223506 692050
3739921 4013415
5403836 5403867
189552 582758
5635601 5635624
1482653 2350281
676150 1419095
5635919 5635954
691694 1446751
111296 359200
5638098 5638114
106017 340855
106017 340856
5638923 5638938
5638954 5638982
5639360 5639390
215058 654308
5640543 5640563
928369 1736221
908586 1719315
928842 1741265
5641351 5641408
4085526 4237218
45067 190258
4734311 4735717
106019 340955
2573741 3213820
1946859 2720439
583733 1304419
225411 698541
931699 1754978
54370 223058
603033 1340218
106021 341047
1754028 2576093
4838852 4838920
120070 384214
223407 689708
3795823 4046034
583734 1304483
287200 800294
4849215 4849304
5658387 5658408
1720175 2555744
5660520 5660535
106022 341103
690767 1445934
4789826 4790347
54701 225697
4162434 4292591
423829 1065909
5664623 5664644
695168 1450089
4826294 4826424
288461 803677
728464 1498746
691837 1446845
110774 356599
217250 663018
2309657 3019989
785551 1571898
603034 1340303
962210 1799952
685135 1439070
5887 50897
5675617 5675637
930950 1753062
863842 1677751
5677981 5677996
5677981 5677997
106025 341249
3215361 3669236
137061 428856
224598 696459
513202 1210979
5683255 5683274
5683317 5683343
956096 1787583
5888 51020
287201 800363
1517099 2376503
22069 120979
91883 312831
2336282 3037084
1980142 2753587
172804 533065
106026 341282
293936 813848
5692086 5692105
140579 440509
140579 440510
5693126 5693163
87995 301121
1722438 2558260
5697118 5697150
5697634 5697662
825262 1633962
5699462 5699500
4640973 4648856
141562 446578
34847 138066
583737 1304608
5701945 5701963
773534 1557902
5112728 5112773
1750026 2573874
695169 1450166
5705292 5705305
5705623 5705644
45105 190473
5710558 5710586
5712406 5712424
45158 191925
106030 341530
95785 323070
5714721 5714735
957835 1790748
5718812 5718827
958038 1792134
140223 435879
4843770 4843836
1787448 2603773
106031 341627
583739 1304707
5722580 5722598
5722847 5722865
5494351 5494374
5648406 5648446
5724468 5724485
1123054 1994804
111371 362433
933214 1758059
5727013 5727048
5727013 5727049
223838 694241
5730730 5730736
1256872 2134566
5733272 5733287
930954 1753162
144422 455619
16259 83489
426412 1069583
1101616 1971988
5742074 5742089
5742103 5742140
5742342 5742358
18635 98019
5743062 5743075
86304 294740
332188 905861
332188 905862
929639 1748981
802929 1595494
928850 1741688
803095 1599145
5746916 5746954
1650550 2493177
5889 51145
583742 1304851
4648960 4656023
111299 359382
5751697 5751721
5751939 5751970
3159816 3630546
5752820 5752836
958372 1792992
5315871 5315910
3457531 3832586
5757441 5757470
106034 341783
825263 1634040
5763106 5763126
930574 1751386
5768486 5768505
120072 384323
5772710 5772726
172352 532073
583744 1304964
5775858 5775866
4021595 4196401
3136643 3611879
5892 51327
384135 995746
376055 979590
5783232 5783266
287202 800436
5785684 5785694
928854 1741830
928854 1741831
4937745 4937802
174152 537679
1252980 2131594
5795665 5795670
583997 1311274
1776641 2593295
214146 651124
261841 758566
18697 101347
3486232 3852489
5804950 5804966
3897955 4115541
5806728 5806755
928856 1741891
137232 429517
5814784 5814818
3334151 3751429
928857 1741958
1324192 2195068
928378 1736560
111300 359475
1342589 2217097
3079103 3568580
3079103 3568581
45166 192429
45166 192430
2596857 3231560
1002007 1851498
930955 1753193
1226044 2104304
802933 1595630
120074 384447
2539462 3194694
842107 1653222
537711 1257053
5842270 5842285
106047 342280
120075 384536
928859 1742040
5847548 5847567
928860 1742115
1987887 2759652
5852861 5852878
299402 824286
877072 1694288
106050 342434
5866673 5866714
3314593 3737160
120077 384641
5868060 5868085
5868607 5868620
438871 1085708
79950 278584
928472 1738654
928472 1738655
928861 1742176
106053 342541
1467019 2336269
5892440 5892451
287203 800508
140228 436078
5897 51690
5896975 5897019
5897115 5897128
5897456 5897471
350596 936873
5904864 5904896
995257 1842516
583756 1305446
928863 1742261
928473 1738698
2570830 3210427
5912100 5912121
5628528 5628713
1605 19487
4446748 4487005
201799 606013
5928922 5928937
690629 1445737
324288 876555
657732 1400283
1084008 1945846
4625094 4634162
4625094 4634163
583758 1305549
1742917 2571710
435799 1083469
5936130 5936156
111302 359565
5939936 5939953
879857 1695779
4015557 4192024
225415 698784
2265531 2985685
2436638 3118561
997049 1845799
5949224 5949249
242438 730245
1486628 2354171
5952732 5952771
287204 800572
2919749 3459377
140631 440692
5963005 5963022
293939 813990
358054 955859
5586827 5586837
5969518 5969556
929006 1745616
5477358 5477378
5978531 5978551
3642600 3955664
743059 1517276
824827 1633601
2902515 3443568
5987632 5987649
5987632 5987650
332171 905109
5995132 5995156
618810 1357918
5996218 5996247
120082 384904
120082 384905
3969736 4162407
2358176 3054537
3966252 4160073
6002541 6002576
141061 443533
928383 1736704
959311 1795349
111304 359678
583760 1305644
1953638 2725075
6007659 6007674
928869 1742509
6008650 6008663
6009359 6009392
6009968 6009985
2182224 2920032
6012357 6012381
930787 1751948
387044 998062
728471 1499060
534831 1250946
2127357 2875117
512965 1209624
5900 51877
583762 1305726
802937 1595776
952032 1782589
2554492 3201132
2601051 3234699
4139335 4277448
6035768 6035782
1756477 2577315
803106 1599485
583763 1305783
120083 384982
293944 814113
534832 1250985
175080 539231
2382794 3074197
3129244 3605668
1302996 2181694
3454977 3831128
813998 1616703
6044422 6044438
6045764 6045795
388183 999142
1783821 2600558
1300351 2179868
120524 393403
120085 385092
2232026 2962619
6052296 6052330
6052986 6053001
3187632 3647310
1295039 2172596
1492163 2358549
1208038 2084459
4269526 4360593
724656 1488286
2575172 3215346
3945567 4147428
958332 1792802
4343659 4411700
930972 1753521
120086 385152
743060 1517316
34274 136051
735058 1506477
6082589 6082604
928384 1736746
960181 1797043
2455305 3134010
120088 385272
120089 385342
337378 925118
4282415 4370664
2106972 2856780
6101260 6101292
1455728 2325402
120090 385403
583765 1305861
867706 1681998
1851404 2653401
5709281 5709309
583766 1305913
6106419 6106449
2479241 3153485
6110870 6110894
1753200 2575313
4607918 4618034
802942 1595910
106068 343156
929007 1745660
140233 436297
140233 436298
4159302 4290577
6118501 6118536
6118542 6118581
3226111 3676212
583999 1311356
5812206 5812223
6129105 6129134
6130374 6130395
6136446 6136481
6136539 6136559
164855 516998
164855 516999
141062 443631
6140604 6140619
6141961 6141978
106071 343297
3481211 3849910
3481211 3849911
218607 670541
534625 1249589
5347143 5347215
120092 385517
6146160 6146197
1955390 2726938
1292608 2170534
298 2220
6152305 6152323
95405 322092
6153488 6153509
6156265 6156273
6158404 6158422
1847639 2650937
6162004 6162020
803111 1599681
928385 1736779
106076 343525
98842 328079
775897 1560713
723101 1484197
723101 1484198
6178320 6178371
1302857 2181654
287205 800621
3032792 3538373
4794830 4795082
6183351 6183383
2638977 3262490
1591413 2448219
695170 1450224
3312703 3735712
4600910 4611499
441475 1089626
76454 272480
963987 1803545
6196516 6196521
6197914 6197937
2720100 3311896
1789801 2606070
6208471 6208498
6208844 6208872
4257065 4352607
649725 1391143
6211411 6211426
4275863 4366215
2578563 3217933
6219908 6219930
806608 1606343
1777043 2593822
806609 1606418
120095 385693
583780 1306428
2872039 3421869
2621052 3249464
963988 1803584
6229345 6229363
6231050 6231097
339794 930149
826166 1635030
36095 142549
928882 1742935
3118682 3597938
6236249 6236275
6236318 6236331
106088 343924
776055 1560906
6239996 6240024
379143 984846
4377974 4436895
583782 1306500
4664425 4670187
583783 1306539
536573 1254471
2575395 3215543
947116 1777110
6251713 6251743
930790 1752044
6256643 6256678
111305 359741
6262894 6262916
358234 956187
6266611 6266633
4712751 4715326
4596698 4607461
6267928 6267960
126393 411468
6272936 6272962
583788 1306754
106105 344541
6275023 6275041
583789 1306787
6275334 6275361
4689129 4693119
583790 1306828
164858 517108
449007 1104653
4316183 4393490
6282138 6282147
3314737 3737376
518516 1219195
111335 360769
2735682 3326210
512968 1209751
6295797 6295841
929009 1745700
6303629 6303653
897087 1708879
6308874 6308880
2330560 3032910
776056 1560933
583796 1307043
1759002 2579238
1759002 2579239
2451103 3130686
6315026 6315061
1640046 2482804
120102 386147
512969 1209811
6321301 6321326
534833 1251044
4607582 4617718
223461 690697
928891 1743235
120103 386213
6325864 6325900
3481264 3850001
769916 1552600
1372333 2249255
111337 360912
997093 1845901
6333360 6333390
1607449 2457524
6335776 6335807
3114576 3595109
537712 1257111
3156803 3628142
4596699 4607502
4384058 4441121
6345121 6345134
2502538 3171559
384027 995573
223514 692378
6348203 6348213
6350679 6350711
18643 98486
3953877 4152426
120108 386422
6352494 6352525
512770 1208256
4597730 4608588
6356684 6356712
874335 1690941
536574 1254504
6358581 6358604
2913552 3454889
6359456 6359483
1969915 2741506
500980 1189564
1700359 2531445
4136996 4275666
3129283 3605762
2482043 3156756
286797 799597
1083500 1945329
120112 386652
775898 1560740
6370738 6370756
387319 998654
3934623 4140718
45189 193757
6377716 6377730
6379441 6379454
6379536 6379553
3075758 3565802
6383423 6383447
4830269 4830354
426418 1069875
6402723 6402763
6403746 6403763
6405073 6405105
140962 442670
120114 386788
18558 94567
723999 1486403
518715 1219506
3646694 3957990
6353662 6353717
6427078 6427102
5600625 5600699
6429206 6429235
5015277 5015309
345180 933789
294645 815237
16202 83165
6436332 6436349
536575 1254560
6442034 6442052
287190 800000
928899 1743455
3683107 3979185
577254 1293891
2650544 3269991
724000 1486450
287209 800772
4838645 4838694
928401 1737235
6068922 6068959
1761231 2580801
387320 998719
387045 998120
35323 140155
691543 1446358
957842 1791015
131345 417841
4367815 4429505
619786 1359001
5697154 5697205
6479768 6479788
120120 387121
6487510 6487522
6487808 6487823
6487983 6487990
6189632 6189665
6496021 6496034
5605705 5605749
6512133 6512152
6518396 6518409
928901 1743568
6522850 6522870
2720102 3311950
3550727 3895587
6524337 6524350
584001 1311426
584001 1311427
4754402 4755289
3481224 3849957
6528774 6528808
4515762 4540708
18651 98880
18792 104279
1741702 2571261
4554223 4571217
214149 651328
6555234 6555244
6555234 6555245
6555447 6555477
6555525 6555544
1718549 2553893
6562598 6562627
6562793 6562799
6562892 6562919
345381 933977
819322 1626193
120126 387366
4580031 4593035
306382 837756
6584243 6584267
6595845 6595862
6596758 6596784
3036792 3541332
6601161 6601190
2574215 3214696
2650656 3270048
62064 243012
5879 50353
6616487 6616512
1945165 2718894
18793 104371
115973 373457
3461842 3834788
120128 387456
819129 1626028
781245 1567525
120129 387525
6651647 6651681
1248337 2126660
117271 376937
415401 1054423
1090708 1955277
6664998 6665022
120132 387666
214150 651397
120136 387889
87960 299855
2327239 3030438
512774 1208428
111310 360069
353989 947627
928491 1739232
6693401 6693410
18658 99294
4165426 4294560
3174 39540
2613380 3243812
120138 388017
6707880 6707894
5001795 5001829
301129 825584
6709361 6709395
120139 388084
120140 388135
6710028 6710068
6719868 6719898
3185226 3646094
2535916 3192209
6721488 6721520
6722851 6722862
6723821 6723855
6726978 6727001
120142 388239
826828 1638638
929015 1745875
111384 363211
54708 226011
18660 99443
4695878 4699494
3570483 3907285
158155 497943
832368 1642693
87997 301270
1246631 2125842
332177 905304
858305 1673413
6764822 6764836
5919 52638
3398818 3792030
6777628 6777637
2364596 3059516
140253 437052
3843449 4082224
320726 867175
115937 373303
1592199 2449052
6805063 6805076
1640409 2483158
6810158 6810199
6815719 6815752
6821647 6821673
3625755 3945471
376006 979268
5051709 5051783
576632 1292662
3663248 3966520
4600911 4611520
4600912 4611546
1844342 2649232
6851798 6851812
6853488 6853510
219389 675029
6860247 6860273
6862205 6862213
335978 918855
3321776 3742518
6875528 6875547
2199000 2936388
6877617 6877637
6880635 6880668
111344 361275
16686 86059
525201 1232036
6821649 6821709
824351 1632885
3034206 3539241
4651942 4658758
2082 21947
6906477 6906486
1086739 1948966
337407 926176
5548266 5548286
287212 800943
6912053 6912078
6912549 6912582
6913226 6913239
6913356 6913376
82481 284885
39065 159509
87999 301433
287213 800993
4313963 4391903
6949159 6949180
1845740 2649729
679390 1421875
51041 215859
219390 675090
1848356 2651735
120154 388826
6976444 6976467
6976500 6976511
2478752 3153107
870898 1686678
332179 905389
4868743 4868784
983779 1827554
87962 299960
87962 299961
3834803 4076232
3946385 4147749
6996559 6996569
7001957 7001987
1931917 2707555
696616 1451822
800006 1591910
4715266 4717735
4313964 4391920
294648 815407
2919230 3458559
120158 389024
803133 1600238
7012297 7012324
7017766 7017793
997877 1847279
7024898 7024927
7028498 7028524
5235376 5235433
4596701 4607573
219419 675751
111348 361495
7048967 7048990
7049529 7049541
18706 101864
784132 1570594
4649818 4656706
7051891 7051909
18780 103908
323360 875235
18664 99682
7063506 7063522
120162 389196
826172 1635223
120163 389250
4875165 4875210
7073026 7073052
337380 925248
7077181 7077210
18666 99816
88001 301598
3051858 3550742
7085790 7085803
807101 1607339
336138 919504
7091717 7091750
4477918 4510858
7093103 7093119
7094105 7094128
7094185 7094211
4834262 4834323
4507638 4534350
7101917 7101939
7103275 7103288
807458 1608421
7125907 7125926
962214 1800070
2876848 3425798
2876848 3425799
803136 1600329
387322 998774
362850 961757
7161767 7161778
7166191 7166206
141238 444777
7174582 7174600
7178828 7178849
7188795 7188816
2198707 2936132
7190555 7190563
7192057 7192092
1606069 2456091
1521305 2379209
7210744 7210778
329820 896026
4313966 4391958
7227714 7227734
6805512 6805572
7235816 7235851
1606279 2456232
4598861 4609625
7255383 7255410
7260950 7260971
287217 801222
7271776 7271801
996996 1845302
3448288 3822210
7277477 7277503
5463590 5463596
933224 1758425
7288085 7288102
7292736 7292757
7296230 7296250
7299505 7299511
7304323 7304344
1002848 1853262
7330574 7330600
120571 395071
929025 1746097
826829 1638676
7338504 7338526
929026 1746136
1541247 2400980
387050 998344
2898549 3440890
2656836 3274656
223447 690325
7370835 7370848
7377089 7377131
7377155 7377185
929028 1746188
7411828 7411862
3934706 4140837
393067 1003274
22685 123600
4693452 4697404
7437935 7437960
512777 1208557
7438634 7438653
5628531 5628753
815564 1618663
226153 700307
929030 1746272
2573743 3213879
928501 1739432
18797 104658
368405 967048
7251726 7251770
7496747 7496784
889057 1703641
187314 577303
120186 390267
927105 1734233
807103 1607432
997178 1846305
7532144 7532170
7532430 7532443
7533344 7533361
1083889 1945699
5336160 5336187
21281 118851
7553942 7553968
7563916 7563964
808478 1610734
7576867 7576885
7582764 7582789
3598224 3925187
7611666 7611674
7612961 7612994
4596563 4607279
7613353 7613368
7615307 7615334
7615536 7615562
7615661 7615688
4680602 4685196
4473579 4507129
7633349 7633372
6081053 6081100
7641493 7641522
7642802 7642834
7643626 7643648
7643929 7643952
111394 363707
7649673 7649700
4477923 4510918
7650703 7650712
934975 1763375
1393711 2267350
4444506 4485513
806614 1606595
7653003 7653031
7655011 7655038
7660099 7660131
2529531 3188530
2288382 3009361
6377872 6377913
87964 300069
18714 102278
7363328 7363412
7672695 7672712
7675464 7675471
7678674 7678705
7686183 7686213
7688414 7688456
4644357 4652001
18715 102323
582567 1300381
6851800 6851838
4261376 4355159
1607454 2457684
5628518 5628644
4502193 4529147
7738605 7738626
4195673 4313271
7753604 7753627
320741 867785
4647149 4654470
7760935 7760952
929042 1746563
7773303 7773327
7793352 7793378
7797678 7797681
5628532 5628775
1343156 2217797
512982 1210218
929046 1746682
7817551 7817570
7828433 7828445
96182 323609
928919 1744145
928919 1744146
3443192 3818421
7870895 7870929
7888054 7888067
5932 53286
5933 53355
4407831 4457416
2656783 3274587
803169 1601210
8161924 8161938
2901840 3442771
752409 1533397
8206966 8206972
8236023 8236058
54374 223198
8241547 8241555
929056 1746895
337389 925646
8278310 8278321
8287838 8287859
1820927 2631041
331933 903549
8368604 8368621
8404854 8404879
4930702 4930741
935017 1764048
2198703 2936097
7837686 7837708
8439490 8439501
8441006 8441046
8442614 8442634
8449320 8449353
5482237 5482261
8473180 8473194
1705875 2536734
8491969 8491992
8492040 8492078
912507 1722897
8499195 8499220
18814 105457
826156 1634829
4596989 4607851
8533024 8533036
8538887 8538914
201787 605795
945197 1776244
512783 1208790
3616213 3939839
3387085 3784957
826205 1635912
929067 1747133
8602880 8602901
8625978 8626012
583865 1309053
807459 1608496
4085043 4236911
8636964 8636975
3724669 4005403
724792 1493314
8835423 8835434
8839515 8839554
7017386 7017410
326615 885673
728491 1499722
8882596 8882606
968867 1808258
1588247 2445564
826226 1636442
8913419 8913436
8920264 8920281
47013 202681
8926271 8926290
826249 1637038
8949956 8949988
8970533 8970536
8980441 8980454
22686 123661
287421 801685
287421 801686
699985 1457479
2170489 2911682
5443545 5443588
4607044 4617257
1406941 2281769
4313972 4392030
9125639 9125660
9140850 9140863
9150274 9150291
9154042 9154065
326600 885249
9155165 9155184
337409 926260
9176319 9176346
187315 577336
9249514 9249522
88004 301757
331473 902804
9323613 9323636
826864 1639271
866144 1680932
9336231 9336267
9346632 9346653
88006 301893
807461 1608622
301902 826725
9405699 9405719
9409250 9409270
1546522 2407014
9430523 9430539
140500 440366
9460157 9460194
9476499 9476513
9481523 9481533
9504891 9504918
9505003 9505029
337410 926302
326618 885798
1106474 1978521
9539955 9539993
1687020 2523176
928945 1744734
326601 885296
4920747 4920808
287744 802237
2583243 3221290
4953100 4953145
9621946 9621959
826865 1639295
9665703 9665715
9665870 9665888
727227 1496669
5650951 5650964
9666262 9666265
9666216 9666234
5835492 5835507
9666924 9666933
9667075 9667085
2264964 2985269
9667404 9667414
9667471 9667480
9667471 9667481
9667522 9667531
9667658 9667672
3877425 4103998
9668091 9668101
9668126 9668136
9668230 9668245
1103535 1974931
1183241 2056018
9669001 9669012
1754378 2576372
2150325 2892921
9665413 9665435
446681 1100392
5153270 5153289
497808 1183719
9669780 9669790
3555110 3898362
3211974 3666830
2117025 2864579
9670197 9670211
9670215 9670237
9670215 9670238
2349434 3046315
9670617 9670625
930853 1752722
3322773 3743079
9671061 9671077
9671206 9671212
3764192 4027978
9671243 9671248
271125 774286
1416957 2290423
186709 575910
131078 417355
9671402 9671418
9671422 9671433
73421 265913
128189 414153
62826 245132
9671527 9671542
697178 1453073
9671687 9671693
500542 1188494
3977617 4167677
73977 267973
9672183 9672206
2810325 3379221
2117215 2864719
78068 275955
63678 246463
133880 422575
255241 749500
73811 267275
239782 727316
416496 1056088
266204 765743
9674599 9674615
2565256 3205977
2572794 3212846
236608 721733
110 845
742396 1513185
1206165 2082774
3791328 4042628
236972 722702
3892944 4112597
3892944 4112598
1846868 2650155
1862306 2662082
9677613 9677620
9677742 9677767
9677742 9677768
9677776 9677785
4905764 4905810
4905764 4905811
62859 245238
9678858 9678866
9678880 9678888
1652799 2495387
933036 1757758
2923537 3462127
236535 721254
722728 1483522
932697 1757339
253575 747231
2351732 3048581
2351732 3048582
2351732 3048583
5029208 5029229
62095 243193
57903 237092
57903 237093
9679951 9679960
2413490 3101455
1739062 2570069
932232 1756552
2146706 2889105
138560 432303
3423907 3806805
2874208 3423916
786702 1573545
5932972 5933005
1543237 2403625
3124596 3601393
3124596 3601394
1485011 2352943
2122476 2870055
9683491 9683499
173379 534961
42153 173403
190350 584124
190350 584125
137439 429861
137439 429862
3678278 3975657
3678278 3975658
582682 1300549
101688 333325
101688 333326
101688 333327
619457 1358632
619457 1358633
520673 1223376
1304431 2182455
207790 619474
133416 421515
133416 421516
278498 785467
1439239 2308118
42262 174172
4330 42284
4330 42285
42264 174191
42264 174192
42264 174193
582683 1300567
20713 116914
20713 116915
893512 1706775
893512 1706776
21793 120276
21793 120277
1987967 2759766
579368 1296384
5314152 5314175
339384 929610
339053 929367
288064 802894
338512 928691
223733 694050
591997 1325523
374706 977886
118637 379909
1867116 2666500
3316360 3738793
3316360 3738794
35551 141580
790709 1579277
20992 117493
136516 426682
339462 929661
1051649 1914347
1545653 2405927
1589864 2446827
125438 409121
1867938 2667264
9686501 9686515
9686572 9686585
9686871 9686882
9686973 9686984
20563 116275
4995140 4995165
9687658 9687664
1787975 2604148
1533722 2392162
81517 283042
3790498 4042129
83722 287854
1661 19955
4082322 4235242
4082322 4235243
16240 83334
9688057 9688065
1500592 2364947
2572359 3212106
4763292 4764131
1277304 2153942
1204575 2080939
82303 284649
4355119 4419981
1235 15977
83390 287019
440383 1087396
440270 1087253
300362 825018
35329 140551
104121 336085
9691256 9691260
9691273 9691280
341021 931314
9691805 9691810
9691843 9691858
4826722 4826789
236882 722546
2569493 3208602
1484614 2352729
3051710 3550580
9692125 9692129
9692221 9692229
932371 1756658
928594 1740222
1488413 2355550
9692849 9692858
9692993 9693002
9693004 9693024
9693004 9693025
674677 1416455
666015 1407660
723113 1484513
536560 1254335
203107 609660
5041212 5041243
976593 1819753
1819736 2630074
3882914 4107329
35742 142087
687423 1442158
689187 1444176
687424 1442190
655589 1398143
1096049 1961985
140945 442572
186822 576219
2874513 3424190
5080089 5080108
3994040 4179921
3994040 4179922
121465 398794
87152 297018
87152 297019
379595 985580
443308 1092507
844164 1654869
251983 744341
519952 1221631
1724851 2561091
5768078 5768098
2826 35941
295052 816196
1811844 2623448
2827 35983
172295 531927
54151 221379
251915 744249
581290 1298758
978996 1822490
561794 1282053
2828 36028
1206224 2082864
2829 36054
510177 1204755
81353 282606
38579 157966
35950 142382
1632140 2477926
9693303 9693309
6061123 6061141
6061123 6061142
9693312 9693321
9693312 9693322
9693329 9693332
1970685 2742663
2199864 2937493
9693346 9693364
1334667 2206609
9693423 9693440
2297653 3014137
3310702 3734009
117018 376454
4044808 4209034
4044808 4209035
4044808 4209036
2468151 3145722
1643554 2486298
4044809 4209063
1590409 2447484
1590409 2447485
9693553 9693566
4977761 4977797
4977761 4977798
4977761 4977799
980667 1824406
454850 1115516
454850 1115517
3050606 3549999
212867 648284
9693614 9693621
9693638 9693656
9693684 9693689
9693732 9693750
397850 1006754
1944126 2717785
1810915 2622200
2573073 3213179
9693960 9693984
9694041 9694049
8692 65660
23081 79044
4264644 4357387
215161 654427
215161 654428
425709 1068490
8314 64028
8314 64029
788154 1575280
412997 1051468
149725 472008
239733 727269
135662 425618
45291 196203
132409 419644
246555 735661
9694141 9694158
86486 295194
2981022 3498194
9694254 9694268
793776 1583627
2441790 3123669
2441790 3123670
957742 1790158
1015491 1867090
2098613 2850567
70984 261468
173258 534741
9694382 9694396
1476830 2344799
3433509 3812314
2954382 3483099
722129 1482564
1925640 2701819
1925640 2701820
94230 319659
613 5300
614 5323
614 5324
1717609 2552820
807561 1609139
2064008 2823061
929665 1749130
1419112 2294160
2603535 3237618
957105 1789117
2185045 2923087
2185045 2923088
355060 950038
1188000 2062351
5327 47233
615 5363
577028 1293256
6555100 6555142
1439895 2308363
443840 1093231
1958989 2729625
443841 1093252
9694672 9694684
1093274 1958976
443842 1093270
3857614 4089639
186732 575929
122783 402586
9694704 9694722
9694704 9694723
5695756 5696062
3552418 3896416
9694877 9694891
9694911 9694925
9694911 9694926
9694911 9694927
9694930 9694940
9694959 9694970
5016780 5016824
374489 977501
374489 977502
174154 537705
9695228 9695241
3600641 3926689
9695317 9695328
1210741 2086445
1357456 2231462
1256873 2134592
9695393 9695404
226694 701166
226694 701167
66501 255210
2122710 2870314
141021 443349
6554130 6554169
86073 294253
86073 294254
755589 1537651
197209 593158
9695515 9695521
9695531 9695534
413858 1052570
413858 1052571
9695556 9695578
9695581 9695592
284444 795018
284444 795019
9695619 9695628
1759303 2579563
9695763 9695774
4110038 4257879
609509 1347083
3269786 3708952
1831362 2637687
4165 41435
1890 20912
51043 215911
38861 158687
45674 196839
39472 162046
6110754 6110764
8930755 8930790
618678 1357694
344626 933388
9696728 9696739
1298797 2178426
92930 315925
3058538 3554431
2933491 3467970
141794 447006
9697416 9697432
9697447 9697456
140084 435580
3187881 3647464
9697675 9697685
9697893 9697899
62860 245263
1486478 2354055
5869038 5869142
1165291 2037205
3032838 3538456
343555 932945
4655984 4662385
9698786 9698789
1673257 2511887
371485 971616
5192 46860
1072512 1934302
9699014 9699026
986936 1833644
498 4348
2572861 3212933
68343 257094
6995742 6995772
37662 152849
356279 952313
4967881 4967897
727242 1496772
9699343 9699361
3834934 4076330
426789 1070977
23083 125334
68354 257128
68354 257129
72297 264444
378909 984683
442736 1091512
9699825 9699835
9699837 9699847
4119166 4262877
9700634 9700642
9700636 9700653
159367 500159
159368 500169
385706 997252
120708 397659
281491 790276
794021 1583862
9702391 9702403
9702518 9702525
132874 420523
1486858 2354384
9702718 9702732
9702827 9702849
9703234 9703248
55482 228552
2790108 3367137
3085820 3573553
555 4719
9703640 9703653
9703660 9703671
284589 795339
1617575 2467231
9704511 9704521
1002106 1851667
7416941 7416967
9705707 9705721
2310694 3021192
2310694 3021193
2353301 3050647
3550871 3895684
3550871 3895685
21959 120660
9706763 9706777
83392 287058
3701668 3991113
3877427 4104016
3055465 3552853
3055465 3552854
9709148 9709156
9709354 9709366
39251 160257
9709906 9709909
9710053 9710068
9710130 9710140
68070 256663
9710945 9710956
3280559 3715589
9710985 9710994
9710998 9711009
2029658 2792099
246440 735440
246440 735441
246440 735442
721153 1481181
2442034 3123877
511911 1206975
727282 1496849
9711901 9711912
9712372 9712394
9712501 9712512
9070122 9070135
842240 1653378
9714172 9714185
112678 368561
9714345 9714362
9714345 9714363
5238577 5238621
65414 251018
8179691 8179704
3052631 3551122
368205 966530
368205 966531
3511652 3865443
2846799 3405241
4925762 4925787
9715411 9715419
171077 527718
5582447 5582509
9716022 9716027
9716029 9716040
9716048 9716060
2264952 2985176
952400 1783643
282160 792721
9716090 9716110
9716530 9716538
9716566 9716573
239507 726961
9717168 9717173
336336 921551
9717274 9717291
5951907 5951938
1691892 2526209
1687496 2523598
2769291 3354089
9717542 9717548
9717542 9717549
968126 1807300
2697022 3294930
2666482 3280271
2666482 3280272
2697023 3294940
3307575 3732172
20116 113285
4189642 4309281
2577090 3216444
4930014 4930027
4930014 4930028
6558233 6558304
1758903 2579135
256455 751479
3338585 3754840
302530 827181
4928940 4928966
9720165 9720175
7273285 7273306
9720229 9720232
669627 1413350
9679983 9680052
4279107 4368801
1326390 2197907
3317906 3739618
1965465 2735392
632315 1371694
120425 391693
9721124 9721130
194997 589763
442546 1091277
9721262 9721268
117889 378519
500402 1188098
3321450 3742183
1044920 1907259
9721528 9721540
1248405 2126789
9721561 9721571
9721561 9721572
931194 1754521
83311 286724
288065 802910
771536 1554165
159369 500200
159369 500201
1434525 2304809
110243 354443
9722814 9722832
9722837 9722851
9722855 9722868
1197101 2073949
9722895 9722917
9723002 9723016
35554 141619
808102 1610243
9723144 9723155
58133 237757
9723251 9723261
122786 402691
969407 1808626
9724169 9724176
533595 1246572
38574 157918
686475 1440555
408863 1045306
5789466 5789504
5789466 5789505
9724614 9724626
9724659 9724666
15752 81434
1490509 2357225
632906 1372441
632906 1372442
9724957 9724978
1157685 2029675
9725062 9725075
677252 1420042
9725156 9725162
3425249 3807410
9726378 9726390
9726495 9726522
2134875 2881461
23020 124642
9683078 9683112
9729322 9729331
135045 424166
135045 424167
1015718 1867243
3601203 3927070
9730607 9730616
2168689 2908166
47024 202787
1366 17203
1366 17204
299 2254
131686 418372
137957 431158
2129106 2876496
1105769 1977856
92230 313532
75730 270478
4305821 4386285
1724853 2561124
9740576 9740596
2354058 3051628
163235 513446
8145708 8145735
721574 1481947
632907 1372478
612877 1351079
3025274 3533422
9741254 9741272
290758 808978
445752 1097068
1077955 1939945
190155 583672
9742828 9742845
46659 201565
9744113 9744125
9744874 9744881
9745597 9745612
9745674 9745680
9745674 9745681
9745723 9745741
338988 929335
20234 114844
9747335 9747350
2937424 3471262
1297408 2176389
5060 45802
165442 518942
3177921 3641925
1731308 2565254
66502 255228
9748721 9748734
1561 19297
5227680 5227713
39977 163410
9754849 9754863
9756077 9756088
9756483 9756488
131870 418862
195270 589953
4856059 4856082
9757569 9757581
307020 838675
307020 838676
307020 838677
62096 243221
62096 243222
4428001 4472148
4599763 4610530
1314446 2186122
1314446 2186123
1634440 2479993
2459025 3137753
4474304 4507791
286803 799667
330172 899922
1715435 2548727
4473080 4506724
928518 1739781
88009 302007
9787076 9787105
337390 925686
807435 1607797
724811 1493762
727083 1496161
9817338 9817355
676467 1419647
8851 66068
826937 1639738
88011 302080
88012 302115
1297221 2176076
287745 802274
1297222 2176111
84085 289348
1188875 2063045
188172 580215
9848643 9848659
807448 1608138
3286871 3719138
9850613 9850632
807463 1608684
6099843 6099895
385708 997298
8156955 8156978
9027252 9027299
1638553 2482385
807437 1607873
826230 1636564
826813 1638324
3103684 3587062
302608 827263
1608174 2458072
1189593 2064037
9877765 9877801
88013 302147
2535117 3191742
826209 1636030
9882824 9882839
88015 302221
9883541 9883564
4368001 4429633
1808177 2619969
2526565 3186846
88016 302241
120207 391082
7170555 7170598
9889325 9889356
979425 1823558
1640434 2483637
1640047 2482835
902912 1712393
88017 302270
948667 1778421
389209 999818
4138677 4277065
807464 1608717
1606057 2456037
331521 902955
1606868 2456803
88018 302303
807450 1608213
9903378 9903396
2480013 3154402
4442342 4483772
9915441 9915461
9917029 9917050
1640429 2483522
87380 297537
2656827 3274630
2347 24154
556 4812
4610224 4620330
1610631 2460736
8852 66106
162009 511421
4379858 4438175
826877 1639525
1789339 2605525
4681396 4685791
4275838 4366130
9987735 9987758
1407233 2281871
1449229 2318674
3146601 3620662
112937 369321
7491307 7491343
10024557 10024575
266595 766464
4824103 4824210
726279 1495309
36096 142584
159373 500262
55591 228606
353345 943624
50243 212548
1188044 2062426
39771 163073
3418479 3803858
1188440 2062660
779995 1566267
159379 500390
10096557 10096570
10096557 10096571
5972928 5972978
4169 41536
2087036 2840567
10096811 10096818
10096822 10096827
10096828 10096833
1188642 2062936
13894 77606
973241 1815112
123553 405117
2062796 2822196
1687119 2523399
1188498 2062758
10096919 10096926
6712912 6712936
10097194 10097198
4389070 4444511
2469991 3146926
58877 239132
10097262 10097268
197328 593540
540 4663
44294 187700
44296 187798
44299 188016
4809717 4809932
4809717 4809933
9685392 9685409
10097703 10097715
271126 774302
271126 774303
6327 57914
319907 863910
1400497 2274833
211391 642835
993186 1838673
321292 869341
10097927 10097941
68080 256727
208407 624764
208407 624765
22635 122825
1367241 2243229
804676 1604937
41358 170498
41358 170499
9742152 9742170
2676271 3282113
393543 1003741
4604595 4615016
10098324 10098334
10098338 10098352
10098361 10098370
10098401 10098411
6100 55394
497729 1183518
1318867 2190070
2964927 3489585
10099067 10099073
2747818 3339174
140805 441460
295201 816477
10099550 10099558
1855624 2657013
2859580 3412296
1096816 1962771
1096816 1962772
9151817 9151844
6750934 6750959
6750918 6750945
2199063 2936497
1481640 2349179
10100210 10100218
2031 21597
422560 1063534
90685 308543
1484582 2352687
849592 1664561
83395 287083
347106 935418
106422 350584
18925 106448
1282025 2159538
10100863 10100868
418427 1058394
10100908 10100922
4943799 4943816
2409415 3097792
1327893 2199794
441488 1089963
441489 1089995
794083 1583949
215051 653877
1724854 2561144
3216070 3669677
2477700 3151916
208381 624633
10101038 10101055
10101064 10101072
633134 1372888
10101075 10101088
593224 1327931
2923000 3461741
2923000 3461742
2708922 3303794
1453201 2323042
1543272 2403635
159381 500476
4816078 4816204
500408 1188189
500409 1188203
159382 500492
10101839 10101859
10101839 10101860
10101896 10101899
4411152 4459687
2930426 3466075
1935630 2710787
2265851 2985796
1096014 1961927
3599557 3925940
2710759 3305168
888417 1703177
2479546 3154085
2479546 3154086
10102193 10102204
240624 728380
3547752 3893333
44258 187240
187582 579068
237325 723375
723378 1484896
188103 580039
1295123 2172721
189482 582504
1835489 2641521
497459 1182508
189377 582255
10102898 10102904
10102898 10102905
237330 723452
577306 1293972
237331 723475
4580872 4593607
187333 577531
728501 1499899
581042 1298325
581542 1299154
237332 723491
500594 1188720
500595 1188740
500412 1188240
1295106 2172707
577810 1294478
44261 187274
444171 1093941
500596 1188756
1188403 2062624
189411 582402
581043 1298366
578737 1295645
187584 579105
577370 1294007
44264 187305
579521 1296570
187344 577646
500760 1189105
44266 187501
3479785 3848907
38944 158911
187265 577249
578033 1294699
1188876 2063055
129413 415824
578616 1295472
728508 1500024
187359 577918
18240 92090
188024 579867
188024 579868
578466 1295262
3129113 3605600
2200312 2938357
187224 577146
187210 577081
3785759 4039765
44585 189394
189381 582277
10180757 10180768
1295784 2173247
141178 444188
582421 1300229
187381 578179
189034 581536
1161653 2033163
2172064 2912903
832572 1643212
303179 832563
187384 578236
577629 1294308
577629 1294309
44551 189320
187385 578257
2383566 3075477
187585 579118
187570 578905
303246 832680
17222 88229
187571 578915
189495 582532
703963 1462325
4787271 4787709
189208 582031
44504 189220
187392 578411
189419 582443
8454 65081
1188685 2063021
1188466 2062690
44270 187565
187245 577198
187245 577199
2172292 2912989
159392 500654
159392 500655
269201 771666
4543 44289
2989 36512
8856 66451
2055997 2815443
42594 175100
723592 1485077
7568 62462
15530 80747
1329165 2201021
2366561 3061166
6164100 6164115
90757 308850
14772 78788
90758 308865
65301 250713
10240343 10240353
8859 66571
2405 29784
18007 91064
2409 30149
5420 47684
4363 43140
84644 290746
1251170 2129720
1251170 2129721
72166 264305
11185 72208
41812 172115
4544 44440
7696 62928
10244704 10244726
417755 1057619
145673 459584
320705 866844
10276240 10276245
826347 1637683
3440914 3816779
997037 1845720
10284109 10284114
10285812 10285819
10296562 10296564
10297523 10297538
5804069 5804081
10305410 10305419
10308206 10308216
2909261 3448374
10317033 10317036
10320048 10320056
10322521 10322535
2480885 3155101
10328327 10328347
10329307 10329331
10330992 10331012
4432923 4476156
10332816 10332825
4698055 4701657
4313978 4392074
2537203 3193082
10358008 10358012
10358352 10358359
5463552 5463573
4591395 4602685
10361337 10361339
10361604 10361611
10361832 10361834
10362282 10362305
6537847 6537878
10364139 10364145
10364814 10364816
3454351 3830739
876646 1693791
75831 270643
3001 37212
10406011 10406028
10407021 10407027
72732 265241
72732 265242
958 15007
958 15008
136796 427660
1914042 2691536
3209200 3664648
1705880 2536822
688052 1443179
4337780 4407917
3119579 3598578
42103 173249
1499808 2363805
649368 1390902
85987 294141
3213927 3668302
6416714 6416761
814359 1617066
207453 618652
55134 227652
1444791 2313256
10660605 10660623
40193 165056
403126 1017221
1921529 2698103
10663439 10663457
160346 504173
640061 1376646
10665569 10665589
3894041 4113538
10665753 10665775
187538 578824
2503635 3172259
10670826 10670845
8913689 8913718
10674601 10674611
257798 752959
1396314 2270297
1013592 1864645
10683265 10683287
4986933 4986963
2458 34347
10698631 10698647
1616394 2466226
214237 652231
10706362 10706376
984636 1830089
10725995 10726018
10855591 10855603
12058 74006
10977004 10977018
807467 1608827
11002181 11002194
1542615 2402565
11005829 11005849
3692465 3985964
301906 826769
696280 1450936
2656784 3274602
4756311 4757162
11251453 11251468
11264946 11264976
4570447 4584713
325317 879123
11332233 11332256
11445879 11445903
337386 925507
83399 287118
16348 83827
7775 63154
3661922 3965614
25335 128047
103316 335305
626583 1364668
1315469 2186659
2478424 3152486
11636898 11636919
214010 650463
11637493 11637512
2685060 3286483
11638606 11638621
11638606 11638622
848686 1662734
3603025 3928041
701744 1459444
4597246 4608065
2368097 3062399
11644498 11644516
11644534 11644548
11645250 11645270
8895941 8895968
8895941 8895969
328412 891883
1357545 2231708
11649036 11649048
8773391 8773405
975648 1818561
2082736 2837113
2082736 2837114
173563 536148
11653550 11653569
4514167 4539596
635823 1373835
8877979 8877996
608460 1345414
608460 1345415
11655697 11655711
11658191 11658207
124081 405727
63100 245586
2461 34420
929125 1748109
7399 61729
190777 584890
11669774 11669786
66706 255383
9943 69059
3481172 3849817
813395 1616053
207458 618774
2463 34478
11735313 11735324
11736690 11736695
826211 1636074
4538220 4558019
11788893 11788903
14943 79498
14943 79499
10340268 10340298
11830324 11830338
3522446 3877651
7229218 7229233
6100485 6100517
826190 1635706
3156269 3627388
4175892 4302378
11841281 11841296
1484138 2351890
11843544 11843562
4596714 4607609
807441 1607988
3628082 3947180
344631 933448
11852379 11852393
266257 765804
11856754 11856763
3930437 4137461
11865877 11865892
11867144 11867156
1701601 2532713
1581693 2440399
5113549 5113574
11940389 11940401
11991820 11991827
14945 79557
14945 79558
12071631 12071646
940979 1772173
191717 586191
73098 265628
73098 265629
728517 1500131
3609127 3932908
1575172 2434502
1293993 2171974
89874 306329
142476 448947
162265 511875
5355436 5355516
3172184 3637903
4353961 4418955
7073029 7073072
187399 578613
12511413 12511417
1396318 2270353
728365 1497885
1607458 2457782
2464 34507
802279 1594358
4557875 4574078
2657289 3274945
1454977 2324412
9023172 9023183
156875 495377
6657 58788
12825038 12825046
12855880 12855897
376011 979378
3627763 3946715
12949659 12949666
6936 59311
3900527 4116982
2950034 3479318
13148986 13148993
6208507 6208558
1942085 2715738
1315963 2187038
13157338 13157346
1922010 2698422
1922010 2698423
340822 931129
13189670 13189673
13208852 13208866
965 15193
13218250 13218265
966 15247
13220252 13220268
1774252 2589595
4551135 4568423
2162634 2903531
339661 929926
339661 929927
174175 537733
443056 1092142
1535544 2393575
343421 932761
12061 74067
722673 1483492
826943 1639869
2467 34613
650724 1393080
826832 1638803
3210227 3665178
281783 791718
387140 998488
45246 195902
1634060 2479694
13243054 13243062
443441 1092653
4653031 4659871
807443 1608044
7779 63234
7779 63235
4737 45132
5064 45904
5064 45905
13254840 13254847
13254914 13254919
3674742 3973188
4952083 4952262
13255061 13255068
13255061 13255069
1040231 1904143
61928 242322
765792 1550101
4961695 4961735
13255251 13255256
1141107 2012631
2184347 2922042
905504 1717184
13255300 13255315
401393 1014498
2979475 3497601
1550110 2410199
1550110 2410200
13255405 13255411
9887181 9887194
13255476 13255483
4926940 4926976
13255695 13255703
1940997 2714932
1940997 2714933
124767 406987
3253278 3696903
122340 400534
122340 400535
442275 1091132
8462 65155
159402 500735
13256275 13256284
1326958 2198851
13256315 13256327
232803 713219
232803 713220
505899 1197748
76683 273233
4259711 4353892
635219 1373771
141047 443414
13256597 13256608
13256761 13256775
13256809 13256817
368216 966595
336913 923084
13257037 13257047
13257050 13257063
2391859 3084822
408496 1044737
994518 1840978
808590 1610848
3898349 4115812
4128853 4269583
13257368 13257375
38729 158247
3001068 3517808
3001068 3517809
77773 275176
162134 511561
592485 1326976
3383353 3780599
13257690 13257696
13257765 13257770
2836598 3397383
1525851 2384198
654144 1397059
2083981 2837857
4686367 4690568
358755 957437
13258115 13258128
4424733 4468907
962012 1799688
4836222 4836361
13258259 13258266
12066 74144
13258294 13258306
13258294 13258307
13258328 13258334
961799 1799391
3147651 3621179
123075 403712
13258679 13258686
1627838 2474977
1627838 2474978
1971530 2743411
1971530 2743412
803477 1602977
557650 1280558
976009 1818936
976009 1818937
215659 654775
13259108 13259114
13259116 13259129
1295979 2173496
2350581 3047326
1040349 1904302
13259243 13259246
144418 455531
1093446 1959300
3379546 3778411
210278 637440
4196902 4314299
125464 409222
13259688 13259693
160395 504266
13260062 13260070
629 5773
21965 120725
49383 209933
13260222 13260231
20291 115205
13260334 13260339
3805892 4051944
640233 1376920
1499926 2363902
13260536 13260549
1013448 1864463
160331 504090
50077 211801
1052439 1915129
275779 781387
2895884 3439089
592411 1326846
667749 1410524
2736132 3326700
1092078 1956480
4128868 4269619
4128868 4269620
503882 1193856
503882 1193857
993882 1840167
2219619 2952199
1486033 2353511
13261841 13261849
10571982 10571999
966069 1806156
7405 61837
5712 48835
13262072 13262092
2442491 3124441
13262180 13262188
220083 677707
2876750 3425717
3548054 3893661
3548054 3893662
106367 350499
13262789 13262797
116849 375932
117076 376604
13262867 13262873
975297 1818139
401971 1015624
401971 1015625
73922 267931
210002 634522
2923827 3462235
211393 642869
3115 39325
13262965 13262976
577435 1294094
1129049 2000582
16813 86677
13263102 13263109
729933 1501424
13263218 13263229
27263 129242
558255 1280961
13263467 13263482
500604 1188824
5695372 5695504
4810572 4810698
160456 504468
12324189 12324210
13263754 13263765
4520793 4544563
13263769 13263774
40301 165486
161019 507207
441100 1088717
83671 287587
903995 1714935
7549496 7549518
9694416 9694431
4908349 4908373
956513 1788002
2069808 2826818
13264328 13264334
4902830 4902847
120710 397673
4030305 4200846
4030305 4200847
4030305 4200848
13264635 13264644
13264691 13264699
138459 432109
9068693 9068715
51765 217230
4901752 4901771
160332 504123
57800 236515
13265010 13265019
110467 355316
110467 355317
196845 592021
2062681 2822075
1363646 2239744
2082004 2836518
2351727 3048559
7256820 7256846
4931423 4931448
4979058 4979085
13265394 13265403
112974 369383
112665 368525
2175248 2914409
1089970 1954335
3547743 3893312
1072225 1934165
2174649 2914198
13265720 13265730
1630326 2476861
13265786 13265795
13265819 13265825
3857618 4089657
13266002 13266008
13266002 13266009
735143 1506584
1500205 2364265
704016 1462427
10743216 10743234
3124636 3601479
13266353 13266363
13266382 13266397
13266525 13266531
504844 1196504
1480934 2348448
3561492 3901539
38589 158088
18928 106463
13267234 13267248
2565776 3206314
13267357 13267369
191857 586565
1578107 2437064
1578107 2437065
1578107 2437066
58181 237882
13267434 13267449
583545 1301753
13267556 13267567
13267712 13267720
13267724 13267732
4900582 4900612
13267777 13267785
404692 1032155
5138092 5138115
220765 680833
1570938 2429908
794111 1583985
111154 357700
13268149 13268150
390826 1001630
113469 370118
2578676 3218095
40302 165520
13268635 13268643
13268741 13268756
4993599 4993614
13269101 13269106
13269107 13269119
2962475 3487762
16556 84809
13269165 13269169
61929 242341
124716 406840
4112999 4259053
13269551 13269559
13269605 13269619
3093527 3579942
127323 413293
13269890 13269897
1774410 2589766
138664 432655
197814 594233
13270116 13270128
13270116 13270129
13270136 13270140
2750736 3341550
2929005 3464786
6818159 6818190
13270197 13270209
6604076 6604099
409738 1046422
208934 629233
208512 625132
13270610 13270617
508169 1201702
13270639 13270653
2332392 3034458
13270726 13270734
154294 487134
815590 1618689
2732333 3322778
13270950 13270963
113344 369859
123400 404846
176485 543138
1187383 2061552
113195 369693
5777994 5778005
1525506 2383808
1525506 2383809
4836685 4836733
1375409 2254118
1375409 2254119
8700 65784
8700 65785
255365 749719
1034779 1898156
969420 1808640
3774834 4033335
765501 1549835
3620919 3942987
1573774 2433090
10267708 10267758
2796912 3370962
445470 1096651
2316 23064
2118462 2865916
1285247 2163518
1285247 2163519
629656 1367291
13271675 13271683
2595515 3230716
13271725 13271742
9247836 9247855
707319 1465967
2352934 3050303
13271914 13271924
2126056 2874219
498420 1184644
323012 874486
864363 1678119
23022 124662
73980 268011
413424 1052121
655467 1397749
4377137 4436233
1519967 2378045
499673 1187426
12793537 12793556
12793537 12793557
577443 1294114
577443 1294115
16115 82647
1751684 2574828
13272308 13272313
357750 955144
357750 955145
13272545 13272551
584998 1314596
236973 722722
443669 1093008
7408 61920
7408 61921
7409 61968
7409 61969
3119647 3598620
1089175 1953407
2964986 3489599
507306 1200232
507306 1200233
7783 63309
24286 126787
5432 48073
4451380 4490351
446528 1099864
2897694 3440293
201256 602038
425109 1067986
222270 686111
222274 686164
222283 686319
788907 1576010
40004 164096
21866 120469
2898510 3440864
52315 218044
13279372 13279384
13279390 13279402
8681129 8681151
5483583 5483606
13280581 13280587
462277 1126940
2114350 2862920
1399412 2274271
13281063 13281070
1036125 1900245
13281439 13281445
3809090 4054178
261186 757566
689192 1444205
13281598 13281603
13281623 13281637
199280 597860
13282912 13282919
13282925 13282931
790218 1578119
13283232 13283244
173382 534981
1942949 2716473
41882 172883
57834 236776
766262 1550842
13284170 13284175
441862 1090510
578086 1294743
13284495 13284505
138753 432796
13284683 13284694
530917 1241696
217510 663431
13141681 13141698
2873431 3423225
5174067 5174078
4216265 4326604
13285314 13285326
1757502 2578183
13285434 13285451
43084 178816
1491848 2358249
769794 1552432
16891 87161
4076396 4230731
1453203 2323068
86628 295589
86628 295590
4202374 4317793
3404942 3796409
13286214 13286220
406920 1038705
13286433 13286440
9692447 9692480
1404001 2278106
499803 1187527
502866 1192585
160301 503536
13286899 13286905
9688262 9688280
13286917 13286927
4444480 4485479
760128 1543410
1343696 2218178
766164 1550785
1281612 2159241
273865 778803
240637 728600
7579136 7579160
7579136 7579161
13287575 13287583
722730 1483535
13287629 13287638
209590 632998
10640910 10640920
13287806 13287813
129953 416267
13287867 13287888
13287935 13287945
13287956 13287973
13287956 13287974
3075128 3565173
171660 529792
13288155 13288164
3151553 3623706
19384 110628
13288377 13288389
2562588 3205190
5325549 5325557
13288672 13288678
5031017 5031046
13288931 13288948
2126510 2874575
8017335 8017379
19540 111131
955896 1787038
2102 22478
13289454 13289462
403773 1028376
1292842 2170624
99229 328766
3550812 3895606
207502 618823
1239442 2118484
222156 685789
13290499 13290502
237888 724606
13290825 13290834
13290825 13290835
123138 404032
57783 236419
1079498 1941051
13291415 13291438
13291598 13291604
13291796 13291802
722731 1483550
2255345 2979273
268733 770857
1835038 2641155
3046682 3547490
408865 1045368
2751189 3341926
13292175 13292184
13292214 13292223
22075 121123
2304564 3015842
160718 506075
13292687 13292699
13292759 13292768
13292780 13292791
758536 1541194
3893019 4112795
213352 649844
213352 649845
58182 237912
352766 942119
2134883 2881541
8386563 8386587
13293731 13293743
92187 313494
570467 1286013
13294004 13294013
13294036 13294047
61931 242350
208471 624891
13294621 13294632
13294701 13294707
13294798 13294805
666143 1407795
13294918 13294929
1484583 2352691
13295213 13295228
13295371 13295381
57926 237103
3252185 3695687
869658 1685777
502890 1192658
13295752 13295765
13295823 13295830
2181156 2918841
2181156 2918842
4313707 4391691
6731341 6731364
13296810 13296813
13296835 13296842
13297032 13297036
13297032 13297037
1965469 2735439
537243 1256224
1195896 2070398
173199 534571
13297875 13297880
13298221 13298229
215648 654733
4392136 4446757
160303 503605
13299083 13299099
412033 1049781
13299648 13299659
13299661 13299685
13299661 13299686
13299731 13299743
13300103 13300111
3566218 3904440
13300283 13300292
13300283 13300293
799503 1591364
884644 1701110
1653685 2495973
837130 1648001
13300554 13300562
13300711 13300716
13301166 13301180
13301212 13301222
22697 123848
13301364 13301370
125590 409480
3602527 3927794
13302429 13302432
805256 1605268
253042 746185
13303119 13303129
3256231 3698628
106368 350521
13303257 13303268
4114531 4259898
1035172 1898905
13303771 13303774
13304078 13304102
13304147 13304157
13304182 13304196
625809 1363904
13304633 13304636
13304793 13304802
13304833 13304849
13304867 13304872
3459098 3833375
13305293 13305298
13305363 13305370
79013 277426
79013 277427
643561 1382327
47016 202708
13305659 13305662
13284941 13284954
6541904 6541921
13306055 13306067
4977551 4977568
13306141 13306151
11210390 11210401
13306438 13306447
533524 1246441
9716089 9716098
1931633 2707350
13306760 13306766
51499 216641
13307222 13307237
632912 1372541
178173 547692
2080429 2835140
3181 39665
13307533 13307538
13307542 13307547
5575260 5575273
35008 138659
164885 517520
1371509 2247742
9741162 9741170
13308771 13308776
2051065 2810868
13309044 13309047
506686 1198924
13309267 13309280
141122 443867
2646256 3267023
2646256 3267024
13309960 13309969
13309971 13309977
13309971 13309978
3048523 3548751
4928526 4928554
704273 1462673
13310261 13310268
13310270 13310285
21968 120802
13310322 13310334
1773441 2588621
13310561 13310568
13310740 13310751
9070581 9070598
622155 1361024
13311202 13311213
173887 537167
813536 1616193
2924917 3462852
726949 1495844
2481377 3155855
1373604 2250934
1373604 2250935
13311835 13311848
1556009 2416271
2933896 3468363
13312220 13312230
7211540 7211570
441501 1090076
2051066 2810885
1971765 2743655
13312804 13312812
13312854 13312866
1483497 2351156
13313068 13313075
350831 937072
13313549 13313557
13313549 13313558
2111254 2860491
13314094 13314104
4392137 4446765
13314286 13314299
13314429 13314437
47017 202722
61844 242255
4183 41783
13314614 13314618
1137786 2009344
13315123 13315126
557364 1280255
96989 326380
1086085 1948199
50483 214116
161217 507539
2105 22518
131388 417992
5004026 5004040
2226169 2956651
13317088 13317100
13317148 13317160
757257 1539604
13317570 13317579
5004181 5004197
209504 632619
13317729 13317736
13317811 13317818
2106 22526
1555497 2415516
170458 526158
1695577 2529267
312753 849028
13318173 13318178
1624177 2472129
1624177 2472130
1100298 1970678
505150 1197033
218175 669848
2324304 3028624
2476910 3151572
3187859 3647394
276277 783061
74697 268866
74697 268867
13319446 13319455
13319460 13319468
13319684 13319692
13319684 13319693
261357 757783
758835 1541520
13320114 13320124
13320242 13320250
13320341 13320344
2206598 2943545
13320419 13320425
1617760 2467310
2908154 3447668
13320949 13320964
160940 507027
42084 173098
12303420 12303431
123076 403761
13321454 13321460
13321497 13321500
13321662 13321675
343314 932693
13321680 13321689
13321711 13321720
21272 118757
8749566 8749583
13322260 13322276
3231325 3680781
2733544 3323408
2733544 3323409
34287 136348
13322854 13322857
84089 289383
1976321 2749099
74255 268198
1072515 1934330
1447498 2315908
209449 632331
8543090 8543118
221460 682378
1333284 2204909
13324594 13324603
2107 22534
121170 398134
1682206 2517293
13325058 13325065
505586 1197491
64006 246904
446516 1099816
604265 1341520
261441 757837
253174 746545
13327113 13327123
1563674 2422792
49724 210674
123871 405409
2257316 2979527
139328 433972
10002430 10002452
1576027 2435339
1576027 2435340
13329923 13329926
13330211 13330218
13330211 13330219
13330211 13330220
13330211 13330221
2220309 2952691
2220309 2952692
3425398 3807488
1264453 2141597
2377057 3068937
2377057 3068938
13330854 13330859
2550660 3198763
1327897 2199810
9896429 9896440
142477 448979
13332631 13332647
505587 1197524
505587 1197525
799531 1591428
163304 513585
13333625 13333632
13269268 13269283
984689 1830166
6348187 6348201
13335155 13335166
2442161 3124173
159406 500794
5718816 5718842
14781 78984
13315639 13315659
2320030 3025158
13337311 13337320
13338503 13338508
4919390 4919414
4919390 4919415
62866 245358
62866 245359
778409 1564919
13339755 13339761
13340037 13340047
122589 402157
794275 1584135
13341864 13341869
13342506 13342516
511382 1206511
302245 827003
4156263 4288622
13343006 13343017
125465 409247
8950532 8950569
2479681 3154195
790829 1579568
3844101 4082714
48980 208830
5652789 5652816
791821 1582588
13348600 13348612
5601563 5601574
444996 1095943
2717 35299
13349608 13349616
3773071 4032252
12216560 12216580
12216560 12216581
13350794 13350806
14782 78994
14782 78995
13351182 13351189
13351494 13351499
6723686 6723738
8874 66969
13353585 13353593
5153041 5153068
13354486 13354493
1326835 2198593
1051652 1914359
125556 409424
2458382 3136598
13358949 13358961
13360371 13360374
2592999 3228337
1688739 2524267
13362822 13362848
401238 1014161
13364141 13364156
13364141 13364157
1608663 2458272
1608663 2458273
4138188 4276689
826353 1637765
13365186 13365192
13365269 13365274
13365269 13365275
450859 1108166
1279547 2155700
1089909 1954218
11758828 11758859
13372045 13372066
117293 377203
1544293 2404485
5067 45979
377047 980595
63496 246333
1316997 2187975
287296 801579
888431 1703262
21800 120338
436222 1084177
2118464 2865927
13379322 13379325
13380575 13380584
13381301 13381322
359161 957866
3362533 3769349
13382208 13382218
13382275 13382281
1639322 2482595
302657 827396
4386381 4442746
8739025 8739048
4976324 4976334
13387072 13387087
10331172 10331183
13389635 13389640
13389772 13389781
4386382 4442755
13390471 13390479
13390493 13390507
1616861 2466445
10042856 10042887
95704 322770
4883959 4884126
9393091 9393146
2475 34948
13398182 13398200
13400636 13400643
74282 268277
2742623 3335319
6540744 6540780
13408348 13408351
289866 808016
3119428 3598421
6176230 6176259
4386383 4442760
36233 142807
10476518 10476529
251473 743436
13416546 13416551
62120 243287
62097 243256
6875020 6875076
388148 999063
190164 584023
1667 20056
13429289 13429297
13430420 13430427
13430420 13430428
101477 333009
4599228 4609984
6176231 6176265
13436056 13436081
6508214 6508258
1315582 2186768
3029902 3536106
113391 370021
9199292 9199312
13447088 13447105
1745441 2572561
90204 307031
45248 195956
136441 426542
2449022 3129381
825846 1634511
807454 1608304
8347042 8347049
14952 79690
2551690 3199277
449625 1105723
826881 1639604
1591661 2448417
9761448 9761470
88025 302526
4614860 4624348
1748229 2572859
4367550 4429352
22161 121231
826217 1636224
3427507 3809059
13456184 13456192
2477 34999
3185376 3646184
13459905 13459913
3135957 3611220
4971241 4971280
826241 1636823
432364 1078021
13460430 13460449
1701604 2532772
45873 197463
45873 197464
357938 955605
4535253 4555470
1016030 1867659
13463492 13463505
10504146 10504187
3539289 3888360
13418876 13418909
933915 1759420
326610 885534
10291203 10291238
13466389 13466398
869271 1685402
3047245 3547868
875056 1691888
9767624 9767643
826884 1639651
1606873 2456841
13468265 13468276
13468520 13468537
4664643 4670421
4210672 4323227
3627764 3946726
1807128 2618862
13472033 13472043
2110 22614
174177 537757
261536 758067
4554493 4571515
1580320 2439125
731453 1502731
6014756 6014830
50485 214160
13475923 13475933
3701346 3990908
102453 334287
4964118 4964128
12320 74822
13480570 13480580
2195964 2932627
2195964 2932628
13487450 13487460
3335405 3752313
1327900 2199827
6904138 6904151
13490216 13490223
619462 1358696
2898132 3440586
38 293
1401729 2275960
9023650 9023682
13501903 13501911
13505452 13505464
1249436 2127472
115658 372890
11441087 11441108
1808182 2620017
498863 1185460
13554980 13554983
808986 1611297
5995674 5995687
13691750 13691754
5811305 5811325
216261 656699
13956147 13956150
4229293 4337678
14124496 14124500
263164 761598
446086 1098497
500553 1188626
2314254 3023003
11778061 11778073
934504 1759915
281666 791185
14762329 14762335
331647 903318
384933 996608
314316 850378
14763700 14763705
886738 1701872
2976414 3496197
35621 141852
44135 186743
13503528 13503537
385617 997140
388776 999596
270811 774016
270811 774017
1901154 2682176
3568224 3905771
1407031 2281816
10319898 10319915
2470015 3146959
588382 1320340
160457 504524
395108 1004984
48755 208171
4514035 4539496
952683 1783895
14771495 14771500
14771821 14771828
3462001 3834899
14772188 14772200
14772188 14772201
123559 405160
1576985 2436021
932868 1757593
13341224 13341243
14775451 14775461
3893105 4113028
1600844 2453037
557983 1280861
557983 1280862
14777595 14777601
2506367 3174468
827347 1640404
3131283 3607769
106351 350381
8494586 8494619
2437172 3119295
48757 208205
1585197 2443648
1585197 2443649
14882374 14882382
14882552 14882563
4367500 4429304
425745 1068557
2304076 3015557
23026 124707
14883451 14883461
14883476 14883482
817705 1624199
14883873 14883879
172792 532956
423114 1064840
14884327 14884346
1904892 2684766
1904892 2684767
14884413 14884425
14884540 14884550
14884682 14884689
6061810 6061843
14885010 14885020
14885308 14885316
4977557 4977585
4977557 4977586
14885859 14885869
14886226 14886240
1096751 1962687
629693 1367401
14886536 14886543
14886983 14886990
13522576 13522585
326023 880539
425746 1068568
13522581 13522593
14887284 14887291
1295749 2173232
119895 382799
160721 506162
14888550 14888564
441814 1090448
650089 1392043
253060 746268
288506 804726
1453207 2323089
792322 1582737
14889249 14889264
14889249 14889265
14889495 14889508
14889662 14889669
14889930 14889933
165316 518632
3542519 3890178
126980 412560
1758927 2579176
14947941 14947945
83539 287355
12596227 12596237
5259465 5259529
1848416 2651778
14982191 14982199
14997578 14997581
15010845 15010856
15017759 15017767
2354002 3051558
14893435 14893455
8736998 8737025
300371 825089
15093223 15093229
301208 825715
15093828 15093833
13283877 13283901
1311840 2184281
15123282 15123287
15123282 15123288
15123282 15123289
15125180 15125183
15133038 15133044
1550114 2410240
1550114 2410241
15140727 15140730
15142309 15142313
1481965 2349683
11062271 11062282
5322261 5322282
38732 158302
8885 67091
13315640 13315668
5700078 5700111
15298912 15298921
15298981 15298991
10913448 10913465
50083 211859
139616 434551
15309586 15309592
11776514 11776525
7791 63402
173426 535302
15370723 15370736
15379549 15379555
1606287 2456272
8516424 8516439
15036335 15036358
15402763 15402769
15098480 15098500
15187357 15187387
10321029 10321041
15484112 15484119
374247 977201
1907868 2686444
15175200 15175211
333902 910820
15548735 15548738
4155095 4288048
15567003 15567013
2180027 2917971
10281843 10281847
5387916 5387941
1211447 2087318
277495 784408
277477 784392
15633140 15633143
78750 277122
4500650 4527367
15712819 15712823
1855036 2656816
15825864 15825870
15825915 15825923
15826272 15826281
1102388 1973134
15826390 15826403
15826712 15826720
670209 1414203
15826766 15826774
426804 1071016
215030 653815
504846 1196545
15827872 15827879
15827934 15827940
15827942 15827951
15827942 15827952
161104 507293
15827957 15827964
1196794 2072944
15828094 15828101
503770 1193759
124965 408063
15829698 15829704
158743 499006
1012755 1863573
15831066 15831073
15831136 15831140
323116 874516
15831332 15831341
4354267 4419465
236587 721622
236587 721623
15831607 15831615
15831745 15831752
160723 506215
160723 506216
160942 507068
322708 872171
620059 1359339
2183972 2921893
15833126 15833131
15833156 15833165
15833299 15833308
15833299 15833309
9679600 9679611
1357867 2232281
2511128 3178262
2818198 3385360
297851 821523
297851 821524
3600621 3926652
326026 880583
326026 880584
1098749 1966966
2214526 2948823
621419 1360525
621419 1360526
295758 817724
15835645 15835650
160724 506245
929675 1749149
15836181 15836187
15836308 15836314
1192751 2067884
4900331 4900354
2683255 3285441
15837595 15837600
15837669 15837675
15837881 15837889
124886 407696
620124 1359508
606419 1343815
382918 993302
749190 1529569
15878266 15878273
504847 1196564
15882327 15882331
382919 993327
10101213 10101229
15892005 15892009
624844 1363424
132312 419535
15900825 15900832
1207891 2084336
5350144 5350156
21608092 21608097
446994 1100945
446994 1100946
21608499 21608503
21608539 21608545
21609200 21609206
10365009 10365015
21640628 21640632
9487323 9487357
21650578 21650580
4477988 4511117
21681341 21681343
1594400 2451591
21693714 21693723
2593007 3228355
55136 227721
21728760 21728762
21760486 21760492
21784869 21784872
21785930 21785933
21786502 21786505
4731541 4733094
4509329 4535795
4554876 4571790
21846762 21846778
21860092 21860096
21863754 21863757
21868650 21868653
21880944 21880948
21899158 21899161
21910636 21910639
21910670 21910673
3156355 3627621
21933500 21933502
21952552 21952554
1594334 2451495
22201689 22201708
22407062 22407065
22408721 22408723
22348067 22348077
626166 1364354
626166 1364355
503637 1193628
373640 976651
872654 1688529
4253151 4350303
49739 210723
49739 210724
341559 931692
22415194 22415200
22415194 22415201
22415194 22415202
623175 1361734
406459 1037177
22417399 22417401
620457 1359784
160900 506895
1365429 2242267
2441875 3123800
4114943 4260081
4114943 4260082
4916913 4916932
403782 1028493
22429550 22429556
39805 163253
4114532 4259910
22431096 22431116
22431509 22431516
22432011 22432014
1549819 2409964
1549819 2409965
161311 507669
13307586 13307598
22412251 22412264
994088 1840314
1196607 2072243
4247213 4347313
407340 1040941
22453037 22453046
22453037 22453047
1199474 2075761
22455084 22455088
403784 1028566
505741 1197690
22459156 22459161
22417026 22417050
22461824 22461830
666423 1408173
12232247 12232256
2437396 3119432
22475609 22475615
22490406 22490416
13312494 13312506
22492057 22492063
22492880 22492882
22493820 22493825
22494061 22494065
22494757 22494762
1397085 2271565
6932084 6932092
5466758 5466793
385470 997033
120894 397951
2455330 3134132
123779 405313
300620 825281
23663765 23663767
1410064 2283289
4928322 4928340
290878 809076
15080192 15080213
135685 425783
23664294 23664296
23664451 23664459
505156 1197091
505156 1197092
407212 1040317
23665193 23665197
3229338 3678943
5664219 5664253
23665867 23665872
208389 624731
15902287 15902312
23666216 23666220
10811783 10811796
19398 110704
822631 1630136
9703750 9703760
2730043 3320927
1499035 2363495
23667227 23667235
8121339 8121352
2070525 2827011
23667574 23667580
23667776 23667781
23667819 23667824
23668053 23668059
23668165 23668169
4991762 4991774
23668262 23668266
680628 1433335
680628 1433336
23668776 23668782
23668794 23668801
23668946 23668949
23669063 23669068
3892041 4111859
4000174 4183293
23669404 23669408
23669591 23669596
3869906 4099981
43783 182168
13306748 13306755
23671011 23671016
8162971 8162979
1153702 2025428
15241390 15241395
23671310 23671314
23671425 23671429
23671805 23671808
10101782 10101792
793605 1583417
6281003 6281027
23672116 23672120
1305303 2182779
23672449 23672453
3600623 3926657
1482029 2349767
23673219 23673222
23673424 23673428
2528761 3188036
578744 1295670
23673645 23673652
1446703 2315464
1446703 2315465
832379 1642908
408866 1045388
6992269 6992288
27664734 27664748
1010700 1860933
3758628 4025199
28209730 28209731
1208530 2084791
14799 79031
5852723 5852735
5852723 5852736
28270082 28270084
3106679 3589265
1570852 2429849
1570852 2429850
28271146 28271148
14800 79044
58366 238317
765065 1549178
28305680 28305685
14845891 14845894
28311359 28311366
8667783 8667786
1089114 1953350
2188849 2927538
2188770 2927524
3980068 4168809
3980068 4168810
28318230 28318233
28318352 28318353
5209574 5209579
3178949 3642590
1074048 1935596
7242358 7242374
5924054 5924065
1074050 1935601
4104355 4253881
11086481 11086489
5259414 5259467
28305296 28305299
138640 432597
28386864 28386874
16247 83376
8615280 8615289
28388098 28388102
28388098 28388103
53234 220183
228277 703979
4118137 4262334
19580 111416
5340885 5340892
1653598 2495874
2660870 3277255
3922757 4131805
308791 841780
5051746 5051795
6644873 6644878
578489 1295369
28820032 28820040
4719924 4722302
3120837 3599355
28904996 28905011
28937470 28937488
101378 332746
29029287 29029292
2606094 3238845
13254952 13254958
29029436 29029442
29029651 29029653
29029719 29029723
2956385 3484011
29029938 29029941
29030138 29030140
29030216 29030220
2742648 3335465
29030515 29030518
4310361 4389225
2075360 2831114
29030625 29030626
29030778 29030784
93151 316939
29030963 29030965
11789587 11789594
29031029 29031030
29031225 29031228
14885311 14885320
4905419 4905463
450749 1107884
112514 368243
1771300 2585666
848690 1662743
38068 156107
7839315 7839332
777498 1563680
30252667 30252678
969018 1808408
4823071 4823131
5138809 5138816
5138809 5138817
7388690 7388704
2388172 3080662
5120480 5120486
5507608 5507611
6754563 6754570
5504579 4012448
7677769 7677782
3210255 3665231
5590524 5590531
1440924 2309664
2033445 2795467
2033445 2795468
3668222 3969731
78968 277387
30490622 30490625
15596778 15596782
5270229 5270289
30723970 30723975
30733316 30733318
4183290 4305826
30733333 30733335
30734092 30734097
4310300 4389056
4389063 4444488
3715351 4000176
8687096 8687138
30734542 30734547
30735055 30735057
30737088 30737091
30738708 30738709
30740523 30740525
30744533 30744538
30767003 30767004
10331900 10331985
268203 770202
788912 1576032
1169537 2041711
13444303 13444320
2907099 3446826
31105704 31105705
500622 1188953
2856601 3410497
31755792 31755795
31771416 31771420
1072522 1934339
1943785 2717199
12234 74644
5689976 5690003
7072681 7072704
14640223 14640250
5213687 5213713
31903621 31903623
28911722 28911738
32649993 32649994
32652360 32652362
32652839 32652840
2329677 3032233
32659685 32659686
5828767 5828774
32661929 32661930
4236672 4342344
1187492 2061664
32689460 32689461
32695632 32695633
8856466 8856479
32804729 32804730
32814262 32814267
32842107 32842108
32842107 32842109
10278749 10278758
32916080 32916084
4905189 4905224
996651 1844818
31136824 31136827
32938370 32938376
32940220 32940223
1188602 2062910
32947071 32947074
32947565 32947569
2578642 3218080
28730351 28730355
32948455 32948461
32948566 32948568
32948679 32948684
32948943 32948946
86558 295329
32949454 32949456
13341812 13341819
13341812 13341820
283496 794225
32951115 32951117
22174543 22174548
535801 1252731
159453 500965
5259466 5259532
2322891 3026848
33126766 33126767
649786 1391189
33133995 33133997
10085487 10085491
33135396 33135398
33135451 33135453
33136309 33136311
33138066 33138068
33141163 33141166
448139 1103259
69105 258027
31883077 31883080
33141710 33141711
33141770 33141773
33142093 33142095
33142139 33142141
6920066 6920085
33157685 33157686
33157819 33157823
3933932 4139870
74094 268129
74094 268130
33158026 33158029
33159757 33159759
33160045 33160048
33162525 33162527
33162622 33162623
703970 1462383
33142094 33142097
33164725 33164728
33166029 33166033
1471172 2340084
500453 1188459
274825 780086
2107286 2857135
2107286 2857136
372084 973206
33248480 33248483
33253128 33253129
33253141 33253142
2166825 2907073
10331871 10331892
2220492 2952829
892346 1705181
340841 931198
931157 1754473
1758404 2578851
2457765 3136230
825781 1634428
5085621 5085624
6754572 6754574
33615074 33615076
21702999 21703007
33720273 33720274
21934878 21934883
12335612 12335616
385485 997043
16385 84186
13394717 13394759
33913189 33913193
1447404 2315749
33996137 33996140
324653 877608
1189336 2063872
5475579 5475599
918809 1725835
925414 1733478
4659208 4665342
2459297 3138230
1496980 2361850
34345594 34345595
34345594 34345596
34345594 34345597
8980863 8980866
13358353 13358355
13358353 13358356
34360485 34360489
34361839 34361847
15968844 15968847
34382749 34382752
11945252 11945291
4883930 4884099
34391207 34391209
34394677 34394679
34004842 34004844
28361921 28361926
4839225 4839261
34428835 34428838
8622620 8622626
931108 1754464
34040131 34040132
13336825 13336833
15903593 15903605
34484497 34484501
34489107 34489110
34491467 34491468
5348557 5348571
5348557 5348572
117331 377236
1541 19223
35017602 35017605
35018277 35018283
35041725 35041728
35042006 35042009
6275034 6275046
4002340 4184451
11945253 11945294
4342690 4410922
441562 1090147
35057385 35057389
35057553 35057555
4906247 4906252
35059570 35059572
35060429 35060432
35060898 35060900
35060945 35060947
35061073 35061075
35061452 35061454
35062246 35062249
4354825 4419830
35065910 35065912
995239 1841944
35069758 35069761
4502503 4529316
2264974 2985320
35073643 35073646
35073925 35073928
5671102 5671128
9682862 9682886
4298510 4381166
35079734 35079738
35080335 35080337
609505 1347064
35081389 35081394
35088524 35088526
5745804 5745816
978769 1822348
1252520 2131165
1252520 2131166
1252520 2131167
34322287 34322291
71585 263229
71585 263230
29584621 29584625
35101849 35101853
35102988 35102992
35102988 35102993
4017767 4193072
7051701 7051703
8813876 8813896
5635435 5635466
35361820 35361821
1441734 2309967
33641888 33641890
9700505 9700513
35413562 35413563
1327359 2199300
35441089 35441090
35441129 35441131
33582053 33582057
35543155 35543159
35544224 35544226
1311179 2184024
35581578 35581579
3841395 4080565
35855440 35855442
35855600 35855601
15177946 15177957
35966141 35966143
36380450 36380451
36388410 36388411
36417761 36417762
32808711 32808713
36522799 36522803
237239 723240
2607725 3239623
31015254 31015256
202662 608652
36751151 36751152
36859007 36859010
37307808 37307812
37405050 37405052
34965633 34965634
38020165 38020166
15220186 15220190
34413972 34413975
33842527 33842529
30931882 30931886
35774542 35774558
1079847 1941219
33953285 33953287
6028483 6028540
3887686 4110005
38061938 38061959
13244008 13244019
4113530 4259429
4113530 4259430
3738264 4012448
38653607 38653609
5613626 5613722
38754178 38754179
38755790 38755792
32057580 32057585
38824834 38824836
39234792 39234794
65371 250994
3048617 3548785
41218954 41218956
41315970 41315972
41675757 41675758
41699370 41699371
41979859 41979860
5930416 5930423
42017144 42017146
33111127 33111129
33166038 33166040
43454126 43454128
43454126 43454129
43457197 43457198
43463931 43463932
43463931 43463933
43525353 43525354
5933145 5933147
43590979 43590981
784127 1570575
43598176 43598178
13391771 13391772
43653010 43653011
43700845 43700846
43726332 43726333
43807421 43807422
44905389 44905391
44906154 44906157
44908666 44908668
44909373 44909375
44909459 44909461
44909706 44909709
45106155 45106157
45152301 45152303
22412255 22412268
45192205 45192207
45193851 45193853
45196146 45196148
45197423 45197425
45197423 45197426
45202043 45202045
45585637 45585638
45585639 45585640
45585641 45585642
45585643 45585644
45585645 45585646
45585647 45585648
45585649 45585650
45585651 45585652
45585653 45585654
45585655 45585656
45585657 45585658
45585659 45585660
45585661 45585662
45585663 45585664
45585665 45585666
45585667 45585668
45585669 45585670
45585671 45585672
45585673 45585674
45585675 45585676
45585677 45585678
45585680 45585681
45585682 45585683
45585684 45585685
45585686 45585687
45585689 45585690
45585691 45585692
45585693 45585694
45585695 45585696
45585697 45585698
45585699 45585700
45585701 45585702
45585703 45585704
45585705 45585706
45585707 45585708
45585709 45585710
45585711 45585712
45585713 45585714
45585715 45585716
45585717 45585718
45585719 45585720
45585721 45585722
3343501 3758916
45585723 9709909
2968974 3491881
45585724 45585725
45585726 45585727
45585726 45585728
45585729 45585730
45585732 45585733
45585734 45585735
45585736 45585737
37824845 37824848
45585739 45585740
4339933 4409244
45585741 45585742
45585743 45585744
45585745 45585746
45585747 45585748
45585749 45585750
45585751 45585752
45585753 45585754
45585755 45585756
45585757 45585758
45585759 45585760
13389031 13389032
45585761 45585762
45585763 45585764
45585765 45585766
45585767 45585768
45585769 45585770
45585771 45585772
45585773 45585774
45585775 45585776
45585777 45585778
45585779 45585780
45585781 45585782
45585783 45585784
45585786 45585787
45585788 45585789
45585791 45585792
45585793 45585794
45585795 45585796
45585797 45585798
45585799 45585800
45585801 45585802
45585805 45585806
45585807 45585808
45585809 45585810
45585811 45585812
5378065 5378066
45585814 45585815
38384541 38384542
45585816 45585817
45585818 45585819
45585820 45585821
45585822 45585823
45585824 45585825
45585826 45585827
45585828 45585829
45585830 45585831
45585832 45585833
45585835 45585836
45585837 45585838
45585840 45585841
45585842 45585843
45585844 45585845
45585846 45585847
45585848 45585849
45585850 45585851
45585852 45585853
45585854 45585855
45585856 45585857
45585858 45585859
35441969 35441970
45585862 45585863
45585864 45585865
45585866 45585867
45585868 45585869
45585870 45585871
45585872 45585873
45585874 45585875
