2314165 39289
10102819 790488
1257422 20839
12027529 2798170
173111 534032
1745439 637415
723123 1250417
1682206 193214
1682206 859766
446516 1062495
532706 1244422
2221151 299645
3009050 1686248
13359857 2463311
723124 332678
2720384 910208
723125 542755
13395140 983504
2741582 3333745
13480936 2022983
13491909 56165
14440841 603683
14908835 213930
14917043 50520
14920894 104682
14926940 1634907
2122319 1693483
1211017 30814
2753254 484101
14947412 9518
2666094 226895
14962696 1305760
14963854 744211
14969246 810183
14978007 1374454
1745446 2088286
14980014 682760
14983621 362323
14990757 815993
2666095 341267
15003074 137371
15003100 216893
15003125 822640
15003133 1491921
15003563 1044928
15005003 1990131
1756163 1578880
15005018 2162509
15013699 371645
15014752 522636
15015042 300474
3009054 109690
15020129 1934800
2753396 2026810
15035769 80250
3280043 2233303
1866884 2081168
15041968 364838
15042560 544071
1866885 1836384
15046555 658073
15047438 3633307
15053552 1658319
15056439 340921
15056875 57951
15056875 22250
2354111 1293247
15058347 292159
3383002 1784754
3150745 385922
15061048 145107
6133692 2856
15065142 962310
15066763 48130
15066763 99330
3036976 313069
2353598 336312
15067027 422601
1861078 1312344
15067477 1382239
4185066 654634
6493369 3330256
2753398 475487
15078689 42218
1211019 7805
15080929 600195
15081003 324041
15081005 590275
15081074 877453
15081192 206276
15081248 2453699
15081253 336586
2720390 939247
1671289 468523
6265337 1721622
3425415 2233911
15102495 1191087
15111503 49568
15119223 364581
15126053 278273
15126131 70121
15127696 785401
4458823 1738938
15131526 93168
15132825 756188
4161524 353198
15139221 1745811
15140206 199288
15140938 870605
15141190 666866
15145174 604099
15146414 962369
15146421 392996
15148338 987356
15148716 99638
15148817 353427
15149538 1419463
15150873 932620
15150965 3433701
15153465 313672
2314172 484566
15155143 1498650
4185067 1536616
2951551 741086
3117894 360152
15159308 213940
3417974 1135597
15161186 334619
15161308 626718
2123418 800791
15162899 222320
15163475 2333801
15167444 964421
15167572 919544
15167632 1746173
15167636 884477
15167885 739965
15168725 108528
15169213 164479
12737803 347973
3625354 220225
15170006 1705134
15170185 330180
15170515 388377
15170839 603526
15171039 2322155
15171834 1149388
13384478 35362
15172425 2356158
15174079 1453816
15175042 3524049
15176215 32927
15177241 476184
15177557 352882
15178655 872979
15180612 4028682
15304748 109691
15364193 1021138
15371836 739991
15375601 85238
15443796 820061
2666097 1897995
2713995 1153737
15500078 340923
15503731 1904785
15531250 401335
15531811 635238
15902084 129365
15902091 326120
15902097 317768
15902423 96196
15902467 1853200
15902472 618179
15902491 1305838
15902925 288913
15903157 3531806
15903311 1625104
15903773 791825
15903790 279274
15904279 884237
15904448 95540
15904453 140562
15904470 322454
15904710 1482613
15904749 444620
15904754 1373289
15904778 635901
15904802 668569
15904830 2736243
15904976 69003
15905053 929164
15905311 394902
15905315 449877
15905318 539256
15905465 368047
2753478 1223064
15905499 415563
15905631 195499
15905752 258101
15905754 659649
15905770 339142
15905825 208196
15905841 3050914
15905843 291957
15906104 2433359
15906919 1749032
15906922 107042
15906925 329510
15907004 2861308
15907561 1859415
15909642 218356
15910108 157140
15910406 820839
15910870 118784
15910879 236837
15910882 3712952
15910889 645418
15911405 739307
15911444 2662893
15911697 832125
15911704 1700685
15911982 1492929
15912467 261495
15912790 924058
15904628 1518881
15914084 65903
15914114 152529
15914378 218187
15915258 933284
15916024 1975634
2741674 385184
15916626 2777808
15916703 685757
15916870 93238
15917340 2147926
15917497 945152
15917783 875889
15917962 557741
15918470 54867
15918605 2314996
15918702 1024305
15918744 1731554
15919015 17052
15919161 335129
15919304 277964
15919511 933116
15919563 552814
15919567 94589
15919602 1801068
15919617 98990
15919656 333538
15919666 913813
15919669 739648
15919672 253285
15919682 218350
15919760 653263
15919786 95844
2741679 337483
15919961 283178
15920057 494397
15920073 667376
15920102 157977
15920105 463127
15920141 614686
15920162 750800
15920222 2235412
15920266 208982
15920269 1692859
15920273 532424
15920276 291720
15920432 336226
15920478 915603
15920742 898138
15920763 608646
15920970 440645
15921074 806963
15921166 1734862
15921526 3706778
15921582 1000070
15921969 2272995
15922028 480328
15922035 42383
15922092 109077
15922166 416542
15922245 3367697
15922284 2566470
15922330 145499
15922384 14343
15922387 301353
15922390 494208
15922440 3596183
15922609 119698
15922646 234169
15922649 605044
15922652 135882
15922665 24217
15922668 663176
15922695 248635
15922724 260541
15922742 41926
15922843 947409
15922891 51589
15922908 2570575
15922957 136683
15922980 181952
15923025 1676488
15923028 462428
1671294 85355
1671294 1176033
15923036 451865
15923194 2197611
15923351 1681124
15923394 333042
15923402 1381207
15923490 349429
15923504 350129
15923637 1223655
15923640 1425861
15924108 108045
15924120 442629
15924371 2585691
15924377 100479
15924397 1155793
15924404 480304
15924429 521244
15924465 1725458
15924468 291682
15924472 360990
15924475 508308
15924478 644456
15924484 443338
15924487 306996
15924490 343876
15924493 3596192
15924496 366392
15924507 2356490
15924510 361232
15924513 218125
15924517 961144
15924520 105885
15924523 1954392
15924526 489559
15924533 393744
15924537 250542
15924547 365098
15924574 102460
15924582 4891004
15924793 74134
15924795 260700
15924809 291751
15924815 3098879
4849415 431925
15925020 2868281
15925024 2868281
15925358 499452
15925616 299760
15925624 323698
15925628 100480
4849416 4849554
15925634 98597
15925759 57569
15925763 207413
15925763 231641
15926194 66234
15926542 893224
15926549 515367
15926708 1054482
15926715 576491
1946877 101551
15926718 53003
15926819 3979116
15927063 1429131
15927066 1429276
15927069 718381
15927078 1248818
15927139 2800230
15927198 347048
15927427 344568
15927474 736849
15927570 520043
15927628 606239
15927638 78435
15927809 1193894
15927843 232511
15927980 334618
15928000 915830
15928040 1423992
3584669 3627347
15928268 1635384
15928310 883680
15928467 932753
15928500 216934
15928515 136262
15928518 945830
15928527 2657356
15928568 328832
15928589 649606
15928593 499359
15928596 1238253
15928599 330002
15928619 346052
15928714 129865
15928757 2141395
15928803 421507
15928849 282758
1758083 198619
15928865 623599
15929093 3423367
15929109 285143
15929141 857513
15929167 913951
15929176 917989
2572372 879692
15929197 336452
15929235 1492181
15929243 1228570
15929259 3839943
15929262 249354
15929280 664869
15929287 790894
15929290 856846
15929293 935303
15929296 539539
15929299 137387
15929302 2219801
15929361 431925
15929364 431925
15929367 431925
15929459 298284
15929543 1887099
15929579 659527
15929597 882678
15929600 1425657
15929603 115238
15929608 229120
15929615 92447
15929703 911998
15929723 1188670
15929755 3255072
15929828 1538825
15929831 1603012
15929845 395175
15929855 1669300
15929896 316793
15929899 443471
15929902 219940
15929905 345960
15929908 448313
15929964 1372425
15929967 559472
15929970 900782
15929973 635201
15930034 859988
15930147 107220
15930205 534505
15930224 219518
15930358 2603594
15930398 3444188
15930401 658158
15930434 992887
15930671 865168
15930728 480335
15930765 949549
15930788 1206102
15930791 307633
15930857 659558
15930912 249988
15930936 45797
15931277 108557
15932036 302325
15932071 1393207
15932331 342317
15932335 331213
15932339 1449732
15932343 901138
15932347 96886
15932386 1672998
15932436 857460
15932594 971039
15932899 390689
15933146 657957
15933665 49530
15934117 916559
15934268 3212181
15934304 2538909
15934338 509768
15934363 322645
15934400 385242
15934403 3958529
15934411 2004050
15934559 825235
15934596 962755
15935536 1155794
15935599 2576327
15935625 480331
15935655 2604210
15936044 962386
15936517 3046836
15936686 1691485
15937070 943400
15937098 4890973
15937101 2808645
15937110 1887494
15937113 2211673
15937328 2570729
15937519 3066972
15938144 386689
15938570 536427
15939602 1723943
15939841 376170
15940141 1436831
15940207 683996
15940984 72231
15941117 208484
15941367 663178
15941459 1319388
15942622 1510867
15943967 1479012
15943971 1748333
15943974 2499377
15944036 1064715
15944194 490956
15944204 362326
15944735 654165
15945274 973298
3425419 756056
15945613 177127
6411691 41541
15945749 893145
15945759 878470
2753402 3344170
15945762 238234
15945846 4891224
15946389 278871
15946462 145605
15946562 1796672
15946768 341907
15946783 863792
15947107 687244
15947682 186615
15947846 150719
15947855 537970
15948399 841983
15948407 960382
15948890 739297
15948905 2289641
15949006 97603
15949546 383854
15949549 109138
15949815 19582
15949818 209945
15949829 2246182
15950111 1213072
15950539 481322
15950970 995351
15952754 765240
15952914 624724
15953014 311276
15953317 979682
15953656 601451
15953710 396216
15953713 3919126
15953774 942069
15953777 2873579
15954278 295714
15954502 796042
15954534 1418722
15954712 1027689
15955061 280725
15956750 2125429
15957051 1419314
15957229 2528739
15957316 935838
15957329 480337
15957491 962905
15957506 3270913
15958024 517130
15958488 917699
15958490 325801
15958808 2841940
15961472 874156
15961918 1033509
15962214 1125057
15962302 1207303
15962475 1639590
15962836 107535
15964435 1306609
15964579 83419
2741961 443588
15964642 1600966
15964645 489650
15964648 657993
15964651 861616
15964654 4020688
15964659 1198303
15964662 1115770
15964665 2871662
15964668 828531
15964671 1402095
15964674 2606927
15964733 2234914
15964739 1391405
15966064 218398
15966067 1205334
15905613 1113158
15966671 2657726
15966704 804712
15967200 1378046
9128043 1750010
15967356 2016906
15967451 1297765
15967837 1778876
15967938 3469342
15968319 392885
15968418 1165607
15968878 693863
15969304 1510873
15930074 3886200
15972207 1075813
15972314 3971
15972334 422956
15972418 931645
15972421 1171790
15972608 322400
15972792 2946146
15972855 607226
15972875 822481
15973021 658131
15973157 2887385
15973372 741089
15973735 349596
15973757 244310
1646397 52928
15974672 1870533
15974764 332986
15974984 333022
15975701 2125436
15976080 364104
15976387 1731932
10080255 1420505
15976751 2154137
15976779 455041
15976982 1155798
15977140 355120
15977287 655984
15977636 2459938
15977676 941475
15977920 2102138
15977950 2091249
15978231 891455
15978381 22660
15978732 237028
15979737 351962
15979986 84113
15979992 385008
15980654 382266
29581871 3277448
29584161 627086
29584686 1204503
29584691 849874
29585722 43531
29585723 435833
29585812 1041547
29585815 148624
29585816 97508
29585817 99467
29586380 607513
29586381 587007
29586605 36070
29586652 218990
29587683 599450
29588683 332882
29588688 441876
29588705 214079
29590605 1298205
29592211 890428
29592618 1331049
29592619 883713
29592620 660276
29592621 3096308
29592632 66896
29592965 1244085
29592969 1111275
29593070 534869
29593236 454373
29593257 447165
29593283 455492
29593285 1095688
29593288 86699
29593289 1040909
29593293 286734
7023794 228579
29593643 888012
29594120 3817983
29594136 1677069
29594142 324929
29594390 13587
29594935 30283
29594978 688942
29594979 1488393
29595059 361757
29595103 105833
10092681 1069764
29595628 4133286
29597970 195397
29599283 598860
29599284 192374
29599314 237997
29599430 938850
29599635 328733
29599711 571120
29599773 1819697
29599774 1208062
29599777 927614
29601569 771648
29601742 325375
29601843 94381
29601938 213500
3059681 659966
13098491 481294
29601970 1403380
29601973 1329679
29602033 123474
29602054 392221
29602245 347748
29603986 619086
29603988 394679
29604661 307017
29604676 226595
29604906 620876
29604908 1067262
29604911 52403
29604935 171964
29606647 4025301
29606648 1580260
29606649 2658171
29606651 3625229
29606653 1580260
29606741 87589
29607519 272734
29712497 1126290
6265346 1297765
31186647 55366
31186650 41934
31186652 378676
31186654 275622
31186656 1468584
31186662 85829
31186664 710237
31186666 186570
2314182 511951
31186668 709884
31186673 686718
31186675 255307
31186677 267323
31186678 1212683
31186680 50513
31186682 364030
6412112 312772
31186684 1968205
31186686 95890
31186690 190413
31186692 1570854
31186694 260843
31186696 417138
31186698 339675
31186700 107879
31186702 217935
31186707 112008
31186709 256260
31186712 395766
31186714 333203
31186716 275802
31186722 70616
31186724 94641
31186726 1321205
31186728 62372
31186731 39657
31186737 130282
31186739 93763
31186741 702606
31186743 3204
31186745 195239
31186747 75157
31186749 77153
31186751 980748
31186753 512898
31186755 218717
31186757 102227
31186761 46759
31186766 127777
31186769 97967
31186772 188937
31186774 134385
31186776 77830
31186778 67461
31186780 1713467
31186784 133316
31186786 1216584
31186790 704187
31186792 366316
31186794 471927
31186796 121292
31186798 131191
31186800 51071
31186802 128023
31186804 342725
31186806 320856
31186808 1667535
31186813 246840
31186815 226588
31186817 828846
31186819 172287
31186821 366029
31186823 884233
31186825 361646
31186827 524081
12585066 65891
31186829 230942
31186833 324174
31186835 96101
31186837 125121
31186839 1403
31186846 330879
31186851 537634
31186853 94441
31186855 110313
31186857 310730
31186859 41577
31186862 52443
31186864 75544
31186866 122644
31186868 181904
31186870 938511
31186872 137390
31186874 1273621
31186876 442763
31186878 93660
31186880 55305
31186882 423314
31186884 1340417
31186886 395917
31186888 253706
31186890 142164
31186892 1128704
31186894 17122
31186895 1038875
31186897 269850
31186900 123342
31186902 87869
31186904 48859
31186909 1417499
31186913 453809
31186915 153889
31186917 332850
31186919 112353
31186921 1078563
31186923 252442
31186925 97968
31186927 109872
31186929 95420
31186931 144659
31186933 383150
31186935 53912
31186937 137994
31186939 77299
31186941 2051
31186943 189083
31186945 362064
31186947 216887
31186948 94379
31186950 100173
31186952 220047
31186955 192467
31186957 128627
31186959 366153
31186961 946161
31186963 163053
11056284 907401
31186965 324478
4999770 146869
31186967 265798
31186969 949665
31186971 1653648
31186973 213363
31186975 416660
31186977 270261
31186982 134384
31186984 321575
31186986 576789
31186990 312668
31186992 102869
31186994 338363
31186996 642107
31186998 215258
31187000 404560
31187002 156326
31187004 215179
31187006 272747
31187008 664061
31187010 336477
31187013 48843
31187017 312898
31187019 353622
31187021 685833
3945162 1268545
31187023 170776
31187025 1031016
31187027 1228653
31187029 112766
31187031 325865
31187036 109136
31187038 101773
31187042 782545
9207198 1394
9207198 219889
31187046 107816
31187048 340407
31187050 259815
31187057 177083
31187059 330019
31187061 127306
31187064 15332
31187066 216935
31187068 279686
31187070 1489902
3737495 80691
2310111 297558
31187072 151790
31187074 241027
31187078 100865
31187080 634476
31187082 222729
3737496 333075
31187084 986897
31187086 389454
31187088 365907
31187090 313730
31187094 301148
31187096 1530750
31187098 1180040
31187100 227444
31187103 124601
31187105 227326
31187107 190414
31187109 233355
31187111 207959
31187113 862062
31187115 1488841
31187117 392706
31187119 81079
31187121 1183336
31187123 196253
31187128 38601
31187130 63457
31187132 109460
31187134 52283
31187136 235251
31187138 218184
2753263 207674
2720548 99466
31187140 338367
31187142 1070617
31187143 109361
31187145 1071066
31187146 92391
31187148 248043
31187150 623712
31187153 95477
31187155 159430
31187157 396893
31187162 824632
31187164 335602
31187169 350373
31187171 413231
31187176 502448
31187180 855424
31187182 295527
31187184 105965
31187186 329653
31187188 218531
31187192 193833
31187194 674775
31187196 396127
31187199 2765
31187203 1007039
31187205 299646
31187207 673588
31187210 131309
31187212 94642
31187214 46551
31187216 1154492
31187221 1788206
31187221 4888324
31187226 99329
31187228 539310
31187230 111052
31187232 338527
31187234 327725
31187236 478401
31187238 852853
31187240 136229
31187242 28935
31187244 758426
31187246 960600
31187251 266066
31187253 519960
31187259 341132
31187261 50956
31187267 332982
31187272 98089
31187275 19416
31187277 71210
31187279 952808
31187281 947136
31187283 328978
31187285 896486
3417986 689658
3417987 6000
31187290 325329
31187292 787402
31187294 917038
31187296 53807
31187298 870374
31187300 296409
31187305 849003
31187310 327896
31187312 1307620
31187315 324927
31187317 624142
31187319 893148
31187321 190192
31187323 629407
31187325 1738674
31187327 619124
31187328 675651
31187330 600522
31187332 378572
31187334 449793
31187336 340476
31187340 325558
31187342 347117
31187346 98090
31187348 650610
31187351 107936
31187355 371696
31187357 952805
31187362 1501851
31187364 339007
31187370 333406
31187365 856699
31187372 70132
31187377 445273
31187379 350302
31187381 361082
31187383 173386
31187385 172028
31187387 28569
31187389 204474
31187391 192607
31187394 235554
31187396 174182
31187398 228832
31187400 637775
31187402 42273
31187404 880778
3737497 220091
31187408 413949
31187411 738446
31187413 95715
31187415 50641
31187422 452599
31187424 1397676
31187426 360230
31187428 867410
31187430 665568
31187433 473646
31187435 932223
31187437 143678
31187439 96569
31187441 765631
31187445 279687
31187447 80692
31187449 79062
31187451 1231827
31187453 218351
31187455 146505
31187457 864661
31187459 109953
31187462 170566
31187464 425033
31187467 107847
31187469 343490
31187473 5574
31187475 648680
31187479 95585
31187481 354659
31187484 305812
31187486 63517
31187488 659889
31187490 121432
31187492 606728
31187494 581132
31187496 94291
31187498 109557
31187500 35770
31187502 910410
31187504 308389
31187506 384675
31187511 53775
31187513 1025104
10175923 208330
10175923 142975
31187518 18045
31187518 56614
31187520 214916
31187520 56307
31187522 65892
31187522 141977
7089177 50953
7089177 65893
31187524 1314048
31187527 100174
31187529 94802
31187532 247392
31187532 211889
31187534 330443
31187537 904582
31187540 441675
31187542 35117
31187545 349477
31187545 387913
31187547 327750
10095813 50846
10095813 51272
31187551 49226
31187551 186701
31187553 174013
31187553 54526
31187555 209913
2336236 571365
2336236 150755
11098777 209388
11098777 232110
31187557 193217
31187559 76283
31187559 1630
31187561 115808
31187561 56308
31187563 320857
31187564 213723
31187564 94517
31187567 56306
31187568 1019349
31187574 207244
31187574 224515
7902557 16634
31187576 21168
31187578 21168
31187579 21168
31187580 21168
11051945 987693
31187583 38609
11099726 339406
7084756 56882
31187585 164414
12491540 99703
31187587 99703
31187589 99703
31187592 99703
31187595 99899
31187598 530423
31187602 188442
31187604 345892
31187606 36136
31187608 2060898
14854323 201889
14854324 201889
14854325 201889
31187611 201889
31187613 201889
31187615 201889
31187617 201889
31187619 201889
31187621 201889
31187623 201889
31187625 201889
31187628 201889
31187630 201889
14801097 251760
31187631 399326
31187633 642860
31187635 100612
31187637 696664
31187642 275721
11791194 133581
31187645 235022
31187646 717246
31187648 229156
31187650 55776
31187653 340834
31187655 131310
31187660 192468
31187662 50847
31187664 527950
12663007 39645
31187667 98795
31187672 460478
31187674 460478
31187676 460478
31187678 460478
31187680 460478
31187682 460478
31187683 48180
3400320 285750
31187686 153107
3059639 101824
31187688 283810
31187698 797461
14786480 534666
31187700 51072
6110722 52284
31187702 72776
11079498 874028
31187704 828782
31187705 123203
11046102 324697
31187708 20525
11270341 119839
31187711 87760
31187713 667701
31187715 1023485
31187717 1405
6819578 100356
31187719 361805
31187722 306744
31187724 306744
31187726 1417754
31187728 1417754
31187729 1417754
31187730 1417754
31187731 1417754
31187732 1417754
11076391 226733
7088898 536794
31187733 659890
31187735 43032
31187737 70121
11101790 256121
31187738 1623
31187740 194014
31187745 280820
31187746 25026
31187751 345071
31187753 332711
11350302 38891
2840336 355110
31187755 70658
31187757 1314486
11046400 99838
31187762 1247532
11270321 135379
11270322 135379
11270323 309048
31187765 511952
31187767 511952
31187769 511952
31187771 340477
31187772 340477
31187774 290456
31187776 687342
11079480 126763
11079481 126763
31187783 1569918
6264557 126762
6264558 126762
12636606 101380
31187784 148971
14839753 470029
14839754 470029
7084757 213164
31187789 216889
31187791 216889
31187793 660888
8961774 100560
31187796 442889
31187798 296411
31187800 325747
14809179 325279
31187802 236667
31187804 233430
31187805 771648
31187807 507278
31187809 123404
31187811 11936
31187814 1188088
31187819 100513
31187823 604870
31187824 670558
31187825 3862627
31187828 858117
31187830 1634555
31187834 504252
11050971 754241
31187840 2535664
31187842 78367
31187844 522718
2352066 540983
31187846 533447
11058312 2693836
11058313 1017230
2408220 107121
31187848 392884
31187853 2576535
31187855 1950029
31187857 436678
31187859 2613726
31187861 4457998
7821219 3053270
31187864 220351
31187866 106977
11508530 1856279
31187868 226189
31187870 1150284
8236412 87287
31187872 1328246
31187874 332061
31187876 848935
11078735 363356
31187878 1596825
31187880 222117
31187882 787906
31187884 721918
31187886 175348
31187888 1814742
31187890 301953
31187892 862200
31187897 871654
31187898 568702
6459733 350417
11079087 702451
11079088 702451
31187900 618177
3036815 5827
31187905 511953
31187907 1415559
14848698 386065
31187909 262702
31187911 1419055
31187913 798708
31187915 1717385
31187917 211297
31187919 920448
31187921 2332571
31187923 1280755
31187925 1286331
31187927 343944
31187929 215489
31187931 78210
31187933 66832
31187935 61714
31187937 1232390
31187939 158138
31187941 35772
31187943 893481
31187945 1250417
31187950 1653341
31187953 468879
31187958 26268
31187960 1144836
31187962 11711
31187964 392782
3471089 305986
31187966 290050
1388178 15681
31187971 106837
31187973 991193
8800138 3327983
31187975 1139456
31187977 494785
31187979 122449
31187982 547116
31187984 381184
31187986 772308
11271026 189084
12932452 552773
1484307 391102
31187988 27992
1484308 595927
31187989 117598
31187994 1537316
10178510 199329
31187996 466947
31187998 513020
31188000 660801
31188002 174443
31188004 316854
31188006 906915
6156745 818645
31188008 370041
31188010 896666
31188012 1975881
31188014 923603
10178511 228103
31188016 848934
31188018 1065121
14802703 13190
31188021 127360
31188023 346666
31188025 117775
31188027 1006744
31188029 8074
31188031 460448
31188033 460448
31188035 460448
31188037 460448
31188038 4703402
31188040 95293
31188043 1678845
31188045 494274
31188047 205585
31188049 389506
2937031 1934778
31188051 219512
7446846 141641
2086958 233831
31188053 1244925
31188055 233845
10074530 412412
31188059 1827482
31188060 419590
31188065 325149
31188072 805046
31188074 472452
31188076 271950
31188079 671429
31188083 1777371
31188086 906817
31188092 1485738
31188095 1581953
31188098 1046009
31188099 995340
31188103 2570106
31188106 2620778
31188111 1672504
31188112 1079567
31188114 90911
31188117 328584
31188120 482842
31188125 1037212
31188126 20034
31188127 266064
31188128 1028009
31188131 98507
31188133 328582
31188135 653682
31188138 829334
31188141 668116
31188142 953611
31188145 97458
31188147 327898
31188150 596470
31188153 1898447
31188155 2020568
31188158 1617652
31188160 607910
31188162 300761
31188164 17048
31188167 1249462
6156670 658920
8395902 669610
6151611 98509
31188170 394366
6156671 671781
2840262 95845
3036865 408567
31188172 1575364
31188177 689337
31188179 1582566
31188181 926731
2336305 500717
31188183 1083422
31188185 596479
2510138 1930722
31188187 1520876
31188190 435621
10093559 260141
3058388 944915
3470860 759511
7144242 116765
31188192 277547
31188195 327549
31188197 649948
31188199 316390
31188200 424327
31188201 123242
31188202 477141
31188205 889582
31188208 889582
31188211 1122000
31188212 859051
31188214 104155
31188216 774199
31188218 1183086
31188220 1036129
31188225 359538
31188227 1828892
31188229 655705
31188231 879282
31188233 1131084
31188235 300255
31188237 190193
31188239 948058
31188241 875921
31188243 2344966
31188245 952960
31188249 926754
31188251 1003191
5707155 33421
31188253 98319
31188255 710665
31188257 1898462
31188259 109689
31188261 1965545
31188263 2696726
31188265 388268
31188267 839576
31188269 1355673
31188271 1623476
31188273 6428
31188276 1306852
31188278 2186310
31188282 889218
31188284 217375
31188286 1484247
31188288 356968
31188294 358307
31188296 1578027
31188298 828222
31188300 1313383
31188302 17049
31188304 94293
31188306 425128
31188308 722714
31188310 123564
31188314 123564
31188315 1005229
31188318 83633
31188319 94746
31188322 700272
31188325 1071196
31188328 296394
31188333 88091
31188335 23133
31188338 1626
31188341 218681
31188342 892211
31188344 152870
31188347 641948
3047696 96929
31188348 161074
31188354 1775446
31188355 1541500
31188357 2248515
31188359 669513
31188362 1921334
31188363 1643107
31188367 1315866
31188370 2340659
31188372 1415558
31188374 35764
31188376 386757
31188378 106917
31188382 922299
31188384 98037
31188387 808296
3877473 497929
31188389 604394
31188391 737068
31188395 660371
31188397 1405194
31188401 112082
31188403 1257926
31188405 354667
3667117 1202471
31188407 1209402
31188408 1209402
31188409 1209402
31188410 1209402
31188411 1209402
3667118 891733
31188412 397260
31188414 397231
31188416 394934
31188418 1428322
31188420 529482
31188422 898111
31188424 606765
31188426 1428425
31188428 248581
31188430 818649
31188432 911409
31188434 1231046
31188436 1238342
31188438 529299
31188440 539020
31188442 252584
31188444 1428570
31188448 66523
31188452 344674
31188454 729539
31188456 1421741
2869990 412597
31188458 215262
31188460 1250969
31188462 99397
31188464 1428712
31188466 358484
1756164 391309
31188468 1428792
31188470 1428817
31188472 19306
31188474 336533
31188476 918263
31188478 99170
31188480 903016
1866892 1290247
31188482 389772
31188487 388658
31188489 903130
31188491 158182
31188493 1290299
31188495 907778
31188497 2241654
31188499 1429208
31188504 300337
31188506 574958
31188508 731976
31188510 220138
31188511 502910
31188513 172630
31188515 1429416
31188517 913873
31188519 1429481
31188521 2167591
31188523 353528
31188525 258011
31188527 891660
31188529 654635
31188531 637156
31188533 1069246
31188535 362867
31188537 332214
31188539 137477
31188542 96766
31188544 440972
31188546 345149
31188549 1019046
31188551 760151
31188555 117310
31188557 1215996
31188559 52776
31188561 316555
31188563 1168975
31188567 962013
31188569 825946
2822519 699697
31188573 346532
31188575 86009
31188579 860765
31188581 2268123
31188582 3563662
31188587 343180
31188590 101071
31188594 1026040
31188596 832042
31188598 916558
31188602 1083419
31188604 996406
31188606 507833
31188607 464085
31188610 676770
31188612 140104
6370860 731515
31188619 228405
31188621 1335864
31188627 264076
31188630 827852
31188634 822643
31188639 822643
31188640 325919
31188644 576530
31188646 445686
31188648 1724799
31188650 513488
31188652 462986
31188654 1125261
31188658 348001
31188662 2404372
31188664 486194
31188666 1387058
31188668 109523
31188670 316453
31188673 173901
31188676 103342
31188678 93511
31188680 759229
31188682 983496
31188684 55340
31188686 301557
31188688 957528
31188690 1594227
31188692 299542
31188694 51998
31188698 344758
31188702 1029773
31188706 389904
31188710 1900623
31188712 318701
31188714 367380
31188715 367380
31188719 70337
31188721 262842
31188725 108319
31188727 858723
31188731 643886
31188733 98222
31188735 508792
31188739 324799
31188744 347275
9079048 826593
31188746 230553
5567181 295965
11392332 51831
31188749 291741
31188751 34446
31188753 198837
31188759 342239
31188761 202482
31188762 3075701
31188763 336755
9012523 94747
9012524 58040
31188765 84111
31188769 878077
31188771 632505
31188776 665497
31188778 2544044
31188780 158676
31188782 509558
31188784 1003192
31188786 932284
31188788 2250976
31188790 97127
31188792 1612843
31188794 830792
31188796 98510
31188798 325508
31188800 273294
31188810 641117
31188801 180780
31188813 900925
8168644 592007
8168671 328979
3209629 130349
31188815 328833
31188819 284728
31188821 65974
31188825 1445899
14809047 239805
7041036 342726
11505460 197711
31188828 397072
31188833 288535
31188835 932590
31188835 330745
31188837 1938361
31188842 109290
4082493 94288
31188846 1908485
31188848 669611
4082494 105187
31188850 869762
4082468 51067
31188852 3676910
10083124 51905
10096077 224632
12626951 126216
31188855 1680505
31188856 41211
31188858 2719220
31188860 243050
31188862 471568
31188864 370523
31188866 1002736
31188868 1002736
14783636 167536
31188870 979282
3470861 151559
31188871 50849
4441191 77422
31188873 636617
10061937 343225
14779360 217287
10061938 344215
31188875 171964
31188878 330180
6206305 219478
31188880 274126
4367441 579095
31188882 224732
31188884 56835
31188886 431479
31188892 830217
31188894 131815
11987702 430714
10082883 43893
31188896 1122130
6533645 154332
10092682 5457
31188898 830502
11505461 50960
31188903 665441
2908342 312628
31188905 48622
2908343 1577209
31188907 222998
31188909 213166
31188912 1308826
8059179 376072
31188914 912675
31188917 352096
2572426 862937
31188919 1854152
31188921 376172
31188923 1283804
31188927 313989
31188929 300803
31188931 107910
31188933 1606302
8059180 56113
31188935 688398
31188938 1925230
31188940 5810310
31188942 1740828
31188944 839507
8340826 222178
8340827 93490
8340828 698348
31188945 293695
31188947 450899
31188950 1927990
31188952 854644
31188954 333687
31188956 445150
31188958 333658
31188961 333535
31188963 1494732
31188965 333569
10063054 41917
10063055 176500
10063056 551462
31188967 43323
31188969 221190
31188973 180223
31188975 1003822
31188977 1042144
11084612 53079
12696138 252045
31188979 900250
31188981 836886
31188983 645362
31188985 55626
31188987 659192
31188993 348545
31188995 818761
31188997 654753
31188999 97376
31189001 507054
31189003 162460
31189005 5460
31189008 440773
31189010 216932
31189011 954715
31189013 886400
31189019 1732334
31189022 2292306
31189024 228617
31189026 15451
31189028 1242158
31189030 176541
31189032 213070
31189035 692670
31189037 981998
31189039 2120845
31189041 217210
10092683 831
3425202 190572
7576620 515801
31189043 866096
31189044 933162
3564916 1106488
11402103 20035
10184324 50136
4306159 166626
4306160 197487
7283799 104403
31189045 22602
31189047 858359
10053765 343902
12742935 110314
31189050 95948
13022184 99171
13022185 51275
10049172 17051
6217783 105229
6217784 303181
31189052 989719
6992453 172188
31189054 248617
6992420 283933
7083947 5461
31189056 122484
31189059 129759
31189062 362166
31189065 5596
31189066 1972203
31189067 56469
31189069 326973
31189070 202054
31189073 98662
11087134 54017
13004695 855621
13004696 50388
11033356 128212
31189074 224261
12562025 146221
10899930 345851
7083589 42883
3083863 755999
3564814 702189
3425457 151366
31189076 639957
31189078 939562
31189080 939886
31189083 1311632
10081584 519657
31189085 315282
10081585 212969
11479231 168419
31189087 1625423
31189090 1072693
31189092 116945
31189094 122189
31189099 1968048
31189102 85493
31189107 2580031
31189109 793144
31189112 100318
31189114 786917
12694265 961614
31189118 941449
13062629 72229
31189121 1039110
31189125 1721416
31189127 343130
10092874 220312
3083864 42616
31189129 1207671
3083865 134253
11389835 102667
11389836 37782
31189131 2278948
2390751 556219
11389837 42697
31189136 57093
31189138 883397
3834292 671093
4136680 349661
31189141 39566
11471095 99244
31189145 860214
11090976 339342
31189147 213626
31189149 445076
31189152 445089
11090977 177132
31189154 99516
31189155 333540
8176430 52916
31189158 39567
31189161 1557726
8176431 316575
13046115 285621
31189166 1430929
31189169 356918
31189172 1431004
11241356 94748
31189174 960218
31189178 1340029
31189180 395594
11552113 356974
31189184 1431216
3877474 111874
31189188 848735
31189192 425281
31189195 396491
10049173 96767
31189199 497893
31189202 317786
31189205 665644
31189208 213064
31189210 698349
3877475 51775
31189212 102670
10057471 225049
31189215 703726
31189217 309852
10057472 202586
31189218 345954
11556793 99582
11556794 330067
31189219 370109
31189221 457352
31189223 93661
31189225 532270
31189227 311572
31189230 853271
31189232 901051
31189236 97849
31189238 202407
31189240 322613
31189242 1223571
12791629 335394
31189243 669493
31189247 142031
31189254 401242
31189256 544286
31189259 170879
31189261 104529
31189262 155436
31189264 97074
31189266 454990
31189268 454990
31189270 376363
31189271 581832
31189275 100905
31189277 203404
31189284 394805
31189286 314780
3967769 110235
31189288 21101
31189290 96709
31189292 523886
31189295 889128
31189297 112010
4161371 220264
31189302 1401888
6586837 216938
31189304 333746
31189309 418814
7024386 56375
31189310 1755265
31189312 2053580
7210365 100733
31189314 1600568
31189316 660423
31189317 1949079
12631146 198583
5885090 104821
31189320 324083
2265021 355881
31189321 110236
2265022 19583
6459734 682850
2265023 323991
31189325 662349
31189328 471996
31189329 52723
31189331 97203
6001077 144277
31189332 96047
31189334 98038
8168645 50963
8168646 92825
31189336 200309
31189337 92988
31189339 368333
31189340 223272
31189342 21657
31189344 186737
31189350 112245
31189352 77739
31189354 221303
31189356 327088
31189358 1292629
4053055 1463729
31189359 736761
4053056 1055235
31189362 485027
10671509 915763
31189364 333744
31189366 609761
31189368 802720
31189370 22247
31189372 360934
31189374 284865
3177780 868072
2336306 946507
2510078 358945
2510079 65676
31189377 838121
31189380 324744
31189382 536092
31189384 94164
13154595 694757
31189386 1417156
31189388 652252
31189390 142165
31189392 88062
31189394 88062
31189396 407822
31189398 152826
31189400 95717
31189402 227465
31189406 318824
31189408 499216
31189411 294962
31189413 121844
31189415 887570
31189417 3462272
31189421 35308
31189426 1286129
31189427 250001
31189429 1091504
31189431 852710
31189433 1091494
31189435 252420
31189437 2181215
31189440 251586
31189442 691668
31189444 1475741
31189446 1522968
3020817 375676
31189448 1054830
31189450 226726
8229068 733379
8229069 327390
10091969 108744
10082884 202938
31189457 297870
10089754 881217
2944748 2145
31189460 108931
31189462 669180
3058389 983563
10082885 2367441
31189467 318508
31189474 121508
31189480 1150705
31189483 2817345
31189488 1575689
31189490 842868
31189491 916473
31189492 1277381
31189493 1951437
31189495 327368
31189497 173387
14783637 1682263
4292166 3724746
3177738 681634
31188843 892538
31189499 339996
4441192 687750
3425420 1303255
31189501 2661815
31189503 299768
31189505 764363
31189507 2306933
14783638 1562215
31189509 4031498
31189510 1787057
31189523 396293
31189525 2984787
31189527 3329043
31189530 2025887
6206243 1417787
7083590 1438124
6206306 195366
6206307 84115
31189532 2066342
4367442 937422
31189535 2032829
6256401 1197868
3554392 174183
7340079 194698
4367443 883599
31189540 914029
31189544 568335
31189546 1400981
31189548 107315
31189550 353765
31189552 18113
12566050 1775864
31189555 2489484
4260462 1211668
4260463 2349128
31189557 1004660
12662132 394808
6533646 744237
11494478 2096876
31189559 655259
31189560 816160
31189562 1674367
31189564 608160
31189566 192687
31189568 19585
31189570 391820
31189572 620374
31189574 686810
31189576 100319
31189577 668153
3562888 2439996
31189579 961085
31189581 782088
31189585 728615
31189582 332946
31189587 333953
31189589 911264
31189591 340341
31189593 5462
31189597 2988432
31189599 2148545
31189602 665614
31189604 324498
31189606 1553132
31189608 94808
31189610 959426
31189612 1848727
31189614 279083
31189616 775067
31189618 2144023
31189620 544472
31189625 1491487
31189627 1071981
31189629 109873
31189631 2835810
31189638 961577
31189639 961577
31189642 2048758
31189643 1204368
31189645 1204368
31189646 1204368
31189647 203358
31189649 899281
31189650 1465325
31189651 945704
31189654 839785
31189657 790527
31189658 831511
31189660 665749
31189662 1493798
31189664 110844
31189666 2114755
31189668 53885
31189670 343131
31189672 3150555
31189674 190195
31189676 833370
4011670 1775863
31189678 874078
31189680 979486
31189682 864439
31189684 832002
31189686 123683
31189688 923747
31189690 1518879
31189692 83923
31189694 609360
31189696 257811
31189699 895625
31189701 364294
31189706 1028748
31189715 1804620
31189721 1595513
31189725 1387207
31189727 1997942
31189732 640536
31189734 2486676
31189736 320382
31189740 569856
31189742 1123506
31189747 1646095
31189748 1123664
31189749 3071012
31189751 2493503
31189753 1981600
31189755 1141025
31189757 530882
31189759 660451
31189761 51832
31189763 1747235
31189765 809235
31189767 1723573
31189769 224627
31189771 960787
31189773 52917
31189775 920480
31189777 759695
31189779 226491
31189780 1123707
31189782 1767640
31189784 534191
31189786 671198
31189788 671232
31189790 409262
31189792 2344496
31189794 2557874
31189796 1409458
31189798 1506854
31189800 93430
31189806 106978
31189810 900573
31189814 904406
31189817 17880
31189817 384486
31189818 938315
31189822 352651
31189823 1660934
31189825 1667149
31189829 1210577
31189830 1822364
31189833 2285571
31189835 1054886
31189838 2773728
31189839 1194291
31189842 780031
31189846 347115
31189849 787147
31189851 1425150
31189853 1023826
31189855 899989
31189857 1731413
31189859 21989
31189862 743279
31189864 1425178
31189866 653206
31189868 630947
31189870 1198223
31189872 347904
31189874 892373
31189876 1425205
31189878 1103579
31189880 1425221
31189882 343036
31189884 977562
31189886 1738803
31189888 502459
31189890 1027159
31189893 343733
31189898 768562
31189900 224423
31189902 859787
31189903 365701
31189905 624547
31189909 109652
31189911 944426
31189913 340470
31189915 320102
31189919 1048660
31189921 362237
31189926 66895
31189930 412500
31189932 1342971
31189934 1343057
31189937 1239294
31189939 801238
31189943 3772270
31189945 2611068
31189947 38742
31189949 758790
31189951 1757333
31189953 336592
31189954 3368163
31189956 392708
31189958 3426269
31189960 1650266
31189962 2161902
31189964 1786942
31189966 3443094
31189968 346765
31189970 3960796
31189973 97539
31189975 2791913
31189977 889480
31189980 462315
31189982 342794
31189984 1636207
31189986 898057
31189988 1774658
31189990 340193
31189992 782812
31189994 462345
31189996 261853
31189999 124693
31190001 643916
31190005 1295564
31190006 85430
31190012 52120
31190015 1303490
31190018 445153
31190020 83939
31190022 109250
31190024 4198455
31190026 3034716
31190028 940992
31190030 667501
31190036 3343365
31190038 1081492
31190040 671149
31190042 1754133
31190044 332523
31190046 293905
31190048 299143
31190050 790425
31190052 324555
31190054 513638
31190056 1095207
31190058 14225
31190060 48326
31190062 22874
31190064 91908
31190066 78119
31190068 50715
31190070 373427
31190072 508793
31190074 1344066
31190076 95333
31190078 2272149
31190079 189091
31190082 387478
31190087 1839072
31190088 388897
31190092 442556
31190094 442556
31190095 442556
31190096 2405391
31190097 187200
31190099 53598
31190101 2319772
31190102 868205
31190104 2991980
31190105 339832
31190107 3049959
31190109 222318
31190111 930131
31190115 619190
31190116 1578708
31190117 1407117
31190119 51268
31190120 394511
31190121 927576
31190122 104407
31190123 100614
31190124 777609
31190126 927339
31190131 917988
31190133 831766
31190137 2249701
31190139 866131
31190141 712922
31190143 1162852
31190144 5393
31190146 322840
31190148 1706375
31190150 1400982
31190152 354570
31190154 966412
31190156 329412
31190159 96710
31190163 103416
31190164 166427
31190165 352018
31190168 524449
31190169 1706089
31190170 2348164
31190171 785402
31190172 1824451
31190173 352269
31190174 538729
31190176 215088
31190180 660146
31190181 611880
31190184 173213
31190188 1537983
31190190 343327
31190193 35775
31190200 501440
31190202 684482
31190204 99038
31190206 362061
31190208 88039
31190210 105526
31190212 84411
31190214 961434
31190216 160655
31190218 354664
31190220 222733
31190222 161796
31190224 224060
8271428 213168
31190228 2405572
31190234 299349
31190236 857256
31190194 336503
31190238 393563
31190240 330474
31190242 759697
31190246 314364
31190248 216026
31190250 157292
31190252 222723
31190255 346486
31190257 154224
3280048 49903
31190258 349982
31190260 92465
31190262 242452
31190264 110315
31190265 257215
31190265 340600
31190267 157928
31190269 1082047
31190278 100512
31190282 5849
31190284 252908
31190286 488862
31190288 217288
31190290 333747
31190292 320962
31190294 94693
31190296 858787
31190298 626173
31190300 346667
31190302 345205
31190303 588801
31190306 323562
31190311 219826
31190313 369500
31190315 109558
31190317 100868
31190319 285250
31190321 849715
31190325 476808
31190327 251161
31190329 256650
31190332 1042785
31190334 1372345
31190335 251763
31190337 221026
31190339 325609
31190341 3044351
31190343 3044351
31190345 3268831
31190347 394570
31190349 3436435
31190351 3059064
31190353 100561
31190360 861020
31190363 861020
31190365 214267
31190367 697332
31190369 616661
31190371 2802390
31190373 842943
31190375 395514
31190377 395089
31190379 1416339
31190381 1611692
31190383 3374562
31190385 881533
31190387 271450
31190389 95547
31190392 408278
31190395 1581171
31190398 765060
31190400 3014967
31190402 341304
31190404 2114244
31190406 1009967
31190411 1167577
31190414 2284988
31190417 323327
31190420 108226
31190422 509598
31190424 1717346
31190426 2576828
31190429 2606095
31190431 308646
31190433 226592
31190435 1680700
31190437 2039541
31190440 3270964
31190442 811716
31190445 3374672
31190448 660211
31190451 1836137
31190453 396492
31190456 1492041
31190460 293486
31190462 340291
31190464 1941552
31190467 518683
31190470 1074449
31190473 925300
31190475 488814
31190477 414989
31190479 3580742
31190481 569966
31190483 445158
31190485 1719170
31190487 49225
31190489 109830
31190491 2404578
31190493 1217267
31190496 1085576
31190499 390414
31190502 827487
9837370 1449977
31190504 1699317
31190507 1382317
31190510 1198916
31190519 318586
31190521 4858436
31190523 1005372
31190525 1448967
31190529 375908
31190531 638621
31190533 224840
31190535 2901952
31190537 2921539
31190539 2161306
31190541 1028593
31190543 342695
31190545 345114
31190547 699185
31190549 995554
31190553 364365
31190555 19594
31190556 4575647
31190558 2133610
31190562 678359
31190564 51656
31190568 1515591
31190570 107625
31190572 1182917
31190574 1097902
31190575 1658417
31190576 1403120
31190578 664352
31190579 246775
31190580 1058778
31190583 515322
31190585 1165552
31190591 94891
31190598 361763
31190600 905530
31190603 618175
31190605 286637
31190607 325289
31190611 95797
31190613 3161004
31190615 900229
31190619 898520
31190621 1310574
31190624 324846
31190626 99993
31190628 945948
15146416 962380
31190631 122805
31190633 458057
31190638 889803
31190640 856760
31190643 1003030
3667070 882910
31190648 354375
31190650 860457
31190652 962405
31190654 790035
31190656 2683382
31190658 543974
31190660 2729134
31190662 2948877
31190664 672329
31190666 1485561
3737864 662159
31190671 1704662
31190673 222066
31190675 673946
31190677 1754499
31190679 299354
31190681 534281
31190683 2359134
31190685 436329
31190687 1586016
31190689 1716454
31190691 1310948
31190693 853204
31190695 2289023
31190697 120919
31190699 939454
31190700 859512
31190701 364504
31190704 641717
31190706 4869039
31190708 4869055
31190710 2833875
31190712 1814274
31190714 678931
31190716 217646
31190718 325983
31190720 41800
31190722 858160
31190727 756228
2871195 1852810
31190732 2391282
31190736 1694187
3625595 640304
31190738 1757415
31190740 850228
3541514 396958
31190742 886402
31190745 1724150
31190748 369764
31190751 3454047
31190753 2655627
31190758 4870655
31190760 1146837
31190762 2591103
31190764 608416
31190766 937983
31190768 216756
31190773 1724271
30926828 128
31190775 2759440
31190777 393102
31190779 1255276
31190781 888355
31190783 888355
31190785 3572569
31190787 2622516
31190789 645097
3889717 940194
31190793 651773
9643926 815947
31190795 1020613
9620885 92331
31190798 899022
31190804 1262908
31190806 819485
4324906 101778
4324907 877944
6213945 142240
10082634 333786
31190808 819876
31190810 1920551
31190813 1681442
31190815 6514
31190816 893863
31190818 488423
31190820 677075
31190822 871799
31190824 1475029
31190826 374044
31190827 48929
31190830 922590
31190831 922590
31190832 1340967
31190834 2259421
31190836 630860
31190838 2266771
31190840 1657937
31190842 62106
31190844 813637
31190846 332904
31190848 1334086
31190850 1611862
3549268 189402
31190851 740675
31190856 916848
31190857 697411
31190860 391104
31190862 447082
31190866 100231
31190868 665182
31190870 1777838
31190872 93522
31190874 103354
31190876 1592025
31190878 1196558
31190880 1419654
31190882 2633447
31190884 658916
31190886 2569015
31190888 684275
31190890 897786
31190892 4705469
31190894 506384
31190896 671574
31190898 296100
31190900 1801504
31190902 2530963
31190904 166807
31190906 63511
31190908 116960
31190910 332859
11097792 3891382
31190912 346672
31190915 740651
31190916 1719448
31190917 226745
31190919 913530
31190920 4009932
31190922 3254906
31190925 3054797
31190927 3009064
31190929 349147
31190930 249937
31190931 3199899
31190933 249875
31190934 506636
31190936 1340624
31190938 365968
31190946 1752613
31190948 597647
31190950 2128000
31190953 1708418
31190954 53430
31190956 2840417
31190957 1448921
31190958 658964
31190960 665641
31190962 112011
31190964 96197
31190965 104320
31190967 651772
31190969 889648
31190970 218518
31190972 338911
31190974 343992
31190976 353531
31187217 1749572
31190978 361810
31190980 785988
31190984 108045
31190985 175421
31190987 884237
31190990 884237
31190991 431952
8468766 343397
31190993 914624
31190995 2985014
31191000 226282
31191002 1580632
31191007 1329722
31191011 960675
31191014 667706
31191016 952120
31191018 699852
31191020 334563
31191021 795032
31191023 952106
31191025 951933
31191027 1178578
31191029 435392
31191031 2121881
31191033 1082818
31191035 686719
31191037 349889
31191039 2066792
31191041 848890
31191043 332906
31191045 1178671
31191047 622285
31191049 1726617
31191051 434763
31191053 397232
31191055 2314964
31191057 1831669
31191059 1487846
31191061 224118
31191063 92466
31191065 497132
31191067 1068433
31191069 2837772
31191071 1289248
31191073 863823
31191075 945779
31191077 694028
31191079 1789646
31191080 1629216
31191082 957412
31191084 786011
31191086 4149251
31191087 863770
31191089 3359418
31191091 3805107
31191093 2072057
31191095 2582901
31191097 1025983
31191099 167924
31191101 221025
31191107 1757842
31191109 393189
31191111 51654
31191113 100907
31191114 531027
31191115 499307
31191116 1414277
31191117 401454
31191118 670870
31191119 466730
31191120 817950
31191121 739608
31191123 1722242
31191125 911931
31191126 97708
31191127 339476
31191128 1056554
31191130 1601233
31191132 1191404
31191134 53244
10831347 53604
31191136 1329933
31191138 2057
31191140 2713865
31191143 1027801
31191145 1510795
31191146 674548
31191148 915149
31191149 642752
31191150 362173
31191151 451672
31191152 78190
31191154 606520
31191156 1776739
31191160 1454959
31191162 361847
31191163 1292974
31191164 349480
31191166 944664
31191169 4597653
10440026 1510730
31191171 338722
31191173 653285
31191174 154037
31191175 1708310
31191177 347777
31191178 3346045
31191181 1231512
31191184 364949
31191191 926939
31191192 3202498
31191193 3202498
31191194 3202498
31191195 878266
31191197 739571
31191199 3345956
31191204 96486
31191205 227136
31191210 582016
31191212 1536047
31191214 4885138
31191216 1300097
31191218 1510653
31191220 3106137
31191222 1343604
31191224 666719
31191237 2182844
31191238 642892
31191239 1049898
31191240 249824
31191244 344178
31191245 2261989
4213721 1595046
31191248 671021
31191252 374294
31191254 814008
31191256 54945
31191258 1024434
31191262 1510293
31191264 1034794
31191266 943440
31191268 1696094
31191270 157929
31191275 1228297
31191277 685282
31191279 896796
31191281 1310713
31191283 693645
31191285 2011464
31191287 1763559
31191289 608347
31191291 1426847
31191296 102047
31191298 849130
31191300 1659889
31191305 1601234
31191308 4052084
31191310 366282
31191312 2538244
31191314 4272091
31191317 671551
31191319 871341
31191320 107626
31191322 1344322
31191324 651678
31191326 2285426
31191328 52192
31191330 976376
31191332 916391
31191334 1420431
31191336 288915
31191338 2785757
31191340 976420
31191342 332657
31191344 2134627
31191346 2471146
31191348 904121
31191350 1140061
31191352 457489
31191354 349148
31191356 227539
31191358 140515
31191360 907335
31191362 909825
31191364 1425675
31191366 603214
31191368 1425704
31191370 1425723
31191372 39363
31191374 928173
31191376 118149
31191378 108415
31191380 651063
31191382 1425824
31191384 1425843
31191386 1423830
31191388 882678
31191390 2873574
31191392 31620
31191394 918584
31191396 349504
31191398 325984
31191400 818536
31191402 1101512
31191404 1768330
31191405 1087746
31191407 1710033
31191409 107849
31191411 3899696
31191413 625825
31191417 883457
31191419 2455515
31191421 53553
31191423 2358024
31191425 54120
31191427 324316
31191429 1920465
31191431 1493513
31191433 140460
31191435 1840310
31191437 1711646
31191439 946717
31191443 1436736
31191447 2601533
31191449 1002207
31191451 218808
31191453 2905629
31191455 2433381
31191457 664657
31191459 1401946
31191461 87886
31191463 649865
31191465 2306165
31191467 829522
31191470 914030
31191472 338912
31191474 915163
31191476 343993
31191478 800162
31191480 2125421
31191482 1353781
31191484 231962
31191486 962560
31191490 1140096
31191494 205992
31191497 353767
31191499 136498
31191501 102970
31191503 1681472
31191505 1624251
31191507 1626980
31191509 1708117
31191511 3424437
31191513 2189136
31191515 3070394
31191517 332857
31191522 386761
31191524 2873555
31191526 810011
31191528 765624
31191533 405087
31191535 1850733
31191537 2777911
31191539 175954
31191541 354502
11375909 486420
31191543 954215
31191545 650903
31191547 1727009
31191549 1579655
31191554 854198
31191556 593434
31191558 1675153
31191560 4890591
31191565 407823
31191568 4747785
31191570 631215
31191572 82272
31191574 296542
31191576 39079
31191578 3148424
31191580 504308
31191582 224522
31191584 2273500
31191586 1595981
31191588 1640518
31191590 2543823
31191592 340670
5575399 2298601
31191594 988078
31191596 1904573
31191598 225234
31191600 799279
31191605 2602731
31191607 3439899
31191609 217008
31191611 2979696
31191613 194695
31191615 946035
31191617 584026
31191619 1797343
31191621 2725655
31191623 1090042
31191625 1724980
31191627 863727
3968315 442193
31191629 876025
31191631 506453
31191633 1408833
31191635 416172
31191637 1735858
31191640 1448570
31191642 1374909
31191644 339204
31191646 351531
31191648 2997741
31191650 1381631
31191652 1823434
31191654 2384231
31191656 325538
31191658 3102060
31191660 3102092
31191661 225518
31191664 1016054
31191666 828914
31191668 100557
31191670 3750846
31191672 1018852
31191674 1394681
31191676 977558
31191678 2308262
31191680 996063
31191682 2427123
31191684 297153
31191686 2994820
31191688 4052581
31191690 1418874
31191692 396655
2741480 1038216
31191694 1321839
31191696 4891537
31191698 1035147
31191700 480320
31191704 2067639
31191706 319013
31191708 4891610
31191710 1155796
31191712 346489
31191716 344423
31191718 880193
31191720 480316
31191722 1082135
31191724 1742230
31191726 480343
31191728 1098911
31191730 426825
31191732 2279113
31191734 392388
31191736 1660109
31191739 1616353
31191741 1772005
31191743 857261
31191745 1710911
31191747 2145468
31191749 49103
31191751 1436594
31191753 1777855
31191755 948084
31191758 1229837
31191761 1658869
31191763 681204
31191765 797981
31191767 480324
31191768 1671977
31191770 480311
31191772 355579
31191776 537564
31191778 907913
31191780 1033765
31191782 324644
31191784 480345
31191786 1420428
31191788 480349
31191790 926588
31191792 480347
31191794 645103
31191796 867005
31191798 402039
31191800 1186008
31191802 630891
31191806 1402392
31191808 865936
31191813 926523
31191815 1913165
31191817 861772
31191819 2286075
31191821 2690409
31191823 1432313
31191825 880296
31191827 1304541
31191829 1423588
31191831 121018
31191833 4892250
31191835 663876
31191837 374679
31191839 339001
31191845 226746
31191847 606521
31191849 828404
31191851 2529015
31191853 523366
31191855 8092
31191860 98854
31191862 2230259
31191865 2489810
31191867 977001
31191869 3328928
31191871 1445702
31191872 146506
31191874 938850
31191876 975805
31191878 1745930
31191879 2171164
31191881 2171164
31191883 316438
31191885 486773
31191885 691004
31191887 1665859
31191889 1984567
3564917 921189
31191891 2018957
31191892 1339305
31191893 1031691
31191894 173972
31191896 2681681
31191898 2467914
31191900 93520
31191902 1066419
31191904 1210942
31191906 681681
31191908 360881
31191910 721850
31191912 3161685
31191914 1249373
31191919 857149
31191921 2947093
31191923 3544239
31191925 87887
31191927 1634601
31191928 1754452
31191933 1752100
31191935 1615436
31191937 461330
31191939 458025
31191941 2757092
31191943 1544575
31191946 1250972
31191948 609182
31191950 2082442
31191952 3301484
31191954 2127551
31191955 2624857
31191956 1391482
31191958 413506
31191962 2748910
31191963 879954
31191965 879969
31191967 792553
31191969 1615835
31191971 365100
31191973 1128772
31191976 381250
31191978 1158772
31191980 3062293
31191982 312774
31191984 199436
6370861 396778
31191986 1106190
31191988 1675051
31191989 19700
31191992 51077
31191994 1718745
31191996 21102
31191998 95248
31192000 1978152
31192002 613374
31192004 200060
31192006 358786
31192008 744565
31192010 907584
31192012 2150719
31192014 216075
31192016 332550
532186 226406
31192018 1142375
31192020 293979
31192022 381562
31192023 120308
31192025 130414
31192027 1059320
31192029 102967
2840337 1027286
31192031 332578
31192035 277416
31192037 329340
31192039 285881
31192042 849880
31192043 1202297
31192044 160826
31192046 78042
31192048 480922
31192050 51282
31192052 502384
31192054 97977
31192056 654795
31192058 298977
31192060 435450
31192062 1316595
31192064 269315
31192072 376279
31192072 401353
31192074 333633
31192075 739703
31192077 104530
31192079 240202
31192081 1743853
31192083 4279085
31192086 962559
31192089 267546
31192091 1426146
31192093 53862
31192095 1426175
31192099 996899
31192101 352598
31192103 1079547
10184865 488630
31192105 1294158
15929325 4884803
31192106 2867790
31192107 817599
31192108 403685
31192110 928084
31192111 1497632
31192113 2042218
31192115 341746
31192117 695187
31192119 3560131
31192121 2161158
31192123 1580618
31192125 3164539
31192126 120915
31192128 792933
4213722 2708632
31192129 3053244
31192131 2288479
31192133 2288479
31192134 347230
31192136 740191
2576537 346094
3060878 18892
31192138 1347522
31192140 2218989
31192142 1798905
31192144 696668
31192146 1536321
31192148 688086
2720549 3214553
31192150 195929
31192152 2224837
3470853 205334
31192154 1077712
31192155 655361
31192156 655361
31192157 784330
31192160 389627
31192161 2571656
31192163 342609
31192165 931283
31192166 180314
31192167 551669
31192168 1326257
31192172 441941
31192176 309596
31192180 1275192
31192182 180225
31192183 882696
31192186 2788394
31192190 551736
31192195 507096
31192196 2162688
31192198 365698
31192200 231509
31192201 1308033
31192203 4281618
31192205 654069
31192207 18423
31192209 554377
31192211 2161707
31192213 3148805
31192215 96670
31192217 1344414
31192219 1475818
31192221 537475
31192223 1671223
31192225 4878416
3667071 1526672
31192227 3443750
31192229 3773924
31192231 322786
31192232 1042333
31192233 336478
31192237 386508
31192239 871573
31192240 2916385
31192242 2525382
31192244 663147
31192246 4135908
31192248 2019756
31192250 674478
31192252 686584
31192254 920168
4052961 2657540
31192256 837912
31192258 901285
31192261 341185
31192263 1030517
31192265 3429703
31192267 174758
31192270 348126
31192271 99705
31192272 78929
31192273 3077500
31192274 450818
31192275 51833
31192276 333453
31192278 172017
31192280 1758451
31192282 284147
4264670 1812645
31192283 961555
14851976 912042
10050643 268741
31192285 356934
31192287 4288293
31192289 391819
31192290 1278402
31192292 95949
31192294 108746
31192296 94806
31192297 1535227
31192299 1420867
31192301 1848857
31192303 3425246
31192305 860612
31192307 756481
6969485 903820
31192309 2405459
31192311 923969
31192313 2933656
31192315 3441742
31192317 65040
11999454 867035
31192320 874056
31192322 1016592
31192324 1733540
31192326 4873728
31192327 5342
31192328 879302
31192330 160739
31192332 973816
31192334 1400727
31192336 372357
31192338 520760
31192340 80045
31192341 383540
31192343 170198
31192347 91906
31192348 278847
31192349 1568595
31192351 221885
2723781 104531
31192353 1993054
31192356 2472996
31192357 1749083
31192361 1993017
3101289 631823
31192363 624725
31192364 425819
31192366 135509
31192367 4196765
31192368 71410
10093494 1403582
31192370 124032
31192372 891734
31192374 829587
31192376 217045
31192378 1753547
31192380 1798379
31192382 1649515
31192384 2724674
31192386 648933
31192388 465149
31192390 500334
31192395 226205
31192396 660800
31192398 52839
31192402 4687388
31192403 4868303
31192405 536719
31192406 241524
31192408 3448163
31192413 4867652
31192414 1199117
31192416 2975470
31192419 2053
2840583 1746080
2840584 1746080
2840585 1746080
31192424 23655
11049522 538060
31192426 892095
31192427 4866482
31192430 2881486
31192432 24809
31192434 889949
31192436 3926
31192438 7593
31192440 1405784
31192442 25027
31192444 842869
31192446 8902
31192448 31258
31192450 9623
14852298 1096670
31192452 33227
31192454 2144359
31192455 13193
31192457 28079
31192458 10677
31151495 316247
11182397 914625
31192460 330400
31192462 3529422
31192464 651950
10085465 483785
31192466 95336
31192468 667657
31192470 1263926
31192472 396494
6946668 2267225
31192473 7256
31192478 1772814
31192480 1249159
31192482 86902
4441193 925700
31192483 569620
31192484 1249523
31192486 219573
2510235 3177802
12729565 289226
31192490 461308
31192493 633384
31192498 220615
31192500 117011
31192501 38527
31192503 3171161
31192504 112447
31192506 676040
31192508 213276
31192509 1922352
31192511 67009
31192513 685716
31192515 1418257
31192517 332348
31192519 95193
31192520 259950
31192528 307997
31192529 216939
31192531 141974
31192535 485086
31192537 412207
31192539 295450
14963856 606656
31192542 2736691
31192546 3343621
3737248 928682
12616050 832308
31192547 578027
31192549 1090034
31192551 479466
31192553 419416
31192554 453808
31192556 196389
31192557 224742
31192559 2252333
31192561 3810317
31192563 2808847
31192565 102720
31192566 318425
9535517 1016774
31192567 788376
31192568 19590
31192569 1415706
31192571 1721089
31192575 395364
6411692 1301983
11084009 1951932
31192577 1672837
31192578 361513
31192581 101072
31192584 1821127
31192586 93662
31192588 2480395
31192590 1304630
31192592 452491
31192594 598824
31192596 363943
31192598 887736
31192599 341882
31192600 1848502
31192601 393458
31192602 151493
31192604 220051
31192610 31172
31192612 1374015
31192614 13086
31192617 31451
31192619 24216
31192620 7806
31192622 7952
31192623 24515
31192625 9967
31192627 956606
31192630 10100
31192631 9625
31192632 10348
31192635 417787
31192636 5620
31192638 25666
31192640 14677
31192642 25768
31192645 364066
31192647 3214679
31192648 578078
31192651 4875160
31192652 639225
31192654 580551
31192655 283554
31192657 402579
31192659 34941
31192660 332947
31192662 819627
31192664 1365852
31192666 573868
31192669 99900
31192671 139588
31192673 352695
31192678 874198
31192680 3598342
31192683 1199385
31192684 462461
31192690 2502337
31192692 4894173
31192694 226299
31192696 955512
31192698 2645556
31192700 761914
31192702 3106053
31192704 359336
31192706 1041522
31192708 2425713
31192710 775035
31192712 2458038
31192714 1438397
31192716 1077922
31192721 1849613
31192723 3325842
31192725 944775
31192727 2876676
31192729 1755533
31192731 989953
31192732 908368
31192734 4894345
31192736 4262564
31192738 961620
31192740 1381300
31192742 1758346
31192744 2885510
31192746 1249328
31192748 1792675
31192750 1125517
31192752 1312114
31192754 226300
31192756 99251
31192757 1585022
31192759 313760
31192761 173573
31192763 696408
31192765 1673996
31192767 276927
31192769 2270120
31192771 3484505
31192773 794035
31192775 2433823
31192777 1213020
31192780 573977
31192783 1249230
31192787 582428
31192788 100051
31192791 479262
31192792 363286
31192796 520697
31192801 230234
31192803 659848
31192807 342241
31192809 41709
31192811 181478
31192816 432469
3382487 1407007
31192819 94516
31192824 329359
31192826 600966
31192830 200825
31192827 126782
31192832 288090
31192834 91380
31192836 156267
31192841 224734
31192843 283028
4306664 209912
31192845 397389
31192849 339195
31192851 84946
31192853 668045
31192855 395841
31192857 255737
31192862 151052
31192864 333689
31192866 135609
31192868 65479
31192870 317464
31192872 86013
31192874 709455
31192876 686492
31192878 627857
31192880 809104
31192882 497616
31192884 385473
31192886 649394
31192888 625934
31192890 178359
31192892 332422
31192894 431325
31192896 996156
31192900 384484
31192902 1020463
31192904 696761
31192906 313042
31192908 162645
31192910 397290
31192912 410104
31192914 213169
31192916 303222
31192918 362960
31192920 636958
31192923 344035
31192925 783429
2908344 98988
31192927 41920
31192929 797617
31192931 368402
31192933 103163
31192935 678801
31192937 218800
31192939 364373
31192941 1007114
31192943 579809
31192946 322057
31192951 110318
4441267 1017587
31192955 96435
31192959 401505
31192962 285123
31192965 742240
31192967 137998
31192969 132379
31192972 221979
31192974 49534
31192976 554198
31192978 981950
31192980 962602
31192982 537840
31192984 330582
31192986 722687
31192988 623552
31192990 534503
31192992 635180
31192994 143418
31192996 675852
31192998 880068
31193000 237080
3737249 902967
31193002 2122846
31193004 1362183
31193006 612721
31193008 318828
31193010 225594
31193012 137566
31193017 330183
31193019 346161
31193021 276180
31193023 336763
31193025 344259
31193027 295716
31193029 337083
31193031 234893
31193033 412243
31193035 660798
31193037 384487
31193039 89895
31193041 57415
31193043 1175032
31193048 489184
31193050 387019
31193052 150930
31193054 263476
31193056 469315
31193058 340059
31193060 502458
31193062 1057139
31193064 48997
31193066 323170
31193068 645042
31193070 18135
31193072 316894
31193074 626593
31193076 724384
31193078 19071
31193080 264212
31193082 87883
31193084 675375
31193086 327232
31193088 170097
31193090 219629
31193092 133242
31193095 360805
31193097 279335
31193099 567937
15003365 32217
31193101 103518
31193103 452688
2363757 283829
31193105 346711
31193107 221362
31193109 387630
31193111 48776
31193113 10790
31193118 275722
31193120 333038
31193122 532831
31193124 516344
31193126 572071
31193128 180932
31193130 48995
31193133 302054
31193136 110787
31193138 550956
31193140 96769
14356607 352883
31193141 676655
31193142 1169568
31193143 1754467
31193144 234767
31193146 432758
31193147 132493
31193152 131420
31193153 52046
31193154 119009
31193156 83208
31193157 687846
31193158 364001
31193159 279688
31193160 182040
1783352 269202
31193162 132685
31193164 1246503
31193167 336223
31193169 459910
31193178 688942
31193179 275230
31193180 245224
31193181 649180
31193182 299425
31193185 171963
31193186 106657
31193187 432353
31193188 448032
31193190 169956
31193194 926937
31193195 926937
31193196 926937
31193197 1785531
31193198 1785531
31193199 515193
31193200 101827
31193201 107100
31193202 391310
31193203 61342
31193204 498130
31193206 153227
31193208 84325
31193210 117483
31193212 1194834
31193213 144230
31193215 121059
31193217 83930
31193218 457201
31193219 189168
31193225 278157
31193227 285910
3975044 76396
31193228 1305577
31193231 365151
31193233 96194
31193234 339829
31193235 566555
31193238 33675
31193239 5161
31193241 584773
31193244 219479
31193247 1596559
31193248 165657
31193252 440444
31193253 295147
31193255 1650288
31193258 584285
31193259 433631
31193261 346817
31193262 445642
31193263 626416
31193264 217004
31193267 295620
31193268 486814
31193269 49453
31193271 1336664
31193272 124796
31193273 326496
31193274 475758
31193275 403728
31193277 102149
31193279 348207
31193281 96571
31193284 358901
31193286 17046
31193288 828718
31193290 858288
31193292 630332
31193293 352151
31193297 1315269
31193299 117685
31193301 109098
31193303 180781
31193316 431509
31193318 98897
31193322 271220
31193324 828439
31193326 213065
31193327 168356
31193329 208130
31193331 101710
31193332 1706313
31193334 261455
31193336 480576
31193338 327613
31193340 72381
31193341 103801
31193343 173058
31193345 74964
31193347 280773
31193349 220616
31193351 215185
31193353 87116
31193355 1089535
31193366 510441
1243458 48996
31193368 643438
31193370 584659
31193371 566330
31193373 479815
31193374 399147
31193376 1124000
31193377 656319
31193378 331651
31193383 689208
31193385 287978
31193387 1041305
31193389 594808
31193391 634889
31193393 360658
31193395 353763
10085466 911133
31193397 115637
31193398 216892
31193400 924881
31193402 54111
31193403 1491126
31193405 995631
31193407 962349
31193409 1152353
31193411 949666
31193413 400700
31193415 21103
31193417 325059
31193419 521658
31193421 1618192
31193423 340531
31193425 212966
31193429 190418
31193431 325920
31193433 650682
31193434 942906
31193436 325372
31193438 473755
31193440 40837
31193441 775717
31193443 403059
31193445 1096074
31193447 173967
31193449 362026
31193453 643266
31193457 226499
31193458 202231
31193460 648881
31193462 552880
31193464 196791
31193466 84663
31193468 1147897
31193470 295678
31193472 815854
31193474 601513
31193475 83127
29587603 111812
31193477 863654
31193479 800326
31193481 234728
31193483 147077
31193485 426106
31193487 624852
31193489 296030
31193491 333206
31193493 467681
31193495 44053
31193497 109826
31193499 116952
31193503 896540
31193505 295602
31193507 1028553
31193508 2150265
31193510 500847
31193512 1246100
31193514 671147
2880754 146428
31193515 51431
31193518 149752
31193519 851334
31193522 555385
31193523 555385
31193524 828223
31193526 1203636
31193528 150556
31193530 43216
31193534 295704
31193536 101892
31193538 634129
31193540 236423
31193541 659933
31193543 185072
31193547 360991
31193549 96158
31193553 300633
31193555 219109
31193557 408101
31193558 185081
31193560 408242
31193561 620537
31193563 276554
31193564 357066
31193566 58043
31193569 185092
31193572 185092
31193573 336682
31193575 52998
31193577 367955
31193578 238361
11554225 110845
31193579 17967
31193581 153672
31193583 96823
31193588 150268
31193590 107608
31193595 16409
31193601 51069
31193606 146125
31193611 144350
31193615 76285
31193617 46436
31193620 147167
31193622 135706
31193624 83931
31193626 154625
31193631 328780
31193636 177264
31193638 179588
3051418 97927
31193640 222322
31193641 359977
31193647 757103
31193648 193101
31193650 216579
31193651 1406944
31193652 211890
31193653 104608
31193654 223921
31193659 18112
31193662 255374
14819776 342403
28763244 44866
31193663 65225
31193664 67175
31193666 338944
31193667 734528
31193668 803933
31193669 1232168
29594637 98658
31193670 124901
31193671 213929
31193672 52403
31193673 175614
31193675 540399
31193677 201429
31193678 154266
31193679 468045
31193680 103541
31193683 415734
31193684 216944
11332401 338574
31193685 831857
31193688 322357
31193689 211563
31193692 891905
31193696 858357
31193697 361304
31193698 2054415
31193699 99585
31193700 226291
31193703 221226
31193705 361706
31193707 521620
31193710 178443
31193712 142067
31193714 869425
31193717 361228
31193719 831279
31193720 271960
31193722 104746
31193728 98759
31193730 117096
31193732 311447
3307330 56377
31193734 45765
31193737 349966
31193740 111138
31193742 462525
31193743 218354
31193744 361085
31193745 350975
31193746 103861
31193748 326924
31193749 336225
31193751 307149
31193756 924533
31193757 924533
31193764 662034
31193768 31613
31193773 47364
31193774 39914
31193776 364791
31193778 90336
31193779 842775
31193781 402554
31193783 988287
31193785 157102
31193786 252861
5810880 167371
31193788 361086
31193791 53952
31193793 83933
31193796 2032894
31193798 126396
31193799 269882
31193801 192829
31193803 227537
31193804 1461288
31193806 225889
31193808 1640744
31193810 51065
31193811 103350
31193813 988261
31193815 316696
31193817 78058
31193819 132608
31193821 35459
31193823 636210
31193826 388375
31193828 93715
31193830 338575
31193832 109364
31193834 895693
31193836 815199
31193838 189553
31193840 99778
31193842 303106
31193844 85923
31193846 113478
31193848 145677
31193850 1376934
31193852 235131
31193854 35965
31193856 118455
31193858 131730
31193860 60848
31193862 53860
31193864 791074
31193866 899205
31193868 103213
31193870 137031
31193872 86410
31193874 213279
31193876 294241
31193878 104322
31193880 389371
31193883 520934
31193885 218734
31193887 63612
31193889 107977
31193891 790295
31193893 137865
31193895 93878
31193897 874199
31193899 19308
31193901 259951
31193903 63256
31193905 41910
31193906 668773
31193908 362961
31193910 97850
31193912 952768
31193914 1072415
31193916 109600
31193918 197712
31193923 353530
31193925 466343
31193927 342527
31193929 137262
31193931 103634
31193933 484796
31193935 431480
31193937 394571
31193939 418213
31193941 49531
31193943 66669
31193945 597203
31193947 597202
31193949 441447
31193951 209102
31193953 884865
31193955 157454
31193956 1528777
31193958 47643
31193960 570638
31193962 1855105
31193964 782925
31193966 979077
31193968 322551
31193970 200005
31193972 363485
31193974 923438
31193976 52142
31193978 511856
31193980 895309
31193982 664779
31193984 1553040
31193986 129417
31193988 78465
31193990 240683
31193992 108199
31193994 241544
31193996 121381
31193998 129033
31194003 70487
31194005 131912
15939982 64015
31194007 135190
31194010 35465
31194012 99525
31194014 43998
31194016 129285
31194018 45555
31194020 129244
31194022 57007
31194024 126829
31194026 13707
31194028 80329
31194030 240932
31194032 126022
31194034 130795
31194036 240411
31194038 47075
31194040 92499
31194042 735647
31194044 34489
31194046 336128
31194048 636034
31194050 902402
31194055 505359
31194057 37190
31194058 282561
31194060 1452948
31194062 385820
31194064 105231
31194066 38019
31194067 65014
31194069 128705
31194071 125840
31194073 17290
31194074 15330
31194077 130163
31194079 95296
31194081 206207
31194083 131849
31194085 246503
31194087 14219
31194089 37144
31194091 158832
31194093 140187
31194095 487338
31194097 201817
31194100 941139
31194102 1867274
31194104 8362
31194106 912040
31194108 534477
31194110 415568
31194114 411139
31194119 150397
31194121 246899
31194123 306435
31194125 597762
31194127 19072
31194129 47367
31194130 100478
31194132 785675
31194134 524343
31194136 909471
31194138 659727
31194140 332713
31194142 893008
31194144 403376
31194148 397100
31194150 397390
31194152 214971
31194154 830625
31194156 793951
31194158 96770
31194160 2325111
31194164 127421
31194167 596695
31194169 392962
31194171 2193993
31194173 273237
31194175 685966
31194177 283331
31194179 353310
31194181 309440
31194183 131668
31194185 105190
31194187 360993
31194189 385821
31194191 113271
31194193 1291727
31194195 16216
31194197 58143
31194199 392183
31194201 848383
31194203 163416
31194205 1286304
31194207 581801
31194209 1299426
31194211 394982
31194213 517550
31194215 611845
31194217 397259
31194219 107009
31194223 449451
31194225 146324
31194227 167266
31194229 401153
31194231 858834
31194235 1304676
31194237 715652
31194239 312013
31194241 295317
8744073 99402
31194245 308150
31194247 109198
31194249 467358
31194253 148655
31194255 1095689
31194259 236895
31194260 221843
31194262 95634
31194264 473614
31194266 232712
31194268 922229
31194270 658702
31194272 660886
31194274 500932
31194276 337567
31194277 831655
31194279 394936
31194281 311820
31194283 295772
31194285 878767
31194287 1002446
31194289 126906
31194291 53519
31194293 329411
31194295 101039
31194297 53116
31194299 1005994
31194301 358781
31194303 756341
31194305 505328
31194307 332680
31194309 629991
31194311 628417
31194313 219665
31194315 448221
31194317 147251
31194319 620309
31194321 373127
31194323 1608905
31194325 112013
31194327 38479
31194328 496212
31194333 300804
31194335 927792
31194337 299543
31194339 438195
31194341 203764
31194380 318443
31194382 629903
31194384 208329
31194386 223088
31194388 896541
31194390 384485
31194392 1124278
31194394 387018
31194396 94886
31194398 105274
31194400 265994
31194402 68046
31194404 639184
31194406 914990
31194408 23657
31194410 446344
31194412 900742
31194414 329499
31194416 363944
31194417 310297
31194419 249484
31194421 99707
31194422 844194
31194424 554776
31194426 619963
31194428 1389157
31188802 99901
31194430 1021158
31194432 78379
31194434 162732
31194436 212615
15902276 21196
31194438 86823
31194440 126991
31188803 213509
31194442 393910
31194444 783454
31194447 541460
31194449 1071105
31194452 96483
31194454 337453
31194456 413550
31194458 274640
31194460 112014
31194462 623893
31194464 949020
31194466 331279
31194468 413322
31194477 822170
31194479 965694
31194481 858888
31194483 322106
31194485 1251013
31194490 639245
31194492 512158
31194494 389457
31194496 1118761
31194498 305516
31194500 97896
31194502 92240
31194504 1485352
31194507 863790
31194509 963612
31194512 84797
31194514 301151
31194516 1021727
31194518 51835
31194520 1252936
31194524 1552892
31194526 47456
31194528 1153297
31193450 357573
31194530 42698
31194532 421508
31194534 1579054
31194536 532098
31194538 42806
31194540 224946
31194542 397391
31194544 1418480
2576538 1039905
31194546 231965
31194548 298843
31194550 918210
31194552 149298
31194554 871572
31194556 330882
31194558 53474
31194560 163482
31194563 673243
31194565 394197
31194567 190184
31194569 224510
31194571 1345275
31194573 890307
31194576 648636
31194578 109688
31194580 678929
31194582 1487845
31194584 789679
31194586 961051
31194588 1993475
31194590 306172
31194592 836889
31194594 328514
31194596 324552
31194598 198386
31194600 331194
31194602 78660
31194604 999879
31194606 440316
31194608 946318
31194610 453333
31194612 412240
31194614 46845
31194616 36180
31194618 289157
31194620 376284
31194622 655448
31194624 670130
31194626 929450
31194628 1724763
31194630 23041
31194632 1103078
31194634 1393024
31194636 1349521
31194638 675376
31194640 459674
31194642 145319
31194644 393974
31194646 325867
31194648 915713
31194650 41927
31194652 97128
31194654 217820
31194656 102921
31194658 844818
31194660 221976
31194662 493280
31194664 764188
31194666 584877
31194668 352063
31194670 100517
31194672 328099
31194674 407408
31194676 340338
31194678 424751
31194679 219830
31194681 110791
31194683 952720
31194685 102747
31194687 224950
31194689 639088
31194691 495284
31194693 197073
31194695 526304
31194697 355632
31194699 915209
31194704 497530
31194711 504316
31194713 959777
31194715 859676
31194717 51836
31194719 74713
31194721 2306415
31194723 548176
31194725 136134
31194727 109358
31194729 764377
31194735 1041231
31194737 136191
31194739 48442
31194741 537600
31194743 405234
31194745 53304
31194747 53744
31194749 628715
31186787 193512
31194751 225150
31194753 886401
31194755 356019
31194757 294299
31194759 100777
31194761 53781
31194763 395956
31194765 265991
31194773 361649
31194775 98992
31194776 91625
31194777 474067
31194779 110009
31194780 2533473
31194782 546623
31194784 478767
31194785 323444
31194786 102231
31194787 75652
31194790 216474
31190733 893124
31194791 887614
31194792 70251
31194794 1692887
31194800 884909
31194803 614728
31194805 3179158
31194808 324236
31194810 460119
31194812 153262
31194815 342873
31194817 896207
31194819 99990
31194821 347571
31194823 349146
31194825 90337
31194827 350366
31194829 659849
31194831 345359
31194832 462548
