6181221 720995
4932313 644244
236747 508684
804675 1078134
5003135 511952
5003152 914369
1068620 8076
2810325 336761
9674559 474418
9674599 953146
1504803 789727
9674678 660120
3211122 2425783
208380 624595
110 831
4921822 213628
1360261 111138
1862306 227538
618673 52507
4997890 697641
236535 721244
9679387 869763
209589 327666
4918680 979547
3892727 104687
1889148 380310
1889148 278398
374706 903939
9685056 58553
3316360 428797
626203 66527
9686676 104830
9692071 332986
1488413 1625
9692583 396608
9692882 1306852
444928 93660
1206224 364334
510177 1204745
52033 217533
1095833 219830
2974239 232685
3310702 46845
39597 162201
117018 376447
212867 108470
246113 734692
9694704 51273
7244622 1264315
9694817 1740701
5695756 671314
988203 345044
1514179 1623713
9697447 240649
986936 1581171
252077 701498
1364050 83424
5003270 157951
9700981 665749
506734 118312
9701858 858723
751981 638552
281491 790264
1196970 102041
132874 78774
1481071 55923
3340339 1002822
209811 633743
9702827 916789
404217 977562
1617575 858117
9705330 2930625
4988771 43403
9709653 689453
39251 160243
9710042 407821
9710053 187505
9710076 1640729
9710123 4751328
9710130 658705
8095372 365607
9710998 1157543
246440 735431
9711163 405444
9711914 238003
9712421 56927
9712501 405234
988204 1308590
9715381 397460
804581 1305577
9716029 841506
498518 52046
9717424 2514062
2666482 361040
407177 25886
1226115 131887
629373 689509
9701139 70658
110243 354419
2573749 877627
208470 324242
7332146 2185252
9723747 93511
3552447 1392604
632906 544298
9725298 318901
9725529 930620
9737744 924079
9739928 222751
9740007 2485177
55322 228408
1724853 109688
9740610 99838
8145708 53744
9741015 915055
2353765 1312143
9741767 1077477
445752 316026
9742290 326857
722750 1004883
9742413 152411
9742479 135706
190155 97411
9742854 427029
9743254 1801562
9743528 219891
506735 274126
9744113 1965620
1373378 103212
9748187 36767
4602024 2382134
9756803 3537051
1365426 54062
202473 119698
1270078 1591712
4631921 582480
10097884 797339
1685441 788822
190135 50388
58180 57093
319907 863902
1400497 1244085
2577197 649807
329210 53079
993573 1335504
993186 593396
321292 869333
1902647 218489
208407 624748
407979 1043431
22635 122804
1367241 170048
1037168 670722
1196752 906916
2676271 3154415
124766 2860
1759482 234124
694083 272199
393543 48573
10098378 670130
10098388 1724763
606181 1343542
4840829 898491
2964927 68451
2747818 181095
373699 976706
122790 402825
703962 861208
208381 61500
237804 724522
40193 165039
403126 756479
160346 504135
10663855 323096
10671715 548188
10672020 1017994
1904602 909687
3392086 1823434
1013592 307580
10682120 888355
10682825 332216
863896 691226
122918 403055
965856 319689
626583 890402
2685060 313733
1624235 1086265
11645250 927352
11645367 910274
328412 654860
11651661 790735
173563 91626
635823 1373822
11654265 915231
608460 312863
936607 425276
11972485 285910
8035639 343225
12306422 1574964
160263 502908
4961695 820813
13255251 809501
6396002 394808
13255300 630891
401393 859803
2979475 218398
2256991 18112
13255595 427542
13255620 670875
4114959 1742980
264026 762393
124767 367611
9678245 1065148
122340 93490
22364 122364
505899 1197739
13256510 3222211
13256517 202106
173195 534477
635219 47642
141047 92718
13256586 175947
13256597 46167
13256961 673103
13257037 1147660
13257050 1019008
408496 103634
1395055 1828473
994518 208330
533675 1246820
326019 532927
167297 520760
38729 79987
3001068 51067
701463 333406
42229 173969
13257797 1232390
3887389 2409551
124768 94749
123075 403376
3552386 2970500
976009 261266
68094 256853
215659 654753
210278 94443
117428 377303
125464 129458
1363551 1051117
160395 504253
629 5754
49383 209913
13260222 881492
13260265 106977
640233 1311327
13260453 3329897
505283 546045
1013448 898730
406961 639183
160331 103867
275779 219937
1369047 828251
667749 853539
993882 1840156
2219619 381184
13261869 1745334
13262218 345521
13262401 80182
3548054 284021
624840 1363393
106366 173968
106367 221975
13262789 2053944
116849 375906
210002 95196
211393 361082
3115 39292
13262965 444124
99383 329221
16813 86646
96813 326083
8660873 2556745
160456 504445
48977 208721
13263782 344396
161019 47953
49991 17880
4908349 1746240
256845 452906
2069808 765925
120710 24713
13264714 919690
124715 218355
1036536 1900991
3993957 140106
110467 355300
746533 1525844
7016653 396129
7256820 3943668
1519997 1304629
13265300 336719
106645 350894
208793 39646
504844 1196479
13266643 904582
285160 365739
53071 219667
209619 633176
58181 237871
13267490 877088
13267724 175652
404692 1032144
2629004 1331326
5138092 333605
111154 154332
49168 26075
40302 165501
5635177 312588
5713 48844
3619766 225048
13269101 86651
13269286 2346043
124716 55922
3616073 1775863
13270513 139708
1040408 613255
208934 340337
208383 345892
53634 220778
124883 407573
815590 21100
123400 91562
13271043 97344
113195 369672
1525506 1355621
13271239 941139
4908399 2292684
765501 224070
1839638 979972
13271372 154490
13271390 4873017
49129 208329
629656 822557
13271725 651880
13271754 322788
87088 296889
13271819 716267
13271877 1720516
124959 407866
498420 95101
13272027 3050077
49992 211430
817879 708196
13272537 94805
13272599 4858436
5933061 3971342
2964986 2864796
507306 176500
54160 221493
52315 217936
13279372 507414
626489 1364566
13279630 3146565
8195308 739299
4462683 1494462
13282780 344258
3514520 391401
295757 101175
790218 1442022
387262 100734
13283232 186826
407239 314023
322704 427543
13284096 293985
3063519 452688
530917 692670
1327810 716151
5174067 395032
13285212 1426094
13285434 4761
13285486 484438
1344796 1146730
1453203 526304
506311 1198291
86628 132665
440298 635986
124717 406859
13286396 335129
1404001 720561
3642269 201114
318438 269110
721053 730138
160301 503498
7168100 291764
13287246 3109620
4259859 1409
3123478 60764
209590 632985
13287896 110044
13288330 1063719
1045337 578895
2562588 806218
13288917 63649
13289103 438048
160896 506781
403773 1028360
13289778 131950
4919442 908674
444945 433867
1462394 99120
620256 52142
237888 431480
4638732 418794
13290806 1391404
123138 403972
206960 393567
1973187 103697
210501 109745
620333 70121
13291796 724384
13291871 2566470
1835038 901956
326021 880514
13292356 1300972
13292534 3431623
13292576 877294
160718 332420
13292918 257338
58182 237894
352766 144485
55287 224522
640491 701960
1889376 340834
13293907 142915
1360263 1297765
1365249 264566
208471 100684
13294810 88601
4920188 2991981
1371954 534273
13295371 324801
13295421 736468
502890 841983
815591 238005
216016 655361
41763 171919
2181156 2918838
506138 109872
8492712 1402392
13296796 1479316
13296937 639025
3496419 1306449
2239066 10098
1362986 344613
13297238 4143984
537243 386757
13297262 109556
1195896 607424
160897 161418
506536 1198468
4944080 332285
13298221 3529873
504833 146128
215648 654707
986856 471682
13298528 3116419
13298541 708470
13299083 2213320
1798401 20942
412033 849955
4633722 380010
13300272 149167
884644 711023
864649 1084992
13300489 1023999
38779 158523
13301095 528587
1402985 349127
13301166 412240
13301702 351357
13302497 1943156
13302541 501573
13302915 198128
13302977 1405784
13303094 296325
106368 170594
4114531 397389
4841476 33574
536874 286843
1193312 967985
13304078 3099219
636768 1138441
13304182 3531806
13304517 94513
625809 216027
1360809 2236849
1839639 2645577
13304991 84796
210322 216891
211397 442776
13305409 921701
237806 724540
643561 1350720
406996 360730
13284941 1407042
4247718 742091
880507 1696916
1855737 1493209
13306156 299669
1363356 2239497
4915918 1993943
2251439 98038
503883 100371
13307584 97967
13307766 1853394
3893034 1536225
1363469 2239524
506686 1198915
9026706 24603
13309790 52508
13309936 53373
13310030 3031592
1773441 677910
13310361 36009
13310740 349384
3181074 431841
622155 332063
13311128 1278057
2440455 285563
208936 66895
13311480 507658
4903193 345365
319910 123407
13311817 892440
13311921 365305
48978 180781
441501 311276
12491214 24514
13312729 648145
3566219 3900071
13313204 3043168
6446 58191
13314325 849532
721846 818649
13314821 3071012
13314915 222732
4903167 2170711
2816665 2435041
96989 215318
13316372 78211
3771141 710951
714772 1473957
13317148 1050425
5004181 307135
209504 632611
406511 807208
390179 635308
1624177 208417
1036145 926619
505150 87519
13318407 278157
2324304 999879
1198214 873005
4248852 225805
408497 540496
13319832 895931
3870231 882142
13320174 103354
2908154 3447664
13320686 2683484
643429 51238
13314327 502799
164834 516796
804678 1262896
160940 497829
3404311 224950
4966733 351960
322705 872094
3729094 1789594
3552388 260907
8749566 911908
13322201 373324
1036562 1840144
68098 256912
13323537 425778
779368 959503
209449 213821
221460 682367
13324495 153479
13324511 2438113
13324594 370685
3612593 3216550
13325149 2001241
4918868 1405780
2976419 2915029
13327208 1067654
13327257 3328466
13327281 1829820
1193313 1718581
49724 210660
123871 405406
13328145 112006
13328509 961435
13328509 2063289
6270403 391824
2220309 427351
13330653 1009852
13332509 1110234
142477 163882
505587 172690
4947422 316536
13333482 2726674
13333503 3899541
11919115 1812616
4976288 101893
3036389 434445
13338429 1576258
13338846 1308125
13338881 2463103
13339286 664571
3698691 2288498
286478 328983
1774024 2509058
13341959 53645
412094 1049898
504730 1196227
49093 209123
13345154 231427
4250652 59850
13346317 3358269
13346349 436353
13347249 670618
48980 208817
48874 208483
13347784 1278631
160807 506482
13348470 43324
13349054 677413
13351370 139046
3892772 224647
13345156 898154
13353208 669401
631072 136498
4414412 269850
498372 1184516
13355591 551355
39257 160353
13357335 1060069
13357354 672747
13361561 316367
13361671 531815
13362007 1740642
791972 1582610
13366845 4764
13369875 442287
13370075 1002
1089909 275968
13376555 4152975
13382023 3477654
126586 17129
13384653 119008
4976324 424319
13387072 3271239
9393091 853204
13396479 10545
4976294 112617
1044589 1907128
3119428 731470
13413466 394098
251473 743425
13429289 534415
13437161 877863
13478142 308684
988840 770322
3263518 2801718
2075770 2831684
1097201 295772
14766510 3189113
1901154 630588
1199917 325283
10319898 373265
1567590 577914
160457 504512
14769057 3950336
395108 1004961
48755 208130
225746 130282
14769812 532831
504499 529490
1042678 1905600
123340 404575
630963 445994
124961 327196
3893105 45819
14632257 659727
4950921 50963
2437172 1813012
13341906 1491487
124770 407067
1367303 336504
48757 208196
1906809 19306
502892 858359
39258 160370
14882438 3859085
14882552 337318
14883223 172500
23026 124693
1395225 327487
817705 1624184
215986 178146
210219 637156
14883747 126598
172792 532927
14883926 224513
14884059 96336
14884119 1639813
628157 1085155
14884327 1147460
2968958 1584032
369659 264889
122794 402849
14884752 421905
14884771 212375
162147 306064
48758 208222
14885150 806590
4977557 98381
124773 407167
14885744 831512
14886062 1241023
627060 1365056
2583050 52229
14886255 2522650
1096751 1064098
14886286 1986568
123234 404191
14886397 626541
3591697 40042
14886512 595574
14886549 295570
382917 332395
4903211 688944
2826474 3391495
13345157 489184
4900584 507794
14887601 597202
2530869 367295
1199468 2075674
14888007 1400190
14888059 1620523
1362987 332062
295608 118267
4950598 574958
160721 124626
14888299 267484
14888433 3060797
2581269 2053580
14888550 331847
14888665 2543450
3188949 1299426
14888687 95893
14769162 931180
14889495 630946
14889532 392712
14889563 718093
4966712 877187
1864624 580614
955460 461547
14889872 41919
14889934 86649
7812894 79784
2114 22644
14891194 241085
14910493 672300
14932488 142165
11596618 99402
8300188 1702416
1036976 339518
14961578 334576
14963693 96284
14968662 676039
526195 35613
14992535 2141779
15013766 800791
2252326 1783054
15025596 50530
15025924 285538
160459 504572
15061441 2047805
15090022 2438238
15093223 364254
15100500 74175
15110285 549879
15115193 9161031
3188950 394982
125110 233871
1037206 235554
627061 660553
407243 505714
15126006 1004857
15128729 3180037
12000008 322303
15136282 745306
15138353 99470
8300141 369452
15146556 1069045
15165635 37363
15167640 379816
13315640 397492
638740 242882
407335 1040783
1362988 41912
15826390 64123
15826551 1493513
123077 258043
7053397 1732687
426804 132287
13284943 23911
506629 308514
209541 632731
215030 653804
623681 51072
504846 975803
637063 1374070
15827934 424827
210652 638246
1196794 857997
15828103 2718723
122798 1628
503770 677075
15828924 465577
2243710 810250
212876 219107
15829455 392118
631419 5656
12051169 688198
110583 355405
504211 893060
15829788 316792
15830607 897807
15830678 101507
1016836 1735438
1012755 349090
15831113 209946
15831146 3367613
15735211 1662317
326025 880554
15831514 2611068
124885 93721
160723 340600
160942 507054
15832008 2948577
1036791 446546
1434150 2207234
10278935 1869472
15832514 94967
620059 230165
15832548 255158
210546 390788
15832570 1201574
202912 240527
15833000 3670613
15833299 54019
15833425 39812
15833498 1129042
2511128 22660
15833699 2945815
507640 535577
208473 256261
15834085 93544
355293 40306
208049 620044
621419 1211669
648371 671278
295758 817711
1198840 2075455
1372923 1406660
15835961 4362279
15836627 417344
2252327 1124000
2588431 2301596
15837330 677828
864301 446346
15837550 1005229
15837881 298106
15837915 3248734
124886 407680
636296 46802
15838438 922678
15838503 16230
15838511 297987
620124 169492
382918 993298
15839425 412619
504212 445274
3798215 803608
48763 208329
15869527 3765070
225844 338796
210164 636812
682555 300714
4099156 865866
15878266 627773
504847 1196557
403127 705584
15883300 2209996
161218 507560
320885 662925
625811 396611
987653 1047617
160612 505962
48983 208874
15890798 387585
624844 327232
15892776 322284
15898467 1429416
3394370 369088
18269817 2545980
629617 669996
629617 1366845
17613092 892399
18919859 7118100
19031031 988262
18357314 38852
5350144 732995
21609040 862889
4918782 1788467
22340965 668773
22343626 3687368
208052 620132
1192754 9174
22373105 389830
623839 392673
288515 805045
22384556 12558
22387886 822169
1773693 988902
1193098 106431
296874 819831
4414602 761887
640612 1377380
22406521 633384
22398046 329088
22406968 720754
211275 640192
124967 408085
22408833 1829220
22408930 352096
22409046 890375
22409348 111083
22409517 739892
13317320 54016
22409994 1541096
124779 407383
1360570 544286
22410237 945238
22410249 98165
211278 429268
22410517 349193
208255 623849
635009 445546
326355 749466
22411206 457900
22411247 396697
22411296 322837
22411303 2942489
22411313 108043
807597 790780
530704 1241500
4253151 1912169
22412124 470760
621544 362271
22412383 687864
208475 624992
1199470 206275
22412942 612424
2998927 440973
3870318 190417
22413072 665219
22413124 621262
22413711 224514
638423 1375417
22413718 173265
22413790 487369
22413802 333411
341559 931689
22413925 48775
22413947 326270
22413977 9088729
1402988 2277553
22414006 942457
22414653 2250976
22414674 726456
22414847 1630894
161160 507416
210757 639291
22414976 341136
22415112 483962
1193744 1394015
412053 1049824
22415194 5393
22415493 1304676
22415579 409740
22415634 401544
506812 1199428
623175 45818
18839011 54585
402935 53810
160811 453999
22416287 1080991
406459 592993
400736 333693
22416798 527375
624282 511839
13321303 13086
22417460 339406
160726 506268
22418078 2771158
504394 392387
22418442 384672
22418600 933700
22418809 369909
22418980 2991990
407666 1041756
1196530 762055
22419253 325535
22419355 3504136
22419607 1228080
1301862 883560
22419724 3565413
22419827 1310530
1049760 1912003
22420108 721886
22420127 1091847
4249017 1262778
22420259 316390
1786335 2602787
1199570 687342
623513 521136
22420540 2426499
1199921 2076025
22421024 107938
22421463 333821
22421733 367304
1366179 2242797
22422447 523782
4248968 35778
804683 1338408
2831698 2049243
13372593 205643
1049820 1912075
22424519 345962
623841 340530
13299157 386687
626241 945850
721060 1481019
22425001 5036252
124969 408123
4250065 2066205
22425338 349805
22425682 346959
160727 345525
1014548 1347555
4939732 2288299
22426326 1019194
22426378 102424
1045955 408665
22427343 99397
22427624 859512
403915 46763
22427687 374356
22427811 2285571
22427828 341133
22427986 791229
506047 243073
22428254 3989600
22428539 1450770
403782 359433
406765 322951
22429748 309782
22429755 264789
39805 163239
3002297 1162137
4114532 104746
22430106 2206601
22417025 724360
1567677 902169
1373714 344567
1373380 1393329
506262 1198209
431323 858583
15838239 355579
1790217 413949
22432064 394895
320264 328943
22432132 94295
1902997 897469
653145 95098
1042597 1905417
22432411 54064
22432436 2873710
365376 349527
1038495 174758
4976322 105379
503701 1193637
22432981 907880
22433270 2826654
22433429 637492
4641711 790608
160400 504308
22433900 164539
22433921 1983101
22433970 510353
634363 550849
22434139 343495
160769 506384
923915 1202934
22434759 462647
22435129 614367
22435413 2337065
22435487 1719695
22435492 875921
22436183 253629
22436402 213076
2831700 94688
22367614 413816
161311 107067
13304186 858482
22437270 1255856
625763 461702
1017021 1566289
124684 406530
22437495 871994
4771438 1463800
22437615 441385
22437678 98229
530746 869911
2976883 35289
295668 817500
22418081 1564873
3001755 3518306
22438836 41922
22439038 3420252
22439262 1660425
22439391 942040
632672 51994
506196 364106
22439739 96768
322711 872214
1040478 1904336
22441255 952898
22441309 1560347
4900588 2783794
427531 288535
22441502 47639
122858 278517
22441765 1577213
22442046 1753004
22442163 92446
22442194 1003971
22442535 1226191
383068 993746
526123 1002821
22442613 1934634
22442627 363536
1360657 351614
640186 1376799
22442776 263476
408479 547734
504234 1194691
507519 343131
22443916 541470
22443935 103630
22412251 1281827
22444022 858863
637789 49069
22431549 490689
22444535 86448
3125536 642955
994088 1643892
4248332 523692
22444627 134877
641729 95718
22445763 1751061
22445793 1578782
18833952 1186793
506049 1197880
22446115 906568
22446583 1226444
22446722 645226
22446910 83120
22446929 1552720
4247213 494274
22447381 1695386
22447393 4721720
22447631 2735704
1866190 1407524
22448455 2791594
22448742 291829
9680342 566875
643046 1382006
621131 1002443
22449046 333834
22449126 171917
22449303 1804620
22449589 21892
4462685 2601074
623430 1362183
22450234 153312
22450267 2229980
22387557 1139705
623842 248536
22450735 96435
16076322 443929
160902 506912
13310382 179330
621256 387585
1012112 605697
22451785 803754
22452007 1182519
640617 1174430
22452145 142164
503051 1193107
22452602 1911180
160904 506947
22452983 308517
406139 515402
1037365 1290503
1199474 780138
208767 105233
295613 663045
860853 298188
22453610 96115
18866601 3460987
22453856 1168021
22453982 881147
171911 530882
124786 407488
22454157 642563
22455084 916472
22455150 305447
498424 618175
1456482 95849
22455628 1674367
22455650 219935
22455657 19590
506378 605832
22455804 391863
9693738 462525
22456835 1444540
22422465 356210
4525790 407136
1373678 352244
655411 1397707
623843 52722
504646 321150
22458360 606980
1030750 33483
22458779 2736243
22458797 2038943
2076235 1199227
505741 1197683
1040338 47746
22459139 998484
217174 360321
2831615 1507334
22459542 1985667
1364019 1987151
625817 49225
22459941 51186
22460009 1725420
2314868 3023463
110591 98437
13310413 480441
22460658 347048
22461040 213276
22417026 468051
39276 161078
210035 635221
22461473 917300
3591698 19417
208478 95479
22461893 388850
208287 624142
124974 169561
666423 181901
22462136 487061
22462205 1830522
666424 189478
22462289 324974
22462316 75210
22463549 367552
22463563 378686
976012 588491
124975 309
640096 624594
22464604 902354
22464622 343769
22465045 547869
22465474 655091
643197 893222
2437396 302381
22465614 1216619
22465883 284181
1489892 1716451
424310 246341
3867690 660081
640255 1376934
160949 469997
208658 626449
22466909 664352
22467084 607224
22467106 1351478
22467156 36588
22467404 786283
4247571 432102
22467503 189680
22467567 9967
643092 51908
22467690 613649
22439491 1160622
22467719 6564342
22467797 605632
506909 1199442
22467936 2111998
22468154 292288
22468236 347275
16814 86689
16161877 1426632
2057742 336223
22469374 1098197
22469638 3544239
22469660 3157950
22469726 432409
22470054 1854290
22470314 4884633
22470352 519082
14778473 549949
7045487 109421
22472038 354467
22472695 102966
22472916 142334
14465550 1854152
22472929 177868
22472974 369353
14883226 4427701
628119 1365984
22474022 1085180
22474181 336756
124978 142916
22474275 924358
22474618 1968902
22475145 428907
22475558 471211
22475981 1346013
506051 341074
22476596 1672998
22476851 717937
124790 407534
22477200 84108
22477395 483845
1383907 540816
22478238 1099883
986662 255761
22479048 686235
2126377 1673751
22485969 287250
22486690 1823676
22486722 267365
1365432 443682
22488057 633043
2075958 1818658
220773 2053
22489810 1358018
14882741 895934
1363564 2239656
221482 683143
22491951 118192
22492341 992484
22492657 3476954
22492854 1417760
22492880 838278
22493138 1446716
22494829 295715
16019332 1015286
22496315 971445
210759 639308
1555869 1672290
506743 1199138
22498707 4389904
22498864 2073895
2975753 1602773
22499155 2467139
352780 942505
23663762 2123930
1410064 436871
5930140 1427740
22439133 17122
5080691 1097009
3394278 619488
23665376 4870871
23665867 2818554
208389 624723
23667245 440863
355296 99252
2070525 1050809
23667917 628650
23668180 230057
3740857 818840
23668234 1303390
23668262 2291438
1360863 52335
23668950 1519211
23669132 216892
22409802 215088
2075259 1493378
23669943 1593328
23670473 879159
23670535 123379
23670651 2884701
23670902 2068972
23671047 1126290
23671397 706457
23671926 54408
23672076 1339439
39282 161265
23672251 691745
23672268 174236
23672598 842797
2671375 3150555
23672770 252586
23778555 989719
23797799 994874
23828170 164839
5741 49799
24151243 309048
24151960 2561478
24252208 3117261
24256050 1641757
22499109 107102
211291 640626
25393161 849870
26375335 174542
11586581 98759
4867006 321152
12596228 487163
28310489 218117
208390 473938
29029185 2337713
29029204 515075
29029435 923308
29029465 3571734
29029481 822180
29029487 1198847
29029489 102296
29029671 684083
4997952 861120
29029725 802518
29029738 461821
29029958 53973
29029963 4611680
29029970 571320
29030053 248263
29030083 1722952
29030106 853336
29030142 995302
29030149 170047
29030150 1193957
29030158 2407896
29030301 1463365
1141094 2012584
29030597 367550
29030625 681383
29030728 350374
14899040 488423
29031014 670128
29031039 312678
29031120 3915825
18842466 388658
1012910 637801
18834362 739657
1361395 386616
15827584 2616571
19168459 350306
1902588 1513081
4946355 552880
15826950 1157107
18479086 2218216
19121981 105588
19257822 516639
18834414 3246060
4259864 1055057
18281965 965642
18840288 229120
3224517 2177753
966656 1806507
4930213 2759698
30734894 292799
30734906 1659958
4389151 1007294
2029667 1668653
30735131 231454
1412466 110970
209548 632819
3248377 2651910
3256343 1067134
2259746 1465036
32936839 803747
32940678 226083
32944061 148234
32947313 126762
32947861 363949
32948083 445271
4963043 324799
32948349 397260
218257 340930
33027953 889898
33028432 1439577
33028846 1029450
33028917 108623
33028996 19994
33029058 386327
33029063 1909613
33029226 1005994
33029230 628733
33029235 756341
33029237 332680
33029239 628417
1906821 457765
33029246 3015157
33029248 873376
33029379 572829
33029399 478801
33031551 346816
33033497 659302
33043120 3330374
33135609 1099102
33137981 1199515
33138069 207614
33140835 1427223
33141295 2934915
33141483 150516
33142211 397998
33149889 1425704
33157600 688951
33162665 1365523
33164559 289707
33164569 2925044
33164662 101649
33164711 133219
33164753 130154
1036487 922608
1198123 1613301
34362548 2165883
34370183 1460084
34395760 95950
34421773 19047
282002 299709
34426691 2433542
34438302 472226
34473084 201295
4995185 927892
2257784 1730752
34557312 478887
1013583 1147411
34675369 340190
34675413 1606301
35021793 1023826
35055930 2564070
35055938 538043
35056509 1461034
35056662 6875386
507098 975606
35056904 552804
35057312 665519
35057357 2054315
35057923 2774031
9680835 1116354
35058714 918825
35058921 35869
4906247 1601261
13304211 335824
35059767 1501851
1390068 2263477
817713 444304
986869 441520
35061675 3689726
35078688 880028
35081008 670996
35086803 508258
35339650 1190308
35772624 531390
1044934 52839
35774066 11281045
506064 662954
35836464 723404
35842895 4599721
2029670 51524
36853806 1705757
1233981 1121634
36856853 338732
36858967 2613346
10098142 1751891
1397313 2163509
37803568 1489534
2234619 87215
38115801 95201
38673503 740191
37814320 675270
33164036 1413
39452836 1526942
39453135 2982799
39453141 3232686
39453168 403793
39453185 3140826
39453244 1088007
39453320 2545893
39453863 369189
40010681 327667
41627882 1169808
41627901 3488606
41635585 173550
41636598 3145268
41636663 883361
41881653 103167
994343 1840884
1408947 1722037
18713297 4238295
209481 632575
43211739 774010
43211900 2497798
43211910 493223
43213258 615472
43215837 1439112
43234348 332624
43235810 4542408
43451523 588849
43451811 320268
43464928 333790
43468129 449985
43480856 608797
43592592 65891
43599761 1348772
43693839 3075105
43695768 72775
43211904 240412
43774669 1441840
43815032 1285032
44906006 395594
45106645 109250
45158830 63609
45161179 621385
45164610 80421
45170287 3163889
45191865 251455
45346790 350302
45346791 544163
45346792 2459542
45346793 923863
45346794 213505
45346795 903130
45346796 1429208
45346797 1870304
45346798 140104
45346799 991610
45346800 312630
45346801 126765
45346805 142606
45346806 114870
45346807 381076
45346809 3330256
45346810 314077
45346811 218518
45346812 1423992
45346813 882678
45346815 962560
45346816 291957
45346817 1700685
45346818 2505369
45346819 331500
45346820 109831
45346822 2068325
45346823 4867766
45346824 856847
45346825 5545
45346826 1857278
45346827 1490767
227166 701924
45346828 1177438
13347029 152291
45346829 625241
4201591 1296490
45346830 1170742
1198125 506851
1198126 490549
45346832 863517
45346833 433117
45346834 610924
45346835 1116306
45346836 1119557
45346837 445574
45346838 1579479
45346839 1632436
45346840 1310487
403824 1029204
45346841 879745
45346842 3062082
45346843 2050558
45346844 5178810
45346845 2892027
45346846 649388
45346847 17046
45346849 340207
45346850 1626204
45346851 3067200
45346852 1069185
45346853 2374658
45346854 2615464
45346855 3559597
45346856 216942
45346857 195751
45346858 161238
45346859 4011160
45346860 6334823
45346862 1711740
45346863 725460
45346864 1390275
45346865 1830778
45346866 41925
45346868 45346869
