5039939 5039955
5040383 5040390
5042166 5042191
5058838 5058842
5065066 5065081
5067373 392851
5067832 5067841
684645 1437326
5069807 5069831
5073572 5073582
5074676 5074687
5088239 3247399
2571590 3211385
5108683 5108693
5116231 5116240
5119779 5119799
5126685 4377023
5142298 5142309
5145349 2915395
5147282 5147289
1414189 2287140
5170219 1514267
1782679 356205
5186236 5186247
5186686 5186693
5201255 5201270
5204837 5204847
2707253 121264
5218946 5218966
5219083 2680846
3669350 1487856
5228774 5228787
5232539 5232547
5242133 1813125
5244753 5244774
5252235 5252250
5252926 5252941
5258266 5258278
5274674 5274687
5275508 5275515
5281616 5281632
5283216 5283231
5284584 5284596
5286447 5286454
5287508 5287518
5287938 5287954
5288431 972277
5297096 5297112
5300777 1812619
5311800 5311806
5328169 5328174
5329273 5329307
5330611 5330622
744782 1522803
5365629 5365651
5366948 5366965
5378855 5378862
5404255 5404265
5412709 5412739
5412855 783448
5414987 5415006
5436094 4118086
5448641 5448649
5461566 5461582
2378002 3069649
5501663 5501680
5510484 5510498
5516034 5516047
4835966 4836059
5539487 5539499
724638 1487491
5587499 5587515
5608462 5608467
5627948 5627959
5640643 5640657
5641884 5641903
141472 446076
141472 446077
5656663 899514
5659654 5659660
5661683 5661701
5669302 2475286
5685876 5685883
5688343 5688366
5688368 5688394
3996059 1812652
5698390 5698413
5703128 5703148
5713322 5713326
1842622 2648173
5717953 5717972
5720470 5720476
5720477 5720493
5720529 5720543
5720619 5720633
4835967 4836106
3055710 3552930
5726110 5726134
5731236 5731257
5755403 5755416
5756756 5756767
5758689 2356691
5760372 5760380
5762789 5762813
5766579 5766585
5227959 5228001
329337 892850
2623738 3251337
5789048 5789059
5789464 5789481
5789715 5789736
1640842 2483872
5797734 5368184
5798824 5798847
724645 213086
5801657 5801671
5802480 5802494
3054288 3552064
5820162 2358027
5836458 5836464
724648 1487942
5862266 5862281
5869957 5263251
5876163 5876174
3031133 3537141
5878890 5051719
5881467 5881477
2874207 3423905
5899838 972782
5900891 5900920
5911495 5911535
5921695 5921698
5928906 5928917
5933278 3651430
5933833 5933845
5940243 5940260
5947497 5947523
4836215 4836313
5948256 5948282
5949853 5949872
5949908 5949924
5949942 5949959
5959052 5959066
5961688 5961702
724653 1488140
5981120 168775
5981120 5981137
743952 1521528
5989538 4442506
5990467 5990470
5993897 5993911
5994764 5994773
6008107 6008135
6010523 6010534
6015247 6015267
6016981 6016997
6017891 6017903
6027242 6027252
744773 1522646
534832 1250975
6045601 6045606
6063910 3697931
6064200 6064225
6077709 6077726
6079780 2380325
6087517 6087539
977269 1820879
6089215 6089233
6099091 6099116
6101236 6101251
6102926 6102937
6106314 6106329
6106486 6106512
6107810 6107842
6109422 6109432
6112820 6112831
892794 373275
892794 1522803
6115078 6115089
6121226 6121241
6128483 6128490
6128537 3738826
2412705 3100111
724661 1488481
6141359 6141383
2844001 1491151
4839660 4839740
6148737 6148769
6149440 6149464
6151895 6151919
6152151 1618955
956912 1788848
6152566 6152582
6157267 6157280
6189201 5593345
6190865 3218083
6209510 1930061
1980136 2753377
6211004 6211032
6211094 6211120
6212683 6212694
6212713 6212694
6213600 6213613
6215588 6215594
6215595 6215602
6216794 6216807
1490472 2357187
6224505 4810006
6229627 6229637
6232004 6232020
6244317 6244338
6245194 213086
6245475 6245478
6247266 6247269
6247443 6247467
4011699 4189899
2287103 2287140
2122852 2870531
6261771 6261785
6262351 6262365
2187650 2925492
742910 1516406
6275052 6275069
6277883 905554
6279087 6279107
6293973 6293978
2753356 2753377
6360555 2725357
6367957 6367969
2309008 225257
6384152 6384175
6396108 6396131
6404457 6404470
6404871 6404888
6415285 6415289
6415291 6415302
6419677 6419694
6425910 6425921
6430947 6430963
6439001 6439017
6443086 6443110
6454926 1813425
6455445 6455452
6456983 6456989
6460461 6460479
6461423 6461441
6462796 6462833
6469570 816347
6471199 531775
6474054 6474063
6474527 6474539
6481117 6481128
6484332 6484339
6499015 6499027
6000651 6000673
6511858 6511876
6513388 6513414
6523182 6523196
6536085 6536097
6536753 6536757
6540717 6540726
6543719 6543737
6546252 484173
6549871 6549883
6549871 6549887
6553941 152488
6556421 6556428
6571293 6571308
950714 1781627
6588398 4810006
445939 1097812
6603092 6603110
6604195 6604207
6607563 6607572
6608912 5404265
4836146 4836252
6620500 6620511
6621423 6621443
6621445 6621460
6634969 6425921
6635032 6635038
6637848 6637859
6638102 6638115
6638862 6638877
6651685 2636854
6652515 6652527
6655724 6655737
6661137 6661146
6665233 5347443
6668482 6668495
6671567 6671580
6672476 467546
6672805 6672814
6673643 6673659
6677370 6677382
6693121 6693140
6694066 3954736
6696837 6696857
6712207 6712231
724714 1490689
6718101 6718112
6720708 2725961
6747418 6747432
6750442 6750474
6751937 6267140
6756464 6756473
6758307 972150
6766869 1813425
6772278 6772286
6777754 6777767
6779710 6779719
6779880 6779883
6785939 6785959
6793594 6793608
6795613 6795622
6797609 579283
6801795 6801798
6803614 6803628
6808641 6808649
6808685 4841196
6808985 6808994
6809938 6809947
6812979 6812996
6832165 6832177
4835875 4835924
6839497 6839506
6854533 6854536
6863902 6863915
6866183 6425921
2187656 2925632
6868085 6868101
6868487 6868493
6872423 6872436
6887982 6887996
6888565 1491151
6888615 6888635
6888645 6888662
2187658 2925691
6888896 6888909
6889014 6889032
6891104 6891126
6891223 6891238
6891559 6891569
6892289 6892305
6898508 6898517
3814402 4057056
6680966 6680998
6904799 6904810
6905221 6905233
6906030 6906047
6912837 6912842
6913245 6913260
6922598 6922607
6922699 6922710
6928182 6928191
6936175 1491151
6936395 6936417
6936986 6936991
6940200 6474063
6943433 6943448
4007308 4187636
6944596 6944606
6955175 6152582
6981835 5281632
6984170 6984181
6993407 6993423
7001331 7001342
7001414 7001419
7006517 6016997
7010463 7010475
7013732 7013755
7014356 7014361
5094316 5094648
7017213 7017220
7025167 7025181
7030979 7030998
7036027 7036040
7036042 7036058
3034142 3539121
7039704 7039715
1812188 1812204
7064868 7064875
7071138 7071144
7081409 7081423
7082429 7082450
4885018 4885040
7085519 7085529
7103016 7103026
7105251 6756473
7106222 7106236
7107622 899514
7126839 7126852
7130950 7130979
7138274 7138286
7140258 7140269
7144410 7144424
724727 1491151
7148452 7148458
7153641 7153656
7155005 3651430
7066154 4866137
1313643 2185590
7172017 3071127
7173398 7173423
7188128 7188133
445942 121264
7210044 7210055
7211969 7211978
7214070 7214076
7216099 6047695
7216539 7216547
7220195 7220198
7220660 3314657
7225755 7225761
7229357 7229374
7235699 7235711
7245180 7245189
7250656 7250665
7258466 7258488
7262302 3259064
7267159 7267169
7268821 7268828
7279125 4024966
7281346 7281360
7282660 7282663
7283856 7283864
7284146 7284150
7287676 7287696
2356915 3053630
7294165 7294181
7294403 7294418
7296284 5186894
1479761 12936
6108487 168775
7308250 7308260
7312602 1486081
7349198 7349219
7349689 7349702
7349843 7349854
7351600 7351624
7353393 7353403
7359829 7359844
7376179 7376199
7396088 3138256
7408459 7408480
7438336 7438353
7439653 7439664
7439909 7439918
7442495 886812
7443493 7443519
7446177 7446184
7451207 7451228
7456348 4377023
7457668 7457681
7463626 7463637
7481579 7481608
7481614 7481629
7482880 7482889
7485476 7485495
7505468 7505490
7510293 7510299
7517236 6425921
7520181 7520190
7520979 7520991
6665235 6665271
7527617 7527628
7537724 7537736
5287940 5287978
7542794 512126
7553702 7553711
7553767 2624507
7561316 7561340
7561470 6318730
7561852 2633252
7564136 1617770
5126707 5126719
2467591 3145314
7572359 7572371
7574607 2852884
2187666 2925884
7579792 7579804
3218728 3671534
7587817 7587835
7588581 7588587
7590693 7590708
3436994 3814735
7600000 7600007
7600512 7600523
7612212 7612225
5881469 5881489
7638325 7638336
7639758 7639769
7640537 7640551
4290762 4375833
7660638 7660645
7662969 7662990
585717 1316238
7669267 7669275
6785660 6785695
7672117 7672146
5339381 5339419
7687586 2632055
7697231 7697236
7703861 576468
4512358 4538206
7711278 7711298
7711404 7711298
7714044 7714060
7717218 7717230
7724520 7724529
7727246 7727256
4885026 4885067
7729071 7728978
7733382 7733391
7746836 7746843
7749566 7749581
7752000 7752004
7755438 7755457
7755899 7755911
3218729 3671558
7757717 7757724
7759841 7759851
7762769 7762790
7769160 7769166
7771084 7771103
1087541 1949767
7778734 7778766
7779765 7779774
7781209 7781226
7793848 7793862
7795103 7795115
2187668 2925917
7801143 514455
7809424 7809432
7811582 7811602
7811603 7811607
7814279 283057
7818016 7818037
7820536 7820539
7821833 7821837
7822875 7822891
445946 1098032
7824553 7824566
7825017 7825024
7825867 7825883
7825687 7825719
7832202 7832217
6865406 2853133
7836233 7836248
7837468 7837494
7837971 1522803
7839714 7839742
7844321 2892
6625777 6625834
1522768 2380375
7854851 7854860
7858751 7858761
3876731 4103557
7862595 1494141
7867370 7867382
7870414 7870440
7870661 7870675
7872044 7872052
7874268 7874277
7880092 7880106
7882314 7882322
7882327 7882338
7886853 7886864
5339338 5339394
7900695 7900708
7902159 7902186
7904143 7904160
7777770 6863915
7904657 7904679
7904766 7904771
7913557 7913579
7914661 7914674
7919950 7919962
7929819 7929830
7931628 7931644
7933655 7933669
7934432 2853133
7940244 7940267
7940437 7940451
7941893 4693164
2308009 3018457
7946711 7946722
7948760 1097812
7950666 2287140
7035053 7035067
7957953 7957971
7959707 7959719
7961071 6148769
7963423 7963436
7964026 7964044
7964544 7964552
7964780 7964793
7964850 7964862
7965289 7965307
2894181 3437489
7965471 213086
2187670 2925950
7966541 2925950
6000803 225257
7966774 7966777
7968623 7968630
7505470 7505502
7970450 6308668
7970781 6443725
6151485 6151517
7971665 7971671
7972135 7972144
7974433 3962236
7974444 7974453
7975538 741510
7975560 7975567
7397852 7397880
7976074 2743088
7976112 7976130
7977542 7977549
7977880 7977888
7978234 7978245
7978971 7978978
7979024 3835440
7981359 7981372
2321915 3026344
7981576 7981589
7981738 7981756
7982016 7982022
7982201 7982210
7982855 7982863
7983885 7983900
7985530 6425921
7987347 7987363
7989721 7989728
7990250 7990254
7254160 7254202
7995420 7968630
7997469 7997476
7997782 7997797
7997878 7997896
7998043 7998051
8000066 8000074
8001823 8001827
8001823 8001828
8001885 851328
8004456 8004480
8005481 8005489
8006449 8006455
7033563 378694
8008008 8008025
8008949 8008955
8009111 168775
8010392 8010400
8013126 8013134
8015133 8015143
8016008 8016022
8017165 8017172
8017394 8017411
8018531 6062569
8020013 8020030
8020362 8020373
8021820 8021830
8023424 8023434
8026405 8026412
8026805 8026813
8027358 8027379
8027453 8027466
8027471 8027489
8035097 324332
8035480 8035491
8035819 8035829
8038287 4514945
8038300 8038303
8042226 8042234
8044308 8044324
8045090 1811729
8048099 8048109
8052956 8052972
8053125 8053139
8057396 8057406
8057948 8057955
8059497 8059507
8061466 8061472
8063833 8063842
8064050 8064058
8064255 8064266
8065569 8065580
8067633 5894527
8067878 8067894
7766328 7766366
8071241 8071253
8071279 8071285
8073322 8073329
8075169 3696142
8075969 8075979
8076051 8076067
8076666 1899181
8080064 8080073
8081563 8081574
8084554 8084574
8084690 8084703
8088742 8088757
8089887 7679306
8090242 8090260
6440612 6440624
8094106 8094122
8097967 8097976
8100971 8100991
8100992 8100997
8102151 8102173
8103184 8103191
8106634 8106648
8107781 784465
8110569 816347
8114044 8114066
8115740 8115755
8116021 8116039
8116267 3503609
8118625 8118631
8120061 5789736
8122495 8122505
8123010 8123025
8126571 8126585
8127285 5056578
1561499 2421177
1561499 2421178
8139337 8139354
8139355 972277
8140288 8140301
8140648 8140653
3343862 3759379
8142805 8142817
8142818 8142826
8143407 8143425
8146177 8146192
8147105 8147131
8148465 8148471
8150077 8150087
8155085 7940199
8156765 8156774
8166793 8166803
8169739 8169758
8171736 8171754
8171837 8171849
8173391 8173417
8173987 8173999
8174089 7779227
8174594 8174604
8174818 8174835
8178504 8178511
8189319 8189338
8190026 8190038
8193861 8193871
8195207 385736
8197057 8197061
1487728 2354908
3074387 3564748
8206147 8206163
8207068 2725961
8207211 8207227
8216096 8216110
8224088 8224110
8224111 8224125
8225941 8225958
8231990 8231993
8232815 8232837
8232854 8232863
8238491 8238499
8238501 8238511
8239278 80462
8239626 8239647
4016425 4192310
8247600 8247609
8249787 8249798
8250610 8250628
7922764 7922789
8257656 217661
8258072 8258086
8259160 8259171
8260638 8260649
8265505 8265513
8267837 8267841
8267905 4198162
8272218 8272225
8274831 8274859
8276498 8276514
8279005 8279009
8279896 104071
445951 1098126
8282656 3939607
8285089 5074687
8285545 8285561
8289832 8289840
8293799 8293820
8298632 5293467
8300786 8300802
8302209 1638825
8303579 8303594
8304771 8304784
8309988 8310000
8314019 8314024
8316262 8316273
8316474 8316487
8321023 8321031
8321375 8321391
8330244 8330248
8331805 8331814
8334068 8334079
8334081 8334096
7316716 7316736
8339310 8339319
8340232 8340252
8340363 8340368
8341935 8341946
8342399 6291278
8343783 8343795
8344335 8344357
8344443 8344461
8345800 8345814
8347780 8347792
8349951 2853133
8350133 8250628
8350635 3954736
8351191 8351199
8355154 8355164
8355439 3668692
8355439 2354857
8355445 8355458
8357570 8357582
8358753 8358760
8359796 8359808
8360605 8360610
8361867 8361876
8362061 8362072
8362202 8362206
8362207 93336
8362579 8362596
8364047 8364061
8365527 8365539
8367160 7294272
8367284 8367295
8367408 8367418
8367439 8367448
8367967 8367980
8369671 8369679
8369680 8369695
8371699 8371715
8372368 8372375
8372600 8372605
8374625 7807669
8375391 8375400
8375897 8375909
8376615 5688366
2376455 3068484
8377146 8377156
8377585 8377596
8379387 8379399
8380128 8380136
8380292 8380299
8381490 5286454
8382349 2129879
8382379 8382388
655575 1398114
8383427 8383437
8383573 8383591
8383704 8383717
8383757 8383766
8386086 8386095
6077711 168775
8387450 8387465
1630362 2476903
8388014 8388019
8388087 8388095
8388121 8388127
8390237 1813591
4835956 4836027
8390520 8390528
8084380 8084457
8392802 8392812
8394168 8394173
8394740 8394749
7283858 7283872
8397076 8397096
8084266 8084316
8397256 8397278
8397465 8397476
8398885 8398899
8399033 8399044
8399048 8399065
8400124 8400131
8400138 8400141
8400224 8400231
8400498 8400510
8400748 8400752
8401225 8401234
8401897 8401907
8402103 8402110
8403073 8403086
8403423 6425921
8403573 8403582
8403624 8403633
8404730 8404745
8405492 8405497
8405668 8405671
1224854 2102971
8409589 8409602
8410019 8410025
3521549 3876729
8411991 8411998
8412867 8412872
8414110 8414128
87358 297302
8416091 8416102
2187678 1492822
8418993 8419005
1617912 2467406
8419447 8419452
8419839 8419851
8419993 8419998
8421717 8421730
8423206 8423221
8425384 8425398
8425584 8425592
8427053 8427059
8427220 8427230
8427973 5894527
8428430 8428436
8430199 8430204
40501 167378
8430626 8430640
8430972 7755457
8432150 8432167
8432179 8432189
8432787 8432796
8433001 1228253
8433008 2329453
4107848 4256397
3145270 1492045
8434759 8434771
8434904 8030569
1416600 2289313
8437073 8437083
8437169 8437176
8437456 8437468
8438086 8438103
8438680 8438689
8439579 5476216
8439625 8439633
8440273 8440277
8440507 8440512
8122199 2023324
8441517 8441526
8441527 419538
8441644 8441651
8442344 8442358
8443246 8443267
8446206 8446218
8447870 8447883
8448155 1488265
8448184 8448197
8448198 8448219
8448353 8320465
8448385 8448395
8449643 8449649
8450422 8450431
8450515 8450524
8451428 8451436
8451807 8451817
8017415 8017448
8452205 8452220
8453462 8453485
8453874 8453892
8454460 8454464
8454633 216004
8454690 8454703
8454780 8454789
8455260 8455271
8455605 8455614
8456204 8456225
2853273 3408537
8458960 8458966
8460106 8460123
8460106 8460124
8460188 8460207
8462975 8462999
8464257 8464269
8465324 8465330
8465340 8465351
8467088 1522803
8467099 8467109
8468532 8468537
8468924 8468929
8470572 8470580
8472394 8472404
8472412 3738826
8473120 8473127
6891583 1815020
2927899 3464151
8476918 8476928
4399049 3711212
8478454 8478471
8478490 8478510
8478578 8478604
8479493 8479500
8479529 8479532
8479933 8479944
8479985 8479998
8481171 8481180
8481819 8481839
8484724 6299458
8484950 8484967
8484988 3692349
8485418 8485428
8485780 8485790
8486445 8486452
4388104 4443943
8486828 8486836
8489503 8489528
8489726 5734261
8489998 8490003
8490273 8490278
8490735 8490739
8491562 8315358
8492184 8492189
8492497 8492517
8496587 8496591
8497232 8497256
8498394 8498405
8498891 8498896
8498997 8499004
8499132 8499146
8499181 8499194
8499225 8499230
8499619 8499633
8500316 8500338
8500509 8500522
8501715 8501723
8502182 8502187
8502532 8502542
8502543 8502555
3521563 960755
8503704 8503726
8504212 8504242
8505254 8505266
7966615 213086
8389007 8389036
8508056 8508074
2380376 3071127
8508768 8508775
8510707 8510720
8510917 8510921
8512710 2094219
8512980 8512983
8515195 8515199
87359 297323
8515631 8515645
8517241 8517262
8518695 8518710
8524447 8524463
8533038 5861772
2187680 2926155
8545541 8545552
8549832 8549839
8550818 5881477
8553155 8553160
8554981 8554988
8555949 8555956
8561694 8561706
8564055 1491151
8564060 8564068
8564623 8564628
8565158 8565171
8566488 8120346
8574913 8574939
8579246 8579267
8579388 8579398
8579898 8579903
8580400 8580406
8583970 8583974
8584989 8585005
8587868 8587891
8596025 7433588
8597149 8597159
8605012 8605019
7711406 972968
8605707 8605722
1965402 2735338
8606815 8606834
8607381 8607393
8607438 8607446
8608347 8608358
8610893 1958583
8613117 3148820
8613311 8613327
8623105 1812677
8631193 6124167
8633349 8633358
4007311 4187664
8635699 186718
8637188 7779105
8637237 8637254
8643163 8643171
8645853 8645864
3260224 3701622
8651802 8651819
8657469 8657476
8660671 8660679
8662303 8662306
8667666 8667669
8672228 8672239
3970594 1491751
8676375 8676390
8682508 8682513
5108829 5108848
8686844 8686859
8692546 7621597
8700830 1490460
8701263 8701268
5252942 5252958
8714314 5475408
8715966 8715980
8723426 1822317
8297012 8297081
8729369 8729374
8739181 8739190
8742193 8742216
8749514 8749533
8753740 8753749
8084268 6335274
8763852 8763857
3247114 3692349
8764335 8764345
8765569 5293467
8765989 8766008
8770868 8770878
8772319 8772324
8776360 8776369
8781069 8117156
8084269 8084355
8787388 8787404
8787673 8482153
8798259 8798277
8803326 8803339
8803637 8803655
8803983 1965657
8806723 8806733
8807892 4377023
8803639 8803655
8811743 8811757
8815438 8815451
8816868 8816874
8817880 8817898
8820291 8820308
8828197 8828211
8829558 8829562
8832338 6327158
8834683 8834688
8840646 8840649
8860874 2743072
8863187 8863192
1828627 2636854
8864638 8864646
8866196 8866209
8869703 8869728
8870723 8870732
2357685 3054103
8874913 8874930
8878265 8878281
8881456 8881474
445953 272585
8889175 8889193
8891858 8891881
8892397 8892407
8895876 8895901
8902096 8902109
8906475 8906487
8084270 816347
8913580 8913591
8914324 8914347
8914742 8589157
8915774 8915784
8917344 8917358
8922126 8922137
8924687 8924706
8931099 8931117
8934943 8934960
6712558 6712574
8938295 8938309
8939434 8939442
8944639 8944655
8952409 8952419
8953302 93336
8953894 8953907
8955318 5139565
8959732 8959749
8971987 8972003
8975613 8975621
8975797 8975809
8976370 8976379
8978772 2357105
8983523 8983531
6106488 6106512
8995890 7103549
9006328 9006335
9006643 9006652
6135024 741510
9030934 9030945
9033442 9033454
9036312 500461
9036438 9036447
9036457 9036467
9041517 6673659
9041919 5293467
9044368 9044387
9044560 9044581
9045445 9045459
9052902 9052907
9053332 9053348
9055535 9055546
9057367 9057377
9058462 9058466
8820016 1089703
9067264 9067267
9067382 9067389
9067414 5462825
9067903 8583974
9068052 9068055
9068753 9068770
9070338 8452672
9078006 9078010
9078973 9078986
9087735 9087743
9091660 1813090
9098433 9098436
9098499 856560
9105573 9105584
9106160 9106165
9107390 9107399
9116210 9116218
9118803 2725961
9118879 9118893
9119570 9119578
9124316 9124323
9125070 9125078
9125979 5286454
9127380 9127392
9130595 9130604
9136955 189114
9137780 9137789
9141755 9141758
9141835 972467
9143660 9143669
9147611 9147615
9149149 9149164
9153550 9153564
9154697 9154709
9154783 4301432
9155635 905554
9155933 9155939
8301972 8301994
9157417 9157422
9159191 9159195
9161727 9161732
9162070 9162076
9167470 4260815
9169555 9169561
9173219 9173236
9092614 9092670
9184203 9184213
9185234 8801368
9186882 9186893
9191241 9191257
9196935 9196940
9199459 213086
9209931 9209940
9210729 9210749
9211055 9211060
9211438 9211452
9211440 9211452
9211457 9211463
1518010 2377041
9214398 3108774
9214467 9214479
9215236 9215245
9216522 9216534
9216738 9216758
9217220 835749
9218496 5757075
9218531 9218545
9218933 9218954
9219232 9219236
9220266 385736
9221843 9221847
4292967 4377023
9223311 9223320
9223687 9223695
9223768 5466585
9224616 9224623
9225767 9225778
9225896 9225911
9226808 9226824
9228782 9228793
9229028 9229032
9229075 9229079
9229266 7737222
9229700 9229704
9230141 9230153
9230445 9230461
9230463 9230461
9231943 9231952
9233857 9233869
9234048 9234052
9234269 9234284
6245196 6245216
9234549 9234558
9234613 2632055
9235096 9235101
9235102 9235107
9235226 9235237
9236563 9236568
9237135 9237148
9239032 4810006
9239065 9239071
9239072 9239085
9239870 9239881
9240099 9240105
4467837 4502441
9244984 9244988
9246074 9246080
9246898 9246903
9247052 9247069
9248910 9248918
9248958 186718
9249605 8889193
9254309 9254318
9254319 9254329
6712548 6712574
9258509 9258527
9259403 6847411
9262171 9262177
9263222 9263239
9265471 9265479
9266948 9266959
9273978 9273983
9274987 9274996
9276508 9276524
9278511 9278522
2691653 3291066
4985327 1413870
9284486 9284500
9285633 9285638
9285663 9285673
9291862 9291876
9292254 9292270
9294034 9294037
2963031 3488038
9305652 9305656
9308208 9308215
9309169 3954736
9309198 9231790
9313863 9313867
9314870 6497898
9314874 9314884
9317215 9317220
9323298 9323305
9325240 9325247
4767346 4767900
3435018 3813423
9339020 9339028
9339049 9339057
9346301 9346309
9349488 9349496
9359560 9359565
9359927 3068484
9370146 1488544
9383685 1205784
9384904 9384915
9385164 9385169
9385267 9385273
9385274 6121241
9416615 9416622
9419416 972277
9450172 9450182
9459298 9459306
9459375 9055531
9464915 2463374
9470107 9470120
9473836 5339394
9475272 9475287
6797611 579283
9482060 9482070
9483555 9483567
9488943 9488953
9518405 8567621
9527745 7997896
9534535 9534545
9536912 9536920
6124124 6124154
9538381 1899181
9543283 7778225
9545604 2951116
9557233 9557238
7291610 1812677
9558766 9558771
9559635 9559644
9560119 8589157
9560703 9560716
9562095 4593945
9563267 9563273
9569810 9569819
9572439 9572451
8080920 8080960
9573763 9573768
9575066 61740
9577463 9577467
9577484 9577488
9577636 4810006
9579979 9579993
9591619 9591627
9592253 9592260
9592619 9592629
9592978 9592983
9594111 9594115
609882 1347776
9596028 9596042
9596053 9596042
9598246 9598259
9610396 9610402
4728672 1953718
9610610 7699093
9612265 7225761
9617228 9617231
9621825 741510
9622380 9622387
4913671 4913701
9627375 2227257
9628206 9628212
9628208 9628212
9636806 9636820
9639032 9639042
9640183 9640196
9642802 9642809
9662684 9662688
445961 1098353
9766261 2624532
9777299 9777310
9790887 9790907
9792163 9792168
9814578 1421805
9818533 9818550
6746718 6746732
8465626 8465655
5163656 5163696
9557982 8407380
9889212 1812677
9912212 9912219
9915365 9915378
9924808 9924819
9956808 9956825
5675048 5675077
9959496 9959503
8009113 8009129
9976383 9976399
9977817 9977833
10016512 10016524
4836076 4836183
10035950 10035965
10060673 10060682
10128385 10128390
10415276 10415303
10417870 4810006
10418727 10418729
10419344 10419347
10421463 10421465
10422083 10422085
10422124 9397020
10427416 10427423
10435508 6425921
10438123 3426069
7783281 7783327
1522770 741510
10708462 10708466
10734065 10734079
10752441 10752450
10803414 10803423
10826933 10826944
10842094 1491151
10852622 6783973
10889628 10889638
10969821 10969826
166279 519972
11007136 11007146
11015099 11015104
11018241 11018246
11034493 11034508
11042162 579283
2834836 3396283
11079561 11079572
11093336 11093346
11093933 11093940
8177659 8177673
11126498 11126508
11144992 2268527
2914091 1578042
11160638 6169986
11185510 11185523
11199220 8106207
11205875 5464245
1421756 1099602
11215344 11215352
11242464 11242475
9550771 9550796
11264432 11264439
8636239 8636281
11285875 5083090
11306288 11306299
11319699 8249798
5829851 5829956
11321532 4424603
11326633 11326648
11337766 1398114
11368258 11368266
11378248 9231790
3007988 1491602
8950372 8950410
11479008 11479017
11531538 8174604
7481631 7481669
11591784 11591805
11619332 11619350
3521571 385736
11645938 11645945
11674129 8891990
11710752 11710762
11722269 11722272
11724509 11724514
11739999 11740003
11746508 11746511
3019270 1491151
11765125 5150133
6109264 6109272
11776412 11776420
11803537 200317
11846404 11846407
11849203 11849206
11910879 11910882
11963192 11963201
11971415 11971422
11994974 11994977
12007312 12007317
12030604 12030608
12036380 12036386
12039781 12039786
12039877 12039881
12040150 12040156
12048037 12017217
12049006 12049012
12051882 12051885
12052274 7966604
12053023 12053030
12059360 1949767
12061133 6180842
12062643 12062655
12063525 12063531
12073128 12073133
12076337 12076340
12155887 12155890
12179740 12179746
12207012 12207015
12211199 12211202
12231666 12231669
12232402 12232409
12232888 12232893
12237414 12237422
12241645 12241648
12241645 12241649
8084384 8084496
12244128 12244139
12249397 12249403
12268752 12268757
12283544 12283547
12293270 12293276
7314853 3658459
12304360 12304363
12316454 12316458
12336442 12336445
12342312 4031855
12345312 12345317
12353363 12353368
12357249 12357263
12362294 12362302
12364578 12364581
12367965 12367968
12374288 12374295
12375983 12375997
5900898 5900920
12378687 7867382
12380909 12380919
12382304 12382314
12383596 2840754
12384215 12384221
6824267 6824303
12387022 12387025
12390761 12390771
12392267 12392277
12398970 12398986
12403404 12403408
12408469 12408480
12409541 8174604
12411789 7672115
12411914 12411920
12415726 9218545
12418023 12418027
12418619 12418627
12421297 12421300
12421817 12421821
12434324 12434333
12435924 12435938
12436786 12436794
12436878 8976379
12438677 12438681
12443747 12443761
12443932 7020416
12445310 6680998
12448578 12448581
12453217 11349596
12454135 12454138
12455034 12455046
12457849 972277
12458513 12458516
12458587 2624212
12458793 12458806
12458901 8462999
12460609 12460615
931102 931112
12464416 12464419
12464532 12464536
12464554 12464563
12464781 8807340
12465672 12465675
12468571 12468574
7836133 7836182
12469035 12469040
12469056 12469063
12469381 12469384
12470876 8798012
12471006 12471011
12471363 12471366
12471950 5186894
12472299 12472302
12472925 12472940
12472983 12473000
12473658 12473661
12473753 12473756
12473888 12473898
12473972 12473979
12474208 12474219
12474907 12474911
445967 1098365
12476874 2725322
12536286 12536290
12540468 12540476
12557287 12557291
12590056 12590065
12626646 12626661
12651742 12651746
12653565 12653571
12656646 12656651
12657686 12657692
12659822 12659826
12662691 12662694
8941486 8673262
12719261 12719264
12722183 12722190
12743316 12743322
4836221 4836347
12775727 12775738
12808809 12808816
12812415 8462999
12912137 12912145
12916578 12916583
12952021 12952024
12957327 12957330
12971521 12971526
7168933 7168947
12989111 6425921
13017637 13017646
13022793 13022798
13053796 13053799
12467373 12467378
13072283 13072287
13082526 13082530
13103207 13103210
13103846 13103849
13103846 13103850
13106665 13106671
13113829 1390618
13125159 13125172
13184750 13184755
13199289 13199295
8820001 3965350
13944775 13944783
3311076 3734169
14210624 14210635
8819992 8820008
14233106 3326006
14268105 14268111
14283132 2624507
4913522 4913531
14288693 14288698
14293042 14293051
14297946 972174
14307633 14307638
14308556 14308561
14326852 14326859
14333481 14333489
14336500 14336503
5287510 5287525
14352151 14352157
14359590 14359596
14359933 14359937
14367879 10336694
14367890 14367893
14371474 14371480
14385838 14385844
14392762 14392768
14405250 8936768
14406099 14406103
14412296 14412299
14428877 14428879
14444487 14444494
14447027 14447034
12472927 12472940
14451972 5907493
14469446 14469457
14477451 14477455
14477451 14477456
14478343 14478349
14498296 14498303
14501179 14501183
14519308 14519312
14542233 14542240
14556656 9248918
14564749 5631829
14571189 5258278
14577131 8092278
14578722 1556992
14621920 14621923
14638291 5293467
14648020 14648023
14665698 6384175
14671827 14671834
14680521 14680525
14692357 4324764
14692737 14692742
14694224 14694228
14697446 14697449
14709824 14709827
14722033 13185362
14727383 14727386
14880168 14880178
15267142 15267145
8068169 8068178
15268430 15268437
10122638 52795
15324612 488723
15325415 8470580
15329056 272594
15335786 15335791
15369077 15369082
15383448 15383461
15521243 15521250
15532005 15532013
15543694 15543701
15556573 15556578
15561907 8857689
15586859 12808684
15604763 8173169
15606859 15606862
15617928 8464269
15619724 15619727
15622918 15622922
15623694 9231790
13588847 13588867
15628349 15628356
15630810 8329137
15631719 6905752
15636326 2174754
15640466 15640469
15644752 15644755
15646811 15646815
15650083 15650087
15654028 15654033
15654285 15654288
15659862 15659867
7696682 7696710
15663247 5271583
15663503 15663505
15664106 15664111
15664243 15664246
15664679 15664682
15667310 15667312
15752038 15752042
15753290 15753294
15807485 15807488
15867497 15867502
22534925 22534929
22550001 22550007
22559823 22559827
22570551 22570557
22598703 22598707
22604292 22604299
22607540 22607549
22609088 22609092
22616562 5258278
22620183 22620188
22628174 22628178
22668929 22668932
22688284 22688290
22709415 22709418
22717221 22717225
22719132 22719138
22739802 22739807
22741523 22741528
22755247 22755251
22759588 22759593
22764708 22764713
22772780 22772785
22794395 22794402
22814635 22814642
22817741 22817746
22821786 6212694
22835645 22835650
22837625 2385872
22846538 5466585
22889306 22889311
22905976 22905979
22916504 22916508
22926415 22926419
22948756 22948765
22994801 22994806
23007639 23007643
23036935 23036939
23044930 23044937
23085469 23085475
23093660 23093664
23108102 23108106
23108605 23108609
23125000 23125004
23125650 23125653
23135071 23135074
23153563 23153567
23171695 5258278
23197644 23197649
23219861 838405
23264892 23264895
23308730 23308734
23316022 23316026
23323758 23323763
23333853 23333856
23380586 23380590
23428491 23428494
23428812 23428817
23448120 1488265
23451960 23451964
23514557 23514564
23538814 23538822
23561208 23561214
23563001 23563004
12153772 12153782
23570249 23570253
23585194 23585198
23605232 23605237
23605644 23605646
23634958 23634963
23639834 23639838
23646586 23646589
23736228 3789346
24340053 24340056
24340246 24340249
24345306 10737920
24346729 24346731
24346750 24346753
24374239 399891
24374792 3215536
24378826 24378829
24381259 24381262
24390573 13103210
6659535 3250535
24391877 24391881
24396202 972782
24402017 24402020
24404129 6313035
24407408 11730156
24407741 24407744
24413516 24413518
24414979 24414981
24423615 6425921
25413948 25413951
25416291 25416293
28303136 28303145
28315739 28315740
3205521 3662436
28316220 3539121
28316755 9349117
28316756 24404836
28317408 28317410
28360145 28360147
28363747 28363749
28363754 28363760
28365047 28365048
28365052 28365053
28365756 1958278
28365929 28365932
28365953 28365954
28366970 28366972
28367406 28367407
28367408 28367409
28367441 28367442
28372144 28372145
28372175 28372177
28372179 28372180
28372196 3668692
28372196 28372198
28372220 28372221
28372244 8948515
7168944 7168947
28372262 11968637
28374465 14577948
28375561 2892
28375573 28375574
28375580 28375582
28375628 28375631
28375641 28375644
28375641 28375645
28375649 28375650
28375661 28375662
28375675 8001604
28378177 28378178
28378494 28378495
28382855 8940684
28384704 28384707
28384727 28384729
746707 1526073
730212 1501731
28733944 1313774
28743632 28743633
28767612 28767614
29031266 8437468
29031279 29031285
29369825 2876731
29370034 29370036
30294071 6549883
30294320 30294321
30294801 30294802
30294860 30294861
30295014 8857689
30295964 14611472
30297598 30297600
30297601 30297603
30298749 1111046
30299920 30299921
30302034 30302035
30304920 30304921
30305902 30305903
30306276 30306277
30306320 30306325
30307559 30307560
30308911 30308914
30310135 651816
30310264 421651
4774173 2628506
30310801 5040390
30311935 30311936
30312529 8724720
6101244 225257
30314969 4810006
30317545 30317547
30317804 30317805
30317939 30317940
30317943 8493859
30318758 1522803
30318924 30318925
30319938 30319939
30320571 11508126
30321592 30321596
30324194 30324195
30327327 30327329
30327430 30327432
30328129 30328130
30333233 30333234
30334275 30334276
30334528 30334530
30335411 30335412
7587827 7587854
30338214 5184211
30342129 8478510
30342186 30342188
30343419 30343420
30345223 30345224
30345268 30345269
30345803 30345804
30345807 6151919
30348070 5917847
30348650 30348651
30348652 30348654
30350056 30350058
30351769 1523062
30351807 30351808
30351809 30351813
30352017 30352019
30354483 5983369
30354983 9597116
30357364 6889032
30357548 30357549
30358753 8387465
30363390 30363391
30363994 30363996
30369025 8053139
30374391 30374394
30375593 30066647
30376219 30376220
30379464 30379466
30379637 30379639
30380170 30380171
30380715 30380718
30382695 30382696
30383765 12039881
30386645 30386646
30387913 30387915
30389363 30389364
30389820 3695466
30390356 30390358
23269851 6158838
23269851 23269861
30390362 2380325
30390369 30390371
30390385 30390387
30390394 2380325
30393523 30393524
30394353 14364330
30396050 30396052
30397462 30397464
30399568 551576
30400161 30400162
30401127 30401128
30402780 30402781
30403098 7685305
30403450 30403451
30403927 3326006
30403949 2925917
30404133 30404137
30405741 30405742
30407956 30407961
30485445 5080444
30863522 24391850
31088951 31088952
31092257 31092258
31098601 31098603
31154390 9225911
31182429 31182431
31182948 8464269
31184212 31184216
32808815 32808817
32809369 8315358
32880369 6128490
32996125 2355419
32997899 2414392
33000426 33000430
33001623 2725140
33001724 33001726
33001746 33001749
33004520 33004523
33013759 6889032
33014841 7014361
33015010 33015013
33138806 33138807
34383095 34383099
34383571 34383578
34383970 34383978
34385564 34385567
34386380 34386381
34398246 34398247
34398303 5042554
34398305 34398307
34398328 34398329
34398331 34398332
28098052 25704624
34401972 34401975
34416858 5925553
34417859 34417860
34422128 27622555
34425346 34425349
34428910 34428913
34443332 14379872
34455296 22994806
34455527 34455529
34455856 34455858
34462361 34462362
34489674 34489677
34766507 34766508
34768183 34768184
34773079 34773081
34800381 5366965
34830340 34830341
34832805 8228014
10594421 10594425
12728449 4541265
34878513 34878518
34884330 4442506
34886513 7284150
34888312 5571076
34899755 1489281
34919509 34919510
34923199 34923200
34971755 14293051
35531649 35531650
35865599 31088335
36672758 36672761
36686989 36686990
36688586 36688588
36700522 36700524
36700563 7144424
36715354 5042554
36754350 36754351
36759882 36759883
36759884 36759885
36759886 1812677
38219357 4309951
3988495 4174473
28738888 14360519
38749165 38749166
34837773 34837776
35688771 5293467
38753820 5287525
38753841 7081423
6404606 6404623
39122743 39122746
8030882 5688366
39226290 39226293
39268708 39268712
39268816 39268820
39268948 39268953
39268998 39269002
39269072 9118790
39269091 8205837
39269198 78077
39269299 5058842
39269332 39269337
39269381 39269383
39269404 39269408
39269474 29038318
39269498 9023226
39269554 39269556
39438447 39438449
39540511 39540514
39540521 39540524
39540547 1967153
39540560 39540562
39540567 39540569
39540570 39540573
39540584 5058842
39540590 8657476
39540615 39540617
39540618 39540620
39540621 14293051
39540642 39540644
39540654 39540656
39540657 14885825
39540663 39540665
39540683 39540685
39540699 39540701
39540715 39540717
39540722 24404836
39540732 23585198
39540738 39540740
39540748 39540750
39540751 39540754
39540757 8067894
39540767 39540769
39540783 28316706
39540791 39540793
39540802 39540805
39540806 39540808
39540815 6425921
39540827 39540830
39540852 39540854
39540873 39540875
39540881 7115715
39540888 39540890
39540891 39540893
39540906 39540908
39540909 39540911
39540928 2746631
39540938 39540940
39540965 39540967
39540972 39540974
39540977 39540979
39540980 39540983
39541012 39541014
39541015 1703156
39541019 5271583
39541022 39541024
39541039 39541042
39541043 30338833
39541052 39541054
39541062 39541064
39541067 39541069
39541088 39541090
39541091 8084496
39541093 39541095
39541096 39541099
39541102 39541105
39541118 39541120
39541167 39541169
39541179 39541183
39541184 3251966
39541195 39541197
39541198 6027252
39541201 39541204
39541207 30310076
39541209 39541211
39541214 39541216
39541217 39541219
39541222 39541224
39541229 39541231
39541232 39541236
39541232 39541237
39541249 39541251
39541258 39540967
39541275 39541277
39541297 39541301
39541336 39541338
39541341 39541343
39541348 6111550
39541376 23736597
39541397 39541399
39541400 6106512
39541415 39541417
39541441 39541443
39541446 5258278
39541497 39541499
39541511 39541513
39541525 39541528
39541529 39541531
14053043 8478510
39541554 39541556
39541582 39541584
39541585 39541588
39541597 39541599
39541602 39541604
39541607 547822
39541611 39541613
39541626 39541628
39541635 39541637
39541644 39541646
39541659 39541661
39541665 39541668
39541683 39541685
39541699 39541703
39541718 9013321
39541724 6111550
39541738 39541740
39541741 39541743
39541744 39541746
39541758 39541760
39541781 1035272
39541785 39541787
39541799 8542070
39541801 374223
39541803 39541805
39541811 1606086
39541826 39541829
39541842 14293051
39541873 39541875
39541876 1487517
39541883 7587835
39541911 39541913
39541916 39541918
39541939 8067894
39541941 39541943
39541958 39541961
39541989 39541991
39542015 39542017
39542018 39542020
39542033 39542035
39542042 39542045
39542055 39542057
39542060 39542062
39542073 1210967
39542075 39542077
39542078 39542080
39542102 39542105
39542108 4123359
39542160 39542162
39542171 7225761
39542200 39542202
39542242 39542244
39542245 39542247
39542262 2628506
39542266 39542268
39542293 39542295
39542304 39542306
39542322 39542324
39542327 39542329
39542351 39542353
39542382 39542384
39542392 39540967
39542394 14293051
39542399 39542401
39542418 39542420
39542429 39542432
39542446 39542448
39542453 39542456
39542464 39542466
39542473 39542476
39542479 6330280
39542487 39542489
39542490 39542492
39542493 2358027
39542495 12282816
39542509 39542512
39542517 39542519
39542528 11018246
39542530 39542532
39542535 39542537
39542538 39542540
39542545 39542548
39542577 39542579
39542588 35319990
39542595 39542597
39542601 28376540
39542605 39542608
39542623 39542625
39542664 39542667
39542672 1953718
39542679 39542681
39542684 15980526
39542705 33110093
39542712 39542714
39542715 1618955
39542720 39542722
39542742 39542744
39542751 39542754
39542755 39542757
39542760 139112
39542775 7969778
39542787 39542789
39542792 4810006
39542804 6425921
39542806 12031926
39542824 21797468
39542826 14326859
39542832 39542834
39542841 39542844
39542854 39542857
39542880 39542882
39542900 39542384
39542902 39542904
39542914 39542916
39542932 39542934
39542935 39542937
39542940 36754351
39542952 39542954
39542969 39542971
39542978 39542980
39542983 39542985
39543010 2750376
39543016 39543018
39543036 39543038
39543049 39543051
39543066 39543068
39636122 39636123
39641312 3558127
39641413 39641415
39641483 39641485
39641497 39641499
39641553 39641555
39641586 30919
39641641 39641644
39641689 39641691
39641763 39641765
39641852 39641854
40097968 40097969
40107819 40107820
40108952 6889032
40111273 40111274
40125474 40125475
40141766 40141767
40143838 40143839
40153155 40153156
40160377 40160378
40168420 40168422
40178986 40178987
40182289 40182290
40185739 40185740
40193662 40193663
40198951 40198952
40199069 8724720
40201000 40201001
40207245 40207246
40207385 40207386
40216355 40216357
40220329 40220330
40220333 40220334
40220430 40220431
40222291 40222292
3311084 3734169
40223747 40223748
40223771 40223772
40230126 4866137
7036129 5297112
30390364 2380325
12470880 8798012
40719479 40719480
40763625 40763627
40764211 40764212
40764274 40764275
40764276 40764277
40764302 37056364
40764327 741510
40764362 40764363
40764382 40764383
40764393 40764394
40764475 40764476
40764516 40764517
857428 1672241
41690493 41690494
34863841 8860342
41723676 41723678
41723730 41723732
41723763 41723765
41723792 41723794
41723821 7014361
41723872 38178882
41723880 41723882
41730116 41730118
43353822 43353824
43823894 43823897
43823936 43823938
43824141 2174251
43824198 43824200
45104698 5184211
45469459 45469460
45469462 45469463
45469648 6443296
45842385 45842386
45842414 45842416
45892732 14766503
46081842 46081844
46344100 1897973
46344260 46344261
46344347 3499054
46344458 2729453
46344504 42264822
46344536 46344537
46344678 46344679
46344742 46344743
46344816 6212694
46344892 40220330
46345400 46345401
46345429 46345430
46345627 46345628
46345672 34828571
46345682 139112
46345789 39542579
46345798 39225899
46345799 46345800
46346022 46346023
46346227 46346228
46346415 5366965
46346939 46346940
46346959 46346960
46346981 46346982
46346991 46346992
46347013 46347014
46347040 46347041
46347046 46347047
46347048 46347049
46347060 24377631
46347061 30310070
46347078 40220330
46347081 46347082
46347085 46347086
46347087 46347088
46347089 925709
46347091 46347092
46347094 901018
46347096 46347097
46347100 46347101
46347106 46347107
46347131 46347132
46347172 3658459
46347183 46347184
46347185 492905
46347193 46347194
46347203 229536
46347412 46347413
46347432 1812677
46347461 46347462
46347496 46347497
46347526 23692554
46347556 15820025
46347562 10366427
46347570 8910319
46347655 34837776
46347680 7303337
46347726 46347727
46347773 46347774
46347775 46347776
46347787 46347788
46347803 46347804
46347812 30405742
46347826 46344261
46347898 46347899
46347931 46347356
46347942 5595099
46347953 46347954
46347965 46347966
46347969 46347970
46347975 4810006
46348003 46348004
46348014 46348015
46348019 46348020
46348065 46348066
46348076 46348077
46348079 46348080
46348089 46348090
46348092 46348093
46348101 46348102
46348129 46348130
46348138 803511
46348364 46348365
46348398 7550007
46348446 46348447
46348449 46348450
46348463 46348464
46348465 46348466
46348474 46348475
46348497 46348498
46348502 46348503
46348519 46348520
46348531 46348532
46348567 46348568
46348572 46348573
46348574 46348575
46348602 46348603
46348666 46348667
46348701 46348702
46348764 3071127
46348769 6330017
46348820 46348821
46348830 46348831
46348845 46344342
46348855 46348856
46348874 46348875
46348911 46348912
46348986 46348987
46349047 29043155
46349143 46349144
46349242 30312845
46349260 46349261
46349388 46349389
46349484 4260815
46349493 46349494
46349515 46349516
46349523 46349524
46349556 46349557
46349562 46349563
46349582 46349583
46349588 1491436
46349597 46349598
46349634 46349635
46349786 46349787
46349826 46349827
46349834 46349835
46349836 46349837
46349846 372067
46349867 46349868
46349878 2898284
46349892 46349893
46349908 46349909
46349912 46349913
46349927 46349928
46349944 46349945
46350108 46350109
46350116 46350117
46350236 40114932
46350262 39542020
46350264 46350265
46350279 46350280
46350296 229536
46350300 46350301
46350310 46350311
46350322 46349458
46350329 46350330
46350334 46346992
46350335 39542420
46350367 46350368
46350370 46350371
46350388 46350389
46350390 46350391
46350392 46350393
46350401 46350402
46350403 46350404
46350412 46350413
46350414 46350415
46350416 46350417
46350421 7966604
46350422 46350423
46350428 46350429
46350446 9013321
46350460 46350461
46350477 46350478
46350512 46346917
46350519 46350520
46350521 46350522
46353415 46353416
47880861 48268
47887235 47887236
49037814 49037815
49313284 7785497
49313316 49313317
49313378 9474481
49313394 49313395
49313400 8315358
49313573 49313574
49313647 8915784
49313789 49313790
49313830 49313831
49313922 46932328
49314082 49314083
49314109 49314110
49314127 49314128
49314236 1958583
49314270 49314271
49314385 46978856
49314432 49314433
49314450 46933402
49314759 49314760
49314834 49314835
49314910 49314911
49315033 49315034
49315040 49315041
49315044 47016631
49315265 47017009
49315380 1778620
49315428 47004982
49315496 47012846
49315510 49315511
49315798 49315799
49316245 49316246
49316264 49316265
49316291 49316292
49316326 49316327
49316425 49316426
49316593 49316594
49316601 7913301
49316605 49316606
49316632 49316633
49357968 49357969
49363673 1413870
49363818 49363819
45335214 4104762
50480643 5293467
50488623 50488624
50498897 1926390
50512544 50512545
50513948 50513949
50524498 50524499
50524533 50524534
50527218 12475461
50538584 3692349
50539874 24349681
50543762 50543763
50549975 50549976
50560916 46936140
51274841 373275
51274842 579283
51274843 51274844
51274845 51274846
51274847 46928335
51274848 51274849
51274850 4141405
51274851 51274852
51274853 51274854
51274855 51274856
51274857 51274858
51274859 51274860
51274861 51274862
51274863 51274864
51274865 51274866
51274867 4118086
51274868 39541231
51274869 51274870
51274871 51274872
51274873 51274874
51274875 51274876
51274877 51274878
51274879 51274880
51274881 51274882
51274883 51274884
51274885 46930790
51274886 51274887
51274888 51274889
51274890 51274891
51274892 51274893
51274894 51274895
51274896 51274897
51274898 51274897
51274899 51274900
51274901 51274902
51274903 5228001
51274904 5228001
51274905 1813090
51274906 51274907
51274908 51274909
51274910 51274911
51274912 11206122
51274913 46932468
51274914 7550007
51274915 51274916
51274917 51274918
51274919 46932664
51274920 51274921
51274922 51274923
51274924 8665136
51274925 51274926
51274927 51274928
51274929 51274930
51274931 51274932
51274933 51274934
51274935 51274936
51274937 51274938
51274939 51274940
51274941 11730156
51274942 3894655
51274943 51274944
51274945 3878027
51274946 51274947
51274948 8076067
51274949 8076067
51274950 51274951
51274952 51274953
51274954 51274955
51274956 51274957
51274958 51274959
51274960 51274961
51274962 51274963
51274964 46934142
51274965 51274966
51274967 51274968
51274969 7621597
51274970 7621597
51274971 46934615
51274972 51274973
51274974 51274975
51274976 2080863
51274977 51274978
51274979 51274980
51274981 51274982
51274983 51274984
51274985 51274986
51274987 51274988
51274989 51274990
51274991 51274992
51274993 51274994
51274995 51274996
51274997 51274998
51274999 51275000
51275001 46935686
51275002 51275003
51275004 6871341
51275005 51275006
51275007 51275008
51275009 550657
51275010 51275011
51275012 51275013
51275014 51275015
51275016 5330978
51275017 51275018
51275019 3456154
51275020 46347966
51275021 4810006
51275022 4810006
51275023 4810006
51275024 4810006
51275025 4810006
51275026 51275027
51275028 10650963
51275029 51275030
51275031 51275032
51275033 46936379
51275034 51275035
51275036 46936584
51275037 51275038
51275039 46936671
51275040 51275041
51275042 51275043
51275044 51275045
51275046 4284398
51275047 46936994
51275048 6462833
51275049 51275050
51275051 51275050
51275052 46346870
51275053 51275054
51275055 51275056
51275057 51275058
51275059 46937506
51275060 51275061
51275062 46937560
51275063 51275064
51275065 46937642
51275066 51275067
51275068 51275069
51275070 51275071
51275072 51275073
51275074 974113
51275075 51275076
51275077 51275078
51275079 51275080
51275081 34849073
51275082 51275083
51275084 51275085
51275086 51275087
51275088 51275089
51275090 3348572
51275091 3251966
51275092 3251966
51275093 3251966
51275094 51275095
51275096 51275097
51275098 51275099
51275100 51275101
51275102 46939220
51275103 51275104
51275105 51275106
51275107 51275108
51275109 51275110
51275111 30358782
51275112 51275113
51275114 51275115
51275116 51275117
51275118 51275119
51275120 51275121
51275122 51275123
51275124 51275125
51275126 51275127
51275128 51275129
51275130 51275131
51275132 51275133
51275134 7728927
51275135 7182478
51275136 51275137
51275138 51275139
51275140 51275141
51275142 51275143
51275144 46347727
51275145 2625516
51275146 51275147
51275148 46940989
51275149 51275150
51275151 14528926
51275152 51275153
51275154 51275155
51275156 6212694
51275157 51275158
51275159 5593345
51275160 11856392
51275161 1666394
51275162 51275163
51275164 46942030
51275165 51275166
51275167 51275168
51275169 51275170
51275171 51275172
51275173 51275174
51275175 51275176
51275177 7762616
51275178 500461
51275179 51275180
51275181 51275182
51275183 2380325
51275184 51275185
51275186 51275187
51275188 51275189
51275190 6124154
51275191 51275192
51275193 51275194
51275195 51275196
51275197 2918310
51275198 46944400
51275199 46944415
51275200 51275201
51275202 51275203
51275204 51275205
51275206 51275207
51275208 51275209
51275210 51275211
51275212 46945640
51275213 51275214
51275215 6400037
51275216 51275217
51275218 29706164
51275219 51275220
51275221 28384444
51275222 51275223
51275224 51275223
51275225 51275226
51275227 51275228
51275229 12932612
51275230 46946729
51275231 7014160
51275232 51275233
51275234 51275235
51275236 51275237
51275238 10365252
51275239 9231790
51275240 9231790
51275241 9231790
51275242 51275243
51275244 51275245
51275246 51275247
51275248 51275249
51275250 8407380
51275251 46947813
51275252 51275253
51275254 51275255
51275256 46948110
51275257 51275258
51275259 46948646
51275260 51275261
51275262 3910343
51275263 46948955
51275264 51275265
51275266 51275267
51275268 51275269
51275270 51275271
51275272 51275273
51275274 5042554
51275275 46949802
51275276 51275277
51275278 51275279
51275280 23288594
51275281 51275282
51275283 51275284
51275285 51275286
51275287 8364057
51275288 51275289
51275290 2355044
51275291 46347387
51275292 51275293
51275294 3841840
51275295 51275296
51275297 43323566
51275298 51275299
51275300 51275301
51275302 46951094
51275303 972688
51275304 51275305
51275306 51275307
51275306 51275308
51275309 46951121
51275310 9267061
51275311 51275312
51275313 46951191
51275314 8364061
51275315 1822141
51275316 51275317
51275318 46951451
51275319 51275320
51275321 46951468
51275322 51275323
51275324 46951546
51275325 51275326
51275327 51275328
51275329 51275330
51275331 51275332
51275333 51275334
51275335 51275336
51275337 51275338
51275339 51275340
51275341 51275342
51275343 6900608
51275344 3987847
51275345 51275346
51275347 51275348
51275349 51275350
51275351 51275352
51275353 51275354
51275355 2624532
51275356 51275357
51275358 51275359
51275360 51275361
51275362 51275363
51275364 51275365
51275366 51275367
51275368 51275369
51275370 51275371
51275372 51275373
51275374 51275375
51275376 51275377
51275378 51275379
51275380 51275381
51275382 51275383
51275384 51275385
51275386 34826545
51275387 46954420
51275388 31143095
51275389 51275390
51275391 51275392
51275393 51275394
51275395 51275396
51275397 51275398
51275399 196517
51275400 28167582
51275401 51275402
51275403 51275404
51275405 51275406
51275407 51275408
51275409 51275410
51275411 51275412
51275413 51275414
51275415 51275416
51275417 51275418
51275419 51275420
51275421 51275422
51275423 51275424
51275425 51275426
51275427 51275428
51275429 51275430
51275431 23736597
51275432 51275433
51275434 51275435
51275436 51275437
51275438 51275439
51275440 46956262
51275441 467546
51275442 51275443
51275444 51275445
51275446 51275447
51275448 46956637
51275449 8801119
51275450 7897210
51275451 6888909
51275452 841633
51275453 51275454
51275455 51275456
51275457 8891990
51275458 51275459
51275460 51275461
51275462 51275463
51275464 3988274
51275465 51275466
51275467 51275468
51275469 51275470
51275471 15738447
51275472 15738447
51275473 3052433
51275474 1813145
51275475 7904850
51275476 5186693
51275477 51275478
51275479 51275480
51275481 51275482
51275483 51275484
51275485 10673012
51275486 8041862
51275487 8041862
51275488 51275489
51275490 51275491
51275492 51275493
51275494 51275495
51275496 3056989
51275497 51275498
51275499 51275500
51275501 5965637
51275502 51275503
51275504 51275505
51275506 9597116
51275507 3253177
51275508 51275509
51275510 5894548
51275511 51275512
51275513 46958600
51275514 51275515
51275516 46959245
51275517 51275518
51275519 46959302
51275520 51275521
51275522 51275523
51275524 297302
51275525 51275526
51275527 46959453
51275528 51275529
51275530 51275531
51275532 7183648
51275533 51275534
51275535 33110087
51275536 5755416
51275537 51275538
51275539 51275540
51275541 51275542
51275543 51275544
51275545 51275546
51275547 39540967
51275548 39540967
51275549 39540967
51275550 39540967
51275551 39540967
51275552 39540967
51275553 9013321
51275554 46960483
51275555 51275556
51275557 51275558
51275559 38666570
51275560 38666570
51275561 46961157
51275562 51275563
51275564 30395363
51275565 51275566
51275567 51275568
51275569 51275570
51275571 51275572
51275573 51275574
51275575 51275576
51275577 51275578
51275579 51275580
51275581 51275582
51275583 51275584
51275585 51275586
51275587 51275588
51275589 7303337
51275590 51275591
51275592 49348467
51275593 51275594
51275595 51275596
51275597 51275598
51275599 51275600
51275601 46348466
51275602 46962626
51275603 46962626
51275604 51275605
51275606 46964264
51275607 51275608
51275609 51275610
51275611 5293467
51275612 5293467
51275613 5293467
51275614 5293467
51275615 51275616
51275617 2099587
51275618 2099587
51275619 2099587
51275620 51275621
51275622 51275623
51275624 51275625
51275626 51275627
51275628 51275629
51275630 51275631
51275632 51275633
51275634 51275635
51275636 51275637
51275638 51275639
51275640 46967256
51275641 51275642
51275643 51275644
51275645 51275646
51275647 46967389
51275648 51275649
51275650 46967552
51275651 51275652
51275653 46967760
51275654 51275655
51275656 46348271
51275657 51275658
51275659 46967780
51275660 51275661
51275662 51275663
51275664 51275665
51275666 46968063
51275667 51275668
51275669 51275670
51275671 51275672
51275673 38771776
51275674 51275675
51275676 15891226
51275677 15891226
51275678 51275679
51275680 51275681
51275682 51275683
51275684 51275685
51275686 51275687
51275688 51275689
51275690 51275691
51275692 51275693
51275694 6024464
51275695 51275696
51275697 51275698
51275699 8840089
51275700 9382826
51275701 51275702
51275703 12231210
51275704 51275705
51275706 51275707
51275708 51275709
51275710 51275711
51275712 46969857
51275713 51275714
51275715 51275716
51275717 51275718
51275720 51275721
51275722 51275723
51275724 51275725
51275726 51275727
51275728 51275729
51275730 51275731
51275732 46970226
51275733 51275734
51275735 7268828
51275736 7268828
51275737 46970540
51275738 51275739
51275740 51275741
51275742 46970734
51275743 51275744
51275745 46970764
51275746 51275747
51275748 51275749
51275750 51275751
51275752 51275753
51275754 51275755
51275756 51275757
51275758 51275759
51275760 51275761
51275762 51275763
51275764 51275765
51275766 49315041
51275767 51275768
51275769 51275770
51275771 51275772
51275773 51275774
51275775 4892149
51275776 51275777
51275778 51275779
51275780 51275781
51275782 51275783
51275784 51275785
51275786 46972183
51275787 51275788
51275789 51275790
51275791 51275792
51275793 51275794
51275795 15074644
51275796 51275797
51275798 51275799
51275800 8209862
51275801 46972967
51275802 51275803
51275804 51275805
51275806 51275807
51275808 51275809
51275810 46973237
51275811 51275812
51275813 51275814
51275815 51275816
51275817 51275818
51275819 1228253
51275820 51275821
51275822 51275823
51275824 51275825
51275826 51275827
51275828 46973785
51275829 51275830
51275831 51275832
51275833 51275834
51275835 51275836
51275837 51275838
51275839 51275840
51275841 51275842
51275843 51275844
51275845 8920390
51275846 51275847
51275848 51275849
51275850 51275851
51275852 46974535
51275853 8801709
51275854 51275855
51275856 6034097
51275857 51275858
51275859 51275860
51275861 51275862
51275863 51275864
51275865 51275866
51275867 23538822
51275868 51275869
51275870 51275871
51275872 51275873
51275874 51275875
51275876 46975763
51275877 51275878
51275879 46975775
51275880 8499356
51275881 51275882
51275883 51275884
51275885 51275886
51275887 51275888
51275889 51275890
51275891 51275892
51275893 51275894
51275895 51275896
51275897 51275898
51275899 51275900
51275901 8888103
51275902 51275903
51275904 51275905
51275906 51275907
51275908 9226824
51275909 46977349
51275910 51275911
51275912 51275913
51275914 51275915
51275916 6137187
51275917 9348227
51275918 51275919
51275920 51275921
51275922 51275923
51275924 51275925
51275926 46977924
51275927 2169722
51275928 2377773
51275929 46349261
51275930 51275931
51275932 51275933
51275934 11328788
51275935 11328788
51275936 51275937
51275938 51275939
51275940 51275941
51275942 51275943
51275944 24407387
51275945 51275946
51275947 51275948
51275949 39542420
51275950 51275951
51275952 51275953
51275954 9051373
51275955 46979028
51275956 51275957
51275958 1818018
51275959 51275960
51275961 2725961
51275962 46979572
51275963 51275964
51275965 51275966
51275967 1812677
51275968 1812677
51275969 1812677
51275970 51275971
51275972 46979928
51275973 46979928
51275974 51275975
51275976 51275977
51275978 51275979
51275980 46980044
51275981 51275982
51275983 46980055
51275984 51275985
51275986 46980845
51275987 51275988
51275989 46981031
51275990 51275991
51275992 51275993
51275994 51275995
51275996 51275997
51275998 28365226
51275999 51276000
51276001 51276002
51276003 51276004
51276005 51276006
51276007 51276008
51276009 29340785
51276010 51276011
51276012 51276013
51276014 51276015
51276016 51276017
51276018 51276019
51276020 51276021
51276022 1491151
51276023 1491151
51276024 51276025
51276026 51276027
51276028 46982494
51276029 51276030
51276031 51276030
51276032 46982637
51276033 8067894
51276034 51276035
51276036 5074687
51276037 51276038
51276039 46983130
51276040 51276041
51276042 46983279
51276043 39541169
51276044 51276045
51276046 51276047
51276048 51276049
51276050 51276051
51276052 51276053
51276054 51276055
51276056 91070
51276057 51276058
51276059 5368184
51276060 46983585
51276061 51276062
51276063 51276064
51276065 51276066
51276067 51276068
51276069 51276070
51276071 51276070
51276072 4382213
51276073 51276074
51276075 51276076
51276077 46984718
51276078 51276079
51276080 51276081
51276082 51276083
51276084 51276085
51276086 2925950
51276087 51276088
51276089 51276088
51276090 51276091
51276092 30373853
51276093 46348020
51276094 51276095
51276096 51276097
51276098 51276099
51276100 51276101
51276102 46985882
51276103 46985882
51276104 51276105
51276106 8344498
51276107 51276108
51276109 51276110
51276111 51276112
51276113 51276114
51276115 51276116
51276117 51276118
51276119 46986275
51276120 51276121
51276122 13484482
51276123 13484482
51276124 51276125
51276126 46986384
51276127 51276128
51276129 51276130
51276131 51276132
51276133 51276134
51276135 51276136
51276137 51276138
51276139 51276140
51276141 51276142
51276143 6261785
51276144 6863915
51276145 24409360
51276146 51276147
51276148 51276149
51276150 51276149
51276151 51276152
51276153 1089408
51276154 51276155
51276156 51276157
51276158 51276159
51276160 51276161
51276162 51276163
51276164 51276165
51276166 51276167
51276168 2908807
51276169 8437083
51276170 181984
51276171 51276172
51276173 51276174
51276175 51276176
51276177 51276178
51276179 286747
51276180 51276181
51276182 36700552
51276183 6917852
51276184 46988786
51276185 39542384
51276186 51276187
51276188 551576
51276189 51276190
51276191 51276192
51276193 51276194
51276195 51276196
51276197 51276198
51276199 51276200
51276201 51276202
51276203 3558327
51276204 7283864
51276205 51276206
51276207 6602248
51276208 51276209
51276210 9096248
51276211 51276212
51276213 46990014
51276214 51276215
51276216 51276217
51276218 51276219
51276220 51276221
51276222 51276223
51276224 51276225
51276226 51276227
51276228 30515731
51276229 51276230
51276231 51276232
51276233 51276234
51276235 51276236
51276237 51276238
51276239 673969
51276240 51276241
51276242 51276243
51276244 51276243
51276245 51276246
51276247 30310074
51276248 51276249
51276250 51276251
51276252 46991932
51276253 51276254
51276255 46992000
51276256 5726134
51276257 51276258
51276259 51276260
51276261 51276262
51276263 51276264
51276265 51276266
51276267 46993039
51276268 51276269
51276270 40046436
51276271 5583803
51276272 51276273
51276274 51276275
51276276 51276277
51276278 51276279
51276280 51276281
51276282 51276283
51276284 51276285
51276286 46347194
51276287 46347194
51276288 51276289
51276290 51276291
51276292 46994006
51276293 51276294
51276295 51276296
51276297 51276298
51276299 51276300
51276301 51276302
51276303 8316369
51276304 3215536
51276305 3215536
51276306 51276307
51276308 3738826
51276309 901018
51276310 901018
51276311 51276312
51276313 51276314
51276315 51276316
51276317 4208394
51276318 9244988
51276319 51276320
51276321 51276322
51276323 51276324
51276325 51276326
51276327 12556211
51276328 51276329
51276330 51276331
51276332 46996329
51276333 51276334
51276335 46996460
51276336 51276337
51276338 51276339
51276340 51276341
51276342 51276343
51276344 46996877
51276345 51276346
51276347 46997096
51276348 46997096
51276349 46997096
51276350 51276351
51276352 46997148
51276353 646175
51276354 51276355
51276356 9912219
51276357 51276358
51276359 51276360
51276361 51276362
51276363 51276364
51276365 6808649
51276366 51276367
51276368 6769293
51276369 46997431
51276370 229536
51276371 229536
51276372 51276373
51276374 51276375
51276376 51276377
51276378 8011171
51276379 8011171
51276380 46997777
51276381 51276382
51276383 51276384
51276385 51276386
51276387 51276388
51276389 51276390
51276391 5034598
51276392 51276393
51276394 51276395
51276396 51276397
51276398 51276399
51276400 8806733
51276401 6930913
51276402 972277
51276403 972277
51276404 972277
51276405 51276406
51276407 51276408
51276409 51276410
51276411 4262349
51276412 51276413
51276414 51276415
51276416 51276417
51276418 46998842
51276419 46998872
51276420 46998872
51276421 6474063
51276422 51276423
51276424 1899181
51276425 2356691
51276426 46999244
51276427 51276428
51276429 51276430
51276431 51276432
51276433 51276434
51276435 51276436
51276437 33751996
51276438 46999561
51276439 51276440
51276441 46999634
51276442 51276443
51276444 46999656
51276445 51276446
51276447 51276448
51276449 51276450
51276451 51276452
51276453 51276454
51276455 51276456
51276457 51276458
51276459 51276460
51276461 51276462
51276463 51276464
51276465 51276466
51276467 51276468
51276469 51276470
51276471 51276472
51276473 51276474
51276475 51276476
51276477 11206559
51276478 51276479
51276480 51276481
51276482 47000577
51276483 47000718
51276484 30323456
51276485 968509
51276486 51276487
51276488 2926729
51276489 51276490
51276491 51276492
51276493 51276494
51276495 51276496
51276497 51276498
51276499 51276500
51276501 51276502
51276503 51276504
51276505 47001461
51276506 51276507
51276508 51276509
51276510 6425921
51276511 6425921
51276512 6425921
51276513 6425921
51276514 51276515
51276516 51276517
51276518 51276519
51276520 51276521
51276522 46347367
51276523 51276524
51276525 47002412
51276526 51276527
51276528 51276529
51276530 51276531
51276532 51276533
51276534 450088
51276535 51276536
51276537 51276538
51276539 51276540
51276541 51276542
51276543 51276544
51276545 6914216
51276546 51276547
51276548 47003546
51276549 23345804
51276550 2725284
51276551 47003680
51276552 51276553
51276554 51276555
51276556 8038556
51276557 51276558
51276559 51276560
51276561 51276562
51276563 131851
51276564 47003863
51276565 51276566
51276567 51276568
51276569 47003946
51276570 51276571
51276572 51276573
51276574 51276575
51276576 51276577
51276578 47004069
51276579 47004106
51276580 51276581
51276582 51276583
51276584 51276585
51276586 47004233
51276587 51276588
51276589 51276590
51276591 51276592
51276593 51276594
51276595 36107457
51276596 51276597
51276598 51276599
51276600 51276601
51276602 51276603
51276604 13473330
51276605 15658075
51276606 51276607
51276608 31069412
51276609 51276610
51276611 51276612
51276613 51276614
51276615 51276616
51276617 51276618
51276619 51276620
51276621 51276622
51276623 51276624
51276625 51276626
51276627 51276628
51276629 51276630
51276631 51276632
51276633 5287525
51276634 51276635
51276636 51276637
51276638 51276639
51276640 51276641
51276642 47005925
51276643 51276644
51276645 4841196
51276646 51276647
51276648 51276649
51276650 51276651
51276652 47006324
51276653 51276654
51276655 51276656
51276657 51276658
51276659 3138256
51276660 51276661
51276662 11018246
51276663 1488265
51276664 51276665
51276666 2416002
51276667 51276668
51276669 51276670
51276671 47007136
51276672 51276673
51276674 51276675
51276676 51276677
51276678 51276679
51276680 51276681
51276682 676190
51276683 14728478
51276684 7968630
51276685 51276686
51276687 51276688
51276689 51276690
51276691 51276692
51276693 51276694
51276695 51276696
51276697 51276698
51276699 51276700
51276701 51276702
51276703 51276704
51276705 51276706
51276707 51276708
51276709 51276710
51276711 5083090
51276712 5083090
51276713 47008976
51276714 51276715
51276716 51276717
51276718 47009551
51276719 51276720
51276721 51276722
51276723 51276724
51276725 51276726
51276727 51276728
51276729 51276730
51276731 51276732
51276733 51276734
51276735 397328
51276736 45947467
51276737 6348684
51276738 47010499
51276739 7105513
51276740 51276741
51276742 2383191
51276743 51276744
51276745 51276746
51276747 51276748
51276749 51276750
51276751 51276752
51276753 6014582
51276754 51276755
51276756 51276757
51276758 51276759
51276760 51276761
51276762 51276763
51276764 51276765
51276766 51276767
51276768 51276769
51276770 51276771
51276772 51276773
51276774 9149164
51276775 51276776
51276777 5404265
51276778 2984334
51276779 51276780
51276781 51276782
51276783 1492822
51276784 1492822
51276785 1492822
51276786 51276787
51276788 51276789
51276790 47012875
51276791 47012892
51276792 15228319
51276793 9175708
51276794 51276795
51276796 58427
51276797 51276798
51276799 51276800
51276801 37921950
51276802 47013302
51276803 3071127
51276804 1958722
51276805 51276806
51276807 51276808
51276809 51276810
51276811 51276812
51276813 1493304
51276814 51276815
51276816 51276817
51276818 51276819
51276820 2747341
51276821 51276822
51276823 51276824
51276825 51276826
51276827 8915784
51276828 51276829
51276830 51276831
51276832 51276833
51276834 51276835
51276836 51276837
51276838 24398506
51276839 47014337
51276840 816347
51276841 51276842
51276843 5040390
51276844 47014891
51276845 51276846
51276847 51276846
51276848 51276849
51276850 51276851
51276852 23036939
51276853 51276854
51276855 51276856
51276857 47015695
51276858 15816671
51276859 51276860
51276861 51276862
51276863 51276864
51276865 47016558
51276866 47016564
51276867 51276868
51276869 47016642
51276870 51276871
51276872 51276873
51276874 1089703
51276875 51276876
51276877 51276878
51276879 51276880
51276881 14293051
51276882 14293051
51276883 14293051
51276884 14293051
51276885 14293051
51276886 14293051
51276887 14293051
51276888 14293051
51276889 14293051
51276890 14293051
51276891 14293051
51276892 14293051
51276893 14293051
51276894 14293051
51276895 14293051
51276896 51276897
51276898 51276899
51276900 51276899
51276901 51276899
51276902 51276903
51276904 51276905
51276906 51276907
51276908 51276909
51276910 51276911
51276912 51276913
51276914 51276915
