765216 1549343
74028 268029
933035 1757731
5061 45840
5061 45841
5061 45842
64242 247385
64242 247386
15530 80717
2354 24733
2354 24734
2354 24735
2354 24736
2354 24737
2354 24738
2354 24739
2354 24740
2360 25390
925 11368
285965 797651
1711488 2541847
1711488 2541848
1711488 2541849
4001553 4184010
10194440 10194444
5418 47557
3747562 4018341
314424 850608
82814 285723
82814 285724
151701 478745
10196269 10196273
10196891 10196897
10197007 10197010
10197685 10197689
10197702 10197708
10197808 10197810
10198225 10198231
239286 726832
66118 253754
1477397 2345201
780650 1566935
318321 856385
10221891 10221893
1475433 2343616
42524 174775
42524 174776
47507 204127
8859 66543
8859 66544
8859 66545
8859 66546
514183 1212432
179094 549504
158157 497980
189970 583254
12055 73882
42526 174845
4171 41595
476778 1149840
542816 1264876
947 13844
149099 470295
4363 43112
17944 90347
621 5487
4366 43427
8587 65339
10242576 10242583
175283 539458
4176809 4302698
10209290 10209308
3746722 4017702
784704 1571017
48168 206475
753818 1534585
179786 550786
80914 281188
10243349 10243352
36819 146920
2452 33962
472498 1142855
10244431 10244433
143796 452867
10247240 10247242
154114 486509
463119 1128056
2742147 3334808
1285901 2164303
87017 296654
10258827 10251230
23840 126342
285702 797198
773515 1557811
1557807 2418155
773517 1557822
308023 840574
37768 153705
6197 56528
460830 1124057
249215 740037
171247 528206
253774 747873
253777 747909
10412353 10412357
85230 291994
64887 250140
16599 85363
8330 64918
484620 1161693
496060 1179970
10196553 10196559
177461 546637
177461 546638
10704809 10704813
1105703 1977769
1291433 2168616
151703 478804
777013 1562166
73353 265780
11679018 11679021
133335 421352
11815246 11815248
11886909 11886912
11910263 4269121
151552 478179
151552 478180
518677 1219429
9422122 9422140
4008718 4188296
11999491 11999496
12029345 12029347
150459 474101
1082361 1944149
1082361 1944150
1082361 1944151
614812 1353030
540975 1261792
1962786 2733435
12253154 12253156
12554243 12554248
4683341 4687891
13164850 13164854
4551135 4568414
4551135 4568415
3447454 3821360
13253906 13253908
771543 1554212
452385 1110648
43863 185274
309880 843560
27667 129513
142680 449200
146723 463247
42674 175619
155424 490859
5270610 5270612
2106847 2856587
17949 90564
4520942 4544646
556535 1279655
573874 1289309
1143134 2014243
148370 467618
18015 91394
17254 88858
2030133 2792544
333816 910752
1510678 2373257
1931440 2707292
10254379 10254383
46407 200456
29444 130976
1070250 1933187
163209 513402
697186 1453169
36568 145065
2914560 3455479
8188 63878
13273514 13273520
44024 186020
181739 554379
44081 186157
77828 275420
2392937 3085391
13276133 13276137
48214 206635
553829 1276635
149198 470845
1557698 2417983
13285759 13285762
4979132 4979181
5437 48271
43380 180914
2616641 3245929
89876 306400
2382782 3074102
11757219 11757226
5902099 5902121
13333492 13333495
36571 145206
118999 380660
3125893 3602901
1811953 2623553
1092354 1957000
444996 1095927
46204 198963
130072 130077
186108 574064
13368937 13368948
186350 574855
9555119 9555136
554535 1277360
446495 1099621
12425699 12425703
13374354 13374359
3583869 3916699
216584 658636
5800846 5800853
550306 1273362
1917753 2694509
36758 146411
37450 151715
37450 151716
535790 1252690
535790 1252691
149062 470162
37710 153405
13384741 13384746
42181 173464
1174606 2047247
422949 1064605
57404 235594
154004 486347
150461 474158
13395704 13395708
13395704 13395709
550422 1273479
1235500 2114972
13399939 13399942
146419 462089
198474 595711
2805091 3376300
2905543 3445840
161429 507994
173543 536047
1068839 1931891
2066686 2824928
1053636 1916092
1290427 2167565
279174 786144
279174 786145
1929264 2706050
1982881 2755640
12080 74297
163952 515039
13472858 13472864
13473127 13473130
13495436 13495442
4303968 4385042
3995315 4180736
211684 645917
774257 1559011
774257 1559012
13516965 13516970
615529 1353841
1652241 2494859
13530230 13530232
1070331 1933260
13534643 13534647
1115458 1987327
1695007 2528782
121928 400136
14032304 14032312
3069315 3561362
14627582 14627587
1459042 2329808
14763775 14763780
14777214 14777219
712190 1470690
3916680 4127948
3916680 4127949
3916680 4127950
3916680 4127951
14925053 14925056
1808011 2619622
1808011 2619623
14894057 14894063
14942215 14942217
2907975 3447406
14949745 14949747
14950564 14950566
4426201 4470419
14953410 14953417
14958999 14959002
14965315 14965321
14965315 14965322
2559908 3203829
14970274 14970277
14970274 14970278
14970274 14970279
450678 1107744
14971397 14971399
3447507 3821440
4587218 4598789
14978855 14978858
14980732 14980735
1102411 1973141
4541157 4560173
4605517 4615846
14998578 14998583
2910632 3451783
15004151 15004154
15005274 15005277
15005274 15005278
15010414 15010418
15015353 15015356
4394 44041
14881102 14881106
14881102 14881107
15052493 15052496
2911183 3452969
3808414 4053859
15078053 15078055
3921260 4130672
15087170 15087172
4043389 4207981
15090108 15090112
15090457 15090463
137511 429946
15096535 15096538
15097708 15097710
14947969 14947977
14947969 14947978
14947969 14947979
2117247 2864750
3808783 4054000
2708939 3303800
15101477 15101479
10230107 10230113
15102039 15102043
15106026 15106028
15106026 15106029
15106125 15106127
15106402 15106405
15106402 15106406
3218525 3671296
3218525 3671297
15106880 15106882
4684336 4679806
4684336 4688613
15107776 15107780
15109590 15109594
15109606 15109609
78005 275758
15110873 15110876
964512 1804503
132198 419238
3449665 3824194
15114025 15114027
15114025 15114028
15114025 15114029
15114052 15114055
15114929 15114933
15117011 15117014
15117824 15117828
15122078 15122082
15123262 15123266
15126257 15126261
15126388 15126391
3449533 3824056
15128614 15128616
3449950 3824910
3449950 3824911
15132334 15132338
15132334 15132339
15133943 15133945
618393 1357250
15137939 15137943
4310987 4389683
15139081 15139083
15139081 15139084
3610363 3933623
15142328 15142331
15142927 15142929
15148101 15148103
15148176 15148178
15158820 15158823
15159018 15142172
4421556 4466967
15164124 15164126
15164124 15164127
15164686 15164688
15165210 15165213
15165210 15165214
1979983 2753027
1979983 2753028
2884311 3430738
15219910 15219915
540966 1261767
2962056 3487258
4542895 4561649
4542895 4561650
15290833 15290835
3336547 3753093
3336547 3753094
163841 514737
163841 514738
42685 175812
15328446 15328451
521181 1224900
15435922 15435924
15440789 15440793
493291 1175623
2784737 3364016
3141729 3617522
318092 856013
1053208 1915702
15727159 15727165
2085866 2839663
3821420 4062456
11030 71968
2323379 3027136
458157 1119929
1064595 1928162
309045 842476
292721 811499
1656644 2498292
2016537 2782327
28173002 8923683
307042 838714
419232 1059015
13068288 13068293
486965 1165033
486965 1165034
486965 1165035
1507360 2371042
28176844 28176847
382316 991716
685677 1440113
465117 1131360
28177910 28177914
2946252 3477272
28178884 28178887
80326 279425
13499212 13499225
2035164 2799020
28192500 28192501
28199983 28199985
28200434 28200437
3064263 3558257
1612370 2462050
157209 495998
28216596 28216597
6378920 6378950
47894 205619
2203375 2941482
13383598 13383615
317689 550994
246773 736258
205522 614405
28227093 28227094
3940080 4144267
1064599 1928205
1353268 2227138
1064600 1928219
1652244 2494892
28269731 28269734
840854 1652251
35195 139620
202691 608681
202691 608682
28275855 28275858
28275872 28275874
3558299 3900032
28185078 28185090
28211641 28211656
1333857 2205425
3794842 4045190
28401798 28401802
10152412 10152418
28727884 28727886
15491619 15491622
29340739 29340742
29340763 29340765
3449840 3824684
3126135 3603247
29341457 29341459
29341897 29341899
2169876 2909690
29342073 29342075
3824410 4065369
3824412 4065378
2169886 2909736
29343112 29343116
29343124 29343125
29343128 29343130
29343134 29343136
29343185 29343186
29343195 29343196
29343201 29343202
29343206 29343208
29343210 29343211
29343232 29343233
29343250 29343252
29343250 29343253
29343256 29343258
29343271 29343273
29343291 29343292
29343293 29343294
29343304 29343305
29343314 29343316
29343323 29343324
29343325 29343327
29343400 29343401
29343411 29343413
29343425 29343427
29343428 29343429
29343704 29343705
29343704 29343706
29343730 29343732
29343734 29343736
29343774 29343777
29343820 29343823
29343833 29343835
14635742 14635748
14635742 14635749
14635742 14635750
29344535 29344536
29344998 29345000
29345007 29345010
29345007 29345011
29345065 4561649
29345200 29345203
29345518 29345519
29345659 29345660
450749 1107880
450749 1107881
3121759 3599650
29346560 29346562
29346628 29346629
29346628 29346630
29346628 29346631
29346758 29346759
29346896 29346898
29346925 29346927
29347332 29347333
29347396 29347397
29347396 29347398
29347435 29347436
29347550 29347552
29348089 29348090
29348149 29348150
29348151 29348153
29348259 29348261
29348395 29348397
29349005 29349007
29349005 29349008
29349048 29349049
29349253 29349254
29349347 29349349
29349506 29349507
3774813 4033305
29349640 29349641
29349734 29349736
3344506 3760030
29349791 29349792
29349795 29349796
2909857 3449404
4630001 4638441
29350030 29350032
29350048 29350049
29350402 29350404
29350412 29350413
29350460 29350463
29350468 29350472
29350516 29350517
29350574 29350576
2742128 3334781
29350765 29350767
29350765 29350768
3808788 4054007
29351214 29351215
29351252 29346769
29351271 29351273
29351308 29351309
29351308 29351310
29351308 29351311
29351602 29351603
29351691 29351693
29352085 29352087
29352879 29352882
29352879 29352883
29353067 29353068
29353098 29353099
29353141 29353144
1980071 2753110
3989265 4174833
29345128 29345134
29353219 29353222
29354176 29354178
29354248 29354250
4569172 4583721
29354429 29354431
29354490 29354492
29354590 29354593
29354590 29354594
29354590 29354595
3426298 3808087
29355495 29355497
29355619 29355622
29355619 29355623
29355619 29355624
29355754 29355756
29356724 29356726
29356752 29356754
29356811 29356813
29349488 29349492
29356848 29356849
29357245 29357246
2169891 2909758
2629815 3255607
29357418 29357420
29357628 29357630
29358315 29358317
3427275 3808857
3427275 3808858
29360870 29360873
29360870 29360874
29360904 29360906
2692723 3291943
2692723 3291944
29361027 29361029
15255939 15255945
29361074 29361076
29361074 29361077
29361074 29347009
29361074 29361078
29361074 29361079
29361074 29361080
29361074 29361081
2411871 3099610
4265060 4357708
3124341 3601236
450682 1107763
29361331 29361332
29361381 29361382
29361391 29361393
29361661 29361662
29361730 29361733
29361820 29361821
29361867 29361870
29361873 29361876
29361957 29361959
29362005 29362007
29362135 29362136
29362152 29362154
29361645 29361650
29362361 29362364
29362423 29362425
29362443 29362444
29362445 29362446
29362499 29362500
29362540 29362542
29362556 29362558
29362630 29362632
29362634 29362635
29362644 29362645
29362695 29362696
29362752 29362754
29362843 29362844
29362846 29362848
29362846 29362849
29362846 29362850
29362846 29362851
29362859 29362860
29362885 29362886
29362933 29362935
29362940 29362943
29362949 29362952
29363051 29363053
29363055 29363056
29363136 29363139
29363145 29363148
29363241 29363243
29363270 29363271
29363270 29363272
29363336 29363338
29363343 29363344
29363362 29363364
29345596 29345600
29365054 29365055
29365062 29365063
3138901 3615269
28664920 28664924
29653463 29653468
28313407 28313412
29653899 29653904
29654166 29654170
29654278 29654282
28594563 28594569
15653401 15653408
29654597 29654601
29654713 29654718
29654999 29655003
28667969 28667975
29655233 29655238
29655397 29655401
29655591 29655595
29664099 29664100
29665430 29665432
28655670 28655683
29665567 29665571
29665574 29665576
12339070 12339073
28221812 28221815
29668646 29668651
3877726 4104098
29706425 29706431
29736492 29736493
29737318 29737320
3197280 3653666
29740010 29740012
1152926 2024503
2783942 3363446
180688 552606
29757132 29757135
29758535 29758537
1169040 2040810
29762563 29762565
29765230 29765233
29767167 29767169
28171850 28171856
29772580 29772582
29773365 29773367
731333 1502617
2203376 2941492
29784315 29784316
974808 1817461
29792913 29792915
514421 1212963
514421 1212964
1063770 1925944
151446 477857
29800335 29800340
974809 1817474
28167828 28167836
29814456 29814457
1476555 2047142
270101 772753
29818869 29818871
3586987 3918446
7075827 7075840
2340892 3040059
492323 1174371
492323 1174372
487544 1166007
29833523 29833524
451751 1109677
29834699 29834702
29835021 29835024
614569 1352854
29840429 29840431
467302 1134533
468903 1136755
29846176 29846179
198353 595496
1442923 2310628
28212823 28212827
29839927 29839930
1835800 2641971
29853721 29853723
974810 1817483
974810 1817484
422148 1062414
5166530 5166544
1074816 1936749
29873084 29873087
29874325 29874329
29877854 29877857
29883781 29883784
28374750 12855839
29885057 29885061
29885135 29885138
29886000 29886002
6606961 6606965
29889922 29889923
29890068 29890071
311303 845754
473110 1144105
1063942 1926139
29895971 29895973
29901052 29901053
595494 1330857
29904087 29904090
1016093 1867674
477028 1150257
28196302 28196304
29905811 29905813
157142 495942
1169041 2040821
154374 487534
29915631 29915634
1068328 1931366
10190771 10190850
421054 1060692
1174513 2047142
29927319 29927322
29928189 29928191
3141081 3616880
761798 1544991
29941745 29941747
13439710 13439732
29949533 29949537
4323150 4397649
29950244 29950248
421055 1060697
28665289 28665300
1109673 1981820
29960760 29960762
1059650 1921284
372796 974813
3940083 4144288
29963932 15126261
29967300 29967301
464229 1129718
311183 845591
29791575 29791582
990134 1835806
1181400 2054086
2508868 3176756
29993306 29993308
29994472 29994475
29994819 29994820
2040807 2803315
29995738 29995741
3939091 4143656
155723 492347
3141116 3616929
30008510 30008512
4280790 4369656
30014763 29791582
38262 156842
489688 1169045
30024571 30024572
540977 1261803
29906521 29906527
5934681 5934689
2715440 3308051
163846 514758
30051049 30051051
30051117 30051120
30051117 30051121
30053843 30053845
3616904 3940125
2775961 3358477
30058959 30058961
30059995 30059997
1235501 2114979
155724 492356
30063455 30063458
30065916 30065918
30066918 30066922
4144315 4280782
3940118 4144307
2409238 3097654
30070640 30070641
1264924 2142183
30074201 30074202
614577 1352880
28717359 28717363
28487 130076
2203411 2941523
79787 278331
29987344 29987345
30098422 30098424
30098824 13374359
1271924 2147651
30101631 30101632
30105932 30105934
133243 421062
493410 1175731
30112178 30112181
28315966 28315978
28315966 28315979
30124184 30124185
3757428 4024116
468822 1136690
30139181 30139184
30141261 30141263
4144266 4280745
30143376 30143379
30143426 30143427
30143953 30143954
30144429 30144432
29810816 29810823
3363391 3769662
7391852 7391861
30156224 30156225
3616879 3940087
30161611 30161614
30162552 30162553
265779 764992
29789179 29789181
468906 1136767
30169668 30169669
468846 1136717
29991257 29991262
93283 318008
30186017 30186019
30186557 30186559
30186705 30186707
30190091 30190093
11299238 11299248
30194051 30194053
28315965 28315970
4451913 4490852
205615 614579
30201172 30201174
154268 486980
532727 1244533
30212818 30212821
3921866 4131152
15142498 15142503
30227915 30227916
30240735 30240737
3125872 3602831
30490381 30490384
30490381 30490385
1357446 2231367
2742189 3334922
4218630 4328478
4357649 4421558
30526847 30526848
30526932 30526934
3671221 3971393
30529766 30529768
30506363 30506371
3125899 3602937
207385 618560
3447531 3821508
260020 755138
1165030 2036911
30736420 30736421
30741900 30741901
30742126 30742129
29995303 29995305
2753634 3344331
3731254 4008729
3731254 4008730
3171420 3637196
3731255 4008735
173507 535898
4503258 4529999
175808 540971
2910827 3452211
2051262 2811014
175809 540979
540967 1261772
3370526 3773763
4152230 4285096
4365075 4427349
4427347 4471546
4475919 4509221
1757300 2578061
4552719 4569733
4285069 4372362
4432800 4475913
4127980 4269083
4471504 4505561
4427332 4471507
2839629 3399729
4427337 4471515
4471505 4505563
7825097 7825108
28664733 28664735
564877 1283148
28674053 28674056
11640828 11640833
10027551 10027563
30937338 30937340
359543 958489
1442842 2310547
3250058 3693962
2995541 3510987
3450730 3826212
3450813 3826342
31767918 31767921
31769278 31769280
31773667 31773669
31773668 31773672
32652044 29340847
30457171 30457175
28230552 28230554
32677741 32677743
32677741 32677744
32691193 32691195
15109592 15109601
32708624 32708625
32710890 32710891
32710896 32710897
32715843 32715845
10197214 10197220
484609 1161674
540989 1261824
3928452 4135504
30507362 30507372
32789313 32789314
32795285 32795286
32799833 32799835
4264889 4357517
32814331 32814333
32828733 32828734
31083702 31083707
32838949 32838951
4659512 4665631
4685840 4690073
4664047 4669766
4626437 4635352
4608957 4619177
32850171 32850172
4645343 4652761
32850911 32850919
25429445 25429451
33065769 33065771
4684701 4689026
2716629 3308868
2716629 3308869
28594158 28594161
1259445 2136726
1179883 2052490
121391 398710
33135120 33135123
2323429 3027238
2323429 3027239
37244 150107
28493899 28493900
33136273 33136275
2823474 3389362
64314 248362
28315968 28315987
198356 595526
33164305 33164306
33173558 30507372
2124316 2872335
33222015 33222017
15577793 15577796
33222863 33222864
421418 1061170
38445 157751
133592 422149
451542 1109456
150560 474487
33251706 33251708
1564827 2423814
30484002 30484005
2081435 2835676
2443845 3125682
15090459 15090469
156839 495322
15090468 15090473
461193 1124898
11299245 11299254
421658 1061642
28943804 28943816
33581706 33581708
2348311 3045605
552602 1275763
29350594 29350597
29350594 29350598
10692556 10692565
1061641 1923249
154379 487546
198357 595528
2054083 2813367
487531 1166001
1996769 2766294
7075836 7075847
1131688 2003519
477030 1150264
1835803 2641984
1109489 1981634
37465 151761
10663480 10663489
1330854 2202808
2641968 3264547
33583888 33583889
540969 1261778
2336657 3037288
2040817 2803319
33585649 33585650
33586980 1061170
33587742 33587744
34042312 34042313
34134061 34134063
34134061 34134064
34134061 34134065
34134116 34134119
34134135 34134137
4064456 4220945
34134172 34134174
1117612 1989465
1153051 2024794
4123338 4265492
1117812 1989695
3729007 4007403
31914408 31914410
595742 1331108
130972 417255
151332 477137
1167269 2039248
7866852 7866875
2333968 3035547
155401 490810
854062 1668592
10697075 10697084
1176635 2049231
467306 1134543
13476375 13476390
1931953 2707581
2812004 3380392
461194 1124900
156855 495352
34214868 34214876
613119 1351319
34222801 34222803
34234651 34234653
34234651 34234654
34235311 15161762
34235385 34235386
30736497 30736498
34236050 34236051
34236559 34236561
3759980 4026347
4042965 4207637
34237149 34237152
34237600 34237601
4617055 4626446
34238484 34238485
29354846 29354850
30518647 30518652
34252890 34252891
34253610 34253611
34254845 34254846
34256048 34256050
34256074 34256075
34277472 34277473
34277475 34277476
34279021 34279022
30507363 30507378
34282967 34282970
34284134 34284136
34284144 34284146
34284144 34284147
34284162 34284164
34284298 34284300
34289516 34289517
34291267 34291269
34292891 34292892
34293864 34293865
4531761 4552405
29740011 29740013
34303082 34303083
34303765 34303766
34303789 34303791
34306688 34306689
34306698 34306699
34306703 34306704
34306779 34306780
34306782 34306783
9079357 9079368
34313018 34313021
151403 477548
204404 612491
34346668 34346669
34354585 30390373
34355049 34355050
143250 450361
34370710 34370711
3447604 3821603
258945 753770
211710 645987
34397686 34397689
259482 754359
34408876 34408877
34411315 34411317
34411994 34411995
34413208 34413210
34416881 34416884
34423595 30390373
34424114 34424115
2124298 2872293
34427041 34427042
34428496 34355050
34438133 30390373
34439934 34355050
34439966 34439968
34442778 34442779
34450476 34450477
34455421 34455422
27389768 27389773
27389768 27389774
259402 754280
34473187 34355050
4432950 4476204
34475767 34355050
34479870 34479872
34479870 34479873
34479870 34479874
34479870 34479875
3228425 3678484
2167167 2907239
34485066 34485067
34487707 34487708
43652 181748
34492219 34492221
34492219 34492222
2138959 2884315
175811 540990
2138960 2884322
2138975 2138914
1261816 2138970
1261817 2138914
540970 1261783
1261765 2138914
1924456 2700535
2323430 3027242
1570696 2429644
35048262 35048264
35048480 35048482
4977948 4977960
35087562 35087564
35087562 35087565
8920237 8920247
35337959 35337960
35337959 35337961
34292346 34292349
35421436 35421437
29629019 29629021
35551634 513402
35602183 35602184
35607066 35607067
35774327 35774329
35774398 35774399
3126203 3603363
2444226 3126205
3126204 3603365
3603364 3928395
3928393 4135457
3928394 4135459
35788473 29343058
35788473 35788475
35788473 35788476
35788473 35788477
35788473 35788478
35788473 35788479
35793699 35793701
35811732 35811735
35817290 35817292
35818423 35818425
35826492 35826494
35832930 35832932
2039247 2802209
3403788 3795606
28378747 28378749
35444437 35444439
4042222 4207245
600687 1337251
1497184 2361974
36397436 151761
2571664 3211487
36515479 36515480
36516318 36516320
36518891 36518892
36520566 36520567
36521856 36521857
36523277 36523278
36523998 36523999
36525070 29343202
36525111 36525113
36526496 34306704
36527093 36527094
36529074 36529075
36529492 36529493
36529494 36529495
36531438 36527094
36531679 34306783
36532557 34306783
36533053 36533054
36533881 34306783
36534013 36534014
36535049 36535050
36535865 36535866
36536006 36536007
36536268 36536269
36536277 34256075
36536280 36536281
36537295 36537296
36537299 36537300
36537301 36537302
36537306 36537307
36537309 36537310
36537312 36537313
36537314 36537315
36537316 36537317
36537318 36537319
1542433 2402225
36537320 36537321
36537324 36537325
31078221 31078223
36537326 36537327
36537328 36537329
30500947 30500949
31126517 31126518
36537332 36537333
34392413 5018086
36537334 35444439
258888 753734
36537336 36537337
13157766 13157796
36537339 36537340
10697083 10697091
29885060 29885072
10697085 10697099
36537343 36537344
36537350 36537351
9651353 9651358
36537352 36537353
2809398 3378692
36537358 36537359
36537360 36537361
36537362 36537363
36537365 36537366
14807061 14807068
36537369 36537370
36537371 36537372
36537375 36537376
36537378 36537379
36537380 36537381
36537383 36537384
36537385 36537386
36537388 36537389
36537395 36537396
36537397 36537398
36537399 36537400
36537401 36537402
36537401 36537403
36537405 36537406
36537413 28682029
36537414 36537415
36537417 1564999
36537417 1565001
778559 1564999
778559 1565000
778559 1565001
3629798 3948439
36537418 36537419
36537422 36537423
36537428 36537429
36537432 36537433
36537432 36537434
36537436 36537433
36537436 36537437
476933 1150102
36537439 36537440
36537441 55825
36537449 36537450
36537452 36537453
36537454 36537455
36537456 36537457
36523956 36523957
34037903 34037904
36537459 30390373
36537460 30390373
36537461 30390373
36537463 30390373
30390372 30390373
36537464 30390373
36537465 30390373
36537466 30390373
36537468 30390373
36537470 30390373
36537472 30390373
36537473 30390373
36537474 34355050
36537476 34355050
36537477 34355050
36537478 34355050
36537480 34355050
36537481 34355050
36537482 34355050
36537483 36537484
36537485 36537486
36537487 36537488
36537489 36537490
36537492 36537493
36537498 36537499
36537501 36537502
11060855 11060862
36537503 36537504
36537506 36537507
36537508 36537509
36537510 36537511
36537512 36537513
36537514 36537515
36537514 36537516
36537521 36537522
15003111 15003118
647673 1388716
36537523 36537524
36537525 36537526
239289 726832
36537527 36537528
36537530 36537531
43653 181748
36537532 36537533
36537535 36537536
36537537 36537538
36537540 36537541
36537542 36537543
36537545 1061170
36537548 1061170
36537550 1061170
36537554 36537555
36537558 36537559
36537561 36537562
36537563 36537564
31078400 31078401
36537565 36537566
36537567 36537568
36537569 36537570
36537573 36537574
36537575 36537576
36537578 36537579
36537580 36537581
36537583 36537584
36537585 36537586
36537588 36537589
36537590 36537591
36537592 36537593
36537595 36537596
30112182 30112189
36537598 36537599
36537600 36537601
36537604 36537605
36537606 36537607
7222009 7222028
36537609 36537610
36537612 36537613
36537615 36537616
36537617 36537618
36537619 90453
36537619 14486485
14486476 90453
14486476 14486485
36537442 36537447
36537627 36537628
36537633 36537634
36537635 36537636
36537638 36537639
36537643 36537644
36537646 36537647
36537648 36537649
36537651 36537652
36537656 36537657
36537663 36537664
36537665 36537666
36537667 36537668
36537669 36537670
36537671 36537672
36537674 36537675
36537676 36537677
36537680 36537681
36537682 36537683
36537685 36537686
36537687 36537688
36537693 36537694
36537697 36537698
36537700 36537701
64325 248425
36537704 36537705
36537706 36537707
36537708 36537709
36537710 36537711
36537712 36537713
36537714 36537715
36537716 36537717
36537721 36537722
36537723 36537724
36537726 36537727
36537730 36537731
126110 411000
370148 970067
36537732 36537733
36537737 36537738
61535 242002
36537740 36537741
232379 712144
64326 248427
36537743 36537744
36537745 10258422
36537746 36537747
36537749 36537750
36537754 36537755
747874 1527933
36537757 36537758
36537759 36537760
36537763 36537764
36537766 36537767
36537768 36537769
36537770 36537771
4152874 4285995
36537772 36537773
36537776 36537777
36537779 36537780
36537782 36537783
36537784 36537785
36537787 36537788
36537790 36537791
36537792 36537793
36537794 36537793
36537795 36537796
36537797 36537798
36537799 36537798
36537800 36537798
36537801 36537802
36537803 36537804
36537805 36537804
36537806 36537804
36537807 36537808
36537809 36537808
36537810 36537808
36537811 36537808
36537812 36537808
36537813 36537814
36537815 36537816
36537817 36537816
36537818 36537819
36537820 36537821
36537822 36537823
36537824 36537823
36537825 36537823
36537826 36537827
36537828 36537829
36537830 36537829
36537831 36537829
36537832 36537833
36537834 36537833
36537835 36537833
36537836 36537833
36537837 36537838
36537839 36537838
36537840 36537838
36537841 36537842
36537843 36537842
36537844 36537842
36537845 36537842
36537846 36537842
36537847 36537848
36537849 36537848
36537850 36537848
36537851 36537848
36537852 36537853
36537854 36537853
36537855 36537853
36537856 36537853
36537857 36537858
36537859 36537858
36537860 36537861
36537862 36537861
36537863 36537864
36537865 36537864
36537866 36537867
36537868 36537869
36537870 36537871
36537872 36537873
36537874 36537873
36537875 36537873
36537876 36537877
36537878 36537879
36537880 36537881
36537882 36537881
36537883 36537881
36537884 36537881
36537885 36537881
36537886 36537887
36537888 36537889
36537890 36537891
36537892 36537893
36537894 36537895
36537896 36537895
36537897 36537898
36537899 36537900
36537901 36537902
36537903 36537904
36537905 36537906
36537907 36537908
36537909 36537908
36537910 36537908
36537911 36537908
36537912 36537913
36537914 36537913
36537915 36537913
36537916 36537913
36537917 36537913
36537918 36537919
36537920 36537921
36537922 36537921
36537923 36537921
36537924 36537925
36537926 36537925
36537927 36537928
36537929 36537928
36537930 36537928
36537931 36537928
36537932 36537928
36537933 36537928
36537934 36537928
36537935 36537928
36537936 36537928
36537937 36537928
36537938 36537928
36537939 36537928
36537940 36537928
36537941 36537928
36537942 36537928
36537943 36537928
36537944 36537928
36537945 36537928
36537946 36537947
36537948 36537947
36537949 36537950
36537951 36537950
36537952 36537950
36537953 36537954
64327 156334
36537955 36537956
36537957 36537958
36537961 36537962
1961512 1961513
552666 1275815
463866 463986
1152641 2024034
36537964 32710887
36537965 36537966
36537967 36537968
36537970 36537971
36537973 36537974
36537978 36537979
