2734528 3324459
9436105 9436114
3222342 3673898
2734551 3324698
2734552 3324710
10900747 10900758
10905843 10905851
10917541 10917558
10929117 10929125
10980151 10980157
11108619 11108630
11125494 11125503
2033529 2796088
4202326 4317765
11259626 11259637
2734535 3324540
11262149 11262160
2734536 3324552
11400747 11400758
2033557 2796507
2734538 3324571
1964667 2734701
337105 923257
3370581 3773815
11583760 11583770
11584107 11584117
1097393 1964718
11638583 11638591
12424160 12424167
4148431 4283194
3370582 3773825
14257685 14257689
2033777 2797806
2734651 3325183
14355355 8599226
14386218 14386225
14513286 14513293
2733867 3324004
14652521 14652527
14709785 14709791
15242543 15242549
15239460 15239466
15246965 15246968
15407226 15407234
28387812 28387813
28807844 28807863
29027544 29027547
29028076 29028080
29028818 29028822
30381372 30381374
30384625 30384626
30836907 30836910
30846856 30846859
30849964 30849969
30851016 30851021
30851079 30851081
30854283 30854286
31080807 31080812
31083102 31083106
31083492 31083493
31084020 31084022
31086682 31086683
31088044 31088046
31088211 31088217
31090868 31090871
31094357 31094360
31095840 31095843
31098419 31098423
31098500 31098501
31099752 31099756
31101524 31101526
31102751 31102752
4637042 4645087
2734577 3324873
32552565 32552570
32552853 32552859
32553902 32553905
32553937 32553940
14253463 14253471
1898031 2680239
2734579 3324881
2734542 3324601
2033538 2796183
32555893 32555897
32555920 32555924
32556159 32556163
32556984 32556990
2734597 3324948
2734603 3324972
32559423 32559427
32559546 32559549
32559692 32559696
30244450 30244459
33108682 33108685
33137519 33137521
33144146 33144148
33252611 33252614
5006395 5006413
2532135 3189397
2734544 3324615
2033781 2797817
2033541 2796193
33556613 33556614
33577845 33577848
34652625 34652626
34652722 1963597
11129791 11129803
34763639 34763643
34893720 34893721
35046072 35046076
35353975 35353981
35403860 35403863
35404150 35404154
35405583 35405586
35536764 35536771
35537049 35537052
35537860 35537862
35538164 35538168
35539320 35539323
35539414 35539419
35539579 35539583
35540907 35540913
35540923 35540927
35540975 35540978
35541611 35541614
35541795 35541798
35675363 35675368
35675583 35675585
35675596 35675599
35676815 35676818
35677040 35677044
35677260 35677264
35677293 35677296
35677501 35677503
35678581 35678584
35678618 35678620
35678676 35678679
35678685 35678690
35678715 35678717
4487900 4518870
35678904 35678908
35678909 35678913
35678914 35678917
35678921 35678925
35678964 35678965
35679000 35679003
35679007 35679011
35679025 35679029
35679234 35679236
35679464 35679467
35679695 35679698
35679706 35679708
35680326 35680329
9582216 9582221
35681332 35681335
35681360 35681363
35681682 35681684
35681685 35681689
35681786 35681789
35682492 35682497
35682624 35682627
4033148 4202333
33362838 33362840
35682819 35682820
35682872 35682874
35682880 35682883
35683008 35683011
35683170 35683173
35684084 35684088
35684091 35684093
35684228 35684231
35684245 35684248
35684256 35684260
35684342 35684345
35684435 35684438
32055647 32055656
35684557 35684560
35684581 35684585
35684604 35684606
35684970 35684973
35685000 35685003
35685090 35685094
35685734 35685738
35686574 35686578
35686751 35686755
35686800 35686804
35686987 35686990
35687197 35687201
35687212 35687215
35687291 35687294
35687414 35687417
35687596 35687599
35687602 35687605
35687619 35687623
35687998 35688001
35688161 35688164
35688637 35688638
35688680 35688684
35688885 35688889
35689270 35689276
35689820 35689217
35689938 35689943
35690441 35690443
35690582 35690586
35690779 35690782
35690966 35690968
35691586 35691590
32068829 32068835
35691780 35691781
35692057 35692059
35692402 35692405
35692429 35692432
35692450 35692454
35692478 35692479
9216828 9216841
35692529 35692532
35692621 35692623
35692794 35692797
35692837 35692838
35693679 35693681
35693758 35693760
35694337 35694338
35694384 35694386
35694906 35694910
35694931 35694935
35694965 35694966
35695775 35695776
35696871 35696873
35697097 35697099
35697769 35697771
35698089 35698092
35698506 35698509
35698846 35698848
35699693 35699695
35700464 35700466
35701262 35701264
35701271 35701274
35701465 35701468
35701480 35701482
35701654 35701657
35701730 35701733
35702126 35702128
35702200 35702201
35702225 35702226
35702840 35702843
35703108 35703112
30830875 30830878
35703503 35703506
35703959 35703962
35706378 35706382
35706398 35706402
35707727 35707731
35707937 35707940
35707941 35707942
35708639 35708641
11628468 11628476
35709141 35709143
35709368 35709370
35709371 35709375
35709627 35709628
35709846 35709849
35710330 35710336
35710508 35710510
35710540 35710546
35711529 35711532
35711585 35711587
35711612 35711615
35711681 35711685
35712763 35712765
35712904 35712906
35713473 35713476
35713542 35713545
35713655 35713659
35713975 35713980
35714389 35714391
35714419 35714423
35714490 35714494
35714752 35714756
35714947 35714950
35715048 35715049
35715181 35715184
35715219 35715222
35715345 35715347
35715836 35715839
35715944 35715947
35715955 35715958
35716195 35716199
35716341 35716345
35717427 35717430
35717620 35717622
35717662 35717664
35717726 35717729
35718333 35718338
35718535 35718539
35718591 35718594
35719167 35719170
35719181 35719183
35719727 35719729
35719965 35719968
35720191 35720194
35720280 35720282
35720298 35720299
35721006 35721009
35721573 35721576
35721864 35721868
35721933 35721935
35722399 35722401
35722544 35722549
35677204 35677208
35722609 35722611
35722781 35722785
35722886 35722890
35722976 35722979
35722998 35723001
35723269 35723271
35723501 35723503
35724127 35724130
35724373 35724376
33369093 33369096
35724758 35724761
35724956 35724961
12192774 12192780
35725266 35725270
35725321 35725325
35725328 35725329
35725388 35725393
3539764 3888597
35725607 35725610
35725705 35725708
35725997 35726001
35726061 35726062
35726491 35726494
35726865 35726869
35727313 35727316
35727369 35727371
35727430 35727434
35727854 35727860
35728088 35728091
1667346 2506657
35728643 35728647
35863544 35863547
36700429 36700431
36739305 36739308
37695897 37695899
37696075 37696076
37696077 37696079
37696080 37696083
37696096 37696098
37696099 37696101
37696131 37696134
37696224 37696228
37696242 37696244
37696254 37696258
37696297 37696301
37696312 37696314
37696328 37696330
37696331 37696334
37696352 37696353
37696366 37696369
37696374 37696376
37696386 37696390
37696415 37696417
37696418 37696420
37696441 37696444
37696445 37696448
37696449 37696450
37696464 37696466
37696488 37696492
37696493 37696498
37696505 37696508
37696510 37696511
37696519 37696521
37696580 37696582
37696599 37696603
37696616 37696619
37696626 37696630
37696639 37696644
37696719 37696724
37696733 37696737
37696744 37696748
37696753 37696757
37696781 37696784
37696785 37696787
37696788 37696792
37696793 37696798
37696801 37696804
37696815 37696817
37696834 37696838
37696839 37696841
37696869 37696871
37696905 37696908
37696936 37696938
37696967 37696970
37697035 37697039
37697128 37697130
37697176 37697180
37697205 37697209
37697211 37697213
37697218 37697220
37697221 37697223
37697247 37697249
37697262 37697264
37697265 37697267
37697273 37697276
37697335 37697339
37697340 37697344
37697374 37697378
37697397 37697401
37697405 37697408
37697422 37697424
37697443 37697447
37697508 37697512
37697527 35681538
37697535 37697539
37697606 37697611
37697726 37697730
37697732 37697734
37697802 37697805
37697823 37697826
37697909 37697911
37698218 37698220
37698292 37698296
37698681 37698683
37698751 37698754
37698874 37698877
37699062 37699064
37699124 37699125
37699257 37699260
9813549 9813560
37699925 37699927
37700341 37700342
37700741 37700742
37700973 37700974
31778115 31778120
38236150 38236153
3539767 3888600
15244367 15244387
35537808 35537811
38695735 38695736
39457255 39457257
39457582 39457584
39457876 39457878
39461634 39461637
39463454 39463456
39464448 39464451
39472464 39472467
39472468 39472470
39473054 39473056
39474230 39474233
39474286 39474288
39477123 39477126
39482750 39482754
39488819 39488822
39494325 39494328
39494732 39494736
39497988 39497991
39505426 39505429
39510866 39510869
39512154 39512157
39514898 39514902
39515139 39515143
39518876 39518878
39520024 39520026
39527324 39527328
39527550 39527553
39528110 39528114
39533667 39533669
39960745 39960747
39965882 39965885
39979077 39979081
39979098 39979100
39979135 39979136
39979331 39979336
39979363 39979367
39979456 39979458
39979568 39979572
39979583 39979588
39979688 39979692
39979693 39979696
39979990 39979992
39980024 39980026
39980079 39980083
39980131 39980133
39980139 39980141
39980142 39980144
39980175 39980180
39980260 39980263
39980299 39980300
39980304 39980306
39980310 39980311
39980326 39980327
39980328 39980329
39980418 39980419
39980461 39980463
39980796 39980799
39980909 39980912
39981151 39981152
39981167 39981169
39981182 39981185
39981224 39981226
39981227 39981231
39981232 39981235
39981264 39981268
39981271 39981275
39981276 39981280
39981305 39981309
39981310 39981313
39981335 39981339
39981342 39981344
39981370 39981372
39981396 39981399
39981404 39981407
39981441 39981444
39981486 39981489
39981511 39981515
39981516 39981520
39981597 39981599
39981635 39981639
39981712 39981714
39981892 39981894
39981918 39981920
39982202 39982203
39982394 39982396
39982450 39982451
39982498 39982499
39982670 39982673
39982940 39982941
39982948 39982950
39983111 39983114
39983118 39983119
39983123 39983125
39983134 39983137
39983157 39983161
39983171 39983175
39983186 39983191
39983216 39983219
39983239 39983245
39983248 39983251
39983266 39983270
39983319 39983320
39983322 39983324
39983363 39983367
39983391 39983393
39983394 39983398
39983404 39983406
39983411 39983414
39983440 39983443
39983462 39983466
39983563 39983565
39983579 39983583
39983686 39983688
39983836 39983840
39983877 39983878
39983881 39983883
39983884 39983887
39983888 39983891
39983964 39983967
39983980 39983983
39984000 39984003
39984165 39984168
39984980 39984982
39984983 39984984
39985088 39985091
39985184 39985185
39985227 39985230
39985312 39985315
39985390 39985394
39985668 39985669
39985774 39985775
39985781 39985783
39985899 39985902
39985918 39985920
39986010 39986012
39986027 39986031
39986059 39986063
39986083 39986088
39986090 39986092
39986094 39986099
39986106 39986108
39986119 39986123
39986127 39986131
39986132 39986136
39986149 39986151
39986160 39986162
39986176 39986178
39986181 39986183
39986233 39986237
39986263 39986267
39986312 39986315
39986327 39986331
39986342 39986344
39986345 39986348
39986356 39986360
39986394 39986396
39986405 39986409
39986441 39986445
39986448 39986451
39986613 39986616
39986628 39986631
39986658 39986662
39986667 39986671
39986768 39986771
39986773 39986777
39986786 39986789
39986807 39986809
39986850 39986852
39986885 39986887
39986904 39986906
39987016 39987018
39987022 39987023
39987227 39987230
39987412 39987413
39987520 39987523
39987646 39987648
39987858 39987860
39987870 39987873
39987958 39987960
39987980 39987982
39988125 39988127
39988146 39988148
39988184 39988187
39988206 39988209
39988285 39988286
39988506 39988507
39988532 39988534
39988645 39988647
39989037 39989039
39989047 39989048
39989103 39989104
39989163 39989164
39989239 39989243
39989255 39989259
10713310 10713319
39989315 39989317
39989329 39989332
39989348 39989350
39989351 39989352
39989374 39989378
39989387 39989391
39989400 39989404
39989459 39989462
39989466 39989469
39989475 39989479
39989480 39989484
39989485 39989489
39989498 39989501
39989502 39989505
39989508 39989512
39989518 39989519
39989542 39989546
39989547 39989551
39989557 39989561
39989564 39989568
39989579 39989581
39989595 39989597
39989598 39989600
39989626 39989630
39989651 39989653
39989691 39989693
39989720 39989723
39989739 39989742
39989765 39989767
39989797 39989801
39989809 39989810
39989837 39989842
39989867 39989871
39990076 39990080
39990084 39990085
39990137 39990139
39990148 39990150
39990151 39990152
39990170 39990175
39990176 39990179
39990227 39990230
39990248 39990251
39990469 39990470
39990690 39990692
39990751 39990753
39990762 39990763
39990791 39990793
39990903 39990904
39990952 39990955
39990990 39990994
39991075 39991077
39991109 39991110
39991185 39991187
39991320 39991322
39991393 39991394
39991704 39991705
39991732 39991737
39991963 39991964
39992249 39992251
39992333 39992336
39992543 39992544
39992592 39992593
39992631 39992632
39992652 39992654
39992655 39992657
39992764 39992766
39992904 39992907
39992962 39992966
39992976 39992978
39993005 39993007
39993019 39993022
39993040 39993044
39993049 39993054
39993059 39993061
39993063 39993065
39993076 39993078
39993095 39993099
39993123 39993126
39993161 39993165
39993177 39993181
39993194 39993196
39993206 39993208
39993253 39993257
39993271 39993274
39993305 39993307
39993310 39993311
39993314 39993316
39993322 39993325
39993342 39993344
39993350 39993352
39993365 39993368
39993371 39993373
39993402 39993404
39993405 39993407
39993454 39993456
39993500 39993504
39993526 39993530
39993531 39993533
39993544 39993548
39993607 39993610
39993611 39993615
39993617 39993619
39993676 39993678
39993698 39993701
39993730 39993733
39993745 39993750
39993807 39993811
39993887 39993889
39993927 39993928
39993972 39993973
39994027 39994029
39994030 39994034
39994085 39994088
39994145 39994148
39994178 39994180
39994184 39994186
39994194 39994195
39994204 39994205
39994232 39994233
39994234 39994235
39994687 39994688
39994709 39994711
39994712 39994713
39995049 39995050
39995268 39995271
39995295 39995296
39995391 39995394
39995425 39995428
39995601 39995602
39995785 39995786
39995862 39995864
39995867 39995870
39995916 39995917
39995920 39995923
39996080 39996082
39996456 39996459
39996500 39996502
39996722 39996723
39996780 39996782
39996786 39996788
39996806 39996807
39996967 39996968
39996970 39996972
39996977 39996979
39996981 39996984
39997007 39997012
39997118 39997122
39997123 39997126
39997142 39997143
39997170 39997172
39997202 39997204
39997216 39997218
39997236 39997240
39997253 39997257
39997315 39997316
39997322 39997324
39997325 39997328
39997329 39997331
39997346 39997347
39997350 39997352
39997353 39997356
39997392 39997395
39997454 39997459
39997471 39997473
39997486 39997487
39997521 39997524
39997559 39997561
39997598 39997599
39997600 39997602
39997605 39997608
39997612 39997613
39997655 39997657
39997755 39997759
39997780 39997782
39997824 39997828
39997840 39997841
39997872 39997874
39997876 39997879
39997916 39997919
39997947 39997951
9216839 9216845
39998253 39998255
39998258 39998260
39998263 39998265
39998401 39998402
39998439 39998442
39998455 39998456
39998586 39998588
39998723 39998726
39998836 39998839
39998850 39998853
39998959 39998961
39999018 39999020
39999095 39999098
39999099 39999101
39999319 39999323
39999582 39999583
39999689 39999690
40000166 40000168
40000275 40000278
40000350 40000352
40000370 40000371
40000524 40000525
40000539 40000541
40000542 40000544
40000577 40000581
40000582 40000585
40000607 40000609
40000652 40000655
40000659 40000662
40000717 40000722
40000732 40000736
40000768 40000772
40000818 40000822
40000839 40000841
40000862 40000865
40000871 40000873
40000882 40000884
40000887 40000889
40000895 40000898
40000901 40000903
40000956 40000959
40001050 40001052
40001060 40001063
40001163 40001166
40001179 40001181
40001207 40001209
40001210 40001212
40001363 40001366
40001398 40001401
40001415 40001417
40001626 40001629
40001689 40001690
40001938 40001940
38238630 38238632
40002300 40002301
40002327 40002329
40002431 40002432
40002530 40002533
40002591 40002593
40002740 40002742
40002864 40002866
40002966 40002968
40003322 40003324
40003339 40003340
40003345 40003348
40003414 40003416
40003422 40003426
40003454 40003457
40003475 40003477
40003489 40003492
40003510 40003513
40003556 40003559
40003593 40003596
40003616 40003617
40003618 40003621
40003624 40003626
40003632 40003635
40003674 40003676
40003719 40003724
40003760 40003763
40003898 40003900
40003907 40003908
40003997 40004000
40004233 40004236
40004315 40004317
40004476 40004477
40004790 40004792
40005209 40005210
40005331 40005334
40005407 40005410
40005414 40005416
40005442 40005445
40005527 40005530
40005720 40005724
40005733 40005736
40006142 40006144
40006230 40006231
40006445 40006449
40006482 40006484
40006572 40006575
40006801 40006802
40006885 40006886
40023543 40023545
40023632 40023633
40023644 40023645
40023773 40023775
40024085 40024086
40024520 40024521
40024724 40024726
40024762 40024764
40025090 40025091
40025092 40025093
40025142 40025143
40025782 40025783
40026029 40026030
40026563 40026565
40026606 40026608
40026617 40026619
40027356 40027357
40027366 40027367
40027378 40027379
40027480 40027481
40027482 40027483
40027617 40027618
40027627 40027629
40027926 40027928
40027963 40027964
40027970 40027971
40028628 40028630
40028653 40028654
40028737 15519902
40028963 40028964
40029214 40029216
40029251 40029253
40029254 40029256
40029325 31095454
40030059 40030060
40030338 40030339
40030654 40030655
40030673 40030675
40030676 40030678
40030692 40030693
40030696 40030698
40031817 40031818
40031827 40031828
40031847 40031848
40032381 40032383
40032503 40032504
40032702 40032703
40032724 40032726
40032730 40032732
40033036 40033037
40033259 40033260
40033289 40033290
40033465 40033467
40033497 40033499
40033994 40033995
40034406 40034407
40034692 40034693
40034809 40034810
40034862 40034863
40034874 40034875
40034998 40035000
40035059 40035061
40035072 35718307
40035082 40035083
40035184 40035185
40035222 40035223
40035321 40035322
40035339 40035340
40035505 40035506
40105080 40105081
40107191 40107193
40120815 40120816
40121011 40121012
40137632 40137634
40155136 40155137
40185089 40185091
40192339 40192341
41203870 41203871
3744069 4015978
33326647 33326657
12695287 12695291
45177772 45177775
45293161 45293165
45460530 45460532
45460553 45460555
45461092 45461094
45461561 45461565
45461639 45461641
45461704 45461706
45461807 45461809
45462293 45462296
45462772 45462774
45463028 45463030
45466386 45466388
45466414 45466415
45466521 45466522
45466693 45466695
45466934 45466936
45467138 45467139
45467212 45467214
45467489 35703235
45467523 45467524
45467541 45467543
45467802 45467804
45467875 45467876
45468377 45468378
45468385 45468387
45468864 45468866
45468895 45468897
45469061 45469063
45582043 45582044
45582463 45582464
45583082 45583083
45583116 45583117
45583279 45583281
45583314 45583316
45583490 45583492
45584024 45584026
45584083 45584085
45584361 45584363
45584440 1963818
45584478 45584480
45584583 45584585
45584628 45584630
45584809 45584811
45584924 45584926
45584961 45584963
45585010 45585012
45585073 45585075
45585084 45585086
45585127 45585129
45585134 45585136
45871609 45871610
45871611 45871612
45871613 45871614
45871615 45871616
45871617 45871618
45871619 45871620
45871621 35690907
45871622 45871623
45871624 45871625
45871626 45871627
45871628 45871629
45871630 45871631
45871632 45871633
45871634 45871635
45871636 45871637
45871638 45871639
45871640 45871641
45871642 45871643
45871644 45871645
45871646 45871647
45871648 45871649
45871650 45871651
45871652 45871653
45871654 45871655
45871656 45871657
45871658 45871659
45871660 45871661
45871662 45871663
45871664 45871665
45871666 45871667
45871668 45871669
45871670 45871671
45871672 45871673
45871675 45871676
45871677 45871678
45871679 45871680
45871681 45871682
45871683 45871684
45871685 45871686
45871687 45871688
45871689 45871690
45871691 45871692
45871693 45871694
45871695 45871696
45871697 35674754
45871698 45871699
45871700 45871701
45871702 45871703
45871704 45871705
45871706 45871707
45871708 45871709
45871710 45871711
45871712 45871713
45871714 45871715
45871716 45871717
45871718 45871719
45871720 45871721
45871722 45871723
45871724 45871725
45871726 45871727
45871728 45871729
45871730 45871731
45871732 45871733
45871734 45871735
45871736 45871737
45871738 45871739
45871740 45871741
45871742 45871743
45871744 45871745
45871746 45871747
45871748 45871749
45871750 45871751
45871752 45871753
45871754 45871755
45871756 45871757
45871758 45871759
45871760 45871761
45871762 45871763
45871764 45871765
45871766 45871767
45871768 45871769
45871770 45871771
45871772 45871773
45871774 45871775
45871776 45871777
45871778 45871779
45871780 45871781
45871782 45871783
45871784 45871785
45871786 45871787
45871788 45871789
45871790 45871791
45871792 45871793
45871794 45871795
45871796 45871797
45871798 45871799
45871800 45871801
