13324126 962602
13359868 1617195
13389500 2035753
109277 104230
13403905 1733578
13405071 915298
13418950 52399
13422706 192610
13432057 328732
13438473 1416978
13438985 51073
13439857 1751460
13445507 1153013
13477283 290980
4950024 720045
13478796 354375
13483852 825191
13485772 1215996
13487625 701273
13492294 875034
13493265 11831
10573870 527952
13500555 663184
13502531 3359418
13503137 3044351
13505624 97252
13506328 1308986
13508287 1312419
13508309 1702571
13521389 867740
14364056 480440
14974645 98173
15053565 386695
15095560 672852
15100344 1240398
15121816 701770
15183311 1724604
15183700 1246071
15187677 1522970
15190244 1352739
15190406 1355621
15192287 6822164
15194589 7340622
15194636 352019
15195367 1507951
15195384 829948
290568 808778
15199260 397429
15200006 1406558
15200216 1977393
4957594 1664193
15203789 1329877
15203861 2783731
15204595 1212547
15209854 825136
15210147 331538
15210324 1269014
15210415 1191460
15210818 1812447
15211616 2747712
15213033 103379
15213050 1147192
15213900 870337
15215632 166207
15215787 5153361
15216712 1022161
15218118 6660522
15218163 2887457
15218586 1626867
15218650 103289
15222793 1619300
15222818 3174765
15224278 154337
15225013 3526164
15225062 51118
15225135 1789358
10573879 1453781
15227737 5754827
15228305 2528671
15228475 190428
15229843 9810143
15230659 2299436
15231583 1473000
15234326 1225853
15235216 393982
15236729 96200
15236894 1101080
15237043 5585830
15248866 385008
15257355 3425896
15262837 291788
15367605 90600
15598896 706457
15599096 1777938
15599113 897643
15599238 2143724
22036428 299238
22171437 291880
3607288 102622
4428534 1148135
25400981 136145
25436938 1348595
25439964 2201411
28781981 1702252
4980110 1375689
28782936 2245529
28783084 401153
28783094 373263
28783105 320114
28783115 493018
28783164 1069540
28783184 113205
28783190 222923
28783248 1091912
28785160 953496
28785986 32607
28791579 376226
28795554 1966656
28796638 3064549
28797669 1685818
28797678 766365
28797879 3744522
28798087 358380
28798090 1458457
11853432 2531665
28798365 791828
28799086 675509
28804417 127360
28806901 94067
28809995 1476946
28811570 332983
28811576 6408278
28811587 361807
28812609 736185
28812614 1039280
28812685 309660
11807088 911754
28817652 342325
28817760 3050723
28820151 607117
28824100 2446882
28824844 1786943
28824888 2573471
28824928 1585150
28825251 365530
28830268 323632
28830962 146323
28831009 1396225
28831126 500310
28831131 3330374
28833089 573044
28833315 2349549
28834089 2307307
28834092 623628
28835131 695187
28835267 2360063
28835295 451983
28835342 2635741
28835900 355200
28836292 2412939
28836465 95107
28837686 1266049
28837691 828925
28837778 63545
28837807 740986
28838969 343709
28840069 1055188
28840389 711980
28840898 1114058
28841602 2420006
28841744 17053
28843577 670517
28843843 2028125
28844861 945919
28847083 1536850
28848833 740590
28849508 325205
28850168 2082252
28850171 923567
28850178 2140471
28851398 363585
28852606 205798
28853361 359711
28853444 148199
28853554 3152029
28853591 714036
28853863 1101229
28853894 2047635
28853920 1138174
28855419 6043436
28855802 301149
28856163 394803
28856168 1138441
28856394 611845
28857767 3123816
28857859 1741494
28858174 1507454
28859037 438706
28860310 1469987
28860333 2082488
28860352 1952527
28860857 46899
28861063 671517
28861526 890777
28861572 4114803
28861591 883762
28863748 340774
28863761 9625243
28864103 2036643
28865621 122929
28867534 2086743
28868025 506655
28869510 1864694
948298 1417716
28870442 3132968
28870695 132380
28871102 2018840
28871119 2986831
28871173 876532
28872364 2766114
28873856 35781
28876066 1273088
28876677 250648
28876689 154738
28876692 468045
28877322 742123
28877919 1724150
28877931 748077
28878924 614473
28878970 1307910
28879441 348102
28879599 220855
28879648 2855643
28880300 3953852
28880333 1746878
28880447 893071
28880469 4933189
28881420 764859
28884710 740675
28886631 887084
28886739 347318
28886830 67307
28887167 2274985
28887688 2467685
9811016 1533519
28887909 4517550
28887976 3242184
28889158 397040
11866281 4522420
28891774 3254778
28891926 161121
28891980 3192308
28893802 319770
28894321 323739
28894326 750800
28894544 192035
28894679 494738
28895585 1438397
28896473 3051349
28902278 2739034
28902417 300959
28903326 66896
28903477 385188
28903495 241135
28903514 131128
28903570 3101153
28903589 475005
28903903 986862
28903915 191352
28903964 1308630
28904726 4643189
28907205 2494563
28907629 808947
28907948 1287386
28908018 1007330
28908284 1788873
28908320 1660537
28909087 364257
28909091 397426
28910253 169809
28910925 1611723
28912340 624852
28913210 4171377
28913458 662252
28913756 994469
5459550 650743
28916250 746608
28916554 41526
28917223 1216854
28919792 2328765
28920590 392963
28922181 3120620
28922264 442423
28922312 2585691
28922557 649768
28922562 1082972
28922571 1693182
28922574 1423511
28922629 1455258
28922930 252164
13446256 351921
28925305 1424464
28926582 845697
28930240 1325237
28930547 464944
28932234 3437053
28932243 435373
28933108 344793
28933309 1062102
28933851 790893
28933993 922299
28935453 1148767
28936548 900807
28936873 468051
28940641 42731
28943955 857296
28943958 1240436
28944032 382908
28945029 388331
28945032 633043
28945369 1414523
28948433 1293366
28949890 26573
28952787 3611111
28952796 323028
28955997 312768
28956003 250972
28956215 1636246
28956475 3006771
28956492 1675287
28956779 515763
28956837 1059316
28957260 203358
28957610 2660637
28957762 2748910
28958062 4205279
28958109 2162799
28958115 1695081
28958140 8237483
28958253 2454429
28958355 115190
28958900 658615
28959739 1823139
28960129 2952010
28960260 1333910
28961179 819508
28963499 743971
28970850 104698
6938846 433479
28974434 282262
28975292 931283
28977935 381076
28977945 1742875
28978821 1521176
28979764 677826
28982159 442767
28984774 671674
28985322 2640684
28985335 1741024
28989804 1270848
29597324 266227
30492543 357291
30637261 1581502
30721892 2809010
31053226 2040353
31777991 1415558
31778414 811639
31779118 649400
31780119 717848
31781540 502549
31783494 51713
31785333 883014
31786186 1448979
31786784 1656247
31789212 397837
31790655 3905007
31791515 3465082
31792521 2331066
31792859 453613
31793533 1337037
31794217 721721
31795418 734746
31795715 608050
22067623 741597
31796293 860488
31796670 316856
31796828 892538
31797449 743771
31778416 1712588
31801005 3024799
31802039 1569965
31804221 933001
31805618 29638
31805864 3433125
31806251 1981149
31806338 1704357
31807391 2419670
31807834 342044
31809344 790528
31809434 879969
31810046 1687074
31812544 1260694
31813219 1566280
31813433 2552199
31813537 4663836
31813606 455690
31813653 1109271
31814003 2145819
31814637 1464099
31816615 6785333
8853391 3197347
31816721 155315
31818475 1103199
31942849 515256
31944977 2443450
31945089 453762
31949478 823097
31950477 874080
31953323 4892250
31953918 3879659
31956364 2249701
31956673 217185
31956845 1192640
31956904 373266
31957191 365738
31957972 1075562
31958233 253877
31959768 29254
31960240 1446508
31960312 815389
31960326 891633
31960714 1231265
31961063 63519
31961722 3109190
31963007 751938
31963021 2068972
31963888 453593
22068171 515968
31964973 328834
31965614 1346137
31965688 181794
31965797 1343185
31966160 339260
31966401 1777159
31966680 1256150
31967284 635789
31967344 325771
31967377 219111
31967789 1304538
31967984 943463
31968357 675812
31968418 743032
31968520 146428
31968884 859117
31969399 212656
31971655 2693836
31971713 384110
31972173 289168
31973834 1021967
31973897 814181
31974113 120912
5956684 1989158
31974625 132200
31974686 2606095
222486 687244
31974874 1043003
31974986 395511
15417635 132183
31975586 198387
31975832 232511
31976045 136498
31976517 332853
31976753 321609
31976911 254801
31977052 987561
31977398 367105
31977455 912425
31977692 2772854
31977770 2610905
31977971 350306
31978108 1055627
31978319 1858105
1096515 239300
31979756 1264777
31979761 857082
31979926 779319
31979939 11937
31980061 176749
31980085 877020
31980305 5455
31980544 828046
31980819 4048831
31980857 1150697
31981033 646133
31981384 1650266
31981459 484753
31981725 518998
31981787 695073
31982028 1107753
31982551 866737
31982781 93766
31982868 322716
31983186 912537
31983219 723159
31983612 220308
31983619 1289550
31983857 4865725
31984017 2297870
31984147 880101
31984272 442889
31984297 2312102
31984795 2175118
31985125 3276957
31985372 1672079
31985380 2506927
31985575 591809
31985632 4893959
31985815 78075
31985986 524328
31986034 978545
30070803 213166
31986874 349601
31986879 366447
31986926 2151948
31987247 20598
31987278 608800
31987461 1196351
31987574 890475
31988010 2595944
31988127 154266
31989062 2725888
31989218 2270120
31989246 1400190
31989569 133089
31989866 100822
31990079 3036397
31990658 644244
31990963 333949
31991158 1651059
31991671 202410
31991788 1053428
31991815 1304198
31991838 1146952
31991931 1866488
31992229 544743
31992379 961304
31992395 1738996
12152910 232286
31993598 1798180
31994199 388156
31995179 88090
31995288 6345801
31995502 2205912
31995576 348874
31995639 19588
31996067 748174
31996191 1595480
31996646 256851
31996895 299766
31997329 98324
31997414 1090034
31998362 1002171
31998789 946609
31999192 507560
31999317 226492
31999417 3802412
31999545 900143
32000393 1503484
32000435 1637649
32000679 1148822
32000947 406148
32001129 159545
32001582 713627
32001702 67859
15107073 3613552
32002297 5318777
32002487 2127977
4950025 2928304
32003022 96776
32003732 293695
32003896 176081
32004183 1996866
32004414 346094
32004525 963659
32004663 347851
32004850 2182651
32005033 1264315
32005524 536966
32005727 2339857
32005790 2210598
32006048 293450
32006325 40152
32006480 2817898
32006545 1299221
32006730 929488
32006749 3410835
32006766 1575896
32006818 674247
32007018 398051
32007031 2275824
32007071 2716693
32008370 2464967
32009019 893096
32009061 431567
32009088 1528646
32009147 2682951
32009152 2151018
32009191 313459
7897333 1852473
32010399 1094298
32010403 693645
32011732 2761950
32011879 264211
32012175 737049
32012382 1454824
32013403 1517801
32013447 999698
32014911 981950
32015336 2689034
32015719 1706710
32016126 1625240
32017349 171968
32017687 890933
32017912 530290
32017951 524449
32018568 2128755
32018627 1583506
32019321 1537716
32019531 348126
32019947 756481
32020436 70847
32020749 1803882
32020832 414194
32021030 1046987
32021304 880119
32021344 1474271
32021803 354579
32021841 10791
32021908 2164645
32021938 1518
32023338 3087796
32023669 102725
32023790 4876866
32023871 997059
32024078 1597539
32025349 387914
32025392 736869
32025550 186262
32025748 2171375
32026036 747682
32026113 98712
32026194 50715
32026205 4549515
32026579 2018438
32026906 332490
32027094 2571804
32027759 155360
32028920 961052
32029149 671397
32029289 892341
32029710 1119573
32029928 4841594
32030070 341185
32030233 1323044
32031211 1203863
32031307 333492
32031598 2290082
32031618 323880
32031895 832085
32033782 819502
32034851 1164584
32034935 962582
32035559 1250421
32036050 2899351
32036492 99122
32037224 88548
32037587 551669
32039840 450789
32040067 389158
32040662 2134514
32040829 3045509
32041326 193101
32043540 96399
32043629 1580258
32043820 228395
32043892 4398686
32045831 3653357
32047982 747956
32047992 1288118
32048655 1008745
32048926 71519
32049374 864468
32049528 1854596
32049732 232454
32049788 1146878
32050415 843837
32050428 574290
32051215 301724
32051603 527617
32052303 1685328
32052343 915768
32052465 325409
32052548 436188
32052930 290146
32053320 979077
32054197 345002
32054913 222333
32055030 1460703
32055963 1708527
32056241 707704
32056626 941807
22121683 1520722
15417636 557682
32056867 1608967
32057286 692751
32057290 701619
32057816 2163031
32058574 1129444
32058743 660550
32058936 1987213
32058967 2041242
32059168 316179
32060580 893482
32060665 2523469
32061136 443470
32061141 445764
32062417 216936
32062558 759381
32063189 1221214
32063214 2042218
32063401 51776
32063692 1450718
32063778 1015574
32065962 669134
32066483 17139
32066891 2062577
32068203 1388078
32068291 1848233
32069318 399592
32070468 185879
32071660 135264
32072849 917332
32073874 462837
32074157 602719
32075030 1274402
32075332 1224175
32075900 2111676
32075982 235332
32076769 1164971
4107116 2285850
32078089 2876110
32078379 4701785
32079195 2440314
32079379 356382
32080333 1579462
32080531 810010
32080584 308527
32080849 34456
32080977 202842
32081120 2039595
32081299 372357
32081393 1710722
32081416 3202840
32081479 107626
32081976 1228032
32082193 1283310
32082764 387390
32082798 23782
32083494 651994
32083675 216482
32084828 3020282
32084963 2569015
32085474 38609
32085530 47710
32085946 3033136
32086135 1850050
32087023 1978083
32089797 1579404
32091379 232842
32091403 2262550
32091804 891482
32092154 232404
32092259 927352
32092597 1794176
32093771 108784
32093867 1006253
32093970 413516
32094120 344257
32094128 412500
32094474 190649
32094675 427351
32094713 2513188
32094835 1490767
32094966 528170
32095289 1692281
32095376 352268
32095453 243932
32095618 989348
32095795 1135583
32095826 837637
32096125 1881052
32096384 4666799
32096387 510187
32096524 1681470
32096793 809452
32096835 1558268
32097054 293780
32097660 105277
32098234 1650514
32098311 3187759
32098421 915182
32098489 350791
32099320 829712
32099351 863684
32099565 654362
32099695 789683
32100015 1795824
32100114 908709
32100179 9158
32100190 3625830
32100224 252759
32100493 590734
32100669 1796378
32100674 1339386
32100687 349871
32100784 420814
7063616 515703
32100814 691004
32100941 1023272
32100958 907405
32101172 830685
32101228 797617
32101307 627688
32101346 917241
32101736 254936
32101843 1656261
32102525 3822206
32103639 867235
32104510 317095
32104532 893754
32104569 1003288
32104914 512814
32105153 1485408
32105291 147398
32105419 574614
32105812 2001088
32106394 3088684
32106974 532834
32107347 2436533
32107381 2405327
32107652 3722618
32107685 1484245
32107836 55148
32107898 780634
32107999 2057586
32108034 159030
15400347 590275
32109201 3327459
32109455 4884893
32109464 2294900
32110330 2561259
32110624 1744703
32111158 2756793
32111708 609074
32111886 620466
32111967 3355685
32112409 2455513
32113557 1654606
32113784 4567978
32113804 902402
32114210 98039
32114260 866131
32114640 483431
32114759 960474
32114961 1281904
32115233 1395876
32115521 665684
32116668 1420788
32117056 365160
32117343 526007
32118189 324363
32118197 49141
32118225 1309790
32118950 679143
32119337 314657
32119567 253706
32120547 3063033
32120672 299907
32120917 994982
32121038 2201649
32121295 1224684
32121741 485027
32122444 299144
32122617 1105263
32122657 3899696
32123261 1008136
32124529 1656225
32125047 1350451
32125758 856662
31981490 540052
32126127 170005
32126168 333269
32127006 664659
32127435 152086
32127479 1306172
32127952 1471478
32130712 540080
32131140 392707
32131258 386286
32131666 309754
32131911 375677
32132410 1017230
32132894 1460498
32133717 3014853
32134355 2177771
32135258 1734209
32135291 1628118
32135779 456231
32136096 1233754
32136121 1165751
32136213 18455
32136341 467167
32137594 427353
32138066 3620062
32138554 417366
32138774 895691
32139399 1308534
32139452 1186478
32140160 1445041
32140184 10100
32140447 5116115
32140673 1597678
32140788 930060
32140896 1578708
32141377 1713871
32141754 1735102
32141912 1855954
32143216 1696062
32143966 450943
32143972 2048284
32144321 110044
32144908 221844
32146009 2706294
32146515 3037675
32146754 287165
32146849 191165
32147120 962558
32147770 960280
32148282 737771
32148451 1123036
32148658 164595
32148999 1303911
32149842 52445
32151701 830466
32151734 839110
32153724 1340372
32155713 1493077
32155883 531795
32156954 1493124
32157182 922380
32159028 205523
32159042 1387630
32159063 222480
32159157 830221
32159179 1026306
32159726 151258
32160115 1288716
32160662 257279
32161792 3560127
32162684 1935990
11469420 2436716
32163142 856348
32164658 2297118
32164941 1999485
32165383 998273
32166622 824670
32168150 1448570
32168791 35783
32168807 2145284
32169243 4894345
32169970 36537
32171014 1420430
32171081 321366
32171145 609130
32171421 300217
32171564 1651964
32171807 142752
32171961 475642
32172177 1104999
32172476 2862491
32172719 189229
32173020 1237670
32173159 3018841
32173436 3640027
32173981 1722072
32174847 9734544
32174853 1851198
32175298 393892
32176016 2485936
32176026 476463
32176231 1736288
32176286 2321683
32176330 476390
32176415 158971
32176512 288098
32177319 146067
32178019 101988
32178188 309
32179081 2040301
32179260 400523
32179556 144203
32179813 2969723
32180500 2211899
32180804 2426754
32180982 333824
32181444 254866
32181640 4195042
32181722 339521
32181889 1506190
32182150 1122878
32182267 4369096
32182597 2204432
32182969 839576
32183728 95588
32183815 520889
32183901 133180
32185024 97605
32185429 1156167
32185726 2491451
32185890 1346188
6122449 868074
32186213 386562
32186326 3037208
32187319 892545
32188118 835901
32188250 1253941
32188367 1501852
32190434 752030
32191456 222179
32191856 331028
32192881 897267
32193342 2142531
32193560 191088
32193868 1771134
32194117 1720240
32194593 496424
32195175 1845348
32196160 552190
32196427 962585
32196832 749359
32198106 2512136
32198530 616686
32198781 438658
32199536 1124685
32199764 825523
32200194 1968043
32200353 3207918
32200518 5722501
32200908 261554
32201163 715085
32201638 504703
32202062 52345
32202802 2211673
32202810 261896
32203362 350233
32203418 1340998
32203440 359767
32203461 97739
32203570 325718
32203750 480170
32204150 247584
32204350 2736602
32205036 272519
32205225 2142893
32205370 351745
32206643 1188227
32206694 1004252
32208113 621693
32209141 1182917
32209615 980192
32210379 216204
32210960 662920
22234899 3430129
32211518 2173928
28916939 47222
32211904 844844
32221834 697296
32559771 506914
32560088 2419922
32560126 488308
32560658 209945
32560817 1353517
32561463 2034036
32562158 347815
32562391 63172
32562774 587221
32562967 1695540
32563025 573079
32563759 55863
32563770 2209996
32564085 546874
32564200 516795
32564306 1269261
32564317 739920
32564348 360353
32564750 420983
32565004 2683382
32565056 977562
32565110 762352
32565461 1586531
32565643 2069147
32565718 1333685
32565882 1344003
32566028 883128
32566298 124033
32566621 3670613
32566690 207729
32566866 2588576
32566918 611536
32567121 251971
32567204 173972
32567312 1085300
32567336 440310
32567363 249892
32567415 502287
32567773 1245934
32567868 202443
32567877 1481019
32568120 486109
32568153 687556
32568227 810151
32568357 917187
9391541 328100
32568675 1031550
32568837 314101
32569383 101777
32569473 1060611
32569476 1306398
32569477 2502266
32569529 915603
32569587 866770
32569702 123298
32569723 107849
32569749 2790920
32569767 3328094
32570170 4042889
32570532 2867927
32570706 4705469
32570779 897786
32570856 664124
32570863 171965
32570912 478801
32570916 45018
32571288 310248
32571485 668249
32571493 429010
32572576 1192440
32572902 328151
22248275 64958
32573194 3016781
32573267 1510994
32573299 397641
32573304 2763368
32573683 1421334
32573689 1162841
32574610 959504
32574686 1611722
32574690 3772033
32574808 2196787
32574813 86985
32574912 842969
32574919 1597128
32575366 1897995
32575437 829334
32575663 332125
32575826 281986
32576226 289832
32577601 82335
32577773 962384
32577932 720561
32577934 915805
32577936 98383
32578355 2860
32579261 3079228
32579414 1307059
32579919 338724
32579944 1402294
32580302 890265
32580362 932472
32580480 1687482
32580527 1552695
32580534 2184784
32580697 4873042
32581290 2392278
31982562 670951
32581726 1252618
32581987 688942
32581991 2569609
32582557 4771655
32582927 54190
32583577 1772351
32583628 216863
32583842 947941
32584635 1586491
32584749 409741
32584974 2953361
31981491 684027
32585991 118456
32585993 35466
32587420 4194485
32588420 321536
32588824 243971
32588829 859010
32589320 2165368
32589627 645548
32589814 1813644
32590055 2138404
32590103 906684
32590358 1360629
32590360 2539691
32590387 714217
32590446 400699
32590974 1419054
32591033 3331842
32591091 367328
32591112 534086
32591398 410279
32591414 537293
32591430 386557
32591827 9648
32591855 645338
32591960 595910
32591976 1567153
32592407 419947
32592465 815432
908902 1719523
32099147 130965
32593172 1506310
32593195 1760112
32593513 5535288
32593573 960478
32593793 8384647
32593859 800407
32593887 810206
32594220 2927992
32594292 391270
32594311 2128559
32594521 7885138
32594581 103215
32594607 3120777
32594770 2228452
32594852 1563036
32594913 531464
32594999 837799
32595101 335627
32595632 2541590
32596267 108201
32596465 635103
32596614 186999
32596723 645869
32596744 891320
32596833 573366
32597290 1686626
32597385 122804
32597451 49454
32597480 122364
32597625 828439
32598336 276554
32598432 863727
32598440 1853013
32599461 164775
32599815 514649
32599818 1737514
32600270 995996
32600904 390993
32601002 335327
32601601 188418
32601863 98444
32602767 1084993
32603224 1171762
32603664 363355
32604056 208597
32604280 1021836
32604643 1052561
32605030 221179
32605133 93547
32605140 1455209
32605302 1631894
32605494 224126
32605718 1060351
32606047 257351
32606304 622837
32606393 1943357
32606561 331652
32606566 473567
32606919 57260
32607026 107396
32607383 39913
32607400 283792
32607454 334611
32607566 343398
32607653 95381
32607989 1147659
32608170 460448
4476782 540853
32608992 221843
32609000 985144
32609348 130826
32609428 388848
32609526 194270
32609697 697261
32609805 95634
32610434 1704354
33677775 848320
33691061 341134
33697198 1157985
33698775 1986362
33699571 1649205
33700594 2854162
33701437 238144
30707151 2800190
33795475 5343
33808081 1991155
33808226 9566465
33808536 163481
33858894 1333815
33865216 599450
33890549 531917
34019144 2506746
34019395 717407
34019414 226732
34048883 663962
34051073 443481
34051091 734900
34051253 77305
34051741 965970
34098543 99404
34098667 291748
34098711 801017
34098760 341744
34098931 1746586
34098988 885885
34098999 1511798
34099005 829460
34099013 1197684
34099471 100904
34099645 3379803
34099991 1571311
34100002 1019046
34100128 632009
34100320 610752
34100385 511690
34100676 316454
34100833 234632
34100850 2308434
34100854 2228472
34100871 51649
34100977 2294487
34101069 3533213
34101136 397135
34101229 1603254
34101281 3170302
34101298 325608
34101300 431801
34101302 3178806
34101304 93768
34101308 295713
34101312 2088833
34101355 316368
34101392 1462113
34101448 342008
34101602 2088500
34101658 883529
34101768 2859205
34102074 195755
34102093 1017883
34102121 748962
34102188 1264200
34102274 546070
34102381 892661
34051959 342795
34102624 2893863
34102658 363241
34102660 1495542
34102665 1926078
34102709 2272678
34102756 188989
34102778 333214
34102822 418687
34103147 855687
34103631 1463365
34103915 709511
34104233 499217
34104250 464874
34104319 506932
34104363 1599560
34104612 1210945
34104668 3985165
34104799 889837
34105070 1377237
34105072 687996
34105088 912000
34105108 1146900
34105121 670334
34105125 1401517
34105191 1101964
34105206 424687
34105214 14692
34105459 1134507
34105486 200724
34105516 3505081
34105534 142813
34105542 923780
34105554 908255
34105574 649290
12140025 1095336
34106190 814887
34106204 291835
34106290 196975
34106341 207299
34106559 8624195
32601003 479285
34106679 4429030
12995572 1220396
34106867 4212788
34106916 875725
34107002 1306979
34107333 2610767
34107357 1097025
34107448 2169633
34107520 3212044
34107633 2453085
34107826 398515
34107851 364152
34107865 293803
34107871 1119557
34107888 1569413
34107899 1356084
34108333 2329029
34108357 3481027
34108412 1665184
34108708 6256813
34108941 2473512
34109661 2735430
34109953 1539404
34110048 911390
34110183 152291
34110186 528722
34110285 2941105
34110304 363676
34110850 475249
34112760 1749490
34112990 9799232
34113333 1089898
34113867 1205868
34114385 2897848
34115654 93834
34115676 5288
34115892 105194
34116214 438233
34116584 243471
34116754 200290
34116782 228119
34116839 2083097
34116858 2983888
34116895 359082
34116899 161357
34116901 1195902
34116925 907411
34116954 1090318
34116956 142423
34117032 2790068
34117034 1145299
34117045 1460765
34117052 499307
34117092 34013
34117095 867563
34117097 92269
34117111 349105
34117298 1006199
34117308 1752015
34117325 119699
34117372 1705233
34117399 854198
34117456 2368062
34117495 1649063
34117512 211360
34117533 1081492
34117540 889004
34117543 701501
34117597 1995703
34117599 1089236
34117671 698587
34117720 6332876
34117786 4485378
34117790 995538
34117803 1708240
34117806 1442083
34117812 1839666
34117814 343822
34117834 249870
34117835 1676549
34117872 2290115
34117902 482178
34117908 2953155
34117912 892275
34117939 625769
34117945 654900
34118060 3561542
34118064 97543
34118085 218290
34118108 2838038
34118144 248557
34118148 208623
34118149 420793
34118158 155394
34118160 1004631
34118164 1438473
34118165 911219
28961908 395172
34118181 814346
34118197 2090211
34118198 297861
34118207 648478
34118219 104745
34118231 4798061
34118254 662611
34118255 218065
34118260 394368
34118266 224950
34118278 92827
34118285 907083
34118286 1471395
34118299 401124
34118308 791355
34118310 2462779
34118315 3268297
34118322 99037
34118333 1532679
34118392 1693316
34118405 316204
34118407 51774
34118423 1741569
34118424 3916533
34118467 943443
34118476 906434
34118480 94972
34118483 2115440
34118490 2462795
34118492 219521
34118537 1817114
34118659 4093137
34118786 35764
34118789 665441
34118800 1601232
34118803 23138
34118836 28284
34118845 2028341
34118992 135510
34119732 35232
34119928 439608
34120116 354046
28813258 673613
34120479 761832
34120553 897103
34120804 1305429
34120866 2531793
34121275 792003
34121926 1999719
34122416 96242
34122872 1304874
34123065 343769
34123088 882909
34123128 1671103
34123157 965696
34123616 312862
34123838 324175
34124015 340477
34124026 23130
34124129 1692582
34124220 609185
34124225 1370282
34124280 442189
34124466 678491
34124837 2477360
34124850 2289871
34125060 96237
34125083 83919
34125185 212056
34125849 1160622
34126201 1599307
34126266 604525
34126518 906638
34126607 2133789
34126680 152146
36083256 1634003
36085316 100560
36086026 2127965
36094162 393694
36097235 1712563
36098453 2867699
36098579 704701
36100421 284568
38055594 2059872
38058960 2942899
38177336 26781
39344327 2000890
39346529 529490
39346918 3147498
39350901 312436
39920279 2178
39923473 96711
39924378 892090
40648124 11331
40653532 2983894
40654138 2583274
41467508 342527
41468341 3204053
41468654 1629216
41470005 1024305
41475924 901832
41478087 832043
41481517 1482439
41481523 53247
41662283 2788394
41663132 1091776
41665860 326317
41667323 647531
41826296 660450
44228515 2540967
44231161 877837
44231360 720995
45870449 351382
