4433343 4476523
29040198 2729064
3066180 3559449
3194098 3651430
33137822 33137826
2513080 324332
985544 1832358
33251348 5453363
15024725 15024738
6839692 6839704
4482880 4514945
34359770 34359771
446798 1100559
31871725 1283854
29039385 29039389
2459299 3138256
34382968 34382969
11438186 5753888
34386129 34386135
30775148 723445
446784 1100510
3035410 3540457
3079600 3569376
12799710 12799748
931418 1069321
34443196 34443199
4172491 4299744
34444450 290065
8214948 8214964
34452982 34452984
1978696 2751967
1971144 2743057
446833 1100674
12799690 2383191
3186713 1564106
1802233 2615214
29883644 21737937
34498883 34498888
256984 752136
1971145 2743072
5744437 3878027
305485 835463
4263951 4356804
1098976 1967153
25414703 10365252
2732518 3322870
2742855 3335598
3198742 2915395
13946716 13946736
1100591 1621680
30045695 8629983
7921450 4836027
2884166 3430577
1100751 1971252
4111654 4258628
3166311 3634697
3365428 3770817
33107319 33107336
35410348 31778461
4215034 4325951
11508481 11508487
419824 1059468
35743705 4103557
35743722 35743724
35743748 5293467
6994782 6994788
35743915 734393
35743940 2127819
35743946 35743950
3062401 3557099
8043514 8043533
35743851 8084703
2954122 500461
29883561 1055292
1971146 2743083
4548766 4566199
35744487 30656531
35744640 6824831
35744651 7546210
35744655 4866137
3468431 698024
3878877 976092
2951019 3479846
35744911 28384478
3986302 4172484
3137837 3613252
28425531 28425541
35745012 35745017
6621345 6621349
35745063 35745065
3468439 3841840
35745169 15663505
13946718 13946741
30997223 30997231
9012922 9012955
35745357 35745359
35745469 35745471
35745473 35745478
35745489 35745493
25461189 25461200
35745680 35745682
35745735 10897910
4024907 4198162
35746025 9067267
35746235 14608676
35746272 479925
2050774 2810680
35746461 35746463
3899581 780005
1971147 2743088
35746623 35746625
3906350 4120848
14839465 5274529
35746907 35746909
35747001 35747004
35745688 35745691
35747021 35747024
35747059 35747061
35747210 35747212
3889967 4110967
11132215 11132216
31869616 7964461
2354322 3051916
3954925 3954930
35746416 35746423
2774960 3357658
8912582 8912600
3064383 3558327
2218154 2951116
34437510 34437523
4043935 4208394
4510045 4536369
25411628 25411629
35748464 35748469
35748626 35748628
35748638 7365588
6330276 6330280
10366423 10366427
4666829 3679815
8043549 8043566
3651425 2540541
28739835 5495300
33248917 9084188
1970921 2742825
35748951 2528756
31971880 3695415
11163949 2289707
2810657 3379409
10607235 10607259
35749066 35749074
35749096 35749100
33359826 2984334
2522614 3184934
3811547 224764
3900139 43252
6994794 1498327
35744857 15025887
11508460 11508475
35743627 6858280
15917197 9622411
15634433 15634439
3878879 4104768
35749578 12246505
34442967 8955055
2747387 3338832
30122549 30122561
35749621 35749624
33249094 24395572
9776639 9776668
8043545 972467
35744199 4314876
3963168 4158038
35750084 35750086
22050469 14428879
29804953 29804960
35750495 35750497
35750502 6814453
34809701 9716207
35749017 35749027
35750628 8553983
35750837 35750839
10650971 2574687
4293465 4377482
35750965 35750967
28749804 8492033
35751169 35751171
35751304 5879977
35751541 1954128
35751558 8499517
35751647 35751650
2526370 3186723
35751949 14469570
35748238 2925950
35752093 8430908
35752119 35752121
35752168 34919510
35752307 8865536
1971148 2743093
35752580 35752582
35752637 35752640
4624720 4633740
35752768 10734628
35753405 35753408
35750367 35750376
6330284 1938621
35746467 35746469
28687637 15663238
3650839 3643458
35753739 35753751
35743565 35743586
10806959 10806961
3305183 3730190
30572979 1499817
2370258 3064254
4362023 4424603
3081530 579995
14405989 6014582
35754093 3759379
35754176 35754178
35754254 35754256
1096010 1961897
35754314 35754316
35754215 8892142
11950550 8400141
3785776 4039776
3785778 4039783
35755677 12504583
1059478 1921224
1832350 2638576
35755787 35755790
8352005 2291636
3713118 3998954
1971038 1011381
4452000 121604
4356869 3022591
12921728 12921729
35754182 35754191
1971242 472077
2822501 944114
30997186 8358760
4514940 4539980
3906387 4120889
35756175 35756177
35756658 35756661
1100605 1971043
28738710 28738739
35754183 2055444
35757167 35757168
3775456 4033634
35757217 35757219
3019423 1492977
14275414 14275438
35748531 35748538
33326753 1713361
3174360 3639795
4271216 4362017
35749157 35749179
35757681 35757683
35757892 35757894
35757932 35757934
35758022 35758024
4360928 4423815
35758137 23646589
35758158 33096206
35758300 35758302
1440532 2309055
24396039 24396050
35758369 35758371
33135307 33135317
4026986 4199594
3878874 4104762
34850324 11528961
4120847 4263989
4421769 4467070
4141717 4279335
3926440 1188529
4024922 4198204
35759131 9211463
3216179 3669773
33141885 33141900
35759319 35759321
10467342 10467346
3613282 3935605
35759393 33126754
35755834 35755842
35748875 579987
3961012 4156402
34402685 9219236
35759598 2346963
35759706 35759708
4233814 4340004
35759788 35759790
4315101 4392689
35759842 35759844
35754202 35754206
35759869 35759871
34062947 34062952
13345582 13345585
35759918 29716382
35759999 35760001
35760035 35760037
4490194 4520387
327812 888606
35643472 35643484
35760367 35760369
35760373 35760375
11901498 11901506
35760603 35760605
35760638 35760640
35760688 4734266
32846037 32846039
34442983 34443013
35760898 35760900
12007025 12007027
35760984 35760986
25461211 25461231
14305770 14305771
35752959 35752961
35761449 6629278
35761492 35761494
35761514 28919024
34436418 34436419
35751362 35751370
3275898 3713121
35753182 35753184
7921599 7921605
35762017 35762019
34062911 34062915
35762214 723544
826144 1560898
35762340 35762342
4124142 4266348
34487638 3879565
33107521 33107523
35762473 35762476
9776629 9776656
35762548 35762550
35762758 35762760
4026993 2552507
35762831 35762833
4581411 4593945
35762967 35762969
35763011 35763014
10552579 10552597
35763045 35763047
4185138 4306756
1970860 2742812
1971149 2743099
7921604 7921610
35763549 35445761
3888728 4110494
3399928 3792893
6994787 6994792
34826006 303266
35764050 35764052
35753222 8773493
35764147 35764149
35764263 2630254
34843023 34843033
11722225 11722243
35764428 35764430
35764525 35764527
6711985 6711987
2752404 3342991
35765183 35765185
2055018 2814409
35765443 35765445
35757338 35757346
2751963 3342721
35765748 35765750
35746418 35746428
3906347 4120845
35765864 35765866
4258627 4353376
35765944 7490146
35765964 19040816
35766151 35766153
4547855 4166510
6994791 1498328
35745126 21670455
11950537 11950555
35766601 35766603
14236712 14237298
35766807 35766809
3180128 3643794
3180129 3643794
35766830 35766832
6141772 6141805
11162250 11162252
29870126 29870132
4124143 4229632
1533122 2391700
35749985 35750005
3533088 3884264
35752448 35752450
34837807 34837820
35767680 35767682
35767744 115948
35767815 35767817
2638582 3262153
35768128 35768130
35768138 35768140
35768154 35768156
35765252 222922
35750374 35750383
35768310 35768312
1533124 2391707
4436465 4479214
6141773 6141807
35753845 15647598
35768618 35768621
35768682 35768684
35768689 2382699
15402801 15402828
10650957 10650963
7172137 7172162
3634722 3951090
35761159 2291258
35751454 35751455
35768994 4805886
3424422 3807039
33247488 33247492
14938392 8314666
35769408 35769410
3039077 272154
35769475 35769477
35751868 35751879
2742802 3335557
13434417 13434429
35744079 35744082
35770001 187282
4490199 4520394
1971152 2743105
35756835 35756840
35770168 35770170
35770182 35770184
35770250 35770252
14675835 4351895
35770295 35770297
35743642 28731446
35770420 35770422
35759250 7904228
35744461 28867945
35748268 35748276
35770596 35770598
2526373 3186734
35770666 35770668
35744394 1958033
35770728 35770730
35770766 35770768
6775034 704833
35771132 35771134
35771219 35771222
35771251 35771253
1971042 2742977
35771382 35771384
35771527 35771529
35771615 35771617
35771724 33111076
35771742 35771744
29706602 21785388
35771785 35771787
35771803 35771805
35771811 35771813
35771865 35771867
3758510 4024966
35772044 35772046
35772132 35772135
2217899 2950871
3292077 3722572
32652263 139112
4174498 4301432
35772498 35772500
35772501 8802866
30045719 30045725
4116536 4261131
13946685 6777274
35749721 5323619
35754095 35754098
36072866 36072868
36072867 36072869
35771221 35771224
33137824 33137836
36072902 36072904
4566206 4581418
4548767 4566207
13946735 13946762
35769913 35769921
28738700 28738711
8500791 8500799
35747023 35747029
5235188 5235204
36073029 36073031
36873240 36873242
1899227 2681142
35745853 35745856
37825992 37825993
35753803 35753810
37826218 37826219
3644717 3956958
5911249 5911283
3799810 4048607
37827118 37827119
3810801 4055116
37826168 37826169
37827192 37827193
38637253 38637254
38637255 38637256
38637257 38637258
38637261 38637262
38637263 38637264
38637266 38637267
38637268 38637269
38637270 38637271
38637272 38637273
38637274 38637275
38637277 38637278
38637279 38637280
38637281 38637282
38637284 38637285
38637286 38637287
38637288 38637289
38637290 38637291
38637294 38637295
38637297 38637298
38637303 38637304
4476727 4509919
38637305 38637306
35757448 35757453
38637307 38637308
38637310 38637311
38637314 38637315
38637316 38637317
38637319 38637320
38637321 38637322
38637324 38637325
38637326 38637327
38637328 38637329
38637331 38637332
38637333 38637334
38637335 38637336
38637337 38637338
3511101 2995704
38637340 38637341
38637344 38637345
38637346 38637347
38637348 38637349
38637351 38637352
38637354 38637355
38637357 38637358
4039845 4206362
38637360 38637361
38637363 38637364
38637366 38637367
38637368 38637369
38637374 38637375
38637376 38637377
38637378 38637379
38637381 38637382
38637384 38637385
38637387 38637388
38637389 293987
38637394 38637395
38637397 38637398
38637399 38637400
38637401 38637402
38637403 38637404
38637405 38637406
38637407 38637408
38637409 38637410
38637412 38637413
38637414 38637415
38637418 38637419
38637421 38637422
38637424 38637425
38637426 38637427
38637428 38637429
38637430 38637431
38637432 38637433
38637434 38637435
38637436 38637437
38637438 38637439
37826239 37826240
28449026 28449032
38637441 38637442
38637444 38637445
38637446 38637447
38637448 38637449
38637450 38637451
38637452 38637453
38637455 38637456
35762691 35762694
38637457 38637458
38637459 38637460
38637461 21785388
38637462 38637463
38637465 38637466
38637468 38637469
38637470 38637471
38637473 38637474
38637476 38637477
38637479 38637480
38637482 38637483
38637486 38637487
36073020 12175484
35759298 35759301
38637488 38637489
38637491 38637492
38637494 38637495
35750060 35750065
3988818 2131547
38637496 38637497
38637498 38637499
38637502 38637503
38637507 38637508
38637509 38637510
38637511 38637512
38637513 38637514
38637515 38637516
38637517 38637518
38637519 38637520
38637521 38637522
38637524 38637525
35752387 35752396
38637526 38637527
38637528 38637529
38637530 38637531
38637532 30239
38637534 38637535
38637537 38637538
38637539 38637540
38637541 38637542
38637543 38637544
35769366 35769372
38637546 38637547
38637548 38637549
38637551 38637552
38637553 38637554
38637556 38637557
38637560 38637561
38637564 38637565
38637566 38637567
38637568 38637569
38637570 38637571
38637574 38637575
35771254 35771260
38637576 38637577
35771255 35771263
38637578 38637579
38637580 38637581
38637582 38637583
38637584 38637585
35771256 35771265
38637586 38637587
38637591 38637592
38637594 38637595
7365763 7365764
38637596 38637597
28310700 9557736
38637599 38637600
38637601 38637602
38637603 38637604
38637605 38637606
38637607 38637608
35759665 35759671
38637609 38637610
38637611 38637612
38637613 38637614
38637615 38637616
38637619 38637620
38637621 38637622
3743139 4015469
38637623 38637624
38637625 38637626
38637627 38637628
38637629 38637630
38637631 38637632
38637634 38637635
38637636 38637637
38637638 38637639
38637640 38637641
38637644 38637645
38637646 38637647
38637648 38637649
38637651 38637652
38637653 38637654
38637655 38637656
38637657 38637658
38637659 38637660
38637661 38637662
38637664 38637665
38637667 38637668
37826471 37826475
38637669 38637670
38637671 38637672
38637674 38637675
38637678 38637679
38637681 38637682
38637683 38637684
38637685 38637686
38637687 38637688
38637689 38637690
38637691 38637692
38637693 38637694
15477885 15477888
38637696 38637697
38637698 38637699
38637700 38637701
38637703 38637704
38637705 38637706
38637709 38637710
38637712 38637713
38637714 38637715
38637716 38637717
38637719 38637720
38637721 38637722
38637723 38637724
38637725 38637726
38637727 38637728
38637729 38637730
38637731 38637732
38637733 38637734
38637736 38637737
38637738 38637739
38637740 38637741
38637742 38637743
38637749 38637750
38637752 38637753
38637755 38637756
38637757 38637758
38637759 38637760
38637762 38637763
38637765 38637766
38637767 38637768
38637770 38637771
38637773 38637774
31078075 2489003
4031067 4201240
38637776 38637777
38637778 38637779
38637782 38637783
38637784 38637785
38637787 38637788
38637790 38637791
38637794 38637795
38637796 38637797
38637798 38637799
38637800 38637801
38637802 38637803
38637805 38637806
38637807 38637808
38637809 38637810
38637811 38637812
38637814 38637815
38637816 38637817
38637818 38637819
38637820 38637821
38637822 38637823
38637825 38637826
35751220 35751230
38637827 38637828
38637830 38637831
38637832 38637833
38637834 38637835
38637836 38637837
38637839 38637840
38637842 38637843
38637844 38637845
38637846 38637847
28812649 1059222
38637848 38637849
38637850 38637851
38637853 38637854
36072712 36072713
38637855 38637856
4581412 4593948
38637857 38637858
38637859 38637860
38637862 38637863
38637864 38637865
38637866 38637867
38637869 38637870
38637871 38637872
38637876 38637877
38637878 38637879
38637880 2363436
38637883 38637884
38637885 38637886
38637887 38637888
38637889 38637890
38637891 38637892
38637893 38637894
1467382 2336643
38637897 38637898
38637899 38637900
38637902 38637903
38637904 38637905
38637906 38637907
38637909 38637910
38637912 38637913
38637914 38637915
38637916 38637917
38637918 38637919
38637920 38637921
38637922 38637923
38637924 13498613
38637926 830804
9205898 9205917
38637928 38637929
38637930 38637929
38637931 38637932
38637933 38637934
38637935 38637936
38637937 38637938
38637939 38637940
38637941 38637942
38637943 38637944
38637945 38637946
38637948 500320
35766026 35766035
2950856 3479726
38637949 38637950
38637951 38637952
38637955 38637956
38637957 38637958
38637959 38637960
38637961 38637962
38637963 38637964
38637965 38637966
38637967 38637968
35755972 35755977
38637969 38637970
38637972 38637973
38637978 38637979
38637980 38637981
38637982 38637983
38637985 38637986
38637987 38637988
38637989 38637990
38637991 38637992
35755892 35755897
35755899 4577933
38637993 38637994
38637995 36439333
38637997 38637998
35769588 35769589
4115586 4260526
38638001 38638002
38638003 38638004
38638006 38638007
38638008 38638009
38638010 38638011
35758071 35758077
38638012 38638013
38638014 38638015
38638016 38638017
38638019 38638020
38638021 38638022
38638023 38638024
38638026 38638027
38638028 38638029
38638030 38638031
38638032 38638033
33137640 33137644
3962375 4157215
38638034 18179194
38638036 38638037
38638038 38638039
38638041 38638042
38638043 11506013
38638045 38638046
38638047 38638048
38638049 38638050
38638051 38638052
38638055 38638056
38638057 38638058
38638059 38638060
36072874 5279683
38638063 38638064
35749063 35749064
38638065 38638066
38638067 38638068
1825451 2634750
38638069 38638070
38638071 38638072
38638073 38638074
38638075 38638076
38638077 38638078
38638079 38638080
38638081 38638082
38638083 38638084
38638085 38638086
38638087 38638088
38638089 38638090
38638091 38638092
38638093 38638094
38638095 38638096
38638098 38638099
38638100 38638101
38638102 38638103
38638104 38638105
38638106 38638107
38638108 38638109
38638110 38638111
38638112 12405978
38638114 38638115
38638116 38638117
38638119 38638120
38638122 38638123
38638124 38638125
38638126 38638127
38638128 38638129
38638130 38638131
38638133 38638134
38638135 38638136
38638137 38638138
38638140 38638141
38638142 38638143
38638145 38638146
38638147 38638148
38638150 38638151
38638152 38638153
35767944 35767947
38638155 38638156
38638157 38638158
38638159 38638160
38638161 38638162
38638164 38638165
38638166 38638167
38638169 38638170
38638172 38638173
38638174 28810294
38638175 38638176
38638177 38638178
38638179 38638180
38638181 38638182
38638183 38638184
38638185 38638186
38638187 38638188
38638190 38638191
38638192 38638193
38638194 38638195
38638196 38638197
38638199 38638200
35750868 35750882
38638202 38638203
38638204 38638205
4290926 4375856
38638206 38638207
38638208 38638209
38638212 38638213
38638214 38638215
38638216 38638217
38638218 38638219
38638220 38638221
38638222 38638223
38638224 38638225
38638226 38638227
38638228 38638229
38638230 38638231
38638234 38638235
38638236 38638237
15024798 15024828
38638238 38638239
38638240 38638241
38638243 38638244
38638245 38638246
3193794 3651282
38638248 38638249
38638250 38638251
35747415 35747417
38638252 38638253
38638254 38638255
38638256 38638257
201974 46771
38638258 38638259
38638260 38638261
38638262 38638263
38638265 38638266
38638267 38638268
38638270 38638271
38638273 38638274
35763687 35763693
38638275 38638276
11489169 11489174
38638277 38638278
38638279 38638280
38638281 38638282
38638284 38638285
35101715 35101716
38638286 38638287
14275409 14275416
38638289 38638290
38638291 38638292
38638293 38638294
38638295 38638296
38638298 38638299
38638300 38638301
38638303 38638304
38638305 38638306
38638307 38638308
38638312 38638313
38638314 38638315
38638317 38638318
38638319 38638320
38638321 38638322
35751181 35751185
38638324 38638325
38638326 38638327
38638328 38638329
38638330 38638331
38638332 38638333
38638334 38638335
35768336 35768340
38638336 38638337
38638338 38638339
38638342 38638343
38638345 38638346
38638347 38638348
38638349 38638350
38638352 38638353
38638354 38638355
38638358 38638359
38638360 38638361
38638362 38638363
38638364 38638365
38638366 38638367
38638368 38638369
38638370 38638371
38638372 38638373
38638374 38638375
38638377 38638378
38638379 38638380
38638381 38638382
38638384 4106836
38638387 38638388
38638389 38638390
38638391 38638392
38638393 38638394
38638396 38638397
35770711 35770714
38638398 38638399
38638400 38638401
38638402 38638403
38638404 38638405
38638406 38638407
38638408 38638409
38638410 38638411
38638415 38638416
35768404 35768409
38638417 38638418
36072478 36072486
38638419 38638420
36072801 36072810
38638423 38638424
37826652 37826657
