5006212 5006214
1650051 2492855
5006217 5006219
5006220 5006222
5006223 5006225
5006227 5006229
1694027 2527886
5006230 5006232
44148 186751
5006234 5006237
5006241 5006243
1599893 2452761
5006248 5006250
5006252 5006254
5006256 5006259
1802157 2615162
5006273 5006275
5006277 5006280
5006298 5006301
5006306 5006308
5006313 5006315
5006316 5006319
359574 958495
413965 1052737
5006322 5006324
5006326 5006329
5006342 5006344
754867 1536045
1609343 2458875
5006345 5006347
5006349 5006351
5006355 5006358
5006367 5006369
5006375 5006377
5006385 5006387
5006434 5006437
5006439 5006441
5006442 5006444
5006447 5006449
5006450 5006452
197357 593615
5006453 5006455
5006456 5006458
2353344 3050762
5006467 5006469
5006470 5006473
5006475 5006477
5006479 5006482
5006496 5006498
5006500 5006502
5006505 5006508
5006511 5006515
5006544 5006546
5006551 5006553
5006554 5006556
5006557 5006559
436663 1084321
5006560 5006563
5006569 5006571
5006572 5006574
5006575 5006577
4973077 4973087
5006578 5006580
3394817 3789161
5006583 5006585
405004 1034223
5006592 5006594
5006595 5006597
5006599 5006601
2332448 3034495
5006603 5006605
806929 1607015
5006608 5006611
5006613 5006615
5006616 5006618
801453 1592852
5006619 5006623
5006626 5006628
5006629 5006632
5006660 5006662
339051 929346
5006667 5006669
5006670 5006672
5006675 5006677
5006680 5006683
5006693 5006696
5006699 5006702
5006711 5006713
260202 755438
5006716 5006718
5006719 5006727
802278 1594328
4129065 4269750
5006748 5006750
5006765 5006767
5006768 5006770
5006771 5006773
288640 805096
5006776 5006778
2058780 2818166
5006779 5006781
5006782 5006784
5006800 5006802
5006805 5006808
5006811 5006814
5006824 5006827
5006824 5006828
5006833 5006836
5006833 5006837
4432886 4476087
5006838 5006840
2653862 3272274
5006842 5006844
5006885 5006887
5006909 5006911
5006912 5006914
5006925 5006927
5006928 5006930
5006932 5006935
5006937 5006939
5006940 5006943
5006952 5006954
5006955 5006957
5006959 5006962
50812 214778
517382 1216981
5006968 5006970
5006971 5006973
5006975 5006977
5006979 5006981
4977191 4977216
5006983 5006989
5006994 5006996
5006998 5007001
5007003 5007005
5007006 5007008
5007010 5007012
5007014 5007016
5007019 5007021
5007023 5007025
5007026 5007028
5007033 5007035
50813 214804
5007036 5007038
5007039 5007041
5007043 5007045
5007046 5007049
5007052 5007054
5007055 5007057
5007069 5007071
2058651 2817905
5007072 5007074
5007076 5007079
5007082 5007084
5007089 5007091
5007094 5007096
5007097 5007099
5007100 5007106
1630108 2476754
5007126 5007128
800817 1592492
5007130 5007132
5007135 5007137
5007138 5007140
5007142 5007144
5007146 5007150
5007157 5007162
5007172 5007175
5007177 5007179
5007180 5007179
5007181 5007183
5007184 5007187
1097240 1963168
5007190 5007192
4464399 4499669
5007199 5007201
5007202 5007204
1536043 2394503
5007205 5007207
5007211 5007213
3387759 3785403
5007215 5007217
5007218 5007220
5007221 5007223
5007226 5007228
248839 739142
5007229 5007231
5007234 5007236
5007237 5007239
5007254 5007259
5007268 5007270
5007272 5007274
5007276 5007279
5007289 5007291
5007294 5007297
5007312 5007314
3599866 3926135
808423 1610624
5007316 5007318
1401864 2276257
5007319 5007321
5007326 5007328
39425 161775
5007330 5007332
5007334 5007336
2796521 3370728
517049 1216493
5007337 5007339
5007342 5007344
5007345 5007347
755045 1536653
2450004 3129925
5007349 5007351
5007352 5007354
5007355 5007357
5007359 5007362
5007369 5007372
5007395 5007397
5007398 5007400
5007404 5007406
584126 1311896
5007413 5007415
440387 1087413
922534 1731297
3220212 3672683
96651 325845
5007416 5007419
5007424 5007426
4711771 4714269
3394815 3789155
5006853 5006863
5007430 5007432
3298318 3726343
5007433 5007435
5007437 5007439
5007440 5007442
5007444 5007448
5007453 5007455
5007458 5007460
5007461 5007464
5007466 5007469
5007521 5007524
5007541 5007543
5007549 5007551
5007596 5007598
5007599 5007601
5007612 5007614
5007624 5007627
823689 1631939
5007637 5007639
5007640 5007642
5007644 5007646
5007647 5007649
4496842 4525384
5007651 5007654
5007651 5007655
197372 593640
5007656 5007658
5007659 5007662
5007676 5007678
5007700 5007705
5007724 5007726
5007761 5007763
5007765 5007767
5007768 5007771
5007773 5007777
5007786 5007788
5007791 5007793
5007797 5007799
5007801 5007803
5007806 5007808
3651309 3960936
5007809 5007811
5007812 5007814
2321526 3026020
5007818 5007820
5007822 5007824
5007825 5007828
5007830 5007832
4872238 4872265
5007833 5007836
754701 1535457
5007848 5007850
5007854 5007856
21244 118378
5007859 5007862
5007872 5007874
5007882 5007884
5007888 5007890
5007891 5007893
1207330 2083801
689023 1443836
1481840 2349458
754970 1536429
2432124 3115363
5007894 5007896
4602292 4612608
5007899 5007902
5007905 5007907
5007910 5007912
5007914 5007917
5007939 5007941
5007942 5007944
5007945 5007947
5007949 5007954
5007961 5007963
5007966 5007970
5007978 5007980
5007983 5007985
5007986 5007988
5007989 5007991
5007996 5007998
5007999 5008002
5008008 5008010
5008012 5008014
5008019 5008021
5008023 5008025
5008028 5008032
2147712 2889797
2823144 3389138
5008040 5008042
2654171 3272633
755020 1536583
5008043 5008045
5008059 5008061
5008062 5008064
5008065 5008067
2444780 3126661
5008071 5008073
5008077 5008080
2567887 3207569
5008084 5008086
5008089 5008091
4561820 4577338
4434295 4477279
5008094 5008096
5008097 5008099
5008100 5008102
5008103 5008105
5008106 5008108
5008109 5008111
5008112 5008114
5008116 5008118
5008119 5008121
838471 1649663
5008159 5008161
5008162 5008164
5008177 5008179
5008190 5008192
2733962 3324155
5008194 5008197
483427 1160120
5008200 5008202
5008203 5008205
5008210 5008212
5008225 5008228
5008232 5008234
5008237 5008242
1191639 2066361
5008247 5008252
5008260 5008262
5008264 5008266
5008267 5008269
5008272 5008275
5008277 5008279
2189320 2927834
5008281 5008283
5008284 5008286
4563273 4578659
5008288 5008290
5008300 5008302
4468679 4503012
5008305 5008310
2481735 3156377
5008315 5008317
933802 1759352
5008322 5008324
5008325 5008327
5008328 5008330
5008337 5008339
5008342 5008344
5008345 5008348
5008354 5008356
5008357 5008359
5008360 5008369
5008360 5008370
5008385 5008388
5008393 5008396
5008401 5008403
5008406 5008408
2718603 3310267
5008409 5008411
5008412 5008414
2574955 3215159
5008416 5008418
5008422 5008424
2395842 3088107
5008426 5008428
5008430 5008432
4152228 4285076
5008435 5008437
5008440 5008442
5008444 5008446
1326149 2197699
5008448 5008451
654781 1397349
5008453 5008455
5008456 5008458
5008460 5008462
5008468 5008470
5008473 5008476
5008482 5008484
5008485 5008487
5008498 5008500
5008501 5008503
5008518 5008520
5008523 5008525
1603747 2453796
5008529 5008531
5008532 5008535
5008545 5008547
3154256 3626029
5008551 5008554
5008557 5008559
5008562 5008566
5008585 5008587
5008591 5008594
5008591 5008595
5008596 5008598
5008604 5008606
3612644 3935198
5008616 5008619
5008642 5008644
5008648 5008650
5008656 5008658
5008659 5008661
5008665 5008667
1782923 2599365
5008672 5008674
5008677 5008680
3916214 4127805
5008685 5008687
300073 824809
5008689 5008691
5008692 5008694
5008703 5008706
5008710 5008712
5008716 5008719
5008721 5008723
5008727 5008730
4646076 4653327
5008733 5008735
5008737 5008739
5008740 5008742
5008743 5008745
5008746 5008748
934196 1759500
5008750 5008752
5008753 5008755
3290989 3721736
5008756 5008758
5008759 5008761
5008762 5008764
5008766 5008768
2728164 3318913
3200367 3659343
5008769 5008771
5008772 5008775
5008778 5008780
5008781 5008786
5008781 5008787
5008810 5008813
5008839 5008842
5008886 5008888
5008914 5008921
5008944 5008946
5008948 5008950
5008953 5008955
5008968 5008970
4126120 4267985
5008972 5008975
5008990 5008992
5008995 5008998
5009000 5009002
5009004 5009006
5009007 5009009
5009013 5009015
5009018 5009020
5009022 5009025
5009042 5009044
5009045 5009047
5009049 5009051
5009053 5009056
5009059 5009061
2270804 2991813
3448311 3822222
5009064 5009066
5009070 5009072
2733937 3324136
529525 1239443
5009076 5009078
4032619 4202076
4431156 4474683
1538917 2398643
5009090 5009092
5009094 5009096
5009097 5009099
5009102 5009104
5009105 5009108
5009111 5009113
5009114 5009118
3139721 3616151
3139721 3616152
513669 1211873
3218137 3670877
5009123 5009128
5009134 5009136
5009151 5009153
5009154 5009156
5009160 5009162
5009164 5009166
2183940 2921876
166784 520343
1867025 2666472
140081 435537
5009167 5009171
5009219 5009221
2023856 2788081
5009222 5009224
5009226 5009228
5009231 5009233
2934001 3468470
5009234 5009236
5009244 5009246
1664937 2504765
5009247 5009249
5009251 5009253
5009254 5009256
2481538 3156173
5009257 5009261
5009265 5009267
4571800 4585991
5009271 5009273
5009274 5009276
5009280 5009283
5009303 5009305
5009306 5009308
5009310 5009314
5009327 5009330
5009327 5009331
5009339 5009341
5009344 5009346
1394187 2267820
5009347 5009349
3395962 3789864
5009350 5009352
1606353 2456314
5009377 5009379
3340574 3756543
5009381 5009383
5009387 5009389
5009391 5009393
2131431 2878677
288641 805101
1326150 2197706
1326150 2197707
5009397 5009399
5009400 5009402
125622 409613
119886 382662
2502681 3171607
5009405 5009407
5009410 5009412
5009415 5009417
5009418 5009420
5009421 5009423
3774171 4032994
5009424 5009426
5009429 5009431
5009432 5009434
5009435 5009438
5009442 5009444
5009451 5009455
5009461 5009463
1725646 2561657
5009466 5009468
5009473 5009475
5009476 5009478
5009481 5009484
497376 1182326
5009486 5009488
5009489 5009491
536172 1253678
5009492 5009494
5009495 5009497
1939825 2713981
5009505 5009509
944478 1775022
5009531 5009534
5009536 5009538
5009539 5009541
5009543 5009545
5009547 5009549
754778 1535781
5009550 5009552
5009553 5009557
5009568 5009572
5009589 5009591
5009592 5009594
5009595 5009597
5009602 5009604
5009607 5009609
5009610 5009612
1709576 2540333
5009615 5009617
4158931 4290309
4621164 4630394
5009619 5009621
5009622 5009624
5009625 5009627
5009632 5009634
5009636 5009638
755061 1536684
1092748 1957609
5009640 5009642
5009644 5009646
5009649 5009651
5009652 5009655
2567582 3207368
5009658 5009660
5009667 5009670
5009673 5009675
5009676 5009678
5009682 5009684
5009685 5009687
3137772 3612892
5009692 5009694
5009696 5009698
1867927 2667211
3314028 3736451
5009699 5009701
5009704 5009706
5009707 5009709
5009710 5009713
3819670 4061183
5009732 5009734
5009735 5009739
1208438 2084661
5009747 5009749
5009750 5009752
5009753 5009755
2398610 3090199
5009758 5009760
5009761 5009763
5009766 5009771
5009779 5009781
5009782 5009784
5009785 5009787
5009788 5009790
5009791 5009793
3773358 4032592
5009794 5009796
5009798 5009800
5009801 5009804
4434333 4477326
5009806 5009808
5009809 5009811
5009813 5009815
4079498 4233661
5009816 5009818
3089087 3576399
5009822 5009824
5009836 5009838
5009841 5009844
2440722 3122614
5009849 5009851
5009854 5009857
5009854 5009858
5009859 5009861
5009862 5009865
5009872 5009874
754702 1535469
5009879 5009882
5009883 5009885
5009887 5009889
5009892 5009894
755046 1536660
5009895 5009897
5009898 5009900
2095717 2848255
5009901 5009903
5009906 5009908
5009909 5009911
5009928 5009930
5009931 5009933
5009936 5009938
2552926 3200308
5009942 5009944
5009945 5009947
5009948 5009950
5009955 5009957
5009970 5009972
5009974 5009976
5009977 5009979
5009980 5009985
5010032 5010034
5010035 5010037
5010040 5010042
5010045 5010047
5010049 5010051
5010053 5010057
2898288 3440637
5010100 5010102
5010103 5010106
5010103 5010107
5010110 5010112
5010115 5010117
5010121 5010123
5010124 5010127
5010131 5010133
5010135 5010137
323944 875974
5010139 5010141
5010142 5010145
5010148 5010150
5010152 5010154
5010155 5010158
5010162 5010164
5010165 5010167
3240440 3687777
585927 1316647
5010171 5010173
5010177 5010179
5010180 5010182
329692 893422
5010183 5010185
281030 789032
5010188 5010191
5010215 5010217
5010218 5010220
5010226 5010228
5010230 5010232
5010234 5010236
1941295 2715200
4122976 4265174
5010239 5010241
5010243 5010245
2030718 2793031
5010249 5010251
1398816 2273696
5010252 5010256
2535342 3191861
5010263 5010265
5010269 5010272
5010274 5010276
5010277 5010279
4567894 4582684
5010281 5010284
5010323 5010326
5010334 5010336
5010337 5010340
5010344 5010346
5010349 5010351
5010354 5010356
5010357 5010359
5010360 5010362
5010366 5010368
5010370 5010372
5010373 5010375
5010376 5010378
529359 1239078
4586719 4598311
5010381 5010383
5010384 5010388
5010392 5010394
2265877 2985826
2821 35625
5010404 5010406
5010409 5010411
5010412 5010414
4487899 4518864
5010416 5010418
5010419 5010421
5010422 5010424
2367116 3061419
5010426 5010429
3652473 3961798
5010431 5010434
5010435 5010437
5010438 5010441
2169434 2908880
5010443 5010445
5010446 5010449
1703441 2534329
5010452 5010454
5010455 5010459
5010455 5010460
1004786 1855618
5010462 5010464
4434328 4477313
5010472 5010475
5010487 5010490
5010492 5010494
5010496 5010498
5010499 5010501
5010502 5010505
5010508 5010510
5010512 5010514
5010520 5010522
5010523 5010525
5010530 5010533
5010539 5010541
5010552 5010554
5010555 5010557
5010562 5010564
656922 1399270
5010566 5010568
5010570 5010572
5010573 5010575
5010576 5010578
5010580 5010582
2181759 2919393
3611741 3934824
5010591 5010593
5010594 5010596
5010597 5010599
5010601 5010604
5010607 5010609
5010613 5010615
5010621 5010623
5010633 5010635
3574003 3909619
5010636 5010638
5010643 5010645
5010646 5010648
5010656 5010658
5010659 5010661
5010663 5010665
5010666 5010668
5010670 5010672
162790 512649
5010674 5010676
578917 1295853
5010678 5010681
5010683 5010687
5010695 5010698
5010703 5010705
1311893 2184308
5010708 5010710
5010711 5010713
5010714 5010716
4745726 4746835
5010717 5010719
653880 1396764
754703 1535479
5010722 5010724
5010725 5010727
5010730 5010732
5010746 5010748
1238450 2117380
5010749 5010751
1356994 2230370
5010752 5010754
5010755 5010757
5010759 5010761
2611911 3242058
5010762 5010766
5010769 5010771
5010773 5010775
5010776 5010778
5010786 5010788
5010791 5010793
5010795 5010797
4124080 4266306
5010801 5010803
5010809 5010811
4534565 4554715
4534565 4554716
5010817 5010819
5010823 5010825
5010829 5010831
5010835 5010837
5010846 5010848
5010849 5010852
756505 1539093
5010855 5010857
5010859 5010861
5010865 5010867
918969 1726025
5010869 5010871
5010872 5010874
5010876 5010878
1103559 1974995
755021 1536597
5010879 5010881
5010882 5010884
5010885 5010887
5010890 5010892
3555628 3898671
3755841 4023218
5010894 5010897
519732 1221121
4323827 4398294
5010917 5010925
5010935 5010938
5010948 5010950
5010951 5010953
5010954 5010956
5010960 5010962
5010964 5010966
5010967 5010971
5010980 5010982
5010983 5010985
5011001 5011006
5011016 5011019
5011033 5011036
1502028 2366328
5011047 5011049
5011051 5011053
5011054 5011056
5011060 5011062
5011263 5011265
5011266 5011268
5011271 5011273
5011274 5011276
5011277 5011280
5011282 5011284
5011289 5011293
5011310 5011312
5011313 5011315
5011318 5011320
5011323 5011325
5011333 5011335
5011337 5011339
5011340 5011344
5011348 5011350
1208177 2084554
2085406 2839183
5011354 5011356
5011357 5011359
5011367 5011369
5011375 5011377
5011379 5011381
2412927 3100232
5011382 5011384
2230341 2961021
5011389 5011392
5011395 5011397
5011399 5011401
5011414 5011416
5011417 5011419
5011420 5011423
5011431 5011433
5011435 5011437
5011438 5011440
5011445 5011447
4061147 4218195
5011449 5011452
5011456 5011458
5011463 5011467
5011488 5011490
5011491 5011493
1725658 2561663
5011494 5011496
5011500 5011502
5011504 5011506
2361049 3057022
5011507 5011509
5011512 5011514
299968 824789
5011515 5011517
5011520 5011522
5011523 5011525
5011528 5011530
5011531 5011533
5011534 5011537
5011540 5011542
5011545 5011547
5011548 5011550
5011551 5011554
5011551 5011555
615527 1353828
2571120 3210752
5011556 5011558
5011559 5011561
5008814 5008828
5011566 5011568
996365 1844298
5011569 5011571
5011572 5011576
805746 1605585
3448116 3822019
5011633 5011635
5011636 5011638
5011639 5011642
5011644 5011646
5011652 5011654
5011663 5011668
2437714 3119802
5011680 5011683
5011686 5011688
5011693 5011695
3611742 3934828
5011696 5011698
5011730 5011732
5011735 5011737
5011745 5011747
5011748 5011750
5011751 5011753
5011754 5011758
5011763 5011765
3015786 3526890
5011766 5011769
383991 995493
5011785 5011787
5011789 5011791
5011792 5011796
5011802 5011804
5011805 5011807
5011811 5011814
5011822 5011826
5011835 5011838
5011840 5011842
3652106 3961340
44149 186756
5011843 5011845
5011846 5011848
5011852 5011854
5011858 5011860
5011868 5011870
5011873 5011875
5011876 5011878
5011879 5011881
5011882 5011886
4675699 4680612
48612 207673
5011889 5011891
5011892 5011895
5011898 5011900
5011904 5011907
5011911 5011914
5011919 5011921
5011940 5011942
5011945 5011947
5011948 5011950
5011951 5011953
3384635 3782927
754739 1535662
2919269 3458802
5011954 5011956
5011960 5011962
5011964 5011967
328087 889132
5011976 5011978
5011979 5011981
5011982 5011986
5011993 5011995
5011998 5012004
517743 1217624
517743 1217625
5012014 5012016
5012017 5012019
5012023 5012025
5012032 5012034
4052236 4213357
106970 351118
5012035 5012037
5012038 5012041
2187610 2925141
5012045 5012047
5012049 5012051
5012056 5012058
5012059 5012066
3156866 3628184
5012078 5012082
5012097 5012099
755190 1536987
5012101 5012103
5012112 5012114
5012115 5012118
5012129 5012131
5012133 5012135
5012136 5012138
5012160 5012162
5012165 5012167
5012168 5012170
3773355 4032582
5012172 5012174
5012175 5012177
5012178 5012180
4639871 4647883
5012194 5012196
3093879 3580138
5012198 5012200
3771680 4031553
5012201 5012203
5012209 5012213
218411 670317
5012243 5012245
5012255 5012257
2134650 2881153
5012259 5012262
5012265 5012267
5012308 5012310
5012313 5012315
5012319 5012321
191789 586242
2458952 3137330
5012325 5012327
5012329 5012331
5012333 5012336
5012338 5012341
5012347 5012349
5012351 5012353
5012354 5012356
1250641 2128429
5012375 5012377
5012378 5012380
5012382 5012384
5012388 5012390
4637709 4645758
5012394 5012396
5012401 5012404
5012406 5012408
5012412 5012414
5012447 5012449
5012450 5012452
5012453 5012455
5012456 5012459
5012465 5012471
5012482 5012484
5012485 5012488
1248758 2127297
5012494 5012496
5012497 5012502
5012526 5012528
5012532 5012535
5012542 5012544
765216 1549333
278549 785510
5012545 5012547
2700760 3297647
268061 769886
4580029 4593004
3599798 3926026
5012549 5012551
5012555 5012560
4902025 4902038
5012565 5012567
3226775 3676757
5012571 5012574
5012579 5012584
5012592 5012594
5012602 5012604
3590453 3920881
1279678 2156297
5012606 5012609
3603512 3928613
5012611 5012614
5012668 5012670
5012673 5012675
5012682 5012684
5012686 5012688
5012689 5012692
5012701 5012703
5012706 5012709
5012706 5012710
5012713 5012717
5012746 5012748
5012751 5012753
5012754 5012757
5012774 5012776
5012777 5012779
5012782 5012784
5012788 5012791
5012793 5012795
5012800 5012802
2691612 3290968
5012804 5012806
5012812 5012814
5012817 5012819
3371540 3774473
5012823 5012825
5012826 5012828
19520 110755
5012829 5012831
5012834 5012836
268017 769748
4558759 4574801
651341 1393721
5012837 5012839
2832872 3394850
5012841 5012844
1640013 2482754
5012847 5012849
5012851 5012854
5012887 5012889
5012893 5012895
4123711 4265953
5012906 5012908
5012909 5012911
5012914 5012917
5012935 5012939
5012970 5012972
5012973 5012975
5012979 5012982
5012994 5012996
5012997 5012999
5013003 5013005
5013011 5013014
5013040 5013042
5013045 5013047
5013049 5013054
5013067 5013069
5013070 5013072
5013074 5013076
5013080 5013082
5013083 5013086
5013096 5013098
5013099 5013102
5013122 5013124
5013126 5013128
5013130 5013133
5013135 5013138
5013141 5013143
4043655 4208133
5013144 5013146
5013147 5013149
5013150 5013152
5013153 5013157
5013205 5013207
53764 220888
5013208 5013210
5013218 5013220
5013221 5013223
800995 1592581
5013224 5013226
1416468 2289131
576312 1292147
5013227 5013231
5013237 5013239
5013240 5013242
5013262 5013264
5013266 5013268
5013269 5013271
5013273 5013275
5013277 5013279
5013282 5013284
5013285 5013288
4421711 4467052
226442 700909
4756904 4757817
5013296 5013298
5013300 5013302
5013305 5013308
5013305 5013309
5013315 5013317
5013318 5013320
5013321 5013324
5013328 5013332
5013363 5013365
5013371 5013373
5013374 5013376
4448020 4487797
5013378 5013381
1104436 1976437
5008622 5008637
5013393 5013397
5013402 5013404
5013407 5013409
5013413 5013415
5013417 5013422
5013452 5013454
5013456 5013458
837678 1648673
5013460 5013462
5013465 5013467
5013468 5013470
5013471 5013474
5013490 5013493
5013514 5013516
805088 1605085
5013520 5013522
5013523 5013526
5013534 5013537
5013548 5013550
5013552 5013554
5013556 5013558
5013560 5013563
5013576 5013578
5013581 5013585
5013677 5013679
5013681 5013683
5013684 5013686
2795218 3370125
5013689 5013691
5013692 5013694
5013696 5013698
5013703 5013705
5013706 5013708
5013710 5013713
5013718 5013720
5013726 5013728
5013743 5013745
5013748 5013751
2058822 2818193
5013756 5013759
5013779 5013781
5013783 5013785
5013786 5013790
5013801 5013803
4397406 4450494
5013804 5013806
5013815 5013817
5013830 5013832
5013835 5013837
5013838 5013840
5013843 5013845
5013847 5013850
5013880 5013882
4518849 4543140
5013883 5013885
34582 137386
5013886 5013888
5013891 5013893
5013895 5013897
5013898 5013900
5013901 5013903
4536843 4557093
5013906 5013908
5013909 5013911
5013912 5013914
5013915 5013918
5013940 5013942
5013944 5013946
5013947 5013951
4527177 4549355
5013965 5013967
5013972 5013975
5013982 5013984
5013985 5013987
5013993 5013996
5014009 5014011
5014012 5014014
3894304 4113569
5014019 5014022
1716508 2552045
5014027 5014029
5014030 5014032
499348 1186840
3324223 3743825
5014036 5014038
5014039 5014042
5014059 5014061
5014063 5014065
5014066 5014068
5014069 5014071
5014072 5014074
5014077 5014079
3153354 3624952
5014080 5014083
3774141 4032974
5014085 5014087
5014094 5014096
5014097 5014099
5014102 5014104
5014106 5014108
5014109 5014111
5014112 5014114
4695037 4698804
5014122 5014124
5014125 5014128
2058858 2818254
5014135 5014137
5014138 5014140
5014141 5014143
5014146 5014149
5014181 5014184
5014186 5014189
3990103 4175322
5014191 5014194
5014209 5014211
5014212 5014214
5014217 5014220
5014222 5014224
5014226 5014228
5014229 5014231
5014232 5014234
5014235 5014237
5014242 5014244
5014250 5014255
5014283 5014285
5014287 5014289
5014290 5014292
5014306 5014308
5014309 5014311
5014312 5014314
5014317 5014319
5014320 5014324
5014335 5014337
2055109 2814538
5014340 5014342
5014343 5014345
4623158 4632240
5014351 5014360
5014393 5014395
5014398 5014400
5014401 5014403
5014407 5014409
5014411 5014413
5014415 5014417
5014420 5014422
5014425 5014428
2029624 2792057
5014430 5014432
2903932 3444600
5014435 5014437
5014439 5014441
287967 802487
5014442 5014444
5014448 5014450
5014451 5014453
5014455 5014457
5014459 5014461
5014462 5014464
5014465 5014468
251338 742990
5014476 5014480
5014490 5014492
5014502 5014504
5014505 5014507
3420165 3804766
5014511 5014513
5014514 5014517
5014520 5014522
5014524 5014526
5014531 5014535
5014540 5014542
5014550 5014552
2275523 2995893
5014554 5014556
5014558 5014560
5014562 5014564
5014565 5014567
5014568 5014570
5014575 5014577
5014579 5014581
5014582 5014584
5014587 5014589
5014590 5014592
5014593 5014596
5014598 5014600
1103854 1975499
5014601 5014608
5014617 5014619
5014622 5014624
5014625 5014627
5014630 5014633
5014639 5014641
5014644 5014647
5014656 5014658
5014662 5014664
5014666 5014668
48720 207793
5014672 5014674
5014681 5014683
5014688 5014690
4218516 4328395
5014691 5014694
5014714 5014716
5014718 5014720
5014721 5014723
5014724 5014727
5014731 5014733
5014734 5014736
5014740 5014743
5014749 5014751
5014759 5014761
5014764 5014766
2058843 2818235
5014769 5014771
2100365 2852009
5014773 5014775
23078 125178
5014777 5014779
5014780 5014782
2570832 3210433
5014783 5014785
5014787 5014789
5014792 5014794
5014798 5014800
5014804 5014806
2815370 3383302
5014808 5014810
5014814 5014817
5014820 5014822
4759254 4760007
5014823 5014825
5014827 5014829
394600 1004567
3721499 4003595
3721499 4003596
2715791 3308288
5014830 5014832
5014833 5014835
5014837 5014841
5014837 5014842
5014837 5014843
5014844 5014846
5014854 5014856
5014857 5014859
5014861 5014865
2058983 2818391
5015019 5015021
5015025 5015027
5015028 5015030
5015035 5015037
5015040 5015042
5015043 5015045
5015047 5015049
5015050 5015052
5015053 5015055
5015058 5015060
5015063 5015065
4534306 4554537
1126088 1997984
953759 1784375
5015066 5015071
5015066 5015072
5015066 5015073
5015066 5015074
5015076 5015078
990434 1836041
759000 1541868
5015088 5015090
5015092 5015094
5015096 5015098
1282381 2159805
5015101 5015103
5015104 5015106
1201663 2077356
5015108 5015110
777123 1562468
1675879 2513085
5015111 5015114
5015122 5015124
5015140 5015142
5015144 5015146
5011658 5011662
487145 1165298
5015147 5015149
5015151 5015153
5015156 5015159
2905326 3445717
5015163 5015165
5015167 5015169
5015171 5015173
5015175 5015178
5015175 5015179
5015184 5015186
5015188 5015190
2058973 2818382
5015191 5015193
5015194 5015196
5015202 5015204
5015208 5015210
5015211 5015214
5015250 5015252
5015253 5015255
5015257 5015259
5015261 5015263
3385518 3784066
5015264 5015266
5015269 5015271
5015326 5015328
5015330 5015332
5015334 5015341
1351653 2225828
5015350 5015352
5015353 5015355
5015356 5015358
2162049 2902564
5015360 5015362
5015364 5015366
5015367 5015369
5015371 5015373
5015377 5015379
5015383 5015387
5015403 5015405
5015408 5015410
3214745 3668798
5015413 5015416
5015418 5015420
5015421 5015423
5015424 5015426
5015429 5015431
5015435 5015437
5015439 5015441
5015442 5015445
5015457 5015459
260336 755976
5015462 5015464
5015468 5015470
5015471 5015474
1209377 2085661
5015476 5015478
5015483 5015485
5015486 5015488
2904786 3445360
261881 758640
5015489 5015491
3760239 4026499
5015492 5015494
5015503 5015505
5015548 5015550
5015555 5015557
5015558 5015560
5015561 5015563
5015564 5015566
2058630 2817889
163040 513216
5015567 5015569
5015570 5015573
5015581 5015583
444593 1094912
5015584 5015586
162791 512658
267299 768954
5015587 5015589
5015590 5015592
5015596 5015598
5015602 5015604
74028 268025
5015606 5015608
5015618 5015620
5015623 5015626
260279 755838
5015634 5015636
5015640 5015642
5015647 5015650
3199018 3658116
5015653 5015655
5015660 5015662
1284938 2163159
35418 140677
35418 140678
5015663 5015665
2451492 3131062
5015667 5015669
5015674 5015676
5015677 5015680
5015685 5015687
5015698 5015700
5015703 5015705
3118681 3597857
5015709 5015711
2194643 2931518
5015713 5015716
5015719 5015721
5015722 5015724
2642720 3265128
5015726 5015728
1510054 2372689
5015729 5015731
4270452 4361315
2797454 3371189
5015734 5015737
5015740 5015742
5015744 5015746
4932208 4932214
5015749 5015751
4778976 4779563
5015755 5015759
5015762 5015764
5015765 5015768
3131349 3607792
5015774 5015776
5015778 5015780
5015781 5015783
5015786 5015788
5015790 5015792
5015796 5015798
5015800 5015802
791274 1580684
5015804 5015806
5015809 5015811
5015812 5015814
5015815 5015817
5015820 5015823
5015846 5015848
290960 809169
5015849 5015852
5015849 5015853
5015859 5015862
754956 1536405
278550 785515
5015867 5015869
5015870 5015872
5015873 5015875
5015880 5015882
262104 759222
5015884 5015886
5015889 5015891
5015892 5015895
4517877 4542394
1202463 2078114
5015909 5015912
5015924 5015926
5015927 5015931
5015951 5015953
5015954 5015956
5015959 5015961
5015962 5015964
5015965 5015967
5015968 5015970
5015971 5015973
1936550 2711780
5015974 5015976
5015977 5015979
1243232 2121962
5015983 5015985
5015986 5015988
5015989 5015991
4690913 4695012
5015992 5015994
5015997 5015999
5016001 5016003
5016007 5016010
360013 958996
5016019 5016022
4060620 4217691
5016024 5016026
5016030 5016032
4123981 4266178
5016033 5016036
4481168 4513536
875310 1691980
4720651 4722756
5016066 5016068
5016069 5016071
5016073 5016075
5016077 5016079
5016082 5016084
5016086 5016088
5016089 5016091
5016097 5016099
3531471 3883063
5016104 5016106
5016107 5016111
5016121 5016123
5016125 5016128
5016130 5016132
5016133 5016136
5016142 5016144
5016145 5016147
5016148 5016150
5016152 5016154
5016157 5016159
5016160 5016162
5016172 5016174
1701529 2532438
5016177 5016179
5016184 5016186
5016188 5016190
3715256 4000076
5016192 5016195
5016204 5016206
5016207 5016209
5016210 5016212
1243101 2121747
5016214 5016216
5016217 5016219
5016221 5016224
5016244 5016249
5016315 5016317
589806 1322367
5016320 5016322
5016326 5016328
436395 1084234
1541754 2401669
5016332 5016334
359296 957871
5016337 5016340
5016344 5016346
5016373 5016375
5016379 5016381
2460650 3139723
5016382 5016384
5016388 5016390
5016391 5016393
5016398 5016400
5016402 5016405
5016407 5016409
5016410 5016412
5016414 5016416
5016417 5016419
1208796 2084945
5016421 5016423
5016424 5016426
4166674 4295252
2393918 3086393
5016429 5016431
5016439 5016441
62858 245168
5016443 5016446
5016443 5016447
5016449 5016451
754740 1535675
5016453 5016455
3887171 4109637
5016477 5016480
5016487 5016489
5016490 5016492
5016498 5016501
5016515 5016517
5016521 5016523
5016525 5016527
171430 529042
4555212 4572070
106936 351092
5016532 5016535
5016542 5016545
5016547 5016549
5016550 5016552
5016553 5016555
5016557 5016559
5016566 5016570
3321625 3742277
5016574 5016577
5016580 5016584
5016593 5016596
5016599 5016601
5016602 5016604
5016605 5016607
5016608 5016610
5016611 5016614
86884 296279
5016617 5016619
5016621 5016623
3155523 3626526
5016625 5016627
5016628 5016630
3290857 3721618
5016635 5016637
2609278 3240469
5016640 5016642
3370216 3773389
5016643 5016645
5413 47284
2649254 3269130
5016651 5016654
5016656 5016659
5016690 5016692
5016693 5016698
936338 1766804
5016708 5016715
5016729 5016731
5016732 5016734
5016739 5016741
3553319 3897021
5016745 5016747
5016776 5016785
5016848 5016851
5016862 5016864
5016868 5016870
5016872 5016874
3721748 4003751
5016878 5016881
5016883 5016885
5016886 5016888
5016890 5016898
5016989 5016992
5016998 5017000
5017002 5017004
3577664 3912932
3611743 3934832
5017005 5017007
5017008 5017010
435794 1083216
5017012 5017014
5017018 5017020
5017021 5017023
952576 1783781
5017026 5017029
5017031 5017034
1356995 2230377
5017036 5017038
5017040 5017042
5017043 5017046
5017049 5017051
5017052 5017054
5017058 5017060
353682 944141
5017061 5017063
3478867 3848363
5017064 5017066
5017071 5017074
5017081 5017083
5017085 5017087
5017089 5017091
5017099 5017101
5017104 5017106
5017107 5017109
5017110 5017112
5017116 5017123
5017151 5017153
1717933 2553126
5017161 5017168
5017235 5017237
5017239 5017242
5017246 5017248
5017251 5017253
5017256 5017258
5017259 5017262
5017264 5017266
5017273 5017275
5017278 5017280
5017281 5017283
5017284 5017287
5017306 5017308
5017312 5017314
5017315 5017318
5017321 5017323
5017325 5017327
4270608 4361503
5017328 5017331
5017337 5017339
902610 1712007
5017340 5017342
3881188 4106226
2117259 2864759
4746486 4747591
5017344 5017346
5017347 5017349
5017353 5017355
253163 746499
5017363 5017365
5017367 5017369
5017372 5017374
5017375 5017377
2058945 2818378
5017379 5017381
5017382 5017384
5017385 5017388
5017389 5017391
5017392 5017394
5017396 5017398
5017401 5017403
5017409 5017411
5017412 5017415
518177 1218241
5017419 5017421
1215921 2092078
5017422 5017425
5017458 5017460
5017462 5017464
260322 755944
5017466 5017468
5017471 5017473
1535566 2393592
5017477 5017479
1228618 2106988
5017481 5017483
3137691 3612823
5017484 5017487
5017505 5017507
5017508 5017512
5017516 5017518
5017532 5017534
5017535 5017538
5017540 5017542
5017552 5017554
5017555 5017557
5017562 5017564
5017573 5017577
5017601 5017603
5017605 5017607
5017612 5017614
5017624 5017626
5017627 5017629
5017631 5017633
5017635 5017637
5017639 5017641
5017642 5017644
5017646 5017649
5017669 5017672
5017683 5017685
791275 1580691
5017687 5017689
4739465 1535778
754763 1535778
5017690 5017692
5017697 5017700
5017704 5017706
5017715 5017717
5017718 5017720
5017721 5017724
5017730 5017733
5017737 5017739
5017740 5017742
5017745 5017748
5017756 5017758
216233 656351
4128445 4269397
5017759 5017761
5017764 5017767
5017772 5017775
2638842 3262256
799721 1591568
5017781 5017783
5017784 5017787
5017790 5017792
5017793 5017795
5017796 5017798
5017799 5017801
5017802 5017804
2526388 3186761
5017810 5017812
5017813 5017815
5017816 5017818
679090 1421689
497919 1183807
5017819 5017821
5017824 5017826
1535889 2394325
5017829 5017833
5017837 5017840
5017856 5017858
5017865 5017867
5017870 5017873
1962430 2733135
2292743 3011528
5017896 5017898
4477943 4510963
5017903 5017907
5017911 5017913
5017915 5017919
5017932 5017934
16907 87186
1535877 2394297
5017938 5017940
5017947 5017949
5017951 5017953
5017954 5017959
1593898 2451048
5017963 5017965
5017967 5017969
5017970 5017972
5017973 5017975
5017976 5017979
5017982 5017984
5017985 5017987
5017988 5017992
5018036 5018038
5018039 5018041
5018042 5018044
4384610 4441418
5018046 5018048
5018051 5018053
5018056 5018059
4434332 4477322
5018066 5018068
5018069 5018071
5018077 5018080
5018087 5018089
4278378 4368139
5018090 5018093
5018098 5018100
4126131 4268008
5018102 5018104
5018105 5018107
5018108 5018113
5018141 5018143
5018145 5018148
5018157 5018160
5018167 5018169
5018170 5018173
5018179 5018181
5018183 5018186
5018191 5018193
5018197 5018199
5018201 5018208
4126130 4268004
755098 1536797
5018225 5018227
5018231 5018233
5018247 5018249
5018250 5018252
5018275 5018277
5018281 5018283
5018286 5018289
1087858 1950116
2844883 3403540
5018292 5018294
5018296 5018298
5018299 5018303
2394053 3086936
5018310 5018312
5018314 5018316
422367 1063206
5018319 5018323
5018330 5018333
5018338 5018340
5018341 5018343
5018345 5018347
5018351 5018353
5018355 5018358
933035 1757727
1034217 1897772
5018363 5018365
5018367 5018369
538442 1258496
538442 1258497
538442 1258498
5018371 5018373
5018375 5018377
4904923 4904928
5018382 5018384
5018385 5018387
5018390 5018392
5018396 5018398
5018399 5018401
2900391 3441968
5018404 5018406
5018409 5018411
5018412 5018414
5018419 5018421
4123020 4265203
5018424 5018426
5018429 5018431
2481513 3156016
5018432 5018434
5018436 5018440
5018467 5018472
5018536 5018538
2529723 3188599
5018539 5018541
5018543 5018545
5018546 5018549
5018546 5018550
2727564 3318319
5018552 5018554
1637828 2481575
5018556 5018559
5018571 5018573
5018574 5018576
5018577 5018579
5018580 5018582
2918871 3458280
5018583 5018585
5018586 5018588
5018591 5018595
5018599 5018601
5018604 5018606
5018607 5018609
5018610 5018612
5018613 5018615
5018618 5018621
5018626 5018630
17021 87759
5018633 5018635
5018637 5018639
5018640 5018642
5018644 5018648
5018651 5018653
5018657 5018659
2179279 2917387
5018660 5018664
5018669 5018671
128857 415086
5018672 5018674
5018675 5018677
5018695 5018697
5018701 5018703
5018706 5018708
5018710 5018713
5018725 5018727
5018728 5018735
5018771 5018773
5018775 5018777
5018781 5018783
4642105 4649912
5018787 5018789
5018790 5018792
5018795 5018798
5018802 5018804
5018808 5018811
5018839 5018841
5018845 5018847
3511154 3865272
5018848 5018850
4170841 4298745
800630 1592465
178958 549168
5018873 5018875
5018876 5018878
5018882 5018884
2822 35676
5018886 5018889
5018919 5018921
5018923 5018925
5018931 5018933
5018935 5018938
5018945 5018947
5018952 5018954
3918534 4129219
5018957 5018959
3783670 4038457
3783670 4038458
5018961 5018963
5018965 5018967
5018971 5018973
5018985 5018987
5018991 5018993
5018995 5018999
2534365 3190780
4023691 4197527
5019010 5019012
4633892 4641889
5019018 5019020
5019022 5019024
5019026 5019029
5019042 5019044
5019045 5019047
5019050 5019052
5019053 5019055
4422648 4467599
5019057 5019059
5019060 5019063
5019074 5019076
5019077 5019079
5019080 5019084
5019090 5019092
5019093 5019095
5019098 5019100
5019102 5019105
5019107 5019109
2394739 3087458
5019111 5019113
5019118 5019120
2459241 3137912
439867 1086658
5019124 5019126
5019128 5019130
5019131 5019133
5019135 5019137
5019138 5019140
5019142 5019144
5019147 5019149
447695 1102461
5019150 5019152
5019186 5019188
2384977 3077334
5019189 5019191
5019197 5019199
5019202 5019204
5019206 5019210
5019279 5019281
5019283 5019286
5019291 5019293
5019297 5019299
5019301 5019303
5019307 5019309
4445437 4485952
3132578 3608620
5019314 5019316
95458 322171
5019318 5019321
5019323 5019325
5019327 5019329
5019331 5019333
5019334 5019339
5019350 5019352
4062895 4219501
2797375 3371065
5019353 5019355
5019356 5019358
5019359 5019361
5019364 5019366
5019370 5019372
337160 923407
2797405 3371125
5019378 5019380
5019382 5019384
2654172 3272637
5019386 5019388
5019389 5019391
5019396 5019399
5019403 5019405
5019406 5019408
5019409 5019411
3056077 3553001
5019414 5019416
48613 207689
5019417 5019421
3539843 3888633
5019436 5019438
5019440 5019443
5019446 5019448
5019453 5019455
1582055 2440587
5019456 5019458
1599894 2452763
4394212 4448064
4383056 4440394
5019463 5019465
4316570 4393685
5019473 5019475
5019476 5019478
5019479 5019481
5019482 5019484
5019485 5019488
5019493 5019495
5019496 5019498
905797 1717676
5019499 5019501
3164119 3633375
5019508 5019510
5019512 5019514
5019516 5019518
5019519 5019521
5019524 5019526
5019528 5019530
5019532 5019534
5019538 5019542
5019547 5019549
5019551 5019553
5019558 5019560
5019563 5019565
5019567 5019569
2542611 3196258
5019571 5019573
5019575 5019577
3679482 3976582
5019580 5019582
5019583 5019585
5019587 5019590
5019601 5019603
5019605 5019609
5019635 5019638
5019644 5019646
5019647 5019650
344621 933174
5019652 5019654
5019655 5019657
5019660 5019663
5019693 5019697
3624491 3944664
5019702 5019704
5019708 5019710
5019727 5019729
5019731 5019733
4013686 4191106
1706563 2537085
5019736 5019739
5019745 5019748
5019751 5019753
5019754 5019756
5019757 5019759
5019762 5019764
5019765 5019767
5019771 5019774
5019779 5019783
5019791 5019794
901491 1711254
5019824 5019827
5019831 5019833
2661306 3277508
5019862 5019864
5019868 5019870
5019871 5019873
3939422 4143910
5019874 5019876
5019879 5019882
5019886 5019888
2273711 2994436
5019891 5019893
5019897 5019900
5019908 5019910
5019911 5019914
5019916 5019918
4529631 4550663
5019919 5019921
1759101 2579343
650230 1392240
5019922 5019924
5019937 5019939
754971 1536435
5019943 5019945
5019948 5019950
5019951 5019954
5019966 5019968
5019971 5019973
5019974 5019977
5019997 5019999
2919228 3458524
5020000 5020002
5020008 5020011
4573514 4587294
5020017 5020019
5020023 5020025
4062431 4219219
5020028 5020030
1050989 1913302
5020033 5020037
5020040 5020042
2157365 2898714
5020044 5020046
5020049 5020051
5020062 5020064
5020066 5020068
5020069 5020071
5020072 5020074
5020075 5020077
5020078 5020080
5020081 5020084
5020098 5020102
5020109 5020111
5020112 5020114
5020115 5020117
5020126 5020128
5020130 5020132
5020134 5020136
5020137 5020139
5020142 5020144
5020145 5020147
5020153 5020155
5020156 5020158
5020173 5020175
5020177 5020179
5020180 5020182
5020183 5020185
5020188 5020190
5020191 5020194
5020207 5020209
5020211 5020214
5020234 5020236
1219135 2095606
5020237 5020239
5020240 5020243
3074290 3564406
5020248 5020251
5020275 5020277
5020280 5020282
5020283 5020285
3903576 4119195
5020288 5020290
5020291 5020294
214853 653619
5016753 5016762
1063270 1925445
5020296 5020298
5020303 5020305
5020314 5020316
5020322 5020324
5020325 5020327
5020330 5020333
5020337 5020339
5019926 5019931
5020341 5020343
5020345 5020348
5020351 5020353
5020358 5020360
5020362 5020364
5020365 5020367
5020368 5020375
5020388 5020390
5020391 5020393
41855 172360
5020395 5020397
5020398 5020400
5020403 5020405
5020407 5020409
5020410 5020412
5020413 5020415
5020420 5020423
5020428 5020430
5020433 5020435
5020438 5020440
5020441 5020443
5020444 5020446
5020447 5020450
5020456 5020458
5020461 5020463
5020465 5020467
5020468 5020471
5020552 5020554
5020555 5020557
5020602 5020605
5020625 5020627
5020630 5020632
5020633 5020635
5020636 5020638
5020640 5020642
5020644 5020646
5020647 5020650
5020652 5020659
5020673 5020675
5020678 5020680
4494382 4523389
5020683 5020685
260242 755590
497399 1182397
5020687 5020689
5020691 5020694
5020702 5020704
5020705 5020707
5020712 5020715
1717934 2553131
484689 1161860
3019534 3529045
5020717 5020719
5020721 5020723
5020724 5020726
5020730 5020732
5020735 5020737
1191591 2066287
5020738 5020740
1696077 2529727
5020742 5020744
5020748 5020751
2451498 3131065
5020753 5020755
5020789 5020791
5020793 5020795
318670 857389
5020796 5020798
3939527 4143947
5020800 5020802
5020804 5020806
5020807 5020809
5020811 5020814
2742511 3335198
5020826 5020830
5020842 5020844
5020846 5020850
206952 617532
5020869 5020872
5020875 5020877
3612619 3935091
3088377 3575851
5020880 5020884
5020901 5020903
3986271 4172446
756145 1538818
3612645 3935203
5020905 5020907
4726065 4727722
5020913 5020915
5020917 5020919
5020929 5020931
5020933 5020935
5020936 5020938
4888680 4888700
260328 755962
5020942 5020945
5020985 5020987
1857220 2658234
5020991 5020993
5020994 5020998
5021007 5021009
5021010 5021016
5021028 5021030
5021031 5021034
242735 730358
5021036 5021038
5021040 5021042
4487774 4518730
5021043 5021045
5021047 5021049
4320827 4396164
2594869 3229866
5021052 5021054
5021056 5021058
5021061 5021064
5021069 5021071
5021072 5021074
4302900 4384377
5021075 5021078
1218291 2094812
3324224 3743829
436891 1084442
5021086 5021088
5021090 5021094
35322 140059
3679413 3976542
5021099 5021101
5021102 5021104
5021106 5021109
5021157 5021159
5021162 5021164
5021167 5021171
5021180 5021182
755062 1536695
5021184 5021188
5021222 5021224
5021225 5021227
5021231 5021233
5021236 5021238
5021240 5021242
5021243 5021245
5021246 5021248
5021249 5021251
5021267 5021269
5021273 5021276
5021280 5021282
3152788 3624296
5021290 5021292
756506 1539097
4335462 4406292
5021298 5021301
5021307 5021309
5021310 5021312
801338 1592763
1397658 2272074
593834 1328717
4434279 4477255
99100 328453
5021313 5021315
5021317 5021320
5021346 5021348
3910630 4123796
5021351 5021353
5021354 5021356
5021359 5021364
5021382 5021384
5021397 5021399
5021400 5021407
5021418 5021421
5021423 5021425
5021427 5021430
5021467 5021469
5021470 5021472
5021473 5021475
5021476 5021478
5021479 5021481
5021482 5021488
831219 1641989
5021493 5021495
5021498 5021500
5021501 5021504
5021520 5021522
5021525 5021527
5021560 5021562
162792 512663
5021564 5021566
5021568 5021570
5021571 5021574
3899967 4116491
5021591 5021593
5021594 5021596
5021597 5021599
5021601 5021603
5021604 5021606
4205428 4319596
5021609 5021611
5021621 5021624
5021630 5021632
1084026 1945871
260316 755931
5021634 5021636
5021637 5021639
5021640 5021642
5021646 5021648
5021650 5021652
5021653 5021655
5021660 5021662
5021663 5021666
5021668 5021670
5021671 5021673
5021678 5021680
5021682 5021684
5021687 5021689
5021690 5021692
5021694 5021696
5021697 5021699
5021700 5021702
5021703 5021705
5021707 5021709
5021716 5021718
5021720 5021722
5021723 5021725
5021726 5021729
5021749 5021751
5021754 5021757
5021768 5021770
2797391 3371094
5021772 5021774
5021776 5021778
5021780 5021782
5021785 5021787
5021789 5021791
5021792 5021794
5021795 5021798
754837 1535903
5021802 5021804
4775111 4775673
5021805 5021808
1161756 2033263
5021811 5021813
5021817 5021819
5021821 5021824
5021854 5021856
5021857 5021859
3122634 3600011
5021861 5021863
5021864 5021866
5021867 5021869
5021871 5021873
5021874 5021876
658632 1400612
5021877 5021879
2733880 3324022
2478612 3152829
795552 1585244
5021883 5021885
4015874 4192114
5021889 5021894
5021908 5021910
5021914 5021916
5021918 5021920
5021922 5021924
5021927 5021930
5021932 5021934
5021935 5021937
5021938 5021940
4427357 4471553
5021942 5021947
4126119 4267982
2124333 2872350
1351646 2225808
5021955 5021959
2264548 2984906
5021965 5021967
5021969 5021971
5021972 5021974
4683868 4688306
1778289 2594509
5021975 5021977
5021978 5021981
5022011 5022013
4035332 4203275
498705 1185355
5022016 5022018
1229353 2108030
5022019 5022021
3137267 3612266
5022022 5022024
5022025 5022027
5022029 5022031
5022040 5022042
5022044 5022046
5022050 5022053
2836661 3397400
5022055 5022059
5022067 5022069
5022070 5022072
3932727 4139240
5022078 5022081
5022090 5022093
2720362 3312767
5022122 5022124
5022126 5022129
5022138 5022140
5022144 5022146
5022147 5022149
5022153 5022155
754704 1535489
5022159 5022161
677047 1419909
5022162 5022164
5022166 5022168
3688017 3983006
5022170 5022175
5022193 5022195
4713404 4715943
5022196 5022198
5022200 5022202
2720216 3312401
4517902 4542439
5022203 5022205
5022208 5022210
2866386 3416561
202882 608911
5022211 5022213
5022214 5022216
5022217 5022219
5022221 5022223
5022226 5022228
5022229 5022232
1605533 2455582
5022236 5022238
866459 1681113
5022241 5022243
5022244 5022246
5022248 5022251
5022293 5022295
16527 84660
5022299 5022301
5022302 5022304
5022306 5022308
5022309 5022311
5022314 5022316
5022323 5022325
5022326 5022328
5022330 5022332
5022333 5022339
5022346 5022348
5022352 5022354
331567 903001
2420328 3106248
903601 1714564
5022357 5022359
5022362 5022364
5022365 5022367
5022368 5022370
5022371 5022373
5022380 5022383
5022396 5022398
5022401 5022403
5022406 5022408
5022411 5022413
5022434 5022436
5022437 5022440
5022442 5022445
5022470 5022473
172758 532725
5022476 5022480
610 5222
5022484 5022486
1051041 1913421
5022492 5022494
5022495 5022497
5022501 5022504
5022509 5022511
5022512 5022514
5022517 5022519
149313 471067
4434338 4477333
5022521 5022523
5022524 5022526
5022538 5022540
5022541 5022543
875326 1692043
5022545 5022547
5022560 5022562
4170842 4298752
5022563 5022565
5022569 5022571
5022577 5022579
918970 1726030
5022581 5022583
5022584 5022586
5022587 5022589
5022590 5022593
5022599 5022601
5022602 5022604
3679103 3976272
5022607 5022609
5022612 5022615
5022654 5022656
5022657 5022660
5022664 5022667
5022670 5022672
2898887 3441062
1161753 2033247
2058615 2817860
5022673 5022675
186100 573976
2108886 2858491
2393834 3086255
5022676 5022679
5022682 5022684
5022685 5022689
5022685 5022690
5022760 5022762
5022763 5022766
5022781 5022783
5022785 5022787
5022793 5022796
5022815 5022818
4417833 4464402
5022820 5022822
805637 1605398
5022830 5022832
5022833 5022835
5022843 5022845
5022846 5022848
5022849 5022851
2818189 3385330
5022852 5022854
5022855 5022857
5022871 5022873
5022874 5022877
5022904 5022906
2365207 3060025
4402675 4453825
755022 1536603
5022908 5022910
5022916 5022918
5022921 5022923
5022924 5022926
5022934 5022936
5022938 5022940
5022946 5022949
5022955 5022962
5023015 5023017
754705 1535502
4032759 4202173
5023019 5023021
5023026 5023029
5023035 5023038
5023065 5023067
5023068 5023071
5023072 5023074
5023078 5023080
5023090 5023093
5023098 5023100
5023101 5023103
5023121 5023123
5023124 5023127
5023130 5023134
5023139 5023141
5023142 5023144
5023149 5023151
5023152 5023154
5023160 5023162
5023187 5023189
5023192 5023194
5023196 5023198
5023201 5023203
5023204 5023206
5023207 5023210
5023212 5023214
5023215 5023218
5023220 5023224
5023230 5023233
5023244 5023246
5023247 5023249
5023251 5023253
5023257 5023259
2458874 3137252
87732 298939
5023261 5023263
5023269 5023271
5023275 5023278
5023295 5023297
1611572 2461530
1048812 1911103
5023298 5023300
5023304 5023309
5023324 5023326
5023329 5023332
5023357 5023359
5023360 5023362
5023364 5023366
3743599 4015711
5023367 5023371
755023 1536609
5023392 5023394
5023396 5023398
5023400 5023402
5023404 5023406
5023407 5023409
5023410 5023415
1000106 1849249
5023420 5023422
5023423 5023425
5023436 5023440
1648099 2491139
5023447 5023449
1092626 1957291
5023452 5023454
5023458 5023460
5023467 5023470
5023550 5023553
5023555 5023557
2571217 3210975
5023560 5023563
3447490 3821393
1092381 1957075
5023567 5023569
5023570 5023572
3137315 3612587
260497 756308
5023573 5023575
5023576 5023578
5023579 5023581
5023585 5023588
5023595 5023597
5023598 5023600
5023601 5023603
5023604 5023609
5023615 5023617
5023622 5023624
5023625 5023627
3370229 3773453
5023628 5023630
3839749 4079414
5023632 5023634
529273 1238920
5023638 5023640
5023641 5023643
5023644 5023647
2961045 3486463
5023651 5023653
5023656 5023658
5023659 5023661
5023663 5023665
5023667 5023669
5023670 5023672
5023676 5023678
5023679 5023681
5023690 5023692
5023693 5023695
5023698 5023700
5023701 5023703
5023704 5023706
754741 1535685
5023711 5023713
5023717 5023720
5023723 5023725
5023741 5023743
5023745 5023747
5023750 5023752
5023754 5023756
5023760 5023762
5023764 5023766
5023771 5023773
1074283 1936050
3193784 3651237
4609993 4620023
1279870 2156605
5023775 5023779
5023783 5023785
5023786 5023788
5023789 5023791
5023795 5023797
5023810 5023813
3574970 3910250
5023824 5023826
5023836 5023838
5023841 5023843
5023844 5023846
5023848 5023850
497777 1183566
5023851 5023853
3130798 3607160
800818 1592509
5023863 5023865
4697852 4701424
5023866 5023868
3458278 3832966
5023871 5023873
5023875 5023877
2458121 3136505
5023880 5023882
5023884 5023886
5023889 5023891
5023894 5023896
5023897 5023899
5023903 5023905
1792719 2609273
5023908 5023910
5023911 5023913
5023915 5023917
16376 83880
5023918 5023921
5023925 5023927
3755560 4023087
4434288 4477263
5023928 5023930
5023931 5023933
5023934 5023936
5023937 5023940
5023954 5023956
5023958 5023960
2839610 3399684
5023962 5023964
4126114 4267968
5023968 5023973
5024015 5024017
1208178 2084568
1664578 2504575
480401 1155899
4434264 4477242
5024018 5024020
5024021 5024024
723291 1484749
5024028 5024032
5024039 5024041
5024044 5024046
359904 958937
354338 949401
5024047 5024050
5024053 5024055
5024057 5024059
5024061 5024063
5024065 5024067
5024068 5024071
5024077 5024079
3575062 3910281
18871 105937
5024083 5024085
195743 590340
5024184 5024186
5024189 5024191
1207331 2083807
5024199 5024201
5024206 5024208
619113 1358212
3396004 3789899
5024211 5024213
5024254 5024256
5024259 5024261
3652474 3961804
5024264 5024266
5024267 5024269
5024285 5024287
5024290 5024292
5024294 5024296
5024297 5024300
5024302 5024304
5024305 5024307
5024310 5024313
5024323 5024325
5024326 5024328
549940 1272809
5024329 5024331
3462971 3835307
5024332 5024334
1328715 2200745
5024335 5024337
754742 1535695
5024393 5024395
2058997 2818402
5024396 5024398
5024402 5024404
5024405 5024408
5024414 5024416
1317586 2188429
5024417 5024419
2839117 3399253
5024421 5024423
5024424 5024426
5024427 5024429
5024430 5024432
5024433 5024435
5024436 5024438
5024439 5024441
5024442 5024444
5024445 5024447
5024459 5024461
5024462 5024465
5024470 5024472
5024479 5024481
5024482 5024484
5024486 5024488
5024494 5024496
3774189 4033026
3932715 4139169
5024511 5024513
5024519 5024521
4002977 4185007
4908844 4908864
5024522 5024525
2492858 3164966
5024342 5024358
5024578 5024580
5024583 5024585
5024586 5024588
584155 1311904
5024592 5024594
5024596 5024598
5024599 5024601
87659 298105
5024602 5024604
3443376 3818700
2383346 3075155
5024606 5024608
1673025 2511658
5024610 5024612
5024614 5024616
5024618 5024620
5024622 5024624
5024628 5024630
5024631 5024633
260307 755896
5024637 5024639
5024640 5024642
1835546 2641566
5024644 5024646
2427980 3112056
5024647 5024649
5024653 5024655
5024660 5024662
5024663 5024665
5024667 5024670
5024675 5024677
5024680 5024682
5024683 5024685
5024691 5024693
5024695 5024699
5024716 5024718
5024719 5024721
5024723 5024725
5024726 5024728
5024753 5024755
5024756 5024758
5024759 5024761
5024765 5024768
5024769 5024771
5024773 5024775
5024777 5024779
379878 985840
2744215 3336552
5024785 5024787
4622494 4631544
5024788 5024790
5024791 5024793
5024796 5024798
5024801 5024804
329693 893440
1535567 2393606
5024808 5024810
5024812 5024814
5024815 5024817
5024818 5024820
5024829 5024831
811682 1613646
5024832 5024835
5024852 5024854
5024856 5024858
5024860 5024862
5024871 5024873
329482 892982
5024874 5024876
2535343 3191870
5024877 5024879
5024907 5024909
5024911 5024913
5024918 5024921
440261 1087180
5024928 5024930
5024935 5024939
5025004 5025006
754838 1535908
5025009 5025011
5025015 5025018
649592 1391001
4753734 4754597
5025079 5025081
5025083 5025085
5025086 5025089
5025102 5025104
5025107 5025109
5025110 5025113
5025124 5025126
5025130 5025132
2529725 3188606
3611744 3934836
5025137 5025140
5025141 5025143
5025147 5025149
4015914 4192142
5025151 5025153
5025156 5025158
4434335 4477329
754706 1535510
5025174 5025176
5025177 5025179
2481342 3155580
5025180 5025185
5025198 5025201
1238190 2117029
299327 824188
5025203 5025205
3814447 4057073
5025207 5025209
5025213 5025216
5025221 5025223
5025226 5025228
5025229 5025231
5025234 5025236
5025239 5025241
5025244 5025247
5025252 5025254
5025258 5025260
5025261 5025263
5025266 5025268
5025272 5025274
58008 237550
5025276 5025278
4488522 4519290
5025281 5025283
4701240 4704334
3230781 3680441
5025286 5025291
5025315 5025317
5025321 5025323
5025324 5025326
5025329 5025331
5025334 5025336
1634304 2479807
5025337 5025339
207380 618515
5025344 5025346
5025348 5025350
5025356 5025359
3939163 4143695
5025361 5025363
3324274 3743874
120356 391606
5025364 5025366
5025373 5025375
5025376 5025378
5025379 5025381
5025382 5025385
5025387 5025389
260266 755784
5025399 5025404
5025408 5025410
5025413 5025415
5025416 5025418
5025419 5025421
4590885 4602297
2619746 3248544
5025425 5025427
4640373 4648236
5025428 5025430
2619747 3248550
21791 120254
5025431 5025433
5025434 5025436
4832720 4832854
5025440 5025442
5025446 5025449
2597474 3231873
3899 39775
3156546 3627732
5025451 5025453
5025454 5025456
5025457 5025460
929941 1750028
5025462 5025464
203000 609475
5011706 5011712
5025465 5025467
5025469 5025471
5025472 5025474
4908866 4908912
3996727 4181411
5025475 5025478
5025489 5025491
5025492 5025494
5025495 5025497
5025499 5025501
5025503 5025505
5025507 5025509
5025510 5025512
523494 1228439
5025517 5025519
5025522 5025524
5025527 5025529
5025531 5025533
5025534 5025536
5025543 5025545
5025546 5025548
5025549 5025551
1717935 2553137
5025552 5025559
5025575 5025577
526 4519
5025578 5025581
5025618 5025620
4448993 4488516
5025623 5025625
5025626 5025628
5025630 5025632
5025633 5025635
5025638 5025640
5025641 5025643
1284158 2162823
5025646 5025648
5025649 5025652
5025664 5025666
2393823 3086245
5025669 5025671
5025672 5025674
5025677 5025679
5025681 5025683
5025684 5025686
172891 533189
5025689 5025691
5025693 5025695
5025697 5025699
5025701 5025703
3743653 4015735
5025704 5025708
5025732 5025736
5025743 5025745
5025748 5025750
5025753 5025756
1831807 2638046
5009914 5009922
5025759 5025762
5025767 5025769
355067 950047
5025771 5025773
5025774 5025776
5025778 5025780
5025782 5025784
5025787 5025789
5025792 5025795
5025796 5025798
944479 1775042
5025801 5025803
2611467 3241700
4313890 4391775
5025804 5025807
5025812 5025815
5025820 5025825
5025835 5025837
5025838 5025841
5025850 5025852
5025857 5025859
5025860 5025862
3773739 4032751
5025863 5025867
5025898 5025902
5025909 5025911
3024093 3532932
5025912 5025914
265941 765158
755116 1536834
5025915 5025917
5025918 5025920
436892 1084456
2608626 3240043
4317675 4394174
1700337 2531390
5025923 5025925
5025926 5025928
3231257 3680727
5025929 5025931
5025932 5025934
5025939 5025941
5025943 5025945
5025948 5025950
5025952 5025954
5025966 5025968
5025975 5025977
5025979 5025986
3370389 3773660
5025998 5026000
4357677 4421581
5026004 5026006
402264 1016185
5026007 5026009
3384865 3783650
287690 802075
1572490 2432165
5026010 5026012
5026015 5026017
5026110 5026112
5026113 5026115
5026116 5026118
5026119 5026123
5026127 5026129
5026130 5026133
5026136 5026138
5026140 5026142
5026143 5026146
5026150 5026152
5026153 5026155
5026156 5026158
5026164 5026166
5026167 5026172
5026179 5026181
5026182 5026187
3611745 3934841
1564574 2423622
998944 1847899
481585 1157628
5026192 5026196
5026215 5026217
23079 125226
5026220 5026222
5026223 5026225
5026227 5026230
5026232 5026234
3444294 3819450
5026235 5026237
5026239 5026241
5026242 5026244
2559678 3203766
1101714 1972093
5026245 5026247
5026249 5026251
5026262 5026264
5026266 5026268
5026272 5026274
5026275 5026277
5026278 5026280
5026282 5026284
5026288 5026291
4707351 4710336
5011069 5011078
5026299 5026301
5026302 5026304
5026305 5026307
5026310 5026312
5026314 5026316
5026320 5026322
5026325 5026327
5026328 5026330
3156582 3627869
5026331 5026334
5026338 5026340
5026341 5026343
4695895 4699530
796472 1587848
5026344 5026346
5026347 5026349
5026350 5026352
3444619 3819774
5026353 5026356
5026360 5026362
4257818 4352888
5026368 5026370
5026371 5026373
5026374 5026377
5026389 5026391
5026394 5026399
5026406 5026408
5026410 5026412
5026417 5026419
5026423 5026425
5026426 5026429
5026441 5026443
5026446 5026448
5026450 5026452
5026453 5026455
281031 789044
5026456 5026458
2393812 3086237
5026459 5026461
5026463 5026465
5026466 5026468
4554221 4571123
799734 1591611
5026469 5026471
5026474 5026476
5026477 5026479
1733511 2566761
5026480 5026482
5026486 5026489
5026495 5026497
5026498 5026500
2733721 3323743
512660 1207988
5026501 5026503
5026504 5026506
5026510 5026512
4528849 4550122
5026513 5026515
5026516 5026518
5026519 5026521
5026524 5026526
5026530 5026532
5026533 5026535
5026538 5026540
5026543 5026545
3774160 4032981
5026546 5026548
54293 221679
383570 994788
5026550 5026552
5026558 5026562
5026569 5026571
5026572 5026575
5026585 5026587
5026592 5026594
68954 257855
5026598 5026601
5026604 5026606
5026611 5026613
5026614 5026617
755131 1536857
5026621 5026623
1289753 2167115
5026627 5026629
5026630 5026633
4154402 4287433
123456 404977
5026639 5026643
3661644 3965563
5026647 5026649
5026650 5026652
5026653 5026657
5026661 5026663
604824 1341803
5026664 5026668
5026676 5026678
252110 744683
5026679 5026681
5026687 5026689
5026691 5026693
2730667 3321487
5026694 5026696
5026700 5026702
5026703 5026705
5026709 5026711
5026718 5026720
1899 21096
5026722 5026724
5026725 5026727
5026732 5026734
5026736 5026738
5026741 5026744
5026751 5026753
5026754 5026756
5026757 5026759
5026760 5026762
5026763 5026765
5026766 5026768
5026770 5026772
5026773 5026775
5026777 5026779
1284351 2162913
5026783 5026785
5026786 5026792
5026803 5026805
5026814 5026816
5026817 5026819
5026820 5026822
5026823 5026826
5026831 5026834
5026838 5026840
4507223 4533545
5026842 5026844
4911307 4911364
5026845 5026847
5026848 5026850
287239 801520
5026852 5026854
5026855 5026858
754839 1535917
5026863 5026865
5026866 5026868
5026870 5026872
2780 35458
755175 1536961
5026874 5026876
5026880 5026882
5026887 5026889
5026894 5026897
3790165 4041950
5026900 5026903
4419993 4465658
5026907 5026909
5026911 5026914
5026916 5026919
5026922 5026928
5026938 5026946
484680 1161829
5026960 5026962
5026963 5026965
5026968 5026970
87691 298379
5026971 5026973
5026977 5026979
5026982 5026984
4969603 4969620
5026985 5026987
5026989 5026991
5026992 5026994
5026995 5026997
2411275 3098905
5026999 5027001
5027005 5027007
5027010 5027012
5027014 5027016
5027019 5027021
5027023 5027025
5027030 5027032
5027036 5027038
5027041 5027043
5027044 5027046
5027049 5027051
5027054 5027060
5027143 5027145
5027146 5027148
5027149 5027153
5027173 5027175
5027178 5027182
2077890 2833535
3557448 3899670
4434309 4477292
5027187 5027190
5027196 5027199
5027211 5027213
5027214 5027216
5027222 5027224
2164340 2905244
2307837 3018243
5027227 5027229
3573952 3909583
5027232 5027234
5027235 5027237
5027239 5027241
5027242 5027244
5027250 5027252
5027256 5027259
5027275 5027277
3685540 3981091
5027278 5027280
5027282 5027284
5027286 5027288
5027289 5027291
5027293 5027295
5027296 5027298
511235 1206304
5027301 5027303
5027336 5027338
5027341 5027343
5027345 5027347
5027348 5027351
5027355 5027357
5027358 5027360
5027362 5027364
5027365 5027368
5024343 5024364
2621063 3249482
5027370 5027374
4061120 4218089
5027380 5027382
5027384 5027386
5027387 5027389
5027392 5027394
4629832 4638279
5027396 5027398
5027402 5027405
5027424 5027426
5027428 5027430
5027433 5027435
5027439 5027441
2748657 3339903
5027442 5027444
4991504 4991513
4287427 4373281
5027446 5027448
5027449 5027453
5027477 5027479
5027480 5027482
5027483 5027485
5027486 5027488
3367114 3771677
5027489 5027491
5027492 5027494
754743 1535700
5027495 5027497
5027500 5027502
5027505 5027507
5027510 5027512
5027513 5027515
5027520 5027522
4257037 4352554
5027524 5027526
754972 1536444
5027527 5027529
5027533 5027535
5027536 5027538
5027539 5027541
391126 1001757
5027546 5027549
5027551 5027554
4583402 4595461
5027583 5027585
5027590 5027592
5027594 5027596
4765297 4765947
5027598 5027600
5027602 5027604
2360606 3056823
5027610 5027612
5027616 5027620
4254689 4351233
5027628 5027631
5027668 5027670
5027672 5027675
3939508 4143938
5027726 5027728
1074208 1935816
1221118 2098011
5027729 5027732
5027734 5027736
5027737 5027739
5027740 5027742
3567163 3905070
5027747 5027749
5027750 5027752
5027755 5027757
3294188 3723671
5027765 5027767
3229808 3679658
3756558 4023681
4261088 4354998
5027768 5027771
5027775 5027777
5027781 5027783
5027784 5027786
5027787 5027789
5027792 5027794
5027795 5027797
484677 1161790
4033091 4202291
2193125 2930428
39211 160077
5027798 5027800
5027810 5027812
2734406 3324349
5027814 5027816
5027817 5027819
5027823 5027825
2058699 2818083
5027826 5027828
5027829 5027831
5027832 5027834
5027916 5027918
5027919 5027921
3229773 3679484
5027922 5027925
5027931 5027935
5027968 5027971
4382243 4439764
5027973 5027976
435900 1083765
4041963 4207143
3015787 3526899
5027982 5027984
5027987 5027989
3894329 4113572
5027991 5027993
5027995 5027997
3425502 3807587
5027998 5028000
5028002 5028004
5028007 5028010
5028014 5028016
5028018 5028020
5028021 5028023
5028028 5028030
5028031 5028033
5028035 5028037
5028038 5028040
5028041 5028043
5028044 5028046
161456 508171
5028047 5028049
5028055 5028058
5028063 5028065
5028066 5028069
344622 933192
5028077 5028081
5028084 5028086
5028087 5028089
5028090 5028092
5028093 5028095
5028096 5028098
5028099 5028103
5028107 5028109
165166 518135
5028110 5028112
5018890 5018911
298055 821693
5028115 5028118
5028121 5028125
5028132 5028134
5028135 5028137
5028138 5028140
5028141 5028143
5028145 5028147
5028150 5028152
5028155 5028157
5028162 5028164
5028178 5028180
5028181 5028183
5028186 5028188
5028201 5028203
5028204 5028206
190376 584177
790775 1579376
5028208 5028210
5028211 5028213
5028215 5028217
5028218 5028221
5015276 5015282
5028224 5028226
5028227 5028229
5028234 5028236
5010254 5010260
690338 1445187
2795274 3370180
5028239 5028241
5028243 5028245
5028247 5028251
5028269 5028271
278551 785523
3200377 3659380
5028275 5028277
5028278 5028280
5028281 5028284
5028288 5028290
534137 1248559
5028291 5028293
5028297 5028299
5028300 5028303
5028325 5028328
5028335 5028339
5028335 5028340
5028349 5028351
1687570 2523631
5028352 5028354
4053789 4214393
5028355 5028357
2118112 2865555
5028362 5028364
5028365 5028368
5028377 5028379
5028380 5028382
2066246 2824595
5028383 5028385
5028387 5028389
822785 1630236
5028390 5028392
5028393 5028395
5028401 5028403
5028406 5028408
5028411 5028413
5028414 5028417
5028433 5028435
5028438 5028441
5028443 5028445
3384215 3781127
2738600 3330060
98263 327631
5028446 5028448
54148 221300
5028451 5028453
5028456 5028458
5028459 5028461
5028462 5028464
5028465 5028467
5028468 5028470
5028474 5028476
5028479 5028481
5028483 5028485
5028491 5028493
5028494 5028496
5028497 5028499
5028500 5028502
5028510 5028512
5028513 5028517
5028521 5028524
5028538 5028540
5028551 5028553
5028556 5028559
5028576 5028578
5028582 5028585
5028587 5028589
3046553 3547337
5028590 5028592
1090280 1954778
5028597 5028599
5028602 5028604
5028605 5028607
5028614 5028616
3652696 3961991
5028617 5028620
5028634 5028636
5028638 5028641
5028644 5028646
3659413 3964260
5028654 5028656
5028657 5028659
5028661 5028663
5028664 5028666
5028667 5028669
1051376 1913939
5028671 5028673
4434313 4477297
5028680 5028682
5028683 5028685
5028686 5028688
5028730 5028732
5028735 5028737
5028744 5028746
5028748 5028750
5028753 5028755
5028857 5028859
5028868 5028870
3702209 3991356
5028872 5028874
5028877 5028879
5028880 5028882
800448 1592194
5028885 5028888
5028896 5028899
5028908 5028910
5028911 5028913
5028914 5028916
48614 207692
5028917 5028919
5028921 5028923
5028926 5028928
564095 1282736
5028929 5028931
4171279 4299028
5028933 5028937
5028967 5028969
5028971 5028975
5029010 5029012
5029013 5029015
5029017 5029019
236655 721804
898459 1709796
5029025 5029028
5029043 5029045
3643320 3956086
3152980 3624676
4180218 4303670
5029052 5029054
5029057 5029059
5029062 5029064
5029065 5029067
2874158 3423638
5029072 5029074
5029075 5029077
5010339 5010342
5029084 5029086
3611746 3934843
5029089 5029091
5029096 5029098
5029099 5029102
5029108 5029110
754779 1535787
301056 825460
5029111 5029113
2199327 2936817
5029118 5029120
5029122 5029127
5029134 5029136
5029139 5029141
5029142 5029144
5029145 5029147
5029161 5029163
5029166 5029168
5029169 5029172
5029183 5029186
5029241 5029243
5029245 5029247
5029249 5029251
5029252 5029256
5029261 5029263
5029265 5029267
724307 1486782
3938899 4143391
5029268 5029270
5029274 5029276
5029279 5029281
1051252 1913778
366243 964088
2700340 3297375
4375021 4434844
5029282 5029284
5029285 5029287
3608672 3932567
5029289 5029291
4434270 4477249
5029292 5029294
5029297 5029299
5029300 5029302
5029304 5029306
2834462 3395959
5029309 5029311
5029313 5029315
5029320 5029322
5029386 5029389
618328 1357068
5029395 5029398
5029401 5029404
5029434 5029436
1949553 2723257
5029437 5029439
5029440 5029443
5029455 5029458
5029464 5029467
5029469 5029471
2063544 2822649
5029473 5029475
5029477 5029480
5029494 5029496
5029497 5029499
5029500 5029502
5029503 5029505
5029508 5029510
1917232 2694090
5029515 5029517
3939317 4143837
5029518 5029520
5029521 5029523
5029540 5029542
5029543 5029545
5029546 5029548
4126122 4267988
5029549 5029551
5029552 5029555
5029560 5029562
5029568 5029572
1663107 2503375
4394248 4448102
5029575 5029577
5029578 5029580
5029584 5029586
5029587 5029589
5029590 5029592
5029593 5029595
5029596 5029598
5029608 5029610
5029611 5029615
260294 755874
3248266 3692833
5029622 5029624
5029625 5029627
5029632 5029635
5029640 5029642
5029643 5029645
