9688615 80957
9688658 92474
2122269 2869173
10047642 445806
10047995 4793113
10048178 10048181
10048878 4612343
10049669 74274
10048248 2155
10049474 20359
10052442 74274
10052533 1422614
10052736 94110
10052771 100735
10047649 2839558
10053219 2154
10048223 2948945
10053559 4787199
10054080 10054084
10054970 3164960
10055143 4758793
10055468 268015
10055748 2154
10056081 3304881
10056596 10056600
10057099 1429624
10057723 20359
10057921 4064217
10058450 74274
10058928 52574
10047677 4835599
10059636 1426747
10053599 10053608
10060321 10060324
10060370 70781
10060798 10060801
10060823 3488941
10060863 808737
10061163 1429292
10052744 3996823
10061695 10053597
10062569 52574
10048188 21992
10063183 100735
10063210 268015
10063236 2155
10063369 10063373
10063512 10060801
10063977 3304881
10064398 3304881
10064535 22171
10047720 2839558
10065747 2154
10065875 2199144
10063920 101495
10066333 3481207
10066393 4333108
10066630 2839558
10047698 2131944
10066676 10066678
10053569 10053578
10053589 10053597
10068121 3304881
10068370 4814101
10068950 102301
10048005 10048016
10069443 3304881
10069514 4837517
10069616 2839558
10053570 4758793
10070723 4333108
10052753 53712
10071693 93053
10071799 3304881
10072714 22419
10073282 10073285
10073530 2154
10073784 10048181
10073898 53784
10047757 4758793
10074369 10074371
10074799 2948945
10075104 3304881
10075139 3164960
10075327 1429292
10075426 4318471
10076005 10076009
10047663 445806
10078161 3834563
10078973 10078977
10079161 10079164
10079973 70781
10047537 4333108
10080664 3996823
10080775 2154
10081045 10053578
10081456 10048016
10081485 268015
10082274 53712
10082452 2535361
10083174 51599
10083509 4837517
10083788 53712
10084051 10084054
10084219 3304881
10084394 10084398
10084566 78163
10084705 40211
10084719 10084722
10085042 10060801
10085204 3164960
10085331 4814101
10085568 3481207
10085608 4424665
10086812 10086816
10087504 4475920
10087557 21823
10087644 1422614
10048200 2948945
10088211 10044062
10088446 2154
10088946 445806
10089124 287249
10048206 3304881
10047674 10047714
10089794 86248
10089927 4814101
10090245 2154
10090266 70781
10090752 3164960
10048191 22171
10047998 79573
10091159 22088
10091948 4424665
10047707 4592213
10093187 3304881
10093363 10093366
10093367 156231
10093956 4318471
10094064 70781
10094520 10094523
10095017 22088
10095052 4333108
10095521 2839558
10096043 10048181
1100320 457281
10404633 4830288
10668644 15490
6701850 15490
11005698 15490
2129794 45113
2353276 2909252
11808105 649499
3108892 78163
11836337 22048
11838948 51599
11908317 15490
11947832 15490
4983877 44830
12157568 39778
1401706 45301
2275931 102301
13280775 22699
13282953 744262
1376 18286
2430616 3114083
173341 534808
13308419 1067329
3317720 15490
13321315 15490
13329857 45301
13335405 44825
1935374 93053
13345186 15490
13350670 5467014
1280846 2157697
13356035 21991
13356527 271939
11472194 15490
13372713 15490
13372722 15490
13376813 234171
13384065 15490
13384068 35196
13385209 21992
13396854 15490
13399627 13399629
13399811 101495
13399855 100735
13402429 4522913
13402869 15490
13404192 1693779
13404192 4519521
13407878 15490
13414122 78163
1100370 45113
13417705 95007
13423239 22529
13425295 15490
13429197 13429199
13439645 225661
8408236 8408245
13444900 13444902
13446741 21991
13477531 45113
1224877 127515
13487210 13487212
13487939 20359
13491845 101495
13491940 79573
13492746 129183
13497527 101495
13502003 83841
13503233 127515
13503500 265678
13507850 95007
13510565 94524
13514160 99333
13514788 59716
2804160 83841
4190681 4309921
13521995 52574
13522621 15490
13231119 93053
13523407 52574
13523933 13523935
11300279 11300292
14762300 15490
14763821 40211
14764210 92893
14764495 4532
14765083 15490
14765237 4684451
14769656 15490
14770163 15490
14771922 83841
14778769 15490
14891853 2510827
14904072 4308356
14909231 109961
14910885 3448240
14913881 14913884
13372715 15490
14928097 14928100
14942172 87500
14943923 4563336
14944992 15490
14945938 45961
14963592 70042
14965381 94110
14973371 22529
14979391 22529
14979630 22171
14980020 207351
14983166 59716
14988608 3829732
14989681 22048
14990344 4532
14991238 22048
14993253 273858
14993531 265678
14995541 22350
14995572 129183
14995739 4408127
14995779 52930
14997026 19596
14997039 22419
15009198 3084810
15011762 44179
772996 66926
15020099 269173
15022434 42233
15023653 53784
15033724 4434305
15042839 22088
15042898 15042902
15043063 980166
15046460 273858
15046715 96772
15046754 273858
15048798 2353357
15051076 1536370
15051466 54419
15051784 93053
15053388 22419
15053785 93144
15054848 265678
15056270 22048
15058717 14319058
15059770 4052124
15063466 22048
15065146 94214
15066731 225661
15067209 2155
15069348 22529
15070161 265678
15072064 15490
15074032 86018
15075018 99333
15076544 552605
15077970 52930
15078697 42233
15079332 40211
15079364 2154
15085095 3448923
15085223 701182
15086090 54661
15088391 247183
15089580 265678
15089822 13330793
15092867 101495
15094544 46685
15094601 53784
15094607 2416571
15094634 15094636
15095884 54661
15096535 40211
15098233 51599
15102297 52574
15102914 101495
15103211 94524
15105962 15105966
15109030 52930
15112897 51093
15113189 83841
15114159 53921
15114355 3304881
15114976 95007
15115229 109961
15117031 129183
14985364 15490
15118812 273858
15119193 97853
15121508 269173
15123677 15123680
15134100 2620322
15136466 82762
15141887 59716
15142473 4735584
15142954 273858
15151089 40211
15152415 94524
4116223 94214
15154145 92893
15154397 83841
15155094 44179
15166011 21991
15166806 4532
15171154 94214
15175297 17131
8408171 77714
15178505 4322
15258121 4699217
13110560 46685
15488790 54419
15673318 93551
15857483 3089910
15857483 3186797
28188748 1252089
28188756 1252089
28409446 15490
3817695 4059421
6201037 6201054
4216741 1091221
3817664 4059350
3817670 4059355
4059436 4216864
28705933 129183
28705946 54419
28705965 35365
28705973 51093
28705993 59716
28705999 95007
28706001 20728
28706016 77714
28706055 70781
28706120 225661
28706214 101289
28706223 83841
28706227 42233
28706231 40211
28706233 53979
28706299 772796
28706306 203184
28706320 53784
28706350 22529
28706355 22048
28706368 42233
28706369 39779
28706381 71588
28706389 53712
28706393 367689
28706438 3831601
28706467 22048
15008688 40211
10088452 212973
28706479 53784
28706487 92474
28706496 399056
28706501 2154
28706520 20728
28706525 19595
28706547 54661
10049463 53784
28706555 71588
28706558 19595
28706562 122606
28706563 122606
28706564 28706565
28706573 4532
28706611 94110
28706614 273858
28706623 63439
28706628 53784
28706631 51093
28706632 45961
28706636 247183
28706641 22088
28706645 45301
28706648 92893
28706651 92244
28706659 51599
28706662 20359
28706664 95671
28706666 95671
28706674 4322
28706675 18456
28706687 618481
28706702 82762
28706706 82762
28706725 78163
28706728 78163
28706778 42233
28706786 66926
28706806 112087
28706874 66926
28706880 63439
28706884 93551
28706887 94214
28706941 314375
2458828 70781
28707271 100735
28707297 92244
28707525 45113
28707683 21992
28707687 96894
28707782 54419
28707913 20359
28708009 118011
28708013 19596
28708083 54419
28708242 44179
28708269 96894
28708274 98385
28708278 40211
28708284 255467
28708311 22529
28708359 2155
28708397 51093
28708451 92474
28708474 18546
28708528 269173
28708534 94214
28708711 4532
28708740 21991
28708755 269173
28708771 53979
28708846 101715
28708849 45301
28708859 22529
28708897 45961
28708950 70781
28709036 129183
28709082 92244
28709105 20359
28709112 53712
28709118 66926
10197949 22529
28709289 53784
28709413 87500
28709419 4659932
28709528 20728
28709826 86319
28710089 45301
28710099 45301
28710304 94110
28710321 95671
28710364 22171
28710393 287249
28710571 102301
28710648 86319
28710704 127515
28710838 21992
28711153 53712
28712117 234090
28712249 795779
28712372 54419
28712407 94110
28712431 314375
28712460 42233
28712638 99333
28712659 203184
28712736 45301
28712872 83841
28712935 20728
28712966 73502
28713047 15490
28713679 15490
28713684 22419
28713685 269173
28713700 78163
28713742 101715
28713832 21992
28713910 127515
28713943 45961
28713995 51783
28714023 269173
28714031 109961
28714163 82762
28714728 269173
28714732 19596
28714733 287249
28714743 406088
28714744 79573
28714753 80957
28714871 92244
28714877 18456
28714881 39779
28714890 19596
28714923 18546
28714972 102301
28714991 265678
28715289 100735
28715359 44825
28715381 94524
28715390 134001
28715398 51093
28715421 93053
28715441 81425
28715509 79573
28715544 154377
28715612 127515
28709183 95377
28715635 2155
28715647 21992
28715656 101715
28715760 52574
28715851 83841
28715927 93551
28715931 83841
28715941 17131
28715980 93551
28716079 80957
4938209 122606
28716143 271939
28716274 83841
28716283 101715
28716303 51190
28716316 21823
28716379 22088
28716402 21992
28716414 73502
28716425 95377
28716444 136332
28716470 3223004
28716598 109961
28716602 95377
28716625 93551
28716633 97464
28716633 51783
28716726 48623
28716730 225661
28716730 45301
28716736 92244
28716747 129183
28716754 92244
28716761 22419
28715532 96894
28716768 101495
28716772 98385
28716777 109961
28714729 54193
28716788 59716
28716791 15490
28716817 206189
28716829 46685
28716857 122606
28716871 35365
28717105 136332
28717106 70781
28717131 53784
28717162 53921
28717439 22171
28717443 225661
28717566 206058
28717571 53784
28717607 225661
28717615 234171
28717644 22529
28717664 225661
28717669 54193
28717676 94214
28717680 128514
28717691 46685
28717731 287249
28717735 265678
28717737 54419
28717780 129183
28717791 22350
28717862 95007
28717880 313166
28717887 99180
28717926 287249
28717943 4234769
28717960 81425
28717969 53712
28718043 4659932
28718050 22529
28718110 93144
28718224 4532
28719283 18546
28719350 93551
28719449 127515
28719452 225661
28719454 96894
28719459 122606
28719542 22419
28719551 434192
28719553 59716
28719554 35365
28719557 4532
28719560 112087
28719564 71588
28719565 82762
28719570 22048
28719580 136370
28719588 22350
28719594 53784
28719595 93144
28719611 129183
28719613 95377
28719640 101715
28719648 279036
28719664 477592
28719666 271943
1258290 20728
28719680 136358
28719689 265678
28719690 234171
28719700 206189
28719702 206189
28719704 71588
28719712 51190
28719739 225661
28719743 54419
28719745 92893
28719747 96772
28719764 90210
28719770 273858
28719775 35134
28719777 101289
28719779 314375
28719782 263231
28719784 86018
28719786 96772
28719793 206189
28719799 80957
28719807 225661
28717665 225661
28719812 92244
28706154 45113
28719838 54193
28715278 72187
28719901 98385
28719926 53712
28719939 20359
28720016 22529
28720043 97853
28720050 2154
28720054 2154
28720059 96894
28720060 225661
28720065 59716
28720066 99333
28709043 112087
28720070 225661
28720096 83841
28720099 40211
527 4532
28720128 22350
28720142 109961
28720148 477592
28720338 22419
28720691 51190
28720826 18546
28720918 86319
28720939 100735
28720941 66926
28721160 13800387
28708657 95671
28721232 53712
28721245 35365
28721279 21991
28722127 2155
28722778 101715
28722938 15490
28723159 28720239
28723180 399056
15091233 2154
28706534 94524
28723646 92474
28723796 102301
28723808 102301
28723832 18546
28723905 22699
28723919 20728
28723964 93551
28723980 109961
28724048 109961
28724071 53315
28724181 21992
28724271 22171
28724327 79573
28724374 21991
28724414 53784
28724461 22171
28724494 22088
28724532 1686557
28724601 66926
28724825 109961
28724881 112019
28724907 102301
28724918 22048
28724997 102301
28725000 22529
28725118 101495
28725125 39779
28725696 93053
28726373 399056
28726374 92474
28726405 2154
28726408 136332
28726431 2154
28726483 19596
28726485 2154
28726505 101289
28726508 17131
28726513 99333
28726520 70781
28726534 101495
28726539 59716
28726542 795779
28726543 22171
29038734 48623
29038736 2104726
29038736 1995127
29038805 3764021
29038818 598087
29038818 465550
29038819 157686
29038819 285031
29038819 77091
29038820 4322
29038820 1225521
29038822 263248
29038823 4724508
29038824 1710120
29038824 431307
29043195 1556998
13360175 95007
2130684 2877938
29045984 19596
1358932 99180
2964089 2910801
1358934 71588
1358935 136358
1358936 263231
853023 20359
2846331 4532
4059459 4216879
4059662 413015
2900053 3441839
968133 21823
29340770 98385
29340772 95007
29340774 53784
29340783 2423837
29340784 4322
29340788 35365
29340789 265678
29340798 269173
29340806 13639451
29340908 54193
29341010 263231
29341024 95377
29341053 100735
29341069 22419
29341072 101289
29341074 54419
29341076 53315
29341079 53315
29341087 80957
29341089 95007
29341111 21823
29341116 79573
29341117 94214
29341124 51190
29341132 22529
29341134 22699
29341141 53712
29341142 2155
29341143 53712
29341144 94214
29341149 3818169
29341192 45961
29341193 397822
29341449 51599
29341467 96485
29341487 77714
29341490 48623
29341494 101289
29341498 99333
29341501 98385
29341509 52930
29341522 54661
29341533 4003597
29341538 3957063
29341542 1298532
29341543 1252658
29341550 4532
29341556 4003597
29341559 4222618
29341562 772983
29341564 3630036
29341573 86248
29341576 100779
29341580 18546
29341587 82762
29341591 82762
29341610 273858
29341612 3829760
29341621 54193
29341631 95007
29341633 97853
29341635 48623
29341639 367689
29341642 4322
29341650 314375
29341653 354944
29341655 273858
29341663 53979
29341667 22048
29341670 263231
29341680 83841
29341681 22088
29341682 94110
29341683 93053
29341684 22088
29341685 92893
29341690 45961
29341692 70781
29341708 980166
29341738 82762
29341750 44179
29341761 4532
29341764 51599
29341766 42233
29341772 22088
29341773 59716
29341779 94214
29341787 51093
29341791 2154
29341793 4532
29341796 51599
29341799 51599
29341802 51599
29341805 4532
29341806 54193
29341812 51093
29341814 53979
29341819 82762
29341843 3825428
29341847 35365
29341860 3826357
29341869 2512626
29341908 22048
29341911 51599
29341960 51599
29341982 10487528
29341984 22699
29341985 70042
29342027 54193
29340955 4766094
29342077 42233
29342083 4064217
29342086 51093
29342089 3210242
29342100 40211
29342103 3531145
29342104 22529
29342108 2910955
29342109 19596
29342111 3644818
29342114 29342115
29342117 4321606
29342120 595625
29342122 3182107
29342124 1008622
29342131 93551
29342134 4441045
29342135 40211
29342137 54419
29342138 1424940
29342141 878401
29342142 3448923
29342156 96772
29342158 2200537
29342174 4532
29342178 4532
29342182 54419
29342197 2154
29342201 54419
29342211 3423461
29342216 4569318
29342222 3614717
29342223 4221957
29342225 268015
29342245 109961
29342263 22350
29342267 22350
29342272 54193
29342281 22048
29342285 4532
29342289 51599
29342293 102301
29342295 265678
29342306 21823
29342309 87500
29342311 87500
29342313 51599
29342318 44179
29342321 51599
29342327 44179
29342332 51599
29342338 127515
29342341 51599
29342344 44179
29342347 44179
29342350 53979
29342355 82762
29342362 4532
29342365 17131
29342370 22350
29342374 136332
29342378 18546
29342382 53979
29342451 22350
29342455 44179
29342458 51599
29342463 22350
29342466 136370
29342470 129183
29342486 94214
29342496 129183
29342500 53979
29342505 53979
29342512 53979
29342523 93053
29342533 82762
29342540 99180
29342544 265678
29342548 22048
29342556 92244
29342560 136332
29342564 92244
29342568 22048
29342574 53979
29342579 22048
29342585 22048
29342589 22048
29342601 22048
29342606 42233
29342609 22048
29342615 22048
29342619 22048
29342624 22048
29342629 4532
29342633 22048
29342637 136370
29341774 51093
29342640 92893
29342644 22048
29342650 77714
29342654 39779
29342661 101715
29342662 54419
29342666 54661
29342670 225661
29342671 367689
29342672 77714
29342675 59716
29342676 136370
29342679 35365
29342685 263231
29342686 93551
29342688 234171
29342691 225661
29342694 234171
29342695 59716
29342699 273858
29342702 54419
29342705 22419
29342713 4532
29342732 40211
29342734 4329069
29342736 73086
29342737 80957
29342741 2361712
29342748 4307641
29342749 22048
29342751 51599
29342752 54661
29342813 4448994
29342895 44825
29342904 109961
29342917 18546
29342999 2131698
29343002 22699
29343003 70781
29343004 94524
29343010 83841
29343021 94524
29343044 4714465
29343046 205291
29343103 99180
29343106 99333
29343108 129183
29343166 3399779
29343200 87500
29343298 263231
29343302 234171
29343476 51599
29343715 136332
29343742 29343745
29343827 22350
29343871 96772
29343894 54419
29343906 54419
29343920 29343922
29344002 129183
29344006 54419
29344059 94110
29344402 80957
29344491 1413332
29344586 46685
29344845 54419
29344852 99333
29344856 54419
29344859 99333
29344870 21991
29344876 52574
29344878 136370
29344880 136370
29344882 95671
29344920 175884
29344922 29344923
29344924 127515
29344929 101495
29344931 21991
29344933 54419
29344934 52574
29344940 2154
29345006 18546
29345057 136332
29345078 20728
29345081 52574
4836381 4064217
29345461 71588
29345499 128514
29345527 273858
29345547 51093
29345612 2154
29345631 3274192
29345643 2710601
14978456 4062377
29345713 35365
29345715 22529
29345727 46685
29345716 100779
29345730 932513
29345734 94524
29345737 51190
29345740 4336720
29345745 53784
29345749 101715
29345750 53784
29345756 2388445
29345757 101495
29345758 4066182
29345771 99333
29345776 52930
29345778 94524
29345801 354944
29345804 271939
29345806 93144
29345807 285031
29345810 135411
29346174 22350
29346176 4532
29346182 22048
29346187 78163
29346237 101495
29346257 94214
29346260 83841
29346262 20728
29346269 83841
29346280 13638912
29346313 2500710
29346316 4470834
29346317 4400343
29346327 51190
29346353 109961
29346354 4532
29346356 53921
29346362 54419
29346365 22699
29346394 52574
29346402 94214
29346465 696162
29346479 112087
29346484 86018
29346485 206058
29346544 112019
29346554 99180
29346602 22048
29346674 109961
29346675 21897
29346677 101495
29346678 18456
29346679 93551
29346680 354944
29346684 35196
29346697 21991
29346705 98385
29346724 51783
29346763 77714
29346771 10066678
29346786 98385
29346792 51783
29346795 52930
29346802 2154
29346822 101715
29346827 101715
29346834 212973
29346837 271939
29346843 21991
29346879 18546
29346880 2155
29346912 35134
29346929 206058
29346989 1251931
29347018 53784
29347045 40211
3447627 3125965
29347056 285031
29347062 99333
29347071 21992
29347087 42233
29347093 98385
29347101 3823236
29347105 2225490
29347110 2225490
29347116 4070763
29347138 2154
29347145 22419
29347152 54193
29347323 53784
29347390 4066182
29347393 21897
29347404 432689
29347410 367689
29347411 3825504
29347422 4532
29347423 129183
29347424 2304519
29347461 136332
29347465 4532
29347479 367689
29347506 92244
29347515 71588
29347522 21991
29347547 70781
29347582 129183
29347583 44825
29347586 44179
29347588 44179
29347590 22529
29347633 19595
29347635 94594
29347639 98385
29347642 95377
29347647 4749304
29347648 52574
29347657 265678
29347843 247183
29348004 19596
29348025 19596
29348034 101715
29348080 53921
29348179 22048
29348197 48623
29348291 255215
29348295 128514
29348299 52574
29348313 80957
29348329 2155
29348332 2154
29348346 2154
2964091 1326537
29348366 263231
29348376 42233
29348403 1535715
29348418 45113
29348422 4331815
29348424 2275601
29348434 86248
29348460 13414106
29348462 44825
29348470 42233
29348471 42233
29348474 93053
29348476 2911371
29348478 15944301
29348489 13541802
29348505 158240
29348510 51190
29348533 269173
29346314 101715
29348544 175884
29348549 2448859
29348555 54419
29348556 4532
29348563 51599
29348572 6330456
29348580 99333
29348581 18456
29348589 15054374
29348593 6378710
29348596 40211
29348598 92244
29348600 22419
29348604 22048
29348609 649499
29348611 15163717
29348622 4761268
29348626 2911242
29348636 101289
29348637 3825504
29348645 4332311
29348646 4723972
29348650 136332
29348652 51783
29348658 92893
29348664 99333
29348665 22419
29348684 4400343
29348685 4744234
29348686 4214302
29348690 19596
29348693 1251931
29348708 98385
29348714 101495
29348775 92893
29348778 72187
29348782 45113
29348784 4454086
29348785 2154
29348798 1034317
29348800 618481
29348802 205720
29348819 79573
29348820 53712
29348842 93144
29348851 40210
29349018 225661
29349094 4322
29349096 255467
29349097 143371
29349099 77091
29349100 973039
29349101 1413332
29349102 136358
29349103 135419
29349104 697811
29349105 73502
29349107 139197
29349108 618481
29349119 795779
29349130 96772
29349135 795779
29349138 98385
29349186 51783
29349193 19596
29349195 22419
29349204 263231
29349207 234171
29349211 19596
29349216 71588
29349239 22088
29349259 86248
29349261 22419
29349266 53712
29349318 4154258
29349322 2225487
29349330 52930
29349330 35365
29349332 40211
29349333 22350
29349334 139197
29349336 139197
29349355 101495
29349361 99333
29349379 21991
29349395 21991
29349400 101495
29349422 21991
29349441 40211
29349442 40211
29349450 98385
29349454 207351
29349457 212973
29349458 338292
29349460 367689
29349465 136370
29349468 4095097
29349481 95007
29349482 4153270
29349511 92893
29349559 136358
29349560 19595
29349596 4047160
29349604 3089972
29349611 29349612
29349672 59716
29349679 4364935
29349695 21823
29349707 86018
29349710 263231
29349749 51783
29349757 21991
29349758 99333
29349759 52574
29349760 4532
29349780 52930
29349815 51190
22012556 92893
29349887 59716
29349918 86018
29349929 52930
29349930 29349932
29349936 15008465
29349940 29349941
29349942 2933921
29349947 51783
29349950 225661
29349973 40211
29349976 225661
29349979 71588
29349980 94594
29349982 53921
29349992 134001
29349998 136332
29350017 14778360
29350025 54419
29350042 264342
29350043 54419
29350045 71588
29350057 22350
29350065 77714
29350161 101495
29350173 101289
29350217 40211
29350219 51783
29350231 42233
29350233 52574
29350233 769078
29350234 15115237
29350235 269173
29350237 93053
29350242 94524
29350255 207351
29350258 136370
29350262 80957
29350270 53979
29350274 279036
29350283 271939
29350285 247183
29350289 212973
29350291 697811
29350292 255467
29350294 285031
29350311 265678
29350313 263231
29350320 42233
29350324 1556423
29350325 71588
29350456 54419
29350485 13268620
29350491 4726292
29350495 1146269
29350507 92893
29350514 44825
29350525 59716
29345632 3274192
29350605 136332
29350612 102301
29350614 40211
29350620 99333
29350630 100779
29350632 206058
29350634 136358
29350637 71588
29350639 19596
29350647 19596
29350678 42233
29350683 71588
29350689 3615422
29350690 234171
29350701 21991
29350714 15109835
29350719 4088229
29350722 51093
29350724 51093
29350726 95377
29350752 539147
29350772 4640480
29350775 3808773
29350777 39779
29350778 52930
29350783 271943
29350784 97464
29350786 433104
29350821 22419
29350836 15490
29350837 52574
29350838 21991
29350839 54419
29350840 273858
29350897 29350898
29350902 22350
29350914 112087
29350922 22699
29350926 808737
29350932 97853
29350935 795779
29350936 93551
29350939 98385
29350942 54193
29350959 101289
29350983 42233
29350985 4402284
29351010 94594
29351013 136358
29351026 94594
29351029 136358
29351032 35365
29351036 44179
29351040 44179
29351044 22350
29351057 100735
29351066 93053
29351068 53979
29351080 51599
29351094 3423457
29351097 21991
29351100 42233
29351107 477592
29351111 697811
29351112 255467
29351115 80957
29351125 2933921
29351140 45301
29351145 40211
29351155 53784
29351158 87500
29351221 22419
29351224 99333
29351245 136370
29351248 4336720
29351276 92893
29351300 42233
29351304 52574
29351316 3508894
29351319 42233
29351332 3470042
29351335 269173
29351336 42233
29351338 53315
29351339 2154
29351374 52930
29351376 95671
29351378 4066617
29351382 413017
29351385 15490
29351388 4559894
29351391 13273051
29351392 4738203
29351395 95671
29351398 19596
29351399 234171
29351401 2154
29351402 95007
29351403 265678
29351404 19596
29351412 40211
29351415 12553565
29351417 51093
29351418 51190
29351421 129183
29351423 93551
29351426 129183
29351427 99180
29351429 15490
29351431 129183
29351440 2154
29351444 52574
29351451 35365
29351452 51190
29351453 54419
29351456 52574
29351458 3823629
29351460 129183
29351462 22048
29351463 4532
29351464 4532
29351466 22048
29351467 80957
29351468 35365
29351469 413017
29351470 53784
29351471 99333
29351475 53784
29351476 3324256
29351477 19596
29351478 269173
29351479 269173
29351489 1834011
29351490 51093
29351491 4403109
29351499 53979
29351500 19596
29351501 53979
29351503 53979
29351504 101715
29351505 4065236
29351509 3823629
29351511 52930
29351512 136332
29351513 92893
29351514 71588
29351517 39779
29351516 52930
29351518 19596
29351520 2935236
29351521 99333
29351522 51190
29351523 22419
29351525 129183
29351527 4758556
29351528 40211
29351531 52930
29351533 4532
29351534 54419
29351539 42233
29351540 40211
29351541 52574
29351542 40211
29351548 51190
29351549 22419
29351550 22419
29351551 15490
29351552 22419
29351553 136332
29351554 52930
29351555 22048
29348035 21991
29351560 40211
29351561 4070763
29351564 52930
29351566 14296001
29351568 22419
29351570 3928245
29351573 40211
29351574 21991
29351580 1535715
29351582 95007
29351583 95007
29351584 51783
29351586 96485
29351588 54419
29349763 95007
29351589 874478
29351591 101289
29351596 4532
29351598 35365
29351599 19596
29351600 53784
29351601 52574
29351606 51190
29351608 136370
29351609 265678
29351610 19596
29351611 22350
29351612 129183
29351614 129183
29351633 101495
29351645 4449391
29351647 13846020
29351653 1970418
29351658 29351661
29351662 29351663
29351697 129183
29351698 20359
29351703 51599
29351704 46685
29351705 19596
29351706 22529
29351709 22350
29351713 19596
29351715 22529
29351720 82762
29351724 3084810
29351728 46685
29351731 44825
29351734 82762
29351699 21823
29351737 102301
29351751 4364479
29351773 4683365
29351805 45113
29351812 15042902
29351836 51599
29351838 19596
29351839 94214
29351840 93053
29351848 80957
29351861 53979
29351868 354944
29351875 42233
29351882 53784
29351884 80957
29351886 2154
29351889 2154
29351892 80957
29351897 129183
29351898 285031
29351898 90210
29351903 206189
29351904 51093
29351907 51093
29351920 4109764
29351934 118011
29351939 112019
29351948 18456
29351962 51093
29351972 18546
29351986 53712
29351993 136358
29352028 95007
29352050 40211
29352055 35365
29352064 92893
29352066 273858
29352068 51093
29352830 96894
29352843 22048
29352853 29352854
29352900 203184
29352933 99333
29346366 3423457
29353034 3423457
29353044 4835549
29353093 263231
29353101 51599
29353121 53712
29353128 78163
29353178 95007
29353197 19596
29353198 52574
29353202 101495
29353232 29353236
29353238 21992
29353240 22699
29353241 2155
29353247 2938042
29353248 21992
29353249 11030432
29353252 1092437
29353255 1058894
29353259 94524
29353260 53979
29353261 94524
29353262 19596
29353265 81425
29353268 29353269
29353270 94110
29353278 17131
29353284 136370
2964115 279036
2964116 279036
2964117 3488991
2964118 112019
2964092 2615586
2964093 3488932
29353295 82762
29346818 136358
3854435 77714
3854436 203184
3854438 203184
3854440 77714
3854441 203184
3854442 203184
2964094 3488940
2964095 98385
2964096 225661
2964097 86018
2964098 136332
29353309 263231
2964100 3488963
2964101 3488966
29353317 18546
2964102 3488963
2964103 3488963
2964104 3274192
2964105 61873
29353321 3488963
29353325 101289
29353399 4504833
29353408 2429915
29353412 1920220
29353414 696162
29353416 2880951
29353420 3916719
29353425 4365196
29353426 4543814
29353429 29353430
29353431 3784260
29353433 4552911
29353435 4552911
29353436 751399
29353439 5826653
29353440 29353441
29353442 3888246
29353443 3398542
29353445 13845410
29353447 3488913
29353449 4687036
29353450 2570249
29353452 4739734
29353453 4591894
29353455 29353430
29353457 29353430
29353462 14949252
29353464 28227781
29353467 29353468
29353469 3126369
29353471 4591894
29353473 4552911
29353476 4196059
29353479 3427138
29353480 29353482
29353483 14978853
29353485 3603732
29353487 2444352
29353489 4648147
29353490 618746
29353494 4135623
29353496 3126369
29353499 4699423
29353501 2880951
29353503 4504660
29353506 4365372
29353508 4739734
29353510 3488960
29353511 4135735
29353513 4343572
29353514 4214478
29353516 15835246
29353519 4648147
29353521 4648147
29353524 29353526
29353528 3928872
29353530 29353531
29353533 4365372
29353535 3428536
29353537 3792815
29353539 4743471
29353542 4743471
29353544 3784260
29353545 15835246
29353547 1663334
29353551 2128404
29353554 4592499
29353557 3126412
29353559 29353561
29353565 29353566
29353568 4274980
29353569 730471
29353572 3784260
29353573 730472
29353576 4591894
29353578 15835246
29353591 35365
29353595 54419
29353599 77714
29353604 46685
29353651 51190
29353654 22529
29353665 101715
29353695 15490
29353697 53784
29353699 35365
29353738 143371
29353740 338292
29353743 143371
29353745 143371
29353747 3508894
29353750 3488963
29353752 3084810
29353754 4402284
29353770 287249
29353772 54193
29353773 95377
29353780 40211
29353784 3808725
29353799 1920220
29353800 3428536
29353802 1920220
29353804 15835246
29353807 15835246
29353811 29353482
29353813 4186119
29353815 29353817
29353818 29353817
29353820 4186119
29353823 2910470
29353825 1663334
29353827 4186119
29353829 29353482
29353831 3792817
29353833 4532
29353834 4186119
29353836 29353837
29353838 29353837
29353840 29353842
29353843 29353842
29353845 29353482
29353847 3792817
29353849 4642084
29353851 4678833
29353853 4648147
29353855 29353857
29353858 3211483
29353860 4632172
29353862 3808725
29353864 3808725
29353865 100779
29353867 100779
29353871 4491650
29353872 4443115
29353873 3824509
29353874 3488972
29353875 29353876
29353877 4264979
29353878 29353876
29353879 29353880
29353881 4443115
29353882 263604
29353893 29353894
29353896 13429199
29353920 269173
29353924 4531488
29353926 4400343
29353932 3508894
29353937 4708838
29353946 4208082
29353947 29342121
29353948 4265000
29353949 4532
29353950 29353880
29353951 4004947
29353952 118011
29353953 3489000
29353954 28716230
29353955 15123679
29353957 29353958
29353959 15123679
29353962 3808725
29353964 15123679
29353966 15123679
29353967 29353482
29353970 2448859
29353974 2911024
29353976 4364449
29353978 2154
29353979 2128404
29353980 29353981
29353982 29353482
29353984 3488970
29354000 4391619
29354002 1942308
29354004 3822967
29354005 92893
29354006 29354007
29354008 15123679
29354009 29354007
29354010 63439
29354011 29354012
29354013 3487294
29354018 3822967
29354020 3792812
29354021 3822967
29354022 3488967
29354023 13358317
29354024 4264979
29354025 434192
29354027 13824089
29354029 3603006
29354031 4274827
29354033 118011
29354045 13358317
29354047 29353876
29354048 29354007
29354049 3488967
29354055 4891960
29351575 40211
29354062 63439
29354063 4264961
29354064 29354007
29354065 4443115
29354066 3808725
29354067 29354007
29354068 29353958
29354069 29353981
29354070 3449239
29354072 29354075
29354076 29354077
29354078 4443115
29354080 4135199
29354082 29348651
29354084 29353880
29354085 29353323
29354086 4264979
29354087 4443115
29354088 4443115
29354089 29354090
29354091 29354093
29354094 4135199
29354095 399056
29354098 4443115
29354099 29353876
29354100 29354101
29354102 3272168
29354103 399056
29354114 29353958
29354119 29354122
29354125 29354101
29354127 4313541
29354128 4443115
29354130 3488970
29354131 3449299
29354132 29354007
29354133 4454103
29354136 1080581
29354137 135411
29354139 73086
29354146 19595
29354150 29349941
29354153 2448859
29354157 4335257
29354159 4452299
29354163 4556451
29354167 4522443
29354172 1440367
29354183 95377
29354186 86018
29354196 22048
29354242 477592
29354251 48623
29354256 51093
15198283 4454086
29354266 46685
29354270 265678
29354285 17131
29354292 3819679
29354293 29354294
29354297 53784
29354298 19596
29354301 1539752
29354303 4563012
29354304 25460953
29354305 19596
29345717 44179
29354310 4307641
29354348 51093
29354353 77714
29354377 3888246
29354379 4739734
29354385 4552911
29354391 4648147
29354394 4274980
29354397 4135735
29354399 1663334
29354402 730472
29354405 3428536
29354409 4186119
29354412 22419
29354414 4648328
29354417 29354093
29354418 3449239
29354419 3489000
29354420 3603006
29354421 4648328
29354422 29354090
29354428 4443115
29354433 29353837
29354435 4648147
29354443 20359
29354444 29354090
29354465 3603006
29354467 225661
29354471 29353430
29354476 29354477
29354481 4676593
29354484 3489000
29354486 4631849
29354488 4556300
29354495 13358317
29354497 4556300
29354499 4426568
29354500 4443115
29354502 4135199
29354504 29354073
29354507 4443115
29354508 4631849
29354510 4321212
29354512 4531246
29354514 4443115
29354516 29354075
29354517 4741139
29354519 4443115
29354530 2440715
29354532 29354073
29354534 29354535
29354536 4443115
29354537 3489000
29354538 4631849
29354540 3488970
29354541 4631849
29354543 3489000
29354545 3488962
29354548 4387143
29354551 4443115
29354552 3488970
29354553 3808725
29354554 4471707
29354555 15123679
29354559 4135225
29354601 21991
29354631 4519767
29354633 101715
29354635 78704
29354637 78704
29354639 1424837
29354642 78704
29354645 4336720
29354648 15109835
29354649 1424837
29354650 15109835
29354651 4336720
29354653 22419
29354656 15109835
29354658 29349941
29354661 29349941
29354663 13429199
29354666 3084810
29354667 29349941
29354668 4025579
29354678 94524
29354722 96485
29354728 54419
29354732 40211
29354739 3597304
29354747 48623
29354748 3828445
29354752 4399201
29354757 2911371
29354760 48623
29354764 595625
29354767 71588
29354769 86018
29354773 78704
29354777 51783
29354779 51783
29354781 51783
29354783 52930
29354808 54661
29354819 3488966
29354824 4331815
29354827 73086
29354831 4064217
29354832 4066039
29354833 15042902
29354834 4066039
29354837 2710601
29354840 1717531
29354841 2710601
29354842 4064217
29354860 4065236
29354861 1717531
29354865 1717531
29354879 4454086
29354892 3448923
29354893 426966
29354894 19596
29354896 2956136
29354897 54419
29354899 1297604
29354905 539149
29354908 48418
29354913 4733814
29354920 3829481
29354927 46685
29354936 4332233
29354938 29354941
29354978 4454193
29354980 4332233
29354988 29349941
29354993 22048
29354995 2691974
29355002 4065169
29354996 1298532
29355007 4554855
29355008 297974
29354989 46685
29355021 22529
29355024 1555509
29355033 1424837
29355035 3827394
29355037 4223601
29353045 4816379
29353047 102301
29352988 46685
29355039 4453744
29355045 102301
29355046 4335617
29355059 5467014
29355062 11030432
29355063 11030432
29355073 53921
15043065 4337004
29355077 53315
29355081 100779
29355087 22171
29355092 51599
29355095 45301
29355109 54661
29355110 29345815
29355112 4454086
29355114 3469908
29355117 3469908
29355122 1424837
29355124 129183
29355128 15109835
29355131 13483472
29355133 2510827
29355134 4519767
29355137 4066039
29355139 78704
29355142 1424837
29355145 29355149
29355150 4519767
29355157 6718806
29355212 51190
29355216 51190
29355218 15490
29355226 40211
29355229 51190
29355232 54419
29355247 48623
29355250 71588
29355254 101289
29355255 4666873
29355266 138740
29355280 4199169
29355281 3829760
29355282 4406186
29355283 4406186
29355284 4744234
29355289 15115237
29355290 4454086
29355291 15115237
29355292 2154
29355296 2935236
29355303 4683365
29355304 4066039
29355305 2154
29355306 4218989
29355307 2935236
29355308 2935236
29355309 10066678
29355311 3196123
29355312 2155406
29355315 3829760
29355317 381668
29355318 2155406
29355319 1535715
29355320 3829760
29355323 2155406
29355325 3196123
29355329 2197867
29355330 3829760
29355335 112087
29355337 101495
29355367 4064217
29355370 15042902
29355371 880330
29355372 880330
29355373 880330
29355374 15042902
29355375 880330
29355376 880330
29355377 880330
29355378 381668
29355381 4064217
29355382 4455987
29355383 4064217
29355392 4218989
29355398 4218989
29355399 4683365
29355401 4745172
29355402 15042902
29355403 4218989
29355404 4218989
29355405 2991511
29355406 3084810
29355412 4532
29355419 46685
29355420 129183
29355421 129183
29355424 4532
29355425 129183
29355427 46685
29355428 22529
29355429 46685
29355431 2935236
29355432 54419
29355434 2935236
29355435 53979
29355436 2910640
29355438 54419
29355439 2935236
29355440 2935236
29355442 3274192
29355443 4406186
29355444 2910640
29355445 2910640
29355446 4683365
29355447 4218989
29355448 3508894
29355449 129183
29355451 9612532
29355452 4218989
29355455 3274192
29355459 4745172
29355461 3274192
29355463 3274192
29355466 4218989
29355468 74274
29355469 2991511
29355470 3274192
29355474 54419
29355485 19596
29355490 1326537
29355509 94524
29355512 35365
29355533 4532
29355554 22419
29355579 4532
29355587 100735
29355587 100779
29355593 53784
29355596 42233
29355600 101495
29355632 94524
29355646 101289
29355650 22419
29355656 53921
29355659 53921
29355720 70042
29355729 101715
29355741 3804177
29355761 433104
29355825 48623
29355930 962862
29355936 265678
29355940 52574
29355941 42233
29355943 52574
29355944 52574
29355951 42233
29355966 263231
29355972 48623
29355978 11698276
29355980 4531
29355986 77091
29355988 42220
29355989 4223112
29355990 263231
29355994 4603624
29355995 22419
29355996 2504709
29355997 2225487
29355998 59716
29356000 3128951
29356001 3603232
29356002 51093
29356003 3823629
29356008 95377
29356011 579437
29356013 40211
29356015 21991
29356016 265678
29356017 265678
29356018 22419
29356020 54419
29356021 265678
29356022 51093
29356025 13268620
29356027 93144
29356029 51783
29356030 4531
29356031 80957
29356034 265678
29356035 112019
29356036 22419
29356037 51190
29356038 265678
29356039 22419
29356040 22419
29356041 22419
29356042 42233
29356028 94594
29356043 4322
29356044 22419
29356046 59716
29356045 22419
29356047 265678
29356050 99333
29356051 77714
29356051 127515
29356052 52574
29356053 22419
29356054 22419
29356055 54419
29356068 45301
29356078 94524
29356083 94214
29356098 381668
29356099 4726292
29356100 45113
29356101 29354991
29356102 22419
29356104 13967344
29356105 92244
29356106 2127051
29356111 4065236
29356117 2410799
29356122 4743892
29356123 367689
29356128 92893
15169302 4399254
29356133 4406186
29356134 54419
29356137 93551
29356141 22419
29356142 4406186
29356146 15115237
29356147 4532
29356148 52930
29356152 92244
29356155 35365
29356156 35365
29356157 52574
29356158 94594
29356159 880330
29356161 45113
29356164 207351
29353921 4531488
29356168 80957
29356169 40211
29356170 433104
29356171 10681730
29356174 4222618
15051468 42233
29345627 3196123
29356184 3822857
29356185 265678
29356187 225661
29356189 592976
29356190 29354644
29356192 205291
29356139 3013775
29356201 4454086
29356205 4744234
29356138 3274192
29356211 4454086
29356215 2710601
29356219 4064217
29356222 4454086
29356224 3274192
29356227 2935236
29356233 4218989
29356234 29356235
29356236 4745172
29356237 14935907
29356238 4406186
29356240 4066039
29356241 2933921
29356242 4744234
29356243 94594
29356244 3274192
29356247 4454086
29356251 2154
29356254 4454086
29356256 2710601
29356260 4454086
29356263 4454086
29356268 4454086
29356271 4218989
29356273 4218989
29356278 73086
29356230 4749304
29356279 39779
29356280 22529
29356288 51190
29356290 381668
29356292 4400343
29356293 381668
29356294 3274192
29356296 4066039
29356298 4726292
29356299 3274192
29356228 880330
29356302 3274192
29356304 4531488
29356309 3274192
29356311 4531488
29356320 4531488
29356326 4531488
29356329 4531488
29356332 4531488
29356335 86018
29356336 4531488
29356339 4403000
29356341 136358
29356342 880330
29356349 13582975
29356352 97853
29356354 35196
29356356 4744234
29356358 4331815
29356363 1326537
29356365 4683365
29356366 15163717
29356368 1838590
29356369 4400343
29356370 4400343
29356371 2154
29356374 2154
29356378 4199169
29356379 4364479
29356380 2154
29356381 1251931
29356382 13967344
29356383 129183
29356384 128938
29356387 2154
29356390 4743892
29356393 4743892
29356399 4199169
29356410 73086
29356412 14296001
29356417 80957
29356429 2910801
29356430 15094636
29353619 86319
29346318 3792812
29356435 52574
29356446 29356448
29356452 2448859
29356468 4741139
29356469 3488962
29356470 1080581
29356471 29353876
29356472 3449299
29356473 29353880
29356474 4454103
29356475 29354007
29356476 3211483
29356477 2911024
29356478 4196049
29356479 4364263
29356480 3489000
29356481 4021281
29356482 3449239
29356483 4443115
29356484 4364263
29356485 2911024
29356486 13358317
29356487 4313541
29356488 29353876
29356491 4391619
29356492 3449239
29356493 4631849
29356494 3822967
29356495 3792812
29356496 29356448
29356497 3488962
29356498 3452691
29356499 3822967
29356500 4443115
29356501 3603142
29356502 3449299
29356503 4400343
29356507 29354101
29356514 94594
29356515 136358
29356520 71588
29356521 52574
29356522 71588
29356523 52930
29356524 51783
29356527 29356530
29356532 136332
29356536 139197
29356539 22171
29356589 158240
29356592 29356593
29356594 4573036
29356595 880330
29356596 95007
29356603 136358
29356605 4065939
29356606 29356593
29356608 4072884
29356744 66926
29356747 4066234
29356748 52574
29356761 101715
29356780 1536370
29356827 1092437
29356833 80957
29356836 22088
29356909 3928245
29356914 3531146
29356923 4559894
2964106 80957
29353286 2154
29356930 15088529
29356932 225661
29356933 4559894
29356935 203184
29356936 4711441
29356937 22419
29356938 95007
29356941 4484408
29356942 4559894
29356943 29351661
29356945 99333
29356946 52574
29356947 80957
29356952 51190
29356953 22419
29356954 29354644
29356955 4337004
29356956 35365
29356957 22419
29356958 3531146
29356963 4711441
29356966 51190
29356967 4052124
29356968 29354644
29356969 136370
29356973 95377
29356978 73502
29356986 19596
29356987 381668
29356990 22419
29356993 101715
29356996 19596
29356998 101715
29357000 42233
29357007 2991511
29357008 3828000
29357009 101715
29357010 2154
29357012 2154
29357014 4331815
29357016 80957
29357020 2154
29357021 4745172
29357022 4331815
29357024 15094636
29357025 15094636
29353929 2154
29357015 269173
29357026 15094636
29357034 101715
29356989 22419
29357035 96485
29357036 51190
29357037 22419
29357038 53784
29357040 101715
29357043 19596
29357045 53784
29357046 19596
29357047 53784
29357048 53784
29357049 53784
29357050 53784
29357051 29349941
29357053 13483472
29357055 44825
29357056 2361712
29357057 4325430
29357058 22350
29357060 2510827
29357061 14989901
29357063 3537571
29357065 101715
29357071 2814831
29357074 4400343
29357075 4070763
29357076 29349764
29357078 4070763
29357079 15115237
29357080 4683365
29357081 29357082
29357083 4400343
29357085 9612532
29357088 4400343
29357091 2933921
29356103 612157
29357092 1081319
29348612 2479576
29357093 4406186
29357094 3488963
29357095 4066182
29357097 874478
29357098 4064217
29357099 4332820
29357100 3488963
29357103 3488963
29357106 1424837
29350496 4331815
29357108 4135225
29357112 880330
29357115 3591035
29357116 4531488
29357117 3591035
29357118 54419
29351379 3488940
29357121 13582975
29357124 1931502
29357125 35365
29357128 18456
29357129 71588
29357130 225661
29357131 4066039
29357134 2504709
29357135 51190
29357136 29351597
29357137 225661
29357138 52930
29357143 4573036
29357145 4408127
29357151 4408127
29357155 3922858
29357158 4332311
29357162 3922858
29357166 3488940
29357168 15163717
29357169 3922858
29357172 2877274
29357177 4400343
29357179 73086
29357180 2127051
29357181 136370
29357182 19595
29357185 3824498
29357192 98385
29357201 4400343
29357202 4400343
29357183 2933921
29357203 4400343
29357205 29354644
29357206 4331864
29357207 28227237
29357208 15115237
29357193 4331815
29357209 1536370
29357195 4552620
29357219 4455027
29357221 101715
29357226 15123680
29357228 1838590
29357230 2911287
29357232 2910801
29357235 4683365
29357236 4063390
29357237 4072884
29357238 92893
29357239 92244
29357240 101289
29357241 101495
29357242 13582975
29357244 102301
29357397 3852868
29357402 45961
29357407 22419
29357413 19596
29357456 51190
29357508 45301
29352831 21823
29357533 92893
29357534 77714
29357541 4223112
29357544 2994434
29357549 51783
15054850 101495
29357560 99333
29357561 136332
29357565 97853
29357566 21991
29357567 101715
29357568 3164960
29357569 95377
29357571 4331695
29356997 3488963
29357572 96772
29356999 269173
29353700 4762827
29357576 80957
29357579 4522006
29357626 22699
29357637 1008622
29357673 53712
29357678 51190
14949257 39779
29357682 280527
29357701 3591035
29357708 980166
29357709 35365
29357722 40211
29357724 4470922
29357739 3597304
29357756 86319
29357773 53979
29357774 13273051
29357777 280527
29357778 1551199
29357779 3827394
29357786 22350
29357789 3603232
29357798 52574
29357808 52574
29357809 13899319
29357823 51093
29357825 139186
29357831 42233
29357877 99333
29357879 51599
29357880 3444575
29357885 54661
29357886 54661
29357894 40211
29357895 48623
29357896 22419
29357897 13899319
29357902 101495
29357910 22419
29357917 2154
29357926 136332
29357928 52574
29357931 54419
29357938 19596
29357940 51093
29357941 265678
29357943 2510827
29357947 35365
29357950 52574
29357951 45113
29357978 35365
29357980 35365
29357984 42220
29358001 99180
29358002 3615570
29358025 22171
29358075 4328466
29358105 93144
29358116 100779
29358117 52574
29358146 4218989
29358147 4556451
29358149 265678
29358158 46685
29358162 35365
29358163 22419
29358164 4066617
29358165 1780816
29358166 101715
29358167 22419
29358168 2933921
29358180 4532
29358186 99180
29358193 95007
29358196 3828433
29358203 52574
29358204 4410136
29358206 3508894
29358208 2991511
29358211 4070763
29358214 78704
29358217 78704
14910887 1551199
29358220 1535715
29358222 101715
29358223 269173
29358224 80957
29358225 101715
15114357 19596
29358226 22419
29358227 2154
29358228 4400343
29358231 45961
29358233 618746
29358239 54661
29358244 99333
29358250 2127051
29358251 2424072
29358253 99333
29358254 101495
29358255 101495
29358258 3823011
29358260 2225487
29358282 22171
29358283 101715
29358286 22048
29358305 81425
29358312 22350
29358322 22350
29358327 13541802
29358348 129183
29358357 512099
29358368 20359
29358372 86248
29358381 99333
29358382 42233
29358383 52574
29358389 51093
29358403 2909417
29358412 29358413
29358414 40211
29358417 2171260
29358418 99333
29358421 51190
29358422 4470922
29358423 40211
29358424 4332352
29358425 1358138
29358427 4329197
29358429 3013775
29358430 20359
29358432 29358433
29358434 100779
29358435 99333
29358440 4065169
29358441 51190
29358444 40211
29358445 51783
29358447 42233
29358450 42233
29358452 15054374
29358454 51783
29358457 29358460
29358461 99333
29358463 99333
29358465 99333
29358467 42233
29358469 42233
29358473 51190
29358476 40211
29358479 51190
29358482 42233
29358488 4655533
29358489 101289
29358455 77714
29358458 234171
29358494 21991
29358495 52930
29358498 95007
29358499 4529103
29358502 80957
29358503 2127051
29358506 269173
29358508 2154
29358513 3823007
29358514 268015
29358518 3844248
29358525 51190
29358534 53921
29358550 22419
29358572 4532
29358593 54419
29358595 136332
29358598 99333
29358599 2190777
29358600 54193
29358697 22419
29358699 22419
29358731 101495
29358765 53979
29358767 95377
29358780 4095097
29358789 4532
29358797 225661
29358800 1722542
29358805 4400343
29358811 269173
29358840 77091
29358842 135411
29358843 157371
29358844 77714
29358846 77714
29358847 157371
29358849 4322
29358851 157371
29358852 92244
29358855 225661
29358858 93551
29358860 98385
29358862 77714
29358864 71588
29358866 234171
29358872 795779
29358874 93551
29358876 135411
29358877 48623
29358880 77091
29358881 367689
29358883 136358
29358884 42221
29358885 95007
29358887 99180
29358888 96772
29358890 98385
29358893 98385
29358895 54193
29358899 98385
29358901 99180
29358904 1413332
29358905 98385
29358907 42220
29358908 338292
29358910 39779
29358912 269173
29358916 77714
29358917 367689
29358919 90210
29358920 21897
29358921 138740
29358923 354944
29358925 48623
29358926 399056
29358928 138740
29358930 35196
29358932 101715
29359916 3583940
29360878 225661
29360882 4322
29360885 136332
29360892 2154
29360896 136358
29360903 19596
29360909 78163
29360946 225661
29360951 2155
29360966 2155
29360967 84636
29360972 100735
29360979 52574
29360980 17131
29361003 53712
29361004 53921
29361005 83841
29361006 79573
29361007 94214
29361008 70042
29361013 87500
29352834 100779
29361066 21823
29361084 128514
29350340 18546
29361090 51190
29361112 71588
29361126 2500710
29361130 53784
29361135 269173
29361138 53979
29361153 44179
29352892 265678
29361167 22048
29361251 4446615
29361268 13899319
29361280 100735
29361284 17131
29361295 53921
29361302 4070763
4978823 22350
29361335 93144
29361342 80957
29361352 19596
29361357 234171
29361413 29361415
29361422 29353817
29361423 3398542
29361425 4325610
29361430 3051402
29361431 3051402
29361442 4675260
29361445 4675260
29361456 4682471
29361457 3488931
29361460 1920221
29361464 28227781
29361465 3126369
29361467 3599870
29361470 3599870
29361471 3126369
29361472 29353430
29361473 4675260
29361475 3792645
29361478 3599870
29361479 4285116
29361481 1182794
29361482 29361484
29361485 4776123
29361488 4486674
29361491 3235019
29361492 29353410
29361494 4325610
29361496 3599870
29361497 29357174
29361498 3599870
29361499 28227781
29361500 29361501
29361503 4776123
29361505 4552911
29361507 477592
29361509 3599870
29361510 4491650
29361511 3599870
29361512 29353482
29361513 14949252
29361620 99333
29361663 80957
29361688 53784
29361699 1003588
29361927 46685
29362051 51190
29362112 82762
29362123 15490
29362128 53784
29362130 3021654
29362145 2308818
29362161 136358
29362176 100779
29362178 51599
29362180 86319
29362185 579626
29362233 87500
29362290 19596
29362322 54661
29362356 53784
29362367 4406640
29362383 29362384
29362385 29362386
29362387 4563384
29362397 29362399
29362401 29362403
29362412 96485
29362416 92244
29362418 54193
29362419 2154
29362623 101495
29362647 28408000
29362668 82762
29362671 269173
29362782 4532
29362831 22350
29362832 127515
29362833 22350
29362835 22350
29362838 80957
29362839 80957
29362979 102301
29362980 94524
29362999 95671
29363022 54193
29363044 22419
29363046 51190
29363048 102301
29363069 87500
29363075 22088
29363133 52930
29363201 19596
29363251 4403109
29363284 285031
29363286 255467
29363288 354797
29363292 205720
29363293 285031
29363295 205720
29363298 354797
29363300 73502
29363302 354797
29363303 354797
29363314 93551
29363396 122606
29363401 101715
29363482 129183
29363496 54419
29363501 54419
29363553 4532
29363590 4532
29363614 287249
29363628 287249
29363635 22350
29363640 54419
29363641 44179
29363643 4532
29363644 45301
29363646 21823
29363649 53315
29363655 81425
29363685 52574
29363737 4025579
29363753 265678
29363770 129183
29363820 48623
29363853 29363857
29363864 3819679
29363883 112087
29363887 100735
29363889 28707602
29364127 54193
29364131 86018
29364134 959428
29364139 51599
29364143 53784
29364155 95671
29364163 21991
29364164 22419
29364167 53979
29364171 54419
29364199 35365
29364202 22350
29364205 52574
29364219 95007
29364228 3508894
29364229 29364231
29364239 92893
29364241 92893
29364242 92893
29364252 53712
29364253 94214
29364254 53712
29364355 21897
29364360 54419
29364361 4532
29364364 72187
29364370 265678
29364375 3488941
29364377 54419
29364383 13429199
29364393 2154
29364401 54419
29364410 22419
29364413 52574
29364423 265678
29364425 4109764
29364440 101495
29364444 80957
29364447 35365
29364453 52574
29364456 269173
29364461 52930
29364464 59716
29364466 52574
29364467 72187
29364470 42220
29364473 696162
29364474 126469
29364482 35365
29364485 128514
29364486 271943
29364487 271939
29364488 42220
29364489 138740
29364490 128514
29364491 618746
29364492 42221
29364493 128514
29364495 4531
29364497 618746
29364499 63439
29364501 63439
29364502 687064
29364468 212973
29364503 35134
29364505 80957
29364512 22350
29364529 269173
29364548 80957
29364555 269173
29364560 269173
29364561 2154
29364562 269173
29364566 80957
29364568 80957
29364573 80957
29364575 101495
29364576 52574
29364577 265678
29364579 22419
29358732 22048
29364591 70781
29364595 22419
29364441 72187
29364600 80957
29364602 80957
29364605 40211
29364613 2811171
29364614 2154
29364615 80957
4836535 287249
29364637 129183
29364640 44825
29364647 129183
29364648 18546
29364649 109961
29364662 52930
29364673 80957
29364677 71588
29364679 4273950
29364680 22419
29364682 22350
29364683 102301
29364685 1016572
29364693 3488966
29364695 4733814
29364698 973891
29364701 53315
29364707 314375
29364709 4519767
29364711 48623
29364718 80957
29364722 80009
29364725 839759
29364822 269173
29364885 80957
29581962 4070763
29582066 29582067
29583387 95377
29583565 95007
29583700 29583702
29584093 29584095
29584293 29584295
29584382 4632709
15166322 22419
29584598 3169690
29585522 4532
29585529 94524
29585543 24350494
29586094 59716
3471574 70215
29586219 53784
29586842 3021616
29587290 92244
29587308 95671
29587466 3749095
29587471 14964098
29587474 314375
29587739 95671
29587919 138740
29588496 29588497
29588499 4755620
29591373 1416266
29591796 4404713
29592245 4573073
29592596 96485
29592693 95671
29593193 2155
29593258 1052837
25405451 273858
29594086 4812904
29594091 4840726
29594094 29594098
29594094 29594100
29594479 101289
29595187 80957
29595327 95007
29597264 29597266
29597269 4605498
29597457 4714289
10491327 2231233
29597736 29597738
29597859 206189
5979946 5898003
29598295 28408018
29598384 6281418
29598391 13585053
29598989 94110
29599049 94594
29599111 53921
29599164 15091311
29599538 29599540
535015 225661
29600655 29600660
29600928 94594
29601166 3759961
29601836 29601839
4082811 4235636
29603521 29603523
4588701 3182102
29603707 580908
29604008 433104
29604412 95377
29604462 22699
29604519 29604520
29606645 112019
30220873 3606219
30223459 6201055
30227650 92244
30227734 273858
28409447 95671
30232109 22088
30232351 30232353
30232568 86319
30232662 81425
30232907 42233
30236956 30236957
30239356 83841
30239962 760896
30239966 15490
1217336 51599
30240078 15490
13372725 15490
30243549 127515
30248352 94214
30248492 4578788
28594619 1676562
30418481 618481
30418487 649499
30418496 157371
30418517 126469
30418520 51093
30418526 51599
30418530 15490
2846266 51599
30418541 44179
30418557 54419
13491942 18546
30418560 45113
30418568 15490
30418570 53921
30418585 93144
30418586 72187
30418587 72187
30418588 15490
30418648 48623
30418649 35196
30418694 15115237
30418696 15490
30418699 30418703
30418718 51599
30418726 92893
14796853 15490
30418760 51093
30418787 100779
30418789 51599
30418791 83841
30418800 367689
30418801 18546
30418802 14935907
30418827 1251560
30418829 2933894
30418857 175884
30418863 82762
30418866 35196
30418867 15490
30418830 206189
30418868 59716
30418871 52574
30418882 15490
30418887 102301
30418888 100779
30418890 1700342
30418891 4364479
30418892 96894
10680285 4064217
30418893 2154
30418894 101715
30418910 52930
30418911 78368
30418915 2155
30418947 15490
30418979 354944
30418987 96485
30418991 273858
30418997 21991
30419001 15490
30419002 1146269
30419003 51093
30419012 53921
30419016 273858
29585943 35196
30419060 81425
30419064 880330
30419070 15490
30419074 15490
30419080 21823
30419082 13414106
30419093 18456
30419113 77714
30419114 35196
30419122 225661
30419130 15490
30419131 15490
3545068 18546
30419140 2154
30419154 4532
30419156 95007
30419158 51093
25405452 78163
30419167 127515
30419170 35196
30419171 15490
30419173 19596
30419175 15490
30419181 15490
30419182 96894
30419197 265678
30419200 35196
30419234 80957
30419243 95671
13446295 2155
30419308 269173
30419331 2154
30419333 127515
30419342 206189
30419347 86018
30419349 42233
30419353 4698963
30419361 273858
30419363 35196
10050590 40211
30419364 52574
30419365 225661
30419370 48623
30419371 96485
30419372 3712166
30419374 95007
30419382 22350
30419384 3693275
30419387 51599
30419390 96485
30419394 15490
30419423 48623
30419425 4713145
30419531 15490
29357577 22419
30419532 95377
30419538 2154
30419540 99333
30419552 15490
30419554 273858
30419560 35196
30419563 17131
30419572 127515
30419597 273858
30419616 4532
30419623 15490
30419625 135411
13372758 15490
30419659 93053
30419679 29344923
30419682 78163
30419690 15490
30419701 15490
30419711 273858
4958412 2154
30419715 63439
30419719 45113
30419720 143371
30419721 135411
30419723 15490
30419726 112019
13395450 79573
30419748 44179
30419754 15490
30419778 15490
30419782 59716
30419788 81425
29603030 22048
30419793 59716
30419794 122606
30419806 15490
13507852 95377
30419816 367689
30419821 82762
30419855 22419
30419857 15490
30419859 287249
30419864 207351
30419894 15490
30419895 100779
30419896 81425
30419897 4455027
30419898 4453842
30419902 95377
30419904 15490
30419905 4400343
30419921 96485
30419933 79573
13379393 51093
30420003 21991
30420015 80009
30420025 129183
30420029 3283564
2042012 53784
30420041 22529
30420055 51093
30420056 136332
4919353 15490
30243553 15490
30420076 100735
30420078 54419
30420107 127515
30419244 95671
30420111 96485
30420115 100735
30420119 112087
30420120 96485
29587269 40211
30420147 54193
30420187 15490
30420189 15490
30420199 15490
30420226 39779
30420251 271939
13372753 15490
14308871 52574
30420263 22699
30420277 15490
30420279 44179
30420291 136358
30420293 2155
30420311 53784
30420313 15490
30420317 381668
30420324 206189
30420327 53979
30420332 94594
30420338 4332233
30420344 15490
30420347 15490
30420355 15490
30420407 86248
30420408 40211
30420427 760896
30420444 4454402
30420448 95377
30420462 18546
30420470 234171
30420482 1298625
30420608 95377
30420631 30420633
30420637 21991
30420663 51783
30420674 434192
30420675 434192
30420678 4322
30420693 54193
30420711 3468766
30420716 127515
30420760 273858
30420832 273858
30421031 30421032
30421042 15490
30421048 54419
30421055 35196
30421094 127515
30421113 30421114
30421117 95007
30421125 279036
2846392 94524
30421134 51093
30421153 21823
30421155 15490
30421169 135411
30421177 4532
30421188 4532
30421191 15490
3844262 287249
30421193 15490
30421200 15490
30421201 94594
29855433 51190
30421206 15490
30421212 263231
30421244 35196
30421247 15490
30421249 48623
2846394 51599
30421260 15490
30421304 51093
30421310 44825
30421322 72187
30421338 52930
30421362 92893
30421363 3829760
30421364 367689
30421372 94524
30421373 51190
30421375 54661
30421377 94110
30421387 136332
30421388 54193
30421392 35365
3404752 15490
30421407 95671
30421420 45113
30421449 129183
30420446 15490
30421475 687853
30421481 70781
28725144 46685
30421490 52930
30421495 45113
30421418 102301
3572765 94110
30421542 53784
30421565 15490
30421566 15490
30243550 15490
30421616 35196
30421416 51093
30421626 44825
30421632 95377
30421634 21991
30421636 15490
30421641 15490
30421645 15490
30421672 19596
30421676 51783
30421681 129183
30421684 2155
30421685 22171
30421686 127515
30421687 15490
30421744 15490
30421745 15490
30421746 15490
30421752 273858
30421754 96485
30421755 128514
30421756 93053
30421770 15490
30421773 72187
30421779 15490
30421783 100779
30421795 70781
30421798 35196
30421800 95671
30421832 82762
30421852 273858
30421853 129183
30421858 54419
30421862 54419
30421878 15490
30421879 15490
30421884 15490
30421887 15490
30421890 15490
30421894 4532
30421950 15490
4356653 94214
30421967 100779
30421968 54419
30421970 22088
30421972 80957
30421974 15490
9267976 271943
30421990 135411
30421998 15490
30422003 263231
30422024 15490
30422032 95007
30422039 22088
30422050 48782
30422052 52930
30422064 127515
30422079 17131
30422085 273858
30422094 83841
30422105 18546
30422109 15490
30422111 135411
28409799 51093
30422151 129183
30419183 15490
30422163 86248
30422164 51599
30422187 79573
30422190 46685
14452755 95377
30422204 135411
30422241 30422242
30422246 51093
30422247 136370
30422299 367689
30422316 15490
30422323 354944
30422324 51599
30422327 30422329
30422332 15490
30422333 1838590
30422356 22088
30422362 59716
29350648 44179
30422409 86018
30422416 51190
30422429 78163
30422430 4531
30422439 15490
30422440 4064009
30422448 96485
30422473 40211
30422477 101495
2868151 53921
30422507 118011
2846337 15490
30422509 82762
30422511 143371
30422512 22529
30422517 54419
30422520 15490
30422525 135411
30422526 135411
30422536 54419
30422539 100735
30422547 15490
30422552 15490
30422560 15490
30422562 15490
30422567 22350
30422569 42233
30422572 42233
30422573 15490
30422576 15490
30422581 79573
30422582 100735
30422620 95671
30422624 100735
30422625 22171
30422626 96485
30422630 21897
30422639 66926
14985366 95671
30422652 273858
30422655 15490
30422672 354944
30422683 135411
30422687 22350
30422692 15490
30422702 15490
30422738 15490
30422739 15490
29594087 99333
30421642 96894
30422748 18546
30422749 15490
30422751 127515
30422753 15490
30422791 15490
30422797 15490
30422798 78163
30422809 15490
30422810 109961
30422821 15490
30422825 22088
30422837 15490
30422838 54419
30422850 95377
30422873 4738678
30422874 29349941
30422890 4532
30422897 51093
30422907 15490
30422927 52574
30422930 45113
30422938 15490
30422939 15490
30422947 203184
30422955 22088
30422961 2897938
30422962 4741053
30419835 52930
30422982 52574
30422991 59716
30422993 54419
30423014 54193
30423016 22419
30423019 96485
30423026 22088
30423027 15490
29585944 273858
30423050 3823633
30423054 40211
30423055 22048
30423126 15490
30423136 18456
8408225 39779
8408142 77714
8408153 77714
30423160 273858
30423176 53979
30423177 4546138
30423186 225661
30423212 48623
30423216 255215
30423221 51783
30423225 4532
1750293 314375
30423231 54419
30423235 54419
30423241 15490
3572766 99333
30423244 15490
5004607 42233
30423256 273858
30423262 15490
30423263 44179
30423268 19596
30423281 100735
30423285 4695542
30423300 878401
30423301 4223762
30423306 205215
30423315 273858
30423316 15490
30423322 20359
30423328 367689
30423332 269173
30423360 15490
30423365 15490
30423369 21823
30239967 51093
30423380 48623
30423389 15490
3084683 287249
30423394 273858
30423395 127515
30423397 17131
30423400 15490
30423403 273858
30423406 54419
30423424 15490
30423427 51093
30423451 22088
30423453 54419
30423454 101289
30423461 15490
30423469 51093
15000487 109961
30423488 45113
1477092 99333
30423511 15490
13372733 15490
30423514 101495
30423522 45301
30423528 203184
30423580 22529
30423581 206189
30423585 15490
30423593 54419
30423599 92893
30423610 45113
30423616 48623
30423617 53315
30423623 35196
30423632 3488941
30423633 52574
30423641 51599
30423647 21991
30423659 35196
30423664 112019
30423677 15490
1100371 40211
30423682 135411
2093693 15490
30423700 22699
30423707 2155
30423728 42233
30423729 90210
30423731 273858
30423732 4403109
30423748 15490
30423769 22419
30423770 127515
30421588 15490
30423774 95671
30423777 42233
30423779 15490
30420121 15490
30423796 35196
28844333 4532
30423813 4532
30423815 20728
30423816 77714
10047680 109961
30423831 15490
30423834 15490
30423853 77714
30423856 59716
30423870 94214
30423895 225661
13372726 15490
30423932 15490
30423944 70781
30423950 4747092
57817 15490
30423966 40211
30423981 2308818
30424030 3828553
30424032 19596
3404987 45301
30424061 92893
30424074 15490
30424076 273858
30424077 4758556
8408137 77714
30424086 206189
30424095 17131
30424100 51599
30424107 102301
30424108 15490
30424112 15490
30424115 15490
30422820 54419
29587270 273858
4575068 15490
30424136 95671
30424141 112019
30424143 22088
30424146 15490
30424149 15490
30424155 4745172
30424159 136370
30424161 15490
30424191 22419
29597595 45301
30424199 95671
30424206 96485
30424209 51093
14974746 40211
30424224 15490
4307656 94110
30424238 15490
30418902 19596
30424254 15490
30424256 53979
30424267 54419
30424270 54193
30424277 51093
30419246 95671
30424289 22171
30424301 53784
30424305 129183
21915518 35365
30424308 93053
30424320 2154
30424321 81425
30424323 135411
30424334 53712
13491953 15490
30424343 15490
30424348 70781
30424352 15490
29342028 3488966
30424394 15490
30424407 54419
30424429 94214
30424435 35196
30424442 4515749
30424448 35196
30424451 22048
30424453 15490
30424456 477592
30424457 135411
30424460 45301
30424461 35196
30424471 53712
30424490 15490
30424493 15490
30424494 15490
30424495 15490
30424496 15490
30424497 96485
30424498 35196
30424502 66926
30424504 35196
11947834 95007
29357119 4403109
30424560 4532
30424579 100779
30424590 94110
30424592 3555706
30424593 1539752
30424597 51599
30424600 52930
30424602 136358
30424604 15163717
30424625 4532
30424631 15490
30424637 15490
30424645 94214
30424659 15490
30424700 22699
30424701 18546
30424703 269173
30424707 3531145
30424709 15490
30424710 4491650
30424720 307915
30424721 20359
2846422 2154
30424744 101495
30424747 15163717
30424751 15490
30420445 45113
30424756 273858
30424225 51783
30424792 101715
30424794 83841
777833 94110
30424846 279036
30424853 4532
30424854 59716
29350342 51599
30424601 48623
30424865 127515
29603512 20359
2197274 2933900
30424881 4224202
30424893 15490
30424899 15490
30424900 15490
30424903 15490
30424909 102301
3817715 59716
30424914 51093
30424915 29356291
30424921 203184
30424923 3599870
30424924 98385
30424928 15490
30424930 51093
13391362 45301
30424944 54193
30424950 19595
4356654 94214
30424952 15490
30424954 15490
2846273 54419
30424964 35196
30424967 35196
30424968 35196
30424978 48623
14308874 273858
30424983 265678
30425001 15490
13429525 15490
30425008 4698963
30425012 45113
30425017 51190
30425032 15490
30425043 92893
30425055 22699
30425056 263231
30425057 234171
30425075 46685
30425080 15158915
30425081 29356291
30425175 44179
30425305 22048
30425455 99333
30425460 44179
30425927 44179
30425946 70042
30425950 70042
30425958 20359
30425978 21823
30426021 225661
30426068 102301
30426085 795779
30426125 45961
30426269 109961
30426368 21823
30426570 54661
30426729 54419
30426894 54419
30427325 22529
30427422 109961
30427425 70781
30427546 21823
30427649 102301
30427749 122606
30427751 44825
30428066 30428067
30428612 35365
30428770 52574
30428885 44825
30429411 287249
30429480 2404654
30429778 22699
30430227 52930
30430321 94524
30430416 4735142
30430652 16956
30430836 269173
30430930 129183
30430998 30431000
30431026 53784
30431051 287249
30431109 4492569
30431263 15490
30431442 3821537
30431980 66926
30432009 30432010
30432363 21992
30429779 93551
30432547 70042
30432636 22088
30432893 79573
30433114 20728
30433232 51599
30433448 45961
30433756 287249
30434145 86018
30434184 54661
30434470 39779
30434482 109961
30434583 94524
30434663 44179
30434730 22699
30434733 94524
30434768 4569322
30434820 1344
30434824 44825
30434938 44179
30435344 66926
30435541 612157
30435947 94110
30436097 477592
30436453 122606
30436651 95007
30436769 30436771
30437055 2199338
30437307 82762
30440319 45301
30440953 21992
30441056 17131
30441249 100735
30441412 17131
30441531 54661
30442200 4695419
30442444 22529
30442519 45961
30442654 87500
30442903 53315
30442918 51783
30442923 20728
30442991 45113
30443469 94524
30444278 82762
30445580 17131
30446142 35365
30446330 94214
30446443 40211
30446476 15490
30446589 30446591
30446763 70042
30446969 109961
30447134 95007
30447583 136370
30448368 44825
30448942 53921
30449140 45301
30449257 2739649
30449329 21823
30449352 17131
30449370 100735
30449549 16956
30450466 54661
30450577 52930
30451416 1344
30451480 82762
30451771 70781
30452307 35365
30452546 52574
30452861 45961
30453053 30453054
30453350 44830
30454640 22171
30454644 51599
30455039 100779
30455041 54661
30455237 3747403
30455503 53921
30455635 1251566
30455672 101495
30456138 95007
30456250 53921
30456529 51599
30456649 54419
30456679 45301
30456773 30423920
30457294 70781
30472579 15153290
30478700 4744234
30493212 234171
30493214 95007
30493387 185599
29351587 54419
30493532 98385
30493589 136332
30493590 136332
772631 140725
30500026 83841
30501954 19596
30503452 177517
30504213 112019
30511562 3808255
30514816 17131
30514816 87500
4196047 983385
30528835 2689287
30722137 86248
30722360 82762
30722247 45961
30722511 20359
30722560 78163
30722928 53712
30723259 18546
30723296 53712
30723576 2155
29345813 14318882
30724667 109961
30724725 18546
30724843 3828000
30728047 86319
30730766 86319
2043643 86319
30731883 86319
30732439 86319
30763250 269173
3615537 87500
3615517 87500
30881969 271940
30883201 44825
30883618 22171
30884771 45301
30884855 129183
4362094 4274374
12062801 80957
8828752 21823
3407949 112019
31307311 22048
31307325 109961
31326781 100735
31423543 72187
31461085 1413332
28715133 82762
31526718 83841
31571039 207351
31678744 203184
30739664 83841
31758061 82762
30724900 93053
14985368 273858
31759143 3615422
31759150 45961
31759162 30738203
31759394 4403594
31759395 4403594
31759427 48623
31759473 4310241
31759503 54193
2846406 51599
14985369 51093
31759757 3568454
777836 51599
15079334 35365
2846410 54419
3108896 35365
535191 1251862
535838 1252842
535192 1251864
535839 1252842
535193 1251862
535840 1252842
535194 1251862
535841 1252849
535195 1251862
535842 1252842
535196 1251862
535843 1252842
535197 1251862
31759976 4602874
31757970 315804
31760144 3743619
31760147 4005610
31760148 3743619
31760706 81425
10050591 15490
31758099 18546
30724902 44179
6701824 18546
13514732 53784
14985374 15490
30724903 78163
2846417 44825
31768366 134001
28715167 225661
31769615 136370
31769625 367689
31772409 102301
31772433 265678
31772645 22419
31772774 2154
13413974 45301
31772815 35365
31921913 206055
31921913 618481
1401766 81425
32778641 127515
32780761 21991
32784165 367689
32785620 54661
32785697 2416254
32790940 1836709
32791181 1916780
32791313 46904
32794210 697811
32795309 2718562
32799327 273858
32799358 40211
32805058 1912568
32807009 80957
32810016 92893
32813108 32813110
32815237 1413332
32823186 109961
32826747 4376838
32828137 206189
32828138 32828140
32829146 17131
32829753 54193
32829760 2780322
32829784 21991
32829792 367689
32839975 279036
32842257 112019
32842262 136332
32842902 51093
32843059 135419
32843155 51599
30422357 1252842
32844349 138740
32844354 101289
32844597 29353880
32844598 94594
32844599 136358
32844900 4753090
32845223 44825
32845842 367689
32845844 51599
32847671 136358
32848986 32848987
32848988 1413332
32848989 135411
32848990 433104
32848991 618481
32848992 1034317
32848993 135411
32848994 21897
32848995 7555716
32848996 696162
32848997 649499
32848998 42221
32849847 95377
32851768 2154
32851776 39779
32854564 48623
32855284 94594
32936297 32936300
30900451 264342
28407586 399056
32992157 4654499
32994961 4805170
32996056 109961
33072837 287249
33083675 44830
28715442 4449654
30239968 15490
28363983 54419
33171448 122606
33187754 30597033
33187757 33187758
33187760 33187761
33187770 4850764
33187772 3615836
33187773 4793641
33187774 15011619
33187775 4692300
33187777 15011619
33187778 30597033
33187779 6983752
33187780 100779
33187781 3615836
33187783 28989373
33187784 29602073
33187787 4673857
33187790 4836394
33187791 4796019
33187792 4732653
33187799 4699217
33187802 4692300
33187805 22048
33187805 33187806
33187807 4858286
33187810 4691472
15011598 15011619
33187819 3574255
33187821 33187824
33187836 30674845
33187840 4641702
33187842 4810687
33187847 4626080
33187851 31026570
33187854 4641702
33222161 271940
33222724 72187
33239045 431307
33239045 77091
33239046 58880
33239047 206055
33240089 44179
33240102 46685
33250220 54419
33344143 33344145
33579912 86248
28710100 53784
30766960 21992
23704534 263231
29362402 4520971
28714591 100779
28709833 839759
2350959 3047754
3047738 3047754
28711977 94594
28706527 338292
29603033 46685
29603039 22419
28710305 856208
15049349 22529
15139392 100735
29350343 22171
28709571 39779
33585532 33585536
33585548 44825
33585573 138740
33585638 593082
33585994 109961
33586328 502437
33586328 760896
33586389 63439
30881970 101495
33588283 28712788
33588442 3146360
33588696 4774494
33588946 20728
34223172 34223174
34223642 3022020
34224095 31069846
34224342 34224344
34224451 4065169
34224451 2082325
34224463 22171
34223943 93053
34224761 3431116
34224788 4576282
2997150 86248
34225113 22419
34225357 129183
34225379 1069141
34225670 80957
34225862 127515
34225997 52574
34226342 1955225
34226630 4129007
34227020 102301
34227037 34227039
34227780 34227781
34229406 135411
34229528 34229529
34230020 34230021
34230182 34230183
34230242 34230245
34231884 20359
13414045 100779
34232651 40211
34232673 1426747
34232674 3583524
34232675 14316986
34232896 93053
34233231 30659274
34233331 2958082
34233907 17131
30422080 94214
30724906 93053
30419660 21992
34234213 96485
34234221 22171
34234231 81425
4356658 94110
34234245 94110
34234369 1215287
34235962 54193
34236019 4390154
34236377 20728
34236551 15490
13491945 265678
34236705 4216942
34236713 79573
34237022 44825
34237112 21991
34237158 21992
34233019 45113
34237337 78163
11833459 100735
34238575 234171
34238576 29340983
34238872 22529
34238960 15490
4213287 127515
34239033 3125964
34239113 15490
34239178 14922992
34239204 34239205
34239386 53784
34239406 34239408
34239544 87500
34239670 4531
34239671 271943
34239672 4531
34240166 15490
34240272 3463764
34240492 94214
34240608 4520659
34241338 4273950
34241376 4223112
34241556 45301
34242792 15106937
6201125 94214
34246882 212973
34246883 135411
34247365 34247367
34247760 51783
34247986 45301
3471576 53979
29582063 531098
34248668 34248669
34248983 34248986
34249810 207351
34250276 127515
34250604 70781
34251036 225661
34251321 2154
34251324 45301
34251786 30464937
34251795 46904
34251958 18456
34253312 122606
34253485 101289
34253546 3749095
34254275 122606
34254327 772983
34254329 100735
34254330 100735
34254332 772983
34255415 4753090
34255427 15490
34255431 98385
34255479 836855
34255480 73502
34255481 795779
34255483 15490
34255553 34255554
34255555 92893
34255556 795779
34255640 4753090
34257249 39779
34257253 39779
34257254 39779
34257255 96772
34257256 39779
34257308 4765939
34257598 77714
34257660 72187
34257695 100779
34258717 96894
34259206 94524
34261038 51093
34262816 3966215
34265229 127515
34269182 53979
34277271 287249
34277678 367689
34279084 78163
34282185 96894
34282480 100779
34284071 14917340
34284479 4532
34284484 44825
34284578 45961
34289463 94110
34289522 100735
14925854 22088
34291861 3146360
34291887 3748289
34292789 95671
3104262 53979
34292895 20359
34293521 101289
34294008 4329069
34302214 15490
34302215 53712
34302962 21992
30239963 4666880
34305597 3470042
34306020 992143
34306551 3104236
34307111 101495
34307404 21991
34307406 42233
4484532 86248
34310660 973039
34311219 129183
34311655 96485
34312348 22699
34312353 100735
34313305 19596
34313331 87500
34313336 54419
34313337 101715
34313367 34313368
30420712 51190
34313442 14316934
34314126 51190
34308741 14320481
34314219 4647130
34314221 83841
3353930 21992
34257649 39779
3722021 4003932
34373198 29349941
34375715 4293258
34377050 112087
34379834 3622823
13370651 13220557
34381691 4193529
2996124 3511397
34399149 34399153
34401635 19596
34405042 35134
34411542 51599
34411544 687064
34416759 263231
34417529 4228251
34257428 92474
34421755 18456
34426097 136358
34442222 203184
34458362 4470713
11961770 53921
34465216 29353880
34468682 101289
34469376 54419
34473979 48623
34474493 99333
34492338 795779
34496199 51093
35062184 15490
35062335 53979
35062493 51093
13514733 101495
6701855 15490
35063317 15490
35063349 35196
35063373 4532
35063808 53979
35081682 618746
35084831 765592
35091749 82762
1483375 2084868
35397893 53712
35398704 66926
35398808 79573
35399052 45961
35401570 102301
35410719 54419
35406940 45301
30738502 15490
35412864 21992
2200123 94110
35495252 86018
35500140 72187
35502798 22048
35569205 129183
35581238 94594
35599873 4700446
4400101 18546
35772614 4221783
35773164 273858
35773244 35773245
2275932 22699
35773374 109961
35782848 53315
35854206 35854212
30424176 45961
30424647 70781
35375835 70042
35375838 53315
10047750 51599
36002826 53315
30420717 21991
36017432 4532
35773375 20359
28719756 1413332
30418701 15490
36109608 212973
36448427 125663
36509254 697811
36510133 92893
36510968 4532
36511092 36511094
36511675 4532
36512055 3307948
36512698 4313217
36512851 36512853
36513147 48623
36513464 28226336
36513825 4322
36519540 22529
36523690 16956
36524317 17131
36526346 70781
36527259 414854
4355174 70042
36532081 82762
11492905 3291884
36874163 54419
22109502 3283718
37670598 15490
37924688 37924689
37924695 19596
37924696 265678
37924704 37924706
37924707 95671
37924725 80957
37924747 96772
37925067 5898219
37925140 44825
37925153 34252206
37925154 269173
37925158 273858
37925162 82762
37925165 367689
37925170 39779
37925172 53979
37925175 53979
37925178 14765342
37925179 44825
37925182 127515
37925183 51599
37925186 95007
37925188 1968014
37925189 78163
37925192 109961
37925195 4672946
37925482 269173
37925604 46904
37925614 31004626
37925727 3449056
37925732 22350
37925733 96772
37925735 273858
37925738 99333
37925741 4532
37925744 127515
37925775 772567
37925776 95377
37925780 33533232
37925782 206189
37925785 51783
37925787 18456
37925789 99333
37925791 37925793
37925798 101495
37925805 54661
37925842 86319
37925853 22529
37925855 80957
37925860 95377
37925870 17131
37925896 54193
37925897 28301875
37925901 273858
37925903 80957
37925904 46685
37925906 37925908
37925909 95671
37925911 963866
37925912 22350
37925913 52574
37925916 96772
37925918 2927641
37925919 52574
37925920 11524965
37925921 37925923
37925924 37925925
37925926 80957
37925929 30741916
37925933 2154
37925936 30997591
37925937 13436890
37925938 4072902
37925940 127220
37925942 37925944
37925945 4476723
37925948 37925950
37925951 54419
37925952 37925954
37925955 8574740
37925957 273858
37925961 21991
37925962 37925964
37925965 19595
37925967 61925
37925969 367689
37925971 37925973
37925974 28727962
37925976 59716
37925978 30997165
37925979 269173
37925982 13503529
37925984 4680298
37925993 2332210
37925995 37925996
37925997 96485
37925999 31773814
37926001 51093
37926002 265678
37926003 5981715
37926005 37926006
37926010 269173
37926011 37926012
37926013 1069144
37926015 42233
37926016 53979
37926027 96485
37926261 45301
37926379 15490
37926510 3112344
37926512 42233
37926523 94214
37926571 59716
29603542 77714
37926575 4322
37926576 77714
37926587 136358
37926589 51093
34246432 15490
37926638 15490
37926639 205215
37926813 51599
37926815 59716
37926850 15490
37927005 40211
37927006 22350
37927011 44179
37927035 52930
37927298 99333
37927317 92474
37927324 86018
37927388 52574
37927451 129183
37927568 99333
37927581 45301
37927594 45301
37927659 118011
37927721 4532
37927847 20359
37928733 15490
13396856 15490
37928740 15490
37928741 15490
37928742 15490
37928744 15490
37928745 22088
37928746 15490
4216913 15490
37928751 15490
37928752 15490
37928910 127515
10486633 45301
37929006 48623
37929635 22419
37929729 37929731
37929732 101715
37929737 21991
37929760 44825
37929764 45961
37929947 35365
37930117 3918336
37930393 35365
37930485 157371
37930533 22171
37930559 19596
37930617 80957
37930738 273858
37930766 206189
37930823 15490
37930883 22088
37930959 15490
31855888 22699
37931618 51783
37931624 4698963
37931625 4698963
37931626 35196
37931627 205215
37931628 205215
37931629 367689
37931630 4698963
37931631 4698963
37931632 4698963
34247328 72187
37931633 205215
37931634 4698963
37931865 37931866
37932190 51093
37932200 128514
37932212 21992
37932226 31006155
37932234 269173
37932235 109961
37932257 100735
37932408 17131
37932476 122606
37932968 15490
37933026 94214
37933040 51093
37933077 269173
37933162 95671
37933188 19596
37933210 53784
37933818 51190
37934037 54419
37934045 15490
37934231 37934234
37934545 15490
37934547 15490
37934699 54419
37934850 21991
37934854 70781
37934946 269173
37926262 4322
37935220 53979
37935255 1081317
37935428 51599
37935440 15490
37935441 15490
37935549 18546
37935609 687064
37935907 71588
37935909 96894
37935911 367689
37935912 101495
37935914 21991
37935924 367689
37935927 96772
37935930 101715
37935933 127515
37935934 53979
37935936 40211
37935938 136370
37935941 86248
37935944 15490
37935947 263231
37935955 109961
37935958 21823
37935961 53921
37935964 54661
37935965 54661
37935968 83841
37935971 109961
37935974 102301
37935977 109961
37935979 51599
37935982 367689
2996170 79573
37936460 22419
37936900 15490
37936901 15490
37936902 35196
37936904 15490
37936908 35196
37936915 15490
37936918 15490
37936919 15490
37936921 51093
37936922 15490
37936924 15490
37936927 15490
37936928 15490
37936929 15490
37936930 15490
37936931 15490
37936934 15490
37936935 15490
37936936 206189
37936937 15490
37936938 94110
37936939 15490
37936940 15490
37937000 15490
37937476 2716495
37937683 158240
37937840 22350
37937990 96894
37938010 96772
37938119 51599
30239969 51093
37938163 54419
37938214 80957
37938220 234171
37938222 92893
37938228 54419
37938245 53979
37938249 22088
37938250 82762
5004610 19596
37938288 225661
1401710 18546
37938452 3813834
37938699 15490
37938754 4310241
37938755 4765725
37938759 100779
37938972 273858
37939022 37939026
37939036 269173
37939835 94524
37939837 19596
37939839 30998429
37939840 30997622
37939884 22529
37939899 101715
37940184 22699
37940247 22419
37940348 101495
37940553 37940554
37940605 30997897
37940623 15490
37940630 15490
37940822 22699
37941266 46685
37941271 53921
37941278 51599
37941379 22419
37941494 83841
13414103 109961
37941607 82762
37941632 53784
37941759 1821910
37941770 15160600
37942116 15490
37942117 15490
37942119 35196
37942121 15490
37942123 15490
37942124 51093
37942126 35196
37942132 15490
37942133 35196
37942134 35196
37942135 35196
37942136 35196
37942137 15490
37942141 205215
37942143 205215
37942186 99333
37942351 2154
37942357 15490
37942359 39779
37942417 18546
37942482 15490
37942483 72187
37942485 15490
37942486 15490
37942616 51093
37942723 15490
37942863 37942865
37942901 94214
37943054 95671
37943058 15490
37943059 15490
37943060 15490
37943063 15490
37943082 477592
37943107 135419
37943171 273858
37943340 54419
14308876 273858
37943351 45113
37943577 53784
37943622 51093
30027139 100779
37943647 109961
37943664 273858
37943678 45113
37943691 2615703
33252027 4674946
37943713 4135225
37943715 3169690
37943785 101495
37943815 53979
37944237 52574
37944241 99333
37944249 22419
37944251 53979
37944257 206189
37944265 95671
37944326 354409
37944393 51093
37944564 14959958
37944615 15490
37944616 15490
37944716 4682727
37944727 93053
37944819 52930
15135580 15490
4736150 100735
37945324 22529
38016386 45961
38027163 45961
38027453 100735
33679926 517621
28191312 53784
38071839 94214
38338960 28472729
38384553 197534
38394057 212973
38395998 51190
38400514 100735
38409021 22088
38443391 80957
38443456 181244
38458388 4532
38460531 4532
38460539 273858
38460540 52574
38580509 18546
38588861 502437
28708602 59716
28708603 51190
38718573 129183
28716940 28716946
28709185 52930
37999025 72187
28709045 22171
28719494 22419
28712564 35365
38787542 73502
28706018 35365
28706019 80957
28716773 15490
28714632 92893
39649435 128514
39656993 72187
39658278 8116551
39658507 19596
39665733 367689
39667171 128514
39673223 35196
39673866 85295
39675086 44825
10972384 10972388
39683556 21991
39685440 4322
39687774 1648040
39687774 246833
39688497 78163
39690561 39690562
39691525 4797077
30812822 234171
39695031 17131
39742523 94110
39799581 31903716
39933848 70781
39934312 265678
39934412 92474
39934501 22699
39934686 102301
39934744 14321260
39934792 22419
39935008 70781
2874815 83841
15008695 40211
39962506 21823
39962510 4579954
39962905 51093
39962907 22171
39962910 86319
39972973 18546
39973659 18546
39974995 129183
39976075 94214
39976248 22088
39976646 51599
39977040 72187
39977477 22048
39977650 127515
39977835 80957
39977986 82762
39978287 54661
39978519 129183
39978824 86248
39978924 94214
39979016 96894
39979088 98385
40008016 3818170
40035174 367689
40035407 35196
40037937 18546
40038304 35196
40039280 129183
40040054 51190
40040581 2154
40041644 78163
40041647 86248
28914734 87500
40044155 82762
40044605 93144
40045106 92244
40045382 71588
40046232 269173
40046237 21897
40047160 52574
40048063 45113
40048073 51783
40048210 40211
40643362 4521347
40643375 136332
40643393 39779
40643429 4322
40643442 136332
40643465 92474
40643507 94110
40643527 44179
40766293 45301
41699425 128514
41699430 225661
41699434 78163
41857374 3118336
41868221 3469908
41870901 30738865
41919909 2421199
41931065 3630036
41958225 81425
42057062 95007
42100669 51093
42112268 22171
42121675 22419
42132537 33540487
42142503 20359
42157298 225661
34286103 94214
29038473 136358
4575070 273858
42503207 77714
29603543 77714
29601450 273858
42503217 15490
42503222 15490
42503223 72187
42503224 93144
42503226 72187
42503281 15490
42503290 52930
42503291 15490
42503298 15490
42503299 15490
42503303 15490
30225523 35365
42503383 94214
42503408 207351
42503553 135411
42503754 15490
42503773 53784
42503851 15490
13523937 269173
42503905 72187
42503906 15490
42503934 212973
42503971 54419
42503976 15490
42504046 15490
42504048 15490
42504050 15490
42504088 206058
42504174 90210
42504176 96485
43222159 86248
43222244 94594
43222245 94594
43222246 94594
43222350 39779
43232900 94524
43232909 14319058
43329587 83841
43342413 83841
43380936 44179
43383449 80957
43383450 54661
43383452 21823
43383457 45301
43383461 109961
43383466 46685
43383468 54419
43383515 45301
43383517 129183
43383520 51190
43383528 80957
43383696 70781
43383701 94594
43383713 697811
43383720 44825
43383740 100735
43383754 94594
43383756 197618
43383782 135419
43383945 127515
43383985 139197
43383990 203184
43383990 87500
43384015 22529
43384022 51093
43384028 44179
43384031 86018
43384033 136370
43384102 54193
43384152 95007
43384174 70781
43384177 70781
43384199 92893
43384202 22419
43384205 265678
43384209 93551
43384221 206189
43384223 93144
43384225 760896
43384227 90210
43384229 54419
43384233 71588
43384238 129183
43384249 42221
43384253 54419
43384268 83841
43384272 81425
43384276 234171
43384278 96485
43384285 45301
43384288 95671
43384292 53712
43384298 207351
43384300 269173
43384306 22088
43384309 93551
43384317 40211
43384320 99180
43384322 263231
43384329 80957
43384333 40211
43384351 136358
43384356 1034317
43384361 101495
43384370 46685
43384372 367689
43384374 53315
43384378 2154
43384382 22171
43384389 73502
43384397 247183
43384405 271940
43384416 54419
43384423 72187
43384426 96772
43384430 279036
43384437 367689
43384441 18456
43384445 225661
43384449 225661
43384453 207351
43384459 59716
43384463 71588
43464681 15490
43485498 17131
30039239 79573
43544650 51093
43594053 4532
43669643 51093
43683296 40211
28409456 15490
43803369 2173266
43821897 54419
44125858 136358
44910107 127515
45583518 70781
45684596 86018
45684598 99333
45684601 129183
45684616 136358
45684624 21991
45684628 92244
45684631 92893
45684633 2154
45684635 101715
45684637 54193
45684640 273858
45684642 80957
45684644 225661
45684649 94524
45684651 269173
45684653 22419
45684656 53712
45684658 95007
45684661 86018
45684664 54419
45684672 44179
45684675 93144
45684680 53979
45684682 265678
45684685 265678
45684699 92244
45684702 225661
45684709 129183
45864736 94110
45867331 99333
45867333 15490
45906514 4532
45906516 45906518
45906519 1156575
46037220 86319
47773138 520591
47773138 268180
47773138 1693779
47773205 144490
47773206 1995127
47773207 2362564
47773207 1928307
47773207 3487910
47773258 74638
47773260 2289006
47773266 4322
47846652 1429546
47865224 87500
47865513 102301
47879606 2155
47966622 234171
48148214 21823
48148388 501826
29585946 15490
48149686 101715
3572771 4532
48150077 77714
48150078 35196
48150592 51783
48150599 273858
48150661 35196
48150971 205215
48150972 51093
48152037 109961
48152979 96894
48159833 15490
48166348 932372
48167979 15490
48168133 15490
48168291 15490
48168304 15490
48168319 15490
48168955 15490
48168956 15490
48169023 15490
48169024 54419
48169038 39779
48169039 39779
48169043 367689
48169044 35196
48169046 77714
48169048 77714
48169987 15490
48170086 15490
48170087 15490
48170088 15490
48170089 15490
48170090 15490
48170091 15490
48170092 15490
48170094 15490
48170095 15490
48179038 35196
48186328 135411
48186929 54419
48187655 54419
48188923 77714
3732408 22529
48190737 19596
48190916 22419
48191014 92244
48191226 135411
48191236 51599
48191275 44825
48191384 157371
48195628 94214
48446369 59716
48446388 59716
48448301 92893
48450635 4532
48455243 90210
48458794 51093
48460604 273858
48460607 86018
48460608 51093
48460856 15490
48460861 15490
48460862 15490
48460878 15490
48460880 15490
48469424 15490
49088595 21992
49144199 42233
49144604 15490
49166937 96772
13349799 53784
34246433 15490
29607552 95377
29603078 15490
3468257 3841751
49322205 100735
49322209 99180
49322381 90210
49332413 81425
49333264 265678
49335714 86319
49338795 101715
49406917 48623
49416155 49416156
49440798 95007
49585150 20728
50251306 2733829
50304732 273858
50307769 15490
50307771 15490
50307773 15490
50307775 15490
50308317 86319
50308765 35196
50308784 205215
50309287 77714
50309294 77714
50309470 15490
50309546 35196
50309921 35196
50310614 15490
50310637 15490
50310638 15490
50310652 15490
50310656 15490
50310695 35196
50310700 35196
50310733 35196
50310779 35196
50310826 35196
50310866 15490
50310963 273858
50311001 15490
50311113 35196
50311139 35196
50311140 35196
50311173 15490
50311174 4739236
50311471 35196
50311472 273858
50311495 206189
50311516 35196
50311517 15490
50311561 15490
50311626 15490
40035175 273858
50311773 15490
50312926 40211
50313141 95671
50313847 15490
50314413 15490
50314671 15490
50314674 15490
50314684 273858
50314893 15490
50314938 15490
50314945 96485
50315050 50315051
50315785 127515
50315789 4546706
50315831 15490
50316330 15490
50316425 42233
50316432 41338502
50316495 51093
50316522 3615593
50316754 15490
50317083 18546
50317285 135411
50317290 135411
50317364 94110
50317617 97853
50317671 135411
50317755 135411
50334610 95007
50334680 33686148
50334683 35365
50334756 34228101
50334826 50334827
50334963 45886713
50569659 59716
50571302 101495
50572496 21991
51003150 270993
51003151 94594
51003152 48623
51003152 44179
51003154 608670
51003154 307023
51003155 1323634
51003155 67658
51003156 151760
51003156 1693779
51003157 18456
51003158 1648040
51003158 246833
51003160 2289006
51003164 58694
51003164 4322
51003165 3383374
51003166 2289006
51003167 458311
51003174 477244
51003175 1995127
51003176 492435
51003176 118011
51003184 205720
51003185 255215
51003187 42220
51003189 101715
51003190 247183
51003191 477592
51003193 127515
51003202 271940
51003203 19595
51003204 399056
51003206 433104
51003207 51190
51003208 338292
51003212 4223014
51003213 432623
51003217 205720
51003219 760896
51003221 4531
51003222 46685
51003223 40211
51003224 100735
51003225 696162
51003229 39779
51003230 136370
51003231 101289
51003232 90210
51003233 269173
51003236 4227426
51003240 649499
51003261 95671
51003262 77714
51003263 93551
51003264 93551
51003271 18456
51003273 138740
51003278 434192
51003279 97464
51003283 265678
51003284 53784
51003287 92893
51003298 138740
51003300 35196
51003302 18456
51003311 72187
51003312 212973
51003317 95007
51003320 101715
51003321 3488932
51003325 118011
51003326 97464
51003333 94594
51003342 98385
51003343 96772
51003352 279036
51003353 99180
51003362 86018
51003363 35196
51003368 18456
51003369 138740
51003370 206189
51003381 15490
51003399 203184
51003402 314375
51003423 112087
51003424 96772
51003430 314375
51003438 101289
51003447 54419
51003448 52574
51003462 19595
51003469 22529
51003473 4794706
51003476 136370
51003480 136370
51003482 15145718
51003486 96772
51003487 99180
51003494 234171
51003498 52930
51003499 101289
51003500 15153571
51003505 136370
51003506 39779
51003513 21823
51003518 35196
51003519 273858
51003531 51003532
51003534 35196
51003541 98385
51003548 52930
51003549 4532
51003551 4207570
51003559 99180
51003563 48623
51003571 30420633
51003580 4216894
51003609 96485
51003610 99333
51003613 43221447
51003631 15028580
51003634 1091072
51003645 4142961
51003657 51093
51003658 51093
51003659 1079092
51003660 4532
51003661 94524
51003663 109961
51003667 21991
51003670 95007
51003673 20728
51003675 4820408
51003676 18546
51003680 51599
51003684 102301
51003694 44825
51003700 2275601
51003708 52574
51003725 568037
51003729 28406566
51003731 22171
51003733 70042
51003735 22088
51003736 122606
51003745 19596
51003746 3442677
51003749 1977800
51003758 287249
51003764 287249
51003776 44825
51003788 3743619
51003790 94110
51003791 86248
51003805 94215
51003837 78163
51003860 86319
51003912 489025
51003953 307023
51003954 196482
51003955 432623
51003956 432623
51003957 51003958
51003959 697811
51003960 271940
51003961 696162
51003962 247183
51003963 42221
51003964 649499
51003965 212973
51003966 433104
51003967 90210
51003968 90210
51003969 434192
51003970 434192
51003971 354944
51003972 795779
51003973 795779
51003974 21897
51003975 97853
51003976 97853
51003977 112019
51003978 33088099
51003979 4322
51003980 4322
51003981 92474
51003982 92474
51003983 93144
51003984 96772
51003985 96772
51003986 96772
51003987 206189
51003988 35196
51003989 35196
51003990 39779
51003991 39779
51003992 77714
51003993 77714
51003994 77714
51003995 77714
51003996 77714
51003997 4222441
51003998 94594
51003999 72187
51004000 72187
51004001 72187
51004003 72187
51004004 51004005
51004006 136358
51004007 136358
51004008 136358
51004009 93551
51004011 93551
51004012 98385
51004013 263231
51004014 263231
51004015 48623
51004016 48623
51004017 48623
51004018 71588
51004019 225661
51004020 136370
51004021 59716
51004022 95671
51004023 15490
51004024 15145718
51004025 95377
51004026 51783
51004027 51783
51004028 11698276
51004029 101495
51004030 51190
51004031 51190
51004032 42233
51004033 4748040
51004034 22419
51004035 80957
51004036 4532
51004038 21823
51004039 22699
51004040 18546
51004042 3938448
51004043 78163
51004044 70042
51004045 287249
51004046 14320539
51004047 20728
51004048 51004049
