4973077 1107760
5021427 3923401
480401 1107760
3774189 2264964
9670971 497808
9670971 890163
10014799 1107760
10196566 10196573
10196566 4271784
10196566 10196583
10196955 10196962
10237863 10237866
55595 228635
1371 18084
4680068 1357398
4680068 1357377
4706777 1357377
2878456 535801
822788 379843
11790944 952399
11790944 2899151
11790944 2899153
11837560 2899151
1252867 2130987
1252867 228635
1252867 513
1252867 2131467
11999899 952399
11999899 2899151
12005300 2899153
12025791 952399
12025791 2899151
12025791 2899153
12045455 1107760
12142333 2899151
12142333 2899153
12147987 952399
12147987 2899151
12147987 2899153
12147987 2899161
11668155 952399
11668155 2899151
12178587 952399
12178587 2899151
12213528 952399
12213528 2899151
2135055 1107760
12308760 2899151
1246453 2125644
233056 18084
3017 18084
13322820 379843
179551 550450
1809146 2620909
1122357 228635
2838260 854208
453012 760797
535372 1107760
13365997 952399
13365997 2899151
13365997 2899153
13365997 2899161
13367535 952399
13373182 952399
13373182 2899151
13373182 2899153
13373182 2899161
13373186 952399
13373186 2899151
13373186 2899153
13373186 2899161
11727190 2899151
11727190 2899153
11727190 2899161
3583869 1357398
3583869 1251946
3583869 1328352
13378991 2899151
13216845 2899151
13384274 952399
13384274 2899151
13384274 2899153
13384278 952399
13384278 2899151
13384278 2899161
13384282 952399
13384282 2899151
13384282 2899153
13384286 952399
13384286 2899151
13384286 2899153
13384286 2899161
11672962 952399
11672962 2899151
11672962 2899153
13384289 952399
13384289 2899151
13384289 2899153
13384289 2899161
13384293 952399
13384293 2899151
13384293 2899153
13384293 2899161
13384297 952399
13384297 2899151
13384301 952399
13384301 2899151
13385182 952399
13385182 2899151
13385182 2899153
13385186 952399
13385186 2899151
13385186 2899153
13252205 952399
13252205 2899151
13252205 2899153
13252205 2899161
11872909 2899151
11872909 2899161
12810434 952399
12810434 2899151
12810434 2899153
13389573 952399
13389573 2899151
13389573 2899153
13389573 2899161
1326395 1481518
4362362 1357398
4362362 1357377
13400848 952399
13400848 2899151
13400848 2899161
13401876 952399
13401876 2899151
13401880 952399
13401880 2899151
13401880 2899153
13401884 952399
13401884 2899151
13401884 2899153
13401884 2899161
11892716 2899151
11892716 2899153
11892716 2899161
13252180 952399
13252180 2899151
13252180 2899153
13252180 2899161
13414762 2899151
13414762 2899153
13414762 2899161
13216878 952399
13216878 2899151
13216878 2899153
13216878 2899161
13216827 952399
13216827 2899151
13216827 2899161
13423144 952399
13423144 2899151
13423144 2899153
13423144 2899161
13428425 952399
13428425 2899151
13428431 952399
13428431 2899151
13428431 2899153
13428431 2899161
11889496 952399
11889496 2899151
11889496 2899153
12810435 952399
13428448 2899151
13428448 2899153
13252181 952399
13252181 2899151
13252181 2899161
13428452 952399
13428452 2899151
13428555 952399
13428555 2899151
13428555 2899153
13429362 952399
13429362 2899151
13429362 2899153
13429362 2899161
13429366 952399
13434792 952399
13434792 2899161
13441278 952399
13441278 2899151
13441278 2899161
13445759 952399
13445759 2899151
13445759 2899153
13445759 2899161
13445764 952399
13445764 2899151
13445808 952399
13445808 2899151
13216862 952399
13216862 2899151
13216862 2899153
11727191 952399
11727191 2899151
13489526 952399
13489526 2899151
13489936 952399
13489936 2899151
13489936 2899153
13494943 952399
13494943 2899153
13495498 2899151
13495498 2899153
13501523 952399
13501523 2899151
13501523 2899153
13462397 952399
13462397 2899151
13462397 2899153
13462397 2899161
13502165 952399
13502165 2899151
13503175 952399
13503175 2899151
13503175 2899161
13504979 952399
13504979 2899151
13510598 952399
13510598 2899151
13510598 2899153
13510602 952399
13510602 2899151
13510760 952399
13510760 2899151
13510798 952399
13510859 952399
13510859 2899151
11672963 952399
11672963 2899151
11672963 2899153
4021284 1357398
4021284 1357377
13516223 952399
13516223 2899151
13516223 2899153
12810436 952399
12810436 2899151
12810436 2899153
14215304 1107760
173502 535801
14308869 14308878
721385 1481514
721385 1481516
721385 1481518
612121 1350355
4696917 1357398
4706690 1357398
4706690 1357377
4424816 1357398
4424816 1357377
14937113 4128045
14937113 1357398
14937115 4128045
14937115 1357398
14937257 4128045
14937257 1357398
14937212 4128045
14937212 1357398
4588712 1251168
4588712 4324668
4588712 228635
4588712 1358841
4588712 2878208
4588712 513
4588712 4600112
4588712 1357377
4122699 4128045
1252455 512885
1252455 2130987
14966650 14966653
14974744 132400
14974744 14974746
14876730 14876736
4688845 1357398
4688845 1357377
4692851 1357398
4700615 1357398
4692846 1357398
4692840 1357398
4692871 1357398
4696923 1357398
4703764 1357398
15001057 2899151
15001057 2899153
15001061 2899153
4362205 1357398
4362205 1357377
4692872 1357398
4692872 1357377
14997122 14997129
4595491 1357398
4595491 1357377
4424764 1357398
4594947 2962209
4594947 228635
4594947 1357398
4594947 4605983
4594947 4600112
4594947 1357377
4650397 1357398
4650397 1357377
4700705 1357398
4700705 1357377
4166135 1357398
4166135 1357377
4561099 1357398
4561099 1357377
4595140 1357398
4595140 1357377
4692946 1357398
4692946 1357377
4378132 1357398
4378132 1357377
4469025 1357398
4469025 1357377
3593770 1357398
3593770 1357377
4692875 1357398
4469061 1357398
4675048 1357398
4675048 1357377
4675187 1357377
15072246 1357398
15072246 1357377
4424888 1357398
3759968 2753145
3487642 2962209
3487642 1357502
3487642 1357505
3922563 1357377
618477 1357377
3112862 1357398
1246589 1357377
4271446 1357398
4271446 1357377
15101470 228635
1980083 1980088
15107137 10197959
3344577 2753138
3344554 2753138
14344255 2130987
10085206 10075150
10085206 4959956
15125435 1357377
15127455 1357398
15127455 1357377
4684571 1357398
4684571 1357377
4336867 1357398
4336867 1357377
4227524 1357377
4424924 1357398
4503368 1357398
4362099 1357398
2961957 1357377
7819010 1357398
7818990 1357398
7818990 1357377
7818954 1357398
7818954 1357377
4680145 1357398
4692876 1357398
4053865 2130987
4595062 1357398
4606059 1357398
4544490 2130987
4544490 4214411
3268858 228635
15157026 2130987
15157026 1483400
15157026 4214411
15157033 2130987
15157033 1483400
2878073 2130987
15158354 1357398
15158354 1357377
4669407 1357398
4503229 1357398
4595063 1357398
4706713 1357398
4709844 1357398
4053857 1483400
4053857 4214411
4717311 1357398
15160971 2899151
15160971 2899161
4696877 1357398
4714091 1357398
4714091 1357377
15171582 2130987
15171582 1483400
15171582 4214411
4425798 1357398
4425798 1357377
4477106 3344414
4700617 1357398
4706682 1357398
15243058 3113584
15243058 930714
15243058 2430084
15243058 3612829
2636976 1107760
15289653 1358841
15289653 1107760
535138 1107760
4469072 1357398
4469072 1357377
15301908 1107760
1980084 2753138
1980084 2753145
2753831 2753145
3343547 2753145
1010257 228635
1112812 1984786
3344579 2753145
3343566 3268869
3343566 2753145
23727330 23727332
2126838 2874815
28706368 10075150
28706597 10075150
28707759 10075150
28706449 10075150
28710735 10075150
28711983 10075150
28712689 10075150
28714079 10075150
28714079 10197959
28714318 10075150
28716812 10075150
28716812 4959956
28720283 10075150
28721399 10075150
28721589 10075150
28721958 10075150
28722220 10075150
28722220 10197959
10075145 10075150
28706624 10075150
28723062 10075150
28723062 10197959
28723067 10075150
28723270 10075150
28723270 10197959
28723296 10075150
28723923 10075150
28723923 15934721
28713119 10075150
28713119 4959956
28724669 10075150
15656396 15656409
29029710 229853
2738441 237797
2738441 3329903
2738441 3329904
2738441 3329905
4458970 795784
4043618 795784
4235721 795784
29345079 4836517
2169999 2084551
450681 1107760
4551363 1357398
4530457 1357398
3344443 3268869
3344443 2753145
29587185 1328353
29587185 4341641
29601344 208408
29601344 2180008
29601344 13395720
28712387 28712386
28717341 28717340
262504 760793
262504 760794
262504 760795
262504 760796
262504 760797
262504 760800
262504 760804
2335321 3036327
30219466 3106634
30219466 30219467
30219466 3051013
30221962 952399
30221962 2899153
30223377 9666186
30227310 952399
30234842 952399
30235016 1252184
30235016 30235017
30238657 2899153
755610 1537694
30246066 2899151
30246066 2899153
30246066 2899161
30246275 952399
30246693 7904600
30248637 952399
15359126 1107760
8110591 379843
30380993 379843
30435007 10197959
30435590 10197959
30489284 1357398
30489284 1357377
4576823 1357398
30494126 2130987
30495465 2130987
30495469 2130987
30495505 2130987
30495825 2130987
2935921 3470097
15144605 2130987
4421552 2130987
4421552 1328348
30497752 2130987
4325523 2130987
4325523 1483400
15150742 1483400
15157036 1483400
30497852 2130987
4622824 2130987
4622824 1483400
30497867 2130987
30497867 1483400
30497892 2130987
30497892 1483400
2878072 1483400
4490642 2130987
30497958 2130987
30499994 2130987
30500086 2130987
30500536 2130987
30502084 2130987
30502234 2130987
12545380 2130987
30503292 9666186
30503468 2130987
4265081 1357377
30505254 1357398
30505254 1357377
30505454 1357377
4601993 1357398
4601993 1357377
4719736 1357398
4719736 1357377
4631390 1357398
30505401 1357398
4519863 1357398
4519863 1357377
4568265 1357398
4568265 1357377
4362121 1357398
4362121 1357377
4642694 1357398
4642694 1357377
4674989 1357398
4674989 1357377
4503259 1357398
4503259 1357377
4642920 1357398
4642920 1357377
4166138 1357398
4657595 1357377
4688864 1357398
4688864 1357377
4680065 1357398
4680065 1357377
30505638 1357377
30505641 1357377
30505652 1357398
30505652 1357377
4725886 1357398
4725886 1357377
4766250 1357398
4766250 1357377
4468952 1357377
3122674 1357398
3122674 1357377
4271456 1357398
4271456 1357377
3606211 3571475
4634965 1357398
4675041 1357398
28490745 1357377
30505329 1357398
2085869 1357398
3600038 1357398
3600038 1357377
30505803 2962209
4495687 795784
2131463 1107760
2131463 2878718
4700719 1357398
4700719 1357377
2231491 1328348
3600046 228635
3600046 1482993
3600046 1357398
4680159 1357398
4680159 1357377
4469390 1357398
4469401 1357398
4469044 1357377
4703715 1357398
4425162 1357398
30506427 1357377
4696869 1357398
29344809 1357377
4663596 1357398
4469975 1357398
4469975 1357377
4703719 1357398
30506462 1357377
4479426 1357398
30506444 1357377
30506432 1357377
4706664 1357398
4568859 1357377
4626002 1357377
30506470 1357377
4696852 1357398
30506438 1357377
30506428 1357377
4663606 1357398
4725869 1357398
4722180 1357398
4663526 1357398
4595106 1357398
4469393 1357398
4469393 1357377
4634902 1357398
4503714 1357398
4568618 1357398
4700666 1357377
4425163 1357398
15072309 1357377
15127457 1357377
4595095 1357398
4731357 1357398
30505448 1357398
30508038 1357377
4700162 535801
4700162 1107760
4764993 1357398
4503129 1357398
4700584 1357398
4696843 1357398
4362147 1357398
30509172 1357377
4503267 1357398
30509284 1357377
4837092 1357377
30509194 1357398
4530133 1357398
4530133 1357377
30509210 1357398
4530969 1357398
4530969 1357377
30509368 1357377
30509383 1357377
4642705 1357398
4606438 1357398
30509396 1357377
15072317 1357377
30509399 1357377
4551316 1357398
30511190 1357398
4647518 4496300
4647518 4496306
4364499 1357377
4595476 1357398
4595476 1357377
2961894 1107760
4271411 821453
4271411 1357398
4271411 1357377
4594534 1107760
4616243 1357398
4616243 1357377
3922551 1357398
3922551 1357377
4669408 1357398
4669408 1357377
3760078 1631380
3760078 2753138
4362127 1357398
4362245 1357398
4551318 1357398
4657172 1357398
30509315 1357398
2839615 1357398
2839615 1357377
4362265 2962209
4362265 2130987
4362265 1984786
4362265 1357377
4425158 1357398
4709830 1357398
4709830 1357377
30512436 1357398
30512440 1357398
30512441 1357398
4696931 1357398
4714914 1357398
30512444 1357398
30512445 1357398
30512446 1357398
30512447 1357398
30512449 1357398
30512452 1357398
30512454 1357398
30512455 1357398
30512456 1357398
4703762 1357398
4703776 1357398
4688857 1357398
4696919 1357398
4696915 1357398
4696915 1357377
4692834 1357398
4688865 1357398
4712381 1357398
4696876 1357398
4688858 1357398
4700641 1357398
4703760 1357398
4703760 1357377
4688859 1357398
4696886 1357398
4696886 1357377
30512517 1357377
4315889 2753138
4053961 1357502
4053961 1357505
4053961 535801
4503268 1357398
4625729 1357398
4503349 1357377
4703750 1357398
4706688 1357398
4706689 1357398
4634726 1357398
4610097 1357398
4468990 1357398
4594979 1357398
30506434 1357377
30506447 1357377
4625635 1357398
4425793 1357398
29344801 1357398
4557983 1357398
4692826 1357398
4595060 1357398
30506440 1357377
4612118 1357398
4669528 1357377
30506436 1357377
1287487 1357377
30506430 1357377
4646150 1357398
4616376 1357398
4669539 1357377
4362207 1357398
30513398 1357377
4727468 1357398
4650500 1357398
4595314 1357398
4616536 1357398
4722160 1357377
4606295 1357398
4606295 1357377
4551360 1357398
4530455 1357398
4625880 1357398
4583239 1357398
4550087 4128045
4550087 1357398
4550087 3667720
3760103 2753138
4449626 1357398
4449626 1357377
30507908 1357377
4131591 1357398
4378118 1357398
2231552 2962209
2231552 228635
2231552 1357505
2231552 535801
15072365 1357377
29344730 1357377
30514429 1357377
30514438 1357377
15072281 1357377
15072286 1357377
30514687 1357377
15127463 1357377
30514850 1357377
4582965 1357398
4582966 1357398
4568289 1357398
4673466 1357398
4678583 1357398
4543744 1357398
4577832 1357398
4479436 1357398
30507590 1357377
30514986 1357377
30515300 1357377
4700638 1357398
4706696 1357398
4706696 1357377
4491666 3667720
30516208 1357377
30508023 1357377
15072304 1357377
3344478 228635
4732960 1357398
15072369 1357377
15127458 1357377
3962041 1357398
3962041 1357377
30517454 1357377
4468879 1357398
15072282 1357377
4703744 1357398
4703744 1357377
4706659 1357398
4207666 1984786
4663566 1357398
4687491 1984786
4590202 1357398
4625725 1357398
4625725 1357377
4606434 1357398
4606434 1357377
30518763 1357377
30518828 1357377
4285324 1107760
3820201 1357502
4293237 4377287
4061463 1357502
4061463 4128045
7819020 1357398
7819020 1357377
7818969 1357398
7818969 1357377
7818983 1357398
7818983 1357377
7818998 1357398
7818998 1357377
7818999 1357398
7818999 1357377
4271470 1357398
30519190 1357377
30519195 1357398
4152569 1107760
4529853 1357398
4468894 1357398
4362229 1357377
4362133 1357398
4424730 1357398
4469067 1357398
4700649 1357398
4714906 1357398
4703751 1357398
4424731 1357398
4503134 1357398
4468959 1357398
4503137 1357398
4468880 1357398
4468880 1357377
4529857 1357398
29364539 1357377
4583425 1357398
4503327 1357398
4703768 1357398
4424737 1357398
4424737 1357377
15072351 1357377
29344783 1357398
30519357 1357377
30519358 1357377
30519365 1357377
15127469 1357377
30519373 1357377
30509307 1357398
30509307 1357377
4703851 1357377
30519374 1357377
30519376 1357377
4657490 1357398
30509351 1357398
4702736 1357398
4702736 1357377
30519378 1357377
4616393 1357398
4594920 1357398
4550869 1357398
4503333 1357398
30509316 1357398
30509316 1357377
29344815 1357398
30519386 1357377
30509350 1357398
4529904 1357398
4724037 1357398
4504337 1357398
30519388 1357377
15127473 1357377
4669384 1357398
4595132 1357398
15127464 1357377
30519390 1357377
30519392 1357377
4606134 1357398
4626008 1357398
4687743 1357398
30519402 1357377
4725831 1357398
15072375 1357377
30519406 1357377
4717287 1357398
30507087 1357398
30519407 1357377
15072312 1357377
30519415 1357377
30519416 1357377
30519421 1357377
30519423 1357377
15072333 1357377
4837027 1357377
4529899 1357398
30509200 1357398
4568108 1357398
15072316 1357377
4616304 1357398
4616304 1357377
4605972 1357398
4272952 1357377
4363275 1357398
30509314 1357398
30519446 1357398
30519446 1357377
30519447 1357377
15072345 1357377
30519449 1357377
15072337 1357377
4424860 1357398
4717303 1357398
30519452 1357377
30519455 1357377
4719755 1357398
30519459 1357377
4837059 1357377
15072373 1357377
4722145 1357398
30519462 1357377
2429186 1357398
30508786 1357377
4697001 1357377
15072328 1357377
30519473 1357377
30519474 1357377
4717308 1357398
4424738 1357377
4836921 1357377
4503170 1357398
4503170 1357377
30519475 1357377
30519476 1357377
30509355 1357398
3678466 1357377
4616625 1357398
4616625 1357377
3593788 1357398
4616388 1357398
4606114 1357398
3593785 1357398
30505359 1357398
30519487 1357377
4663739 1357398
4712434 1357377
4684587 1357398
4669409 1357398
30519489 1357377
30507800 1357377
4725834 1357398
30509301 1357398
4714909 1357398
4714909 1357377
4717309 1357398
4766251 1357398
4530082 1357398
4703761 1357398
4705844 1357398
4705844 1357377
4568053 1357398
30519497 1357377
30519501 1357377
15072300 1357377
4696926 1357398
30519504 1357377
4642712 1357398
30509353 1357398
30509353 1357377
4669320 1357398
4680002 1357398
4706704 1357398
4712374 1357398
4714910 1357398
30519507 1357377
15127474 1357377
15072303 1357377
4538125 1357398
4468934 1357398
4424761 1357398
4424761 1357377
30519510 1357377
30519511 1357377
30519513 1357377
29344764 1357398
4503262 1357398
4568278 1357398
30519515 1357377
30519517 1357377
4550775 1357398
30519520 1357377
29344766 1357398
4543745 1357398
30519523 1357377
4669314 1357398
4722144 1357398
30519525 1357377
30519529 1357377
4696938 1357398
4703765 1357398
30519530 1357377
4714917 1357398
4700657 1357398
4634987 1357398
4634987 1357377
4468920 1357398
4468920 1357377
4583461 1357398
4424963 1357398
30519438 1357398
29344769 1357398
4469053 1357398
4469053 1357377
15127466 1357377
15072359 1357377
4616595 1357398
4709824 1357398
4424781 1357398
4528808 1357398
4501744 4128045
4362264 1357398
15171590 1483400
30497900 2130987
7818975 1357398
7818975 1357377
30521131 9696496
30521131 1357398
30521131 854208
4214401 1483400
2130845 1483400
2130845 2878071
4692835 1357398
4719758 1357398
4719758 1357377
4399367 2130987
4399367 4214411
3399834 1357398
3399834 1357377
4836995 1357377
30497897 2130987
15171585 2130987
15171585 1483400
15072302 1357377
1107769 1980088
15072283 1357377
4688860 1357398
4692861 1357398
4692861 1357377
4700626 1357398
4700664 1357398
4692841 1357398
30523682 1357377
30497959 2130987
4696883 1357398
4489327 1357398
2908051 854208
4705669 1357398
4705669 1357377
3916733 4128045
3451617 1357377
30526513 1357377
4692844 1357398
30526538 1357377
4706693 1357398
30526587 1357377
15072311 1357377
4378070 4436929
4684565 1357398
4642722 1357398
4642722 1357377
30526811 1357398
4503329 1357398
4469399 1357398
4503717 1357398
4625656 1357398
4703738 1357398
30506429 1357377
29353345 1357377
30506465 1357377
4761544 1357398
4313515 1357398
30506500 1357377
4663767 1357377
30506848 1357377
30527140 1357377
4640489 1358841
4640489 4496306
4669299 1357398
30508045 1357377
4468949 1357398
30505289 1357398
3759030 2125644
29344697 1357398
4742488 1357398
29344754 1357398
30527343 1357398
4595096 1357398
4595096 1357377
4683148 1357398
30507586 1357377
30506963 1357377
4343230 2130987
4343230 2131467
4740163 1357398
4740163 1357377
30527687 1357398
30527687 1357377
30508048 1357377
30508047 1357377
4657191 1357398
4657191 1357377
4650389 1357398
4650389 1357377
30527926 1357377
4235718 795784
29344721 1357398
4675145 1357377
4719760 1357377
4684631 1357398
4729477 1357398
4744702 1357398
4744702 1357377
30528036 1357377
30507628 1357398
4714903 1357398
4714903 1357377
15125425 1357377
4709902 1357398
4562373 1357398
4634993 1357377
4717359 1357377
4582990 1357377
3922599 1357398
30519430 1357398
4732936 1357398
4642692 1357377
30528039 1357377
4764326 1357377
4717313 1357398
4717313 1357377
4469041 1357398
4595134 1357398
4728751 1357377
4512324 1357398
30519433 1357398
30528043 1357377
4696870 1357398
30505301 1357398
4714912 1357377
4606413 1357398
4606413 1357377
4133505 1357398
4363271 1357398
4133463 1357398
4133471 1357398
4133471 1357377
30508736 1357377
30528045 1357377
4724039 1357398
4606106 1357398
4424940 1357398
4424940 1357377
4650635 1357398
4650635 1357377
4719754 1357398
30528047 1357377
4706762 1357377
4836922 1357377
4695941 1357398
4272975 1357398
4272975 1357377
4468872 1357398
4673351 1357398
4362178 1357398
4625740 1357398
4625740 1357377
4519732 1357398
4519732 1357377
4582923 1357398
4717367 1357398
4717367 1357377
30528048 1357377
4616235 1357398
4663598 1357398
4582815 1357398
4661753 1357398
4661753 1357377
15072327 1357377
30528055 1357377
4271435 1357398
4650633 1357398
4568837 1357377
4568188 1357398
4640036 1357398
4640036 1357377
4543748 1357398
4708869 1357398
4708869 1357377
29344781 1357398
29344659 1357398
29344659 1357377
4733904 1357377
30505295 1357398
30505295 1357377
4729496 1357398
30528061 1357377
30509356 1357398
4688809 1357398
4734537 1357398
30509352 1357398
30509352 1357377
4712387 1357398
4712387 1357377
4294830 1357398
4582950 1357398
4551011 1357398
30528304 1357398
15072301 1357377
30519443 1357398
30519437 1357377
4460096 4377287
4460096 1328348
4460096 4496300
4460096 4496306
4135266 1357377
4456564 1357377
3824119 1357377
4362179 228635
4362179 1357398
4696885 1357398
4684576 1357398
4684576 1357377
4198516 1631380
4198516 2753138
3343570 2753138
4551716 1357398
4568251 2962209
4568251 1357398
4468993 1357398
30506442 1357377
4675173 1357398
4675173 1357377
30507518 1357398
4700650 1357398
30507913 1357377
1578693 1357502
1578693 535801
30529696 2962209
30529696 228635
30529696 3667720
30529696 22429103
4271421 1357398
4271421 1357377
4764988 1357398
4764988 1357377
30505310 1357398
4378120 1357398
4378120 1357377
4530020 1357398
4732933 1357398
4732933 1357377
4625701 1357398
4625701 1357377
4468968 1357377
4424769 1357398
30509349 1357398
4657254 1357398
4657254 1357377
4616614 1357398
4616614 1357377
30529850 1357377
4489129 1357398
4489129 1357377
4836812 1357377
4678475 1357398
30505305 1357398
30505305 1357377
4591049 1357398
4591049 1357377
30529855 1357377
4591058 1357398
4591058 1357377
15125421 1357377
4650612 1357398
4650612 1357377
4625671 1357398
4625671 1357377
4606120 1357398
30529860 1357377
30509379 1357398
30509379 1357377
4568302 1357398
30529861 1357398
30507679 1357377
4582917 1357398
4657485 1357377
4424689 1357398
4424689 1357377
4688938 1357398
1999358 1357398
1999358 1357377
4487649 1357398
4487649 1357377
4706722 1357398
4706722 1357377
4328441 1357502
2130846 2130987
2130846 1483400
30506497 1357398
2753124 1980088
618530 1357501
618530 1357502
618530 1357505
4696927 1357398
4696927 1357377
30505384 9667585
30505384 1357398
30505384 1357377
4582879 1357398
4582879 1357377
4271494 1357398
4271494 1357377
4601891 2962209
4601891 1248230
4684535 1357398
4684535 1357377
4776068 2130987
4776068 1328348
30530899 1357377
30509308 1357377
4574123 1357398
4669530 1357398
4574118 1357377
4503131 1357398
4648023 1357398
4648023 1357377
4738777 1357398
4738777 1357377
4594976 1357377
4610102 1357398
4726893 1357377
4738244 1357398
4738244 1357377
4625977 1357398
4625977 1357377
4691853 1357377
4625658 1357398
4616348 1357398
4616348 1357377
4727451 1357398
4727451 1357377
30530900 1357377
4706786 1357377
4700591 1357377
4661616 1357377
4675070 1357377
4574139 1357398
30509305 1357377
30509380 1357377
4557969 1357398
4616601 1357398
4479444 1357398
4479444 1357377
4271412 1357398
4271412 1357377
4582911 1357377
4680142 1357398
4680142 1357377
4265045 1357377
4424703 1357398
4424703 1357377
3487045 1357377
4271424 1357398
4271424 1357377
4583453 1357398
4583453 1357377
3758948 4025415
4271473 1357398
4271473 1357377
4362208 1357377
15149714 1357398
15149714 1357377
30506615 1357398
4743687 1357398
4743687 1357377
4650410 1357398
4650410 1357377
4745263 1357398
4745263 1357377
4836882 1357377
4616310 1357398
4616310 1357377
3764436 1357398
29344746 1357398
29344746 1357377
29344667 1357398
3122675 1357398
4530061 1357377
3353701 1357398
3353701 1357377
29344759 1357398
29344759 1357377
4424762 1357398
30509265 1357398
29344791 1357398
4131596 1357398
4700600 2130987
4700600 4128045
4700600 1357398
4271457 1357398
4271457 1357377
4692873 1357398
4692873 1357377
3600040 1357398
3600040 1357377
30505320 1357398
30505320 1357377
4550934 1357398
4550934 1357377
4446392 1357398
4547247 795784
30518230 1357377
3176321 535801
30506616 1357398
4468912 1357398
4468912 1357377
4594951 1357398
4692877 1357398
4692877 1357377
4606027 1357377
29344743 1357398
4626015 1357377
4272956 1357398
4272956 1357377
4271409 1357398
4692881 1357398
4725825 1357398
30509191 1357398
30509191 1357377
4602491 1357398
4602491 1357377
4650586 1357398
4469046 1357377
4131567 1357398
4362102 1357398
4362102 1357377
4362209 1357398
4362209 1357377
4503407 1357398
4503407 1357377
4551041 1357398
4551041 1357377
2753839 2753138
2753132 2753138
30531707 1357377
30507801 1357377
4669519 1357398
4669519 1357377
4595124 1357398
4595124 1357377
30505429 1357398
4616210 1357398
4616210 1357377
4642921 1357398
4642921 1357377
30508737 1357377
4606013 1357398
4606013 1357377
4703827 1357398
3122685 1357398
3122685 1357377
4582864 2962209
4582864 1357398
4582864 1357377
1357400 1357398
1357400 1357377
4667734 1357398
4667734 1357377
4568055 1357398
4568055 1357377
30531779 1357398
30531779 1357377
4551016 1357398
4551016 1357377
4599368 1357398
4591056 1357398
4591056 1357377
4616316 1357377
4648341 1328348
4648341 1984786
4648341 3667720
4648341 4600112
4648341 4496306
4684577 1357398
4684577 1357377
3926243 1357377
4362112 1357398
4362112 1357377
4362210 1357398
4634704 1357398
4634704 1357377
4684671 1357377
4401173 4452851
30779755 285554
1253050 535801
535145 535801
30805169 1481514
30805169 1328353
30805169 2349373
30805169 2132089
30805169 535896
30805169 2130988
535030 535801
1253053 535801
535247 535801
535031 535801
1556763 2417216
1556763 2349373
1556763 2132089
1253326 2132089
1253326 535896
1253326 1481518
535250 1251946
535250 535801
30803553 283370
30803553 9667585
30803553 1161845
30803553 1251168
30803553 2130987
30803553 1357502
30803553 1328352
1481760 1481514
1481760 1328353
1481760 2349373
1481760 2132089
1481760 535896
1481760 1481518
1481760 2130988
2130126 535801
15642931 15642940
30869779 2130987
30869779 1984786
30881951 9698505
30881960 1107760
30882434 3446819
30882434 1107760
30882505 3446819
30882505 1107760
3547952 1107760
30883770 2130987
30883888 1107760
30884532 1107760
30884665 1358841
30884665 1107760
30884694 1107760
2878468 1481514
2878468 1328353
2878468 1481516
2878468 2349373
2878468 2132089
2878468 535896
2878468 1481518
2565753 1483263
4549912 1107760
4549905 1107760
4615812 2130987
4362128 1357398
4468914 1357398
4468914 1357377
3399807 1357398
4436955 1357398
4436955 1357377
3926224 1357398
3760151 228635
4026316 228635
3759960 228635
4315928 228635
31066038 1984786
31066043 4488905
4449521 4488905
4449521 4488906
4708831 4711592
4503336 1357398
4294853 2130987
30527768 1357501
30527768 1358841
2907099 705231
2907099 3446819
2907099 1107760
4620846 1358841
4620846 4128045
4620846 513
4620846 2131467
4605490 1357501
4605490 1358841
3968998 228635
31531984 379843
31531984 9667926
618482 1357398
618482 1357377
593508 1328348
593508 1107760
593508 1328352
31758620 2130987
31758620 31758622
31758620 1328352
32197443 13345056
4625644 1357398
32705375 32705376
32705375 32705377
32705577 2130987
32716526 2130987
32743740 9666053
32743740 9669310
32743740 2130987
32743740 9670831
32743740 2395417
32743740 32743743
32743744 9666053
32743744 2130987
32743744 9670831
32743744 4128045
32743744 2395417
32743746 9666053
32743746 1496819
32743746 9670831
32776079 2130987
4016576 48427
4557980 1357398
4606077 1357398
4650385 1357398
4650385 1357377
4650380 1357398
4650380 1357377
4503347 1357398
4503347 1357377
4625608 1357377
4196028 1357398
4196028 1357377
4687746 1357398
4424869 1357398
29344624 1357398
29344624 1357377
30509211 1357398
30509211 1357377
32783982 952399
32783988 9689351
32784134 2130987
32784134 9670831
32784145 9666053
32784145 2130987
32784145 29040364
32784148 2130987
32784148 9670831
32784151 9666053
32784151 2130987
32784151 9670831
32784156 2130987
32784156 3836905
32784162 2130987
32784162 9670831
32787379 1497803
32787379 237795
32787379 237796
32787379 2600312
32787379 10098107
32787379 535801
32789313 177593
32789313 32789318
32789313 32789319
32789313 32789320
32792452 14876736
32792836 952399
32793154 592990
32793154 2197541
32793154 2130987
32793255 952399
32793255 2899151
32793255 2899153
32793257 952399
32793257 2899151
32793257 2899153
32793258 952399
32793258 2899151
32793258 2899153
32793260 952399
32793260 2899151
32793260 2899153
32793262 952399
32793262 2899151
32793262 2899161
32793266 952399
32793266 2899151
32793268 952399
32793268 2899151
32793270 952399
32793270 2899151
32793270 2899153
32793270 2899161
32793272 952399
32793272 2899151
2157753 952399
2157753 2899151
2157753 2899153
32793276 952399
32793276 2899151
12810437 952399
12810437 2899151
12810437 2899153
12810438 952399
12810438 2899151
12810439 2899161
12810440 952399
12810440 2899151
12810440 2899153
13462398 952399
13462398 2899151
13462399 952399
13462399 2899151
13462399 2899153
13462400 952399
13462400 2899151
13462400 2899153
13462400 2899161
13462402 952399
13462402 2899151
13462402 2899153
13462402 2899161
13462403 952399
13462403 2899151
13462403 2899153
13462403 2899161
4691202 1107760
13451725 952399
13451726 952399
32800648 9669310
32800648 2130987
32800648 9670831
32800648 4128045
32800648 32800649
32800654 9666053
32800654 9670831
32800654 2395417
32800756 2899151
32800833 952399
32800835 952399
32800841 952399
32802245 2130987
14937125 1357398
14937214 4128045
14937214 1357398
32804621 952399
32805840 3446819
32805840 1107760
32806303 952399
32806303 2899151
32806307 952399
32806307 2899151
32806309 952399
32806309 2899151
32806311 952399
32806311 2899151
32806312 2899151
32806314 952399
32806314 2899151
32806316 952399
32806316 2899151
32806316 2899153
32806318 2899151
32806323 952399
32806323 2899151
32806325 952399
32806325 2899151
32806327 952399
32806327 2899151
32806329 952399
32806329 2899151
32806330 952399
32806330 2899151
32806333 952399
32806333 2899151
32806335 952399
32806335 2899151
32806338 2899151
11741192 952399
11741192 2899151
32808282 952399
32808282 2899151
32808306 952399
32808310 952399
32810623 237797
32810623 32810625
32810773 952399
11727192 952399
11727192 2899151
11727192 2899153
11727193 952399
11727193 2899151
32811673 2130987
32811673 2169461
32812600 2899153
32812946 952399
32812946 2899151
32813432 2899153
32813434 2899153
32813436 2899151
32813436 2899153
32813438 2899151
32813438 2899153
32813440 2899153
32813442 2899151
32813444 2899153
32813446 952399
32813446 2899151
32813446 2899153
32813446 2899161
32813448 2899151
32813450 952399
32813452 2899151
32813452 2899153
32813454 952399
32813454 2899151
32813454 2899153
32813456 2899151
32813456 2899153
32813461 2899151
32813461 2899153
32813463 2899151
32813463 2899153
32813465 952399
32813465 2899153
32813467 2899153
32813469 2899151
32813471 2899151
32813471 2899153
32813473 2899151
32813473 2899153
32813475 2899151
32813477 952399
32813477 2899151
32813479 2899153
32813481 952399
32813483 2899151
32813483 2899153
32813483 2899161
32813485 952399
32813487 2899151
32813491 952399
32813493 2899153
32813499 2899153
32813504 2899151
32813510 952399
32813510 2899151
32813510 2899153
32813512 2899161
32813515 2899151
32813515 2899153
32813519 2899161
32813522 2899151
32813522 2899153
32813524 2899151
32813524 2899153
32813524 2899161
32813528 2899151
32813528 2899153
32813529 2899153
32813531 2899153
32813533 2899153
32813534 2899151
32813534 2899153
32813534 2899161
32813536 952399
32813536 2899153
32813538 2899151
32813538 2899153
32813540 2899151
32813543 2899153
32813544 2899151
32813546 2899153
32813551 2899151
32813551 2899153
32813554 2899151
32813557 2899151
32813557 2899153
32813559 2899151
32813561 952399
32813562 2899153
32813564 2899151
32813564 2899153
32813566 2899153
32813568 2899153
32813571 2899153
32813573 2899151
32813576 2899153
32813578 2899153
32813579 952399
32813579 2899151
32813581 952399
32813581 2899153
32813583 2899151
32813585 2899151
32813585 2899153
32813587 2899151
32813587 2899153
32813591 2899153
32813596 2899151
32813598 2899153
32813600 2899153
32813602 952399
32813603 2899151
32813603 2899153
32813605 2899153
32813609 2899151
32813609 2899153
32813611 2899151
32813613 952399
32813613 2899153
32813614 952399
32813614 2899153
32813616 952399
32813616 2899153
32813618 952399
32813620 2899153
32813623 2899153
32813627 2899153
32813628 952399
32813630 2899153
32813632 2899153
32813639 952399
32813639 2899153
32813641 2899153
32813643 2899153
32813647 2899151
32813647 2899153
32813649 2899151
32813649 2899153
32813653 2899151
32813653 2899153
32813655 2899153
32813657 952399
32813657 2899153
32813659 952399
32813662 2899153
32813664 2899153
32813665 952399
32813743 952399
32813743 2899151
32813744 952399
32813744 2899151
32813746 2899151
32813746 2899161
32813748 952399
32813748 2899151
32813748 2899161
32813750 952399
32813750 2899151
32813750 2899153
32813750 2899161
32813752 952399
32813752 2899151
32813752 2899153
32813754 952399
32813754 2899151
32813754 2899153
32813754 2899161
32813756 2899151
32813757 952399
32813757 2899151
32813757 2899153
32813757 2899161
32813759 952399
32813759 2899151
32813760 2899151
32813760 2899153
32813761 952399
32813761 2899151
32813761 2899153
32813761 2899161
32813763 952399
32813763 2899151
32815204 1107760
32815659 2130987
32816533 2899151
32816535 952399
32817079 952399
32817079 2899151
32817079 2899161
32817081 2899151
32817082 952399
32817082 2899151
32817082 2899153
32817082 2899161
32817083 952399
32817083 2899151
32817083 2899153
32817084 952399
32817084 2899151
32817086 952399
32817086 2899151
32817086 2899153
32817087 952399
32817087 2899151
32817088 952399
32817088 2899151
32817090 952399
32817090 2899151
32817090 2899153
32817093 2899151
32817094 952399
32817094 2899151
32817097 952399
32817097 2899151
32817097 2899153
32817097 2899161
32817099 2899151
32817100 952399
32817100 2899151
32817100 2899153
32817102 952399
32817102 2899151
32817102 2899161
32817104 952399
32817104 2899151
32817104 2899153
32817105 952399
32817107 952399
32817107 2899151
32817107 2899153
32817107 2899161
32817109 952399
32817109 2899151
32817111 952399
32817111 2899151
32817111 2899153
32817115 2899151
32817115 2899153
32817117 952399
32817117 2899151
32817121 952399
32817121 2899151
32817121 2899153
32817121 2899161
32817123 952399
32817123 2899151
32817123 2899153
32817123 2899161
32817125 952399
32817125 2899151
32817126 2899151
32817127 2899151
32817128 952399
32817128 2899151
32817128 2899153
32817128 2899161
32817131 2899151
32817133 952399
32817133 2899151
32817133 2899153
32817135 2899151
32817136 2899151
32817138 2899151
32817138 2899153
32817140 952399
32817140 2899151
32817140 2899153
32817141 2899151
32817142 2899151
32817143 952399
32817143 2899151
32817145 2899153
32817147 952399
32817147 2899151
32817149 952399
32817149 2899151
32817151 952399
32817151 2899151
32817153 952399
32817153 2899151
32817153 2899153
32817155 952399
32817155 2899151
32817155 2899153
32817156 952399
32817156 2899151
32817156 2899153
32817158 952399
32817158 2899151
32817158 2899153
32817158 2899161
32817159 952399
32817159 2899151
32817159 2899153
32817161 952399
32817161 2899151
32817161 2899153
32817163 952399
32817163 2899151
32817163 2899153
32817165 952399
32817165 2899151
32817165 2899161
32817166 952399
32817166 2899151
32817166 2899153
32817168 952399
32817168 2899151
32817171 952399
32817171 2899151
32817171 2899153
32817173 952399
32817173 2899151
32817175 952399
32817175 2899151
32817175 2899153
32817176 952399
32817176 2899151
32817176 2899153
32817176 2899161
32817178 2899151
32817179 2899151
32817179 2899153
32817181 952399
32817181 2899151
32817181 2899153
32817182 952399
32817182 2899151
32817185 952399
32817185 2899151
32817187 952399
32817187 2899151
32817187 2899153
32817187 2899161
32817189 952399
32817189 2899151
32817189 2899153
32817189 2899161
32817190 2899151
32817190 2899161
32817192 952399
32817192 2899151
32817192 2899153
32817194 952399
32817194 2899151
32817194 2899153
32817194 2899161
32817195 952399
32817195 2899151
32817196 952399
32817196 2899151
32817196 2899161
32817197 2899151
32817198 952399
32817198 2899151
32817199 952399
32817199 2899151
32817200 952399
32817200 2899151
32817201 952399
32817201 2899151
32817202 952399
32817202 2899151
32817202 2899153
32817202 2899161
32817203 952399
32817203 2899151
32817203 2899153
32817207 952399
32817207 2899151
32817208 2899151
32817208 2899153
32817210 2899151
32817212 952399
32817212 2899151
32817212 2899153
32817214 952399
32817214 2899151
32817214 2899161
32817215 952399
32817215 2899151
32817216 952399
32817216 2899151
32817216 2899153
32817216 2899161
32817218 952399
32817218 2899151
32817218 2899153
32817220 952399
32817220 2899151
32817220 2899153
32817220 2899161
32817221 952399
32817221 2899151
32817221 2899153
32817223 952399
32817223 2899151
32817223 2899153
32817225 952399
32817228 952399
32817228 2899151
32817230 952399
32817230 2899151
32817230 2899153
32817233 952399
32817233 2899151
32817234 2899151
32817234 2899153
32817234 2899161
32817236 952399
32817236 2899151
32817236 2899153
32817236 2899161
32817237 952399
32817237 2899151
32817237 2899153
32817239 952399
32817239 2899151
32817241 952399
32817241 2899151
32817241 2899153
32817242 952399
32817242 2899151
32817242 2899153
32817244 952399
32817244 2899151
32817244 2899153
32817244 2899161
32817246 952399
32817246 2899151
32817248 2899151
32817249 952399
32817249 2899151
32817249 2899153
32817250 952399
32817250 2899151
32817254 952399
32817254 2899151
32817257 952399
32817257 2899151
32817258 952399
32817258 2899151
32817258 2899153
32817259 2899151
32817261 2899151
32817264 952399
32817264 2899151
32817266 952399
32817266 2899151
32817266 2899161
32817268 952399
32817268 2899151
32817268 2899153
32817270 952399
32817270 2899151
32817272 952399
32817272 2899151
32817272 2899153
32817272 2899161
32817273 952399
32817273 2899151
32817273 2899153
32817273 2899161
32817274 2899151
32817277 952399
32817277 2899151
32817277 2899153
32817277 2899161
32817324 952399
32817324 2899151
32817324 2899153
32817327 952399
32817327 2899151
32817330 952399
32817330 2899151
32817330 2899153
12178592 952399
12178592 2899151
12178592 2899153
32817332 952399
32817332 2899151
32817332 2899153
32817333 952399
32817333 2899151
32817337 952399
32817337 2899151
32817338 952399
32817338 2899151
32817342 952399
32817342 2899151
32817344 952399
32817344 2899151
32817346 2899151
32817347 952399
32817347 2899151
32819180 2130987
32819180 760797
32819180 32819182
32820273 4547674
32820748 32820749
32821113 952399
32821113 2899153
32822944 952399
32822944 2899151
32822944 2899153
32822946 952399
32822946 2899151
32822946 2899153
32822948 952399
32822948 2899151
32822950 952399
32822950 2899151
32822950 2899153
32822951 2899151
32822951 2899153
2899120 952399
2899120 2899151
2899120 2899153
32822953 952399
32822953 2899151
32822953 2899153
32823000 952399
32823000 2899153
32823004 2899151
32823082 952399
32823084 952399
32824039 952399
32824039 2899153
32824043 952399
32824044 952399
32824045 952399
32824046 2899151
11672964 2899151
11672964 2899161
13216828 2899161
13216829 952399
13216829 2899151
13216829 2899153
13216829 2899161
13456100 952399
13456100 2899151
13456100 2899153
13456100 2899161
13456101 2899151
13252182 952399
13252182 2899151
13252182 2899153
13252183 952399
13252183 2899151
13252183 2899153
13252183 2899161
32825578 952399
13253406 952399
13253406 2899151
13253407 952399
13253407 2899151
13253407 2899153
13253407 2899161
13253408 952399
13253408 2899151
13253408 2899153
13253408 2899161
11668156 2899151
32825879 952399
32825881 952399
32825882 952399
32825882 2899151
32825882 2899153
32825884 2899151
32825884 2899153
32825885 952399
32825885 2899151
32825885 2899153
32825887 952399
32825888 952399
32825889 952399
32825890 952399
32825892 2899151
32825892 2899153
32825894 952399
32825900 952399
32825903 952399
32825905 952399
32825907 952399
32825908 952399
32825913 952399
32825918 952399
32825921 952399
32825924 952399
32826235 2130987
32826235 1358841
32826235 4128045
32826239 2395297
32826239 32826241
32826247 2130987
32826247 32826241
32826266 2130987
32826276 2130987
32826293 2130987
32826293 9670831
32826293 32826241
32826295 2130987
32826673 9667585
32826673 2130987
32826673 1357505
32826673 32826676
32826844 9691545
12308766 2899151
12308766 2899161
13501528 952399
13501528 2899151
13501528 2899161
13501529 2899151
13501529 2899153
13501530 952399
13501530 2899151
13501530 2899153
13501530 2899161
32834305 4452851
13431195 952399
13431195 2899151
13431195 2899153
13223013 952399
13223013 2899151
13223013 2899153
13223013 2899161
13223014 952399
13252207 952399
12954483 952399
12954483 2899151
12954483 2899153
12954483 2899161
12593076 952399
12593076 2899151
12593076 2899153
12593077 952399
12593077 2899151
32835109 283370
32835109 9667739
32835109 32835112
2157761 952399
2157761 2899151
2157762 952399
2157762 2899151
2157762 2899153
2157762 2899161
32835421 2899151
32835423 2899151
32835423 2899161
32835425 2899151
32835425 2899153
32835425 2899161
32835427 952399
32835427 2899151
32835427 2899161
32835429 952399
32835429 2899151
32835431 2899151
32835433 952399
32835433 2899151
32835435 952399
32835435 2899151
32835435 2899153
32835435 2899161
11727195 952399
11727195 2899151
11727195 2899153
11727195 2899161
32835437 952399
32835437 2899151
32835437 2899153
32835437 2899161
32835439 952399
32835439 2899153
32835441 2899151
11892717 952399
11892717 2899151
11892717 2899153
32835443 2899151
32835443 2899153
13462404 952399
13462404 2899151
13462404 2899153
32835445 2899151
32835445 2899153
32835445 2899161
32835447 952399
32835447 2899151
32835447 2899153
32835447 2899161
32835449 2899151
32835449 2899153
32835449 2899161
32835451 2899151
32835451 2899153
32835451 2899161
11769377 952399
11769377 2899151
11769377 2899153
11769377 2899161
32835453 952399
32835453 2899151
32835455 952399
32835455 2899151
32835455 2899153
32835456 952399
32835456 2899151
32835458 952399
32835458 2899151
32835459 952399
32835459 2899151
32835459 2899153
32835461 2899151
32835461 2899161
13216846 952399
13216846 2899151
13216846 2899153
32835462 2899151
11754257 952399
11754257 2899151
11754257 2899153
13216847 952399
13216847 2899151
32835464 2899151
32835466 952399
32835466 2899151
32835466 2899153
32835466 2899161
32835468 952399
32835468 2899151
32835468 2899153
32835468 2899161
2899121 2899151
2899121 2899153
32835470 952399
32835470 2899151
32835470 2899153
32835472 2899151
32835472 2899161
32835474 952399
32835474 2899151
32835474 2899153
32835475 2899151
32835475 2899161
32835476 952399
32835476 2899151
32835478 952399
32835478 2899151
32835478 2899161
32835479 952399
32835481 2899151
12810441 952399
12810441 2899151
12810441 2899153
13216869 952399
13216869 2899151
13216869 2899153
13216869 2899161
32835483 952399
32835483 2899161
12810442 952399
12810442 2899151
32835485 952399
32835485 2899151
32835485 2899153
32835487 952399
32835487 2899151
32835487 2899153
32835487 2899161
32835489 952399
32835489 2899151
32835489 2899153
32835490 952399
32835490 2899151
32835492 952399
32835492 2899151
32835492 2899153
32835492 2899161
32835494 952399
32835494 2899151
32835496 952399
32835496 2899151
32835496 2899161
11889497 952399
11889497 2899151
32835498 952399
32835498 2899151
2157754 952399
2157754 2899153
32835500 952399
32835500 2899151
32835500 2899161
32835501 952399
32835501 2899151
32835501 2899153
32835503 2899151
32835503 2899161
32835505 952399
32835505 2899151
32835505 2899153
32835505 2899161
32835506 2899151
32835507 952399
32835509 952399
32835509 2899151
32835511 952399
32835511 2899151
32835511 2899153
32835511 2899161
32835513 952399
32835513 2899151
11872910 952399
11872910 2899151
32835515 2899151
11727196 952399
11727196 2899151
11727196 2899153
11872911 952399
11872911 2899151
32835521 2899151
32835523 952399
32835523 2899151
32835523 2899153
13216870 952399
13216870 2899151
13216870 2899153
13216870 2899161
32835525 2899151
13462405 952399
13462405 2899151
13462405 2899153
32835527 952399
32835527 2899151
32835527 2899153
11872912 952399
11872912 2899151
11872912 2899153
32835529 952399
32835529 2899151
32835529 2899153
32835529 2899161
32835531 952399
32835531 2899151
32835531 2899161
11769378 952399
11769378 2899151
32835533 952399
32835533 2899151
32835535 952399
32835535 2899151
32835541 952399
32835541 2899151
32835541 2899153
32835543 2899151
32835543 2899153
32835543 2899161
11754258 2899151
32835551 952399
32835551 2899151
32835551 2899161
13216848 2899151
13216848 2899153
32835554 2899151
32835555 952399
32835555 2899151
32835555 2899153
32835555 2899161
32835557 952399
32835557 2899151
32835557 2899153
11727197 2899151
32835559 952399
32835559 2899151
32835559 2899153
32835559 2899161
32835561 952399
32835561 2899151
32835561 2899153
32835561 2899161
32835566 952399
32835566 2899161
32835568 952399
32835568 2899151
32835568 2899153
32835568 2899161
32835570 952399
32835570 2899151
32835572 952399
32835572 2899151
32835572 2899153
32835574 952399
32835574 2899151
32835576 952399
32835576 2899151
32835576 2899153
11872913 2899151
11872913 2899161
13252184 952399
13252184 2899151
13252184 2899153
32835578 2899151
32835580 952399
32835580 2899151
32835582 952399
32835582 2899151
32835582 2899161
32835584 952399
32835584 2899151
32835584 2899153
32835586 2899151
32835586 2899153
32835588 952399
32835588 2899151
32835588 2899153
32835588 2899161
32835590 952399
32835590 2899151
32835590 2899153
32835592 952399
32835592 2899151
13216871 2899151
12810443 952399
12810443 2899151
11892718 2899151
32835594 952399
32835594 2899151
32835595 952399
32835595 2899151
32835595 2899153
32835597 2899151
32835599 2899161
32835601 2899151
32835601 2899153
32835603 952399
32835603 2899151
32835605 952399
32835605 2899151
32835607 952399
32835607 2899151
32835607 2899153
32835607 2899161
32835608 952399
32835608 2899151
32835608 2899153
32835610 952399
32835610 2899151
32835612 952399
32835612 2899151
32835614 952399
32835614 2899151
32835616 952399
32835616 2899151
32835618 952399
32835620 952399
32835620 2899151
32835620 2899161
32835623 952399
32835623 2899151
32835623 2899153
32835623 2899161
32835625 2899151
32837559 141835
32837559 3113584
32837559 2130987
32837559 32826241
32837562 2130987
32837562 1358841
4712371 1357398
4725828 1357398
4725829 1357398
4724035 1357398
4717306 1357398
4714907 1357398
4709825 1357398
4712370 1357398
4719752 1357398
4724034 1357398
32837914 952399
4490682 1357377
32842060 952399
32842060 2899151
32842060 2899153
32842060 2899161
32842932 3446819
32842932 1107760
3129281 2130987
32842936 3446819
32842936 1107760
32842989 2130987
32842994 2130987
29354793 9667842
29354793 8621544
29354793 237797
29354793 512885
29354793 2130987
29354793 4969447
29354793 1328348
29354793 29354794
32845758 952399
32845758 2899151
15072366 1357377
32850594 952399
32853982 2130987
32853982 9670831
32854807 2899151
32854807 2899153
32854811 952399
32854817 2899151
32854819 952399
32854820 952399
32854820 2899151
32854820 2899153
32854826 952399
32854827 952399
32854832 952399
32854834 952399
32854837 952399
32854839 952399
32854840 952399
32854844 952399
32854849 952399
32854860 952399
32854866 952399
32854872 2899153
32854873 2899151
32854873 2899153
32854877 2899151
32854877 2899153
32854880 952399
32854881 2899151
32854881 2899153
32854886 952399
32854886 2899151
32854886 2899153
32854888 952399
32854890 952399
32854890 2899153
32854892 952399
32854892 2899153
32854894 952399
32854894 2899153
32854896 952399
32854896 2899151
32854898 952399
32854898 2899153
32854899 952399
32854899 2899153
32854901 952399
32854903 952399
32854905 952399
32854905 2899151
32854905 2899153
32854907 952399
32854907 2899151
32854907 2899153
32854909 952399
32854911 952399
32854911 2899151
32854913 952399
32854913 2899151
32854914 952399
32854916 952399
32854918 2899151
32854918 2899153
32854918 2899161
32854920 952399
32854922 952399
32854923 952399
32854923 2899151
32854924 952399
32854926 2899151
32854927 952399
32854927 2899153
32854929 952399
32854929 2899151
32854932 952399
32854932 2899153
32854934 952399
32854936 952399
32854938 952399
32854938 2899151
32854940 2899151
32854940 2899161
32854942 952399
32854942 2899151
32854942 2899161
32854944 952399
32854946 952399
32854946 2899151
32854946 2899161
32854948 952399
32854950 952399
32854950 2899151
32854953 952399
32854953 2899153
32854955 952399
32854957 952399
32854957 2899153
32854958 952399
32854958 2899151
32854962 952399
32854962 2899151
32854964 952399
32854964 2899153
32854967 952399
32854969 2899151
32854971 952399
32854971 2899151
32854973 952399
32854975 952399
32854976 952399
32854977 952399
32854979 952399
32854981 952399
32854982 952399
32854985 952399
32854986 952399
32854996 952399
32854996 2899153
32854998 952399
32855000 952399
32855005 2899153
32855010 952399
32855014 2899153
32855019 952399
32855023 952399
32855023 2899153
32855025 952399
32855025 2899153
32855027 952399
32855027 2899151
32855027 2899153
32855028 952399
32855028 2899151
32855028 2899153
32855030 952399
32855030 2899153
32855032 952399
32855032 2899151
32855032 2899153
32855034 952399
32855038 952399
32855038 2899153
32855040 2899151
32855042 952399
32855042 2899151
32855042 2899153
32855042 2899161
32855044 2899151
32855045 952399
32855047 952399
32855050 952399
32855050 2899153
32855051 952399
32855051 2899153
32855051 2899161
32855053 2899151
33023019 33023021
33023019 33023022
33059016 1161845
33059016 237797
33059016 930714
33059016 443047
33059016 2130987
33059016 2430084
33059016 13411210
33059016 2430088
33063420 237797
33063420 9689351
33086449 952399
33086449 2899151
33091565 313679
33091565 2130987
33092544 2130987
33092560 3113584
33092560 930714
33092560 2130987
33092560 14766263
33092560 2395417
33092564 2130987
33092564 760797
33092572 2130987
33092589 2130987
28943804 3829772
28943804 2129327
28943804 28943817
28943804 2620909
28943804 28943818
33584812 535801
4568871 1357377
4504344 1357398
3343572 3268869
3343572 2753145
4582891 1357398
4582891 1357377
2648620 3268869
2648620 2753145
4700738 1357398
4700738 1357377
3344583 3268869
3344583 2753145
3344448 2753145
4053855 2130987
4214404 1483400
4663614 1357377
4551726 1357398
3426650 2130987
3426650 1483400
3808411 2130987
3808411 1483400
4675180 1357377
4703747 1357398
4582974 1357398
4568853 1357398
4700606 1357398
4700606 1357377
4712362 1357398
4583429 1357398
4583429 1357377
4568860 1357398
4568860 1357377
4680036 1357398
4712350 1357398
4657136 1357377
4684550 1357398
4709801 1357398
4709816 1357398
4709816 1357377
4714886 1357398
4650428 1357398
4650428 1357377
4719801 1357398
4719801 1357377
4425789 1357398
4530974 1357398
4504335 1357398
4731355 1357377
4657467 1357398
4657467 1357377
4642661 1357398
4642661 1357377
4595068 1357398
4595068 1357377
4675039 1357398
4616307 1357398
4634630 1357398
29344793 1357398
29344811 1357398
29344811 1357377
30505387 1357398
3600055 1357398
4625690 1357398
4695936 1357398
4594957 1357398
4594957 1357377
4550937 1357398
4675064 1357398
4675064 1357377
4692811 1357398
4684592 1357377
4504340 1357398
4504340 1357377
4744706 1357377
4663521 1357398
4663521 1357377
4727450 1357398
4529838 1357398
4529838 1357377
4728753 1357398
4728753 1357377
29344772 1357398
4669516 1357398
4700740 1357398
4700740 1357377
4650638 1357398
4663747 1357398
4709821 1357377
4595498 1357398
4712436 1357398
4712436 1357377
4741317 1357398
4741317 1357377
4650352 1357398
4719766 1357398
4719766 1357377
4663790 1357398
4680071 1357377
4703777 1357398
4425787 1357398
30505379 1357398
4650624 1357398
4650624 1357377
29344798 1357398
29344798 1357377
4583457 1357398
4634950 1357398
4703786 1357398
4703786 1357377
4650589 1357398
4650589 1357377
29344710 1357398
29344710 1357377
4550979 1357398
4550979 1357377
29344753 1357398
4722153 1357398
4550986 1357377
4551727 1357398
4551727 1357377
4642947 1357398
4642947 1357377
29344709 1357398
3926234 1357398
29344724 1357398
29344724 1357377
4642684 1357398
4363281 1357398
4363281 1357377
4616628 1357398
4616628 1357377
4696990 1357377
4732924 1357398
4606402 1357398
4606402 1357377
4688848 1357398
4714975 1357398
4714975 1357377
4703877 1357398
4582933 1357398
4657240 1357398
4595469 1357398
4595469 1357377
4551734 1357398
4504352 1357398
4504352 1357377
4692957 1357377
4590211 1357398
4590211 1357377
4731375 1357398
4731375 1357377
1582122 1357398
4551075 1357398
4551075 1357377
4616373 1357398
4744712 1357377
4737352 1357398
4735943 1357398
4735943 1357377
30505370 1357377
4657434 1357398
4663691 1357377
34222359 2130988
34226652 10197959
34234313 1984786
34234313 2395417
34235213 2130987
31759007 1481514
31759007 1497807
31759007 1481516
31759007 535896
31759007 1481518
34237660 1481514
34237660 1481516
34237660 535896
34237672 1481516
34237672 535896
34249392 1328353
593509 1328353
34250604 1328353
4610694 1358841
4610694 513
14937195 1357398
14937235 4128045
14937235 1357398
14937126 4128045
14937126 1357398
14937141 1357398
14937167 1357398
12671836 4488906
34254302 34254301
34257515 930020
34275066 2130987
34275066 4128045
4033318 4202395
34277489 228635
34281355 1357398
34281356 1357398
34281360 1357398
34281360 1357377
7818956 1357398
7818956 1357377
7818988 1357398
7818988 1357377
34291957 1481514
34291957 1328353
34291957 2349373
34291957 2132089
34291957 535896
34291957 1481518
34291957 2130988
34293430 535801
4639749 4647765
3343573 3268869
3343573 2753145
34302695 9670312
34302695 9698505
34302695 34302697
34308812 952399
34308813 952399
34314685 3923401
34342523 2349373
34342523 2132089
34343010 2130988
34343069 2130988
7818908 1357398
7818908 1357377
34345894 1357398
34370793 952399
34372876 2349373
34379655 228635
34394779 2349373
34394779 2132089
34394779 535896
34395194 228635
34400416 9691772
34400416 9689351
12160292 535801
34404537 9667677
34404537 9696496
34404537 4128045
34404537 34404540
34404537 2878718
34409786 2349373
34409786 2130988
4657181 1357398
2131438 2349373
2131438 2132089
2131438 535896
34416987 1328353
34416987 2349373
34416987 2130988
34417794 2349373
7819045 1357398
7819045 1357377
34422075 2132089
34422075 535896
34426761 2132089
34426761 535896
34426761 10197959
34427823 2132089
34427823 535896
34433992 3829772
34433992 4128045
34433992 10702713
34435494 2130987
34436300 9705012
34439263 228635
3954292 535801
3954292 4152574
34442287 1357398
34442287 1357377
7819014 1357398
7819014 1357377
34457624 1328353
34461367 2132089
3954309 2130987
3954309 535801
4343405 1357398
4343405 1357377
32843003 9666138
32843003 2130987
32843003 3829772
32843003 4128045
32843003 3836905
32843003 2395417
32843003 32843005
4432950 4476201
4432950 237797
4432950 930714
4432950 2130987
4432950 1155890
4432950 4476202
4432950 2878071
4432950 4476203
4432950 535801
4432950 4476205
4432950 4476208
4432950 4476210
34473513 3829772
34473513 10702713
34479517 3896985
34479517 237797
34479517 512648
34481967 952399
34481967 2899151
34482196 1497807
34482196 2132089
34488588 2349373
34490999 2349373
34498125 1481514
34498125 2349373
34498125 2132089
34498125 535896
34498125 2130988
2024076 2788273
35343375 3338585
35459858 935915
12303413 177592
12303413 9697740
12303413 9706785
12303413 10101886
12303413 120689
12303413 1634689
35773153 35773152
35809380 35809382
35810194 35809382
35812125 1357398
35812125 1357377
36340963 1107760
12185644 9667677
12185644 237796
12185644 4720648
12185644 10098107
12185644 9704816
12185644 12185653
36459622 29353001
36459622 2878718
33809770 1107760
36461075 1107760
3701765 1107760
3852927 1357398
3852927 1357377
36510279 952399
36510279 2899153
36510293 1357377
4588000 1357398
4588000 1357377
29344773 1357377
29344760 1357377
4705670 1357377
4706757 1357377
4616597 1357398
4616597 1357377
4634722 1357377
4541200 4128045
4583459 1357398
4583459 1357377
30507295 1357377
30507297 1357377
30507071 1357377
30507084 1357377
30507239 1357377
30507080 1357398
30489289 1357377
29344675 1357377
30508292 1357377
4711728 1357377
4721495 1357377
30508798 1357377
30508800 1357377
36513867 952399
30505373 1357398
30505373 1357377
30505324 1357398
30505324 1357377
30505331 1357377
30505362 1357398
30505362 1357377
30505396 1357377
30508037 1357377
30508040 1357377
30505325 1357398
30505325 1357377
4363285 1357398
4363285 1357377
4650425 1357398
4650425 1357377
30507673 1357377
4595495 1357377
36517543 1357377
36517545 1357377
36517762 1357398
36517766 1357377
4661756 1357377
4648026 1357377
4655271 1357377
4640033 1357377
7818935 1357398
7818935 1357377
7819040 1357398
7819040 1357377
7818964 1357398
7818964 1357377
4696840 1357377
7818936 1357398
7818936 1357377
7819017 1357398
7819017 1357377
7818965 1357398
7818965 1357377
7818991 1357398
7818991 1357377
36518127 1357377
36518377 1357398
30527142 1357377
36518385 1357377
30527141 1357377
30506851 1357377
4712373 1357398
4712373 1357377
30508025 1357377
30508041 1357377
30508043 1357377
30508049 1357377
30508035 1357377
30508031 1357377
30508028 1357377
30508036 1357377
30508039 1357377
30508042 1357377
30508142 1357377
4727489 1357398
30508026 1357377
36520454 1357398
36520454 1357377
4709829 1357398
4669425 1357398
4669425 1357377
30508021 1357377
30508022 1357377
4688883 1357398
36522016 1357398
30529820 1357377
36522588 3446819
36522588 1107760
4706692 1357398
4706692 1357377
36523482 952399
4321195 1357398
4321195 1357377
36524094 952399
30507075 1357377
36529222 952399
36529420 3446819
36529420 1107760
36529620 1357398
36529621 1357398
34281357 1357398
36529631 1357398
36529772 952399
36529816 952399
36529816 2899153
30519496 1357398
30519496 1357377
30519495 1357377
36530121 952399
36530121 2899153
36530487 952399
36530487 2899153
36530695 952399
36530695 2899153
36530811 952399
36530811 2899153
30505332 1357398
30505341 1357398
30505343 1357398
30505333 1357398
36531296 1107760
4675068 1357398
36531329 1357398
36531609 1357398
36532001 952399
36532001 2899153
36532211 1357398
36532392 2130987
4650416 1357398
30507078 1357398
7819037 1357398
7819037 1357377
7819009 1357398
7819009 1357377
36534780 1357398
36534802 1357398
36534803 1357398
36534804 1357398
36534805 1357398
36534861 1357398
4582934 1357398
4657190 1357398
4616334 1357398
4634756 1357398
4625699 1357398
4650368 1357398
4642714 1357398
4634757 1357398
4625700 1357398
4642715 1357398
4650370 1357398
4616336 1357398
4606062 1357398
36535765 3446819
36535765 1107760
36536523 283370
36536523 1358841
36536523 2878208
36536523 513
30505327 1357398
30505334 1357398
4362257 1357398
30505351 1357398
30505342 1357398
30505353 1357398
36732341 1107760
36732923 3446819
36732923 1107760
36732925 3446819
36732925 1107760
36733271 3446819
36733271 1107760
36733326 3446819
36733326 1107760
36741882 9705588
36741882 3446819
36741882 1107760
36741947 1107760
36874985 36874986
37932177 10666489
933140 228635
3670762 177590
3670762 1270071
38074493 2130987
38074493 13319069
38150604 3113584
38150604 2130987
38156378 2130987
38156378 228635
30508140 1357377
30507081 1357398
30507081 1357377
30507278 790481
4663636 1357377
30505340 1357398
39475966 39475968
39496011 3446819
39496011 1107760
39695613 39695614
34040327 228635
39811447 1251168
39811447 237797
39811447 2130987
39811447 4113296
39811447 32916134
39811447 1107760
39811447 4476208
39838039 237797
39838039 930714
39838039 13314059
39874348 9665646
39874348 237797
39874348 9668917
39874348 2130987
39902796 228635
39907102 9696496
40039405 28707752
40039533 40039534
40042152 40042153
40046475 14778400
3036327 1328353
3036327 2130988
40776246 2130988
40776517 1328353
40776517 2349373
40776517 2130988
40776741 1328353
40776741 2349373
40776741 2130988
41184422 2130988
41459735 952399
41460100 9668941
41460100 1103535
41460100 79071
41460100 760794
41699087 1328348
36020706 36020708
41920010 9670831
36733294 228635
3903699 228635
36742512 1107760
42087894 1585998
42087894 4715942
42102765 760794
42102765 13487961
42140611 535801
33093465 3829772
33093465 4128045
33093465 13305824
4530223 4503454
42240451 952399
42240451 2899151
43313084 952399
43334152 952399
43398560 952399
43399512 952399
43399948 952399
43399974 952399
43400096 43400095
43401388 952399
43401388 2899151
43401854 2130987
43401878 952399
43401880 952399
43401881 952399
43401882 952399
43401883 952399
43401884 952399
43402777 952399
43403050 952399
43403050 2899151
43403074 952399
43403075 952399
43403076 952399
43620140 2197541
43633198 952399
43739054 790481
43739054 1357398
45866414 1480989
45905512 1107760
46156339 228635
46807821 952399
46807821 2899151
47757140 228635
47850060 952399
47850060 2899151
47850265 2899151
47850418 952399
47850546 952399
47850765 952399
47850765 2899151
47850770 952399
47850770 2899151
47850770 2899161
47850773 2899151
47850786 952399
47850791 952399
47850857 952399
47850858 952399
47850858 2899153
47850861 952399
47850861 2899153
47850867 952399
47850867 2899153
47850869 2899151
47850870 952399
47850870 2899153
47850872 952399
47850872 2899153
47850877 952399
47850878 952399
47850915 952399
47850918 952399
47850936 952399
47850939 952399
47850939 2899153
47850941 952399
47850941 2899153
47850952 952399
47850955 952399
47850955 2899153
47851001 952399
47851001 2899153
47851002 952399
47851002 2899153
47851029 952399
47851029 2899153
47851047 952399
47851047 2899153
47851054 952399
47851059 2899151
47851059 2899161
47851070 2899153
47851124 952399
47852160 2899151
47852412 952399
47852463 2899151
47852520 952399
47852533 952399
47852533 2899161
47852992 2899151
47853005 952399
47853005 2899151
47853397 2899151
47853492 952399
47853492 2899151
47853494 952399
47853494 2899151
47853653 952399
47853654 952399
47853655 952399
47853656 952399
47853657 952399
47853658 952399
47853659 952399
47853660 952399
47853661 952399
47853688 952399
47853738 952399
47853738 2899151
47853738 2899153
47853747 952399
47853748 952399
47853749 952399
47853750 952399
47853751 952399
47853755 952399
47853765 952399
47853767 952399
47853831 952399
47853831 2899151
47853835 952399
47853837 952399
47853850 952399
47853852 952399
47853852 2899151
47853859 952399
47853859 2899151
47854004 2899151
47855431 952399
47855431 2899151
47855489 952399
47855489 2899151
47855489 2899153
47855492 952399
47855492 2899151
47855494 952399
47855494 2899151
47855503 952399
47855503 2899161
47855508 2899151
47855519 2899151
47855519 2899153
47855737 952399
47855843 952399
47855845 952399
47855847 952399
47855859 952399
47856076 952399
47856221 952399
47856221 2899151
47856237 952399
47856341 952399
47856341 2899151
47856420 952399
47856420 2899151
47856623 2899151
47856925 2899151
47856929 952399
47856929 2899151
47856931 952399
47856931 2899151
47856933 952399
47856933 2899151
47856951 952399
47856951 2899151
47856951 2899153
47857252 952399
47857252 2899151
47857254 2899151
47857308 2899153
47857404 952399
47857404 2899151
47857459 952399
47857497 952399
47857498 952399
47857509 952399
47857644 952399
47857646 952399
47857646 2899153
47857647 952399
47857648 952399
47857648 2899153
47857649 952399
47857649 2899153
47857650 952399
47857650 2899153
47857651 952399
47857697 952399
47857699 952399
47857699 2899151
47857711 952399
47857711 2899151
47857713 952399
47857715 952399
47857715 2899153
47857761 952399
47857761 2899151
47857763 952399
47857763 2899151
47857765 952399
47857765 2899151
47857768 952399
47857768 2899151
47857851 2899151
47857914 2899151
47857933 952399
47857935 2899151
47857936 952399
47857936 2899151
47858834 952399
47858834 2899151
47858960 952399
47858960 2899151
47859072 952399
47859369 2899151
47859372 952399
47859372 2899151
47862017 952399
47862017 2899151
47862020 952399
47862020 2899151
47862158 952399
47862158 2899151
47862170 952399
47862188 952399
47862189 952399
47862189 2899151
47862261 952399
47862349 2899151
47862349 2899161
47862540 952399
47862540 2899151
47862546 952399
47862546 2899151
47862567 2899151
47862570 2899151
47862598 952399
47862598 2899151
47862599 952399
47862599 2899151
47862603 2899151
47862662 2899151
47862664 952399
47862664 2899151
47862747 952399
47862747 2899151
47862747 2899153
47862749 952399
47862749 2899151
47862751 952399
47862751 2899151
47862754 952399
47862754 2899151
47862757 952399
47862757 2899151
47862761 952399
47862770 952399
47862770 2899151
47862776 952399
47862776 2899151
47862857 952399
47862868 952399
47862983 952399
47862983 2899151
47862983 2899153
47862985 2899151
47863011 952399
47863011 2899151
47863011 2899161
47863018 952399
47863045 952399
47863045 2899151
47863048 952399
47863048 2899151
47863062 2899151
47863078 952399
47863078 2899151
47863080 952399
47863080 2899151
47863130 952399
47863130 2899151
47863141 2899151
47863143 952399
47863148 952399
47863152 952399
47863152 2899151
47863152 2899153
47863327 952399
47863328 952399
47863413 2899151
47863422 952399
47863451 952399
47863451 2899151
47863462 952399
47863462 2899151
47863465 952399
47863475 952399
47863475 2899151
47863477 2899151
47863487 2899151
47863495 952399
47863495 2899151
47863515 952399
47863515 2899151
47863517 2899151
47863517 2899153
47863517 2899161
47863519 2899151
47863522 952399
47863524 2899151
47864112 952399
47864552 952399
47864566 952399
47864566 2899151
47864569 952399
47864569 2899151
47864574 2899151
34397037 228635
34490053 228635
28725864 28725851
49345491 1107760
49345596 1358841
49345596 1107760
3212830 228635
3212830 3667720
3212830 3667721
3212831 228635
3212831 3667720
3212831 3667721
50404989 9696496
50408238 228635
50568558 952399
50568558 2899151
51473268 1107760
51495365 2899151
51495365 2899153
51517364 9689497
51517364 3446819
51517364 1107760
51581997 47898341
51581997 51581999
51595237 2899151
51610222 32916181
51610222 1107760
51614951 3446819
51614951 1107760
51633999 2899161
51638476 952399
51638476 2899151
51654964 2899151
51663412 2899151
51663943 952399
51663943 2899151
51666966 952399
51666966 2899151
51701691 1107760
51706787 952399
51706787 2899151
51712195 2899151
51712195 2899161
51720191 952399
51751824 1107760
51802699 2899151
51802700 2899151
51802701 952399
51802701 2899151
51802701 2899161
51802702 2899151
51802703 952399
51802703 2899151
51802704 9691545
51802705 3446819
51802705 1107760
51802706 1107760
51802707 1107760
51802708 2130988
51802709 2130988
51802710 2130988
51802711 535801
51802712 1328035
51802713 2753145
51802714 35809382
51802715 35809382
51802716 35809382
51802717 966403
51802718 2899161
51802719 952399
51802720 952399
51802721 952399
51802722 952399
51802723 952399
51802724 952399
51802725 952399
51802726 952399
51802727 1619707
51802728 2084551
51802729 2130987
51802731 2130987
51802733 2130987
51802735 2130987
51802737 2130987
51802739 2130987
51802741 2130987
51802743 2130987
51802745 1357398
51802746 790481
51802746 1357398
51802747 228635
51802748 228635
51802749 228635
51802750 228635
51802751 228635
51802752 228635
51802753 228635
51802754 228635
51802755 228635
51802756 228635
51802757 228635
51802758 228635
51802759 4836517
