84596 290590
368248 966692
368215 966570
283073 378194
283073 378195
117762 378133
117762 378134
117762 378135
967503 1806807
967503 1806808
117763 378156
9730314 378135
9730314 9730318
117764 378172
117764 378173
10657309 10657315
245 1826
245 1827
245 1828
4228786 282920
2442923 3124750
2442923 3124751
2618432 3247536
1805 20491
1807416 2619012
81484 282849
2825164 3390468
10661303 10661386
81485 282869
10661304 10661405
290581 808809
290581 808810
1812 20649
1812 20650
1812 20651
4173943 4301259
4173943 4301260
368217 966601
13370472 13370474
1163 15683
1163 15684
84597 290625
4995625 4995633
4995625 4995634
1164 15713
117766 378180
8328209 8328222
3123581 3600567
13407760 2631093
1821078 2631093
81520 283080
281416 789852
117767 378194
117767 378195
10661306 10661421
10661306 10661422
10661306 10661423
2631893 3256647
789851 1576850
368570 967457
117836 290590
81564 283203
81564 283204
1583668 2441834
117772 378212
14975003 14975005
14995208 967206
1293100 2170784
368441 967174
368441 967185
252 1916
252 1917
982676 378230
368218 966610
1583669 2441840
15027344 15027358
1583670 966837
1583670 2441846
1583670 966825
1583670 966832
15158633 15158635
10661311 10661448
15173793 15173796
368666 967758
4999393 4999448
4999393 4999449
15376807 15376810
15376807 15376811
15376807 15376812
15441434 15441440
967488 1806790
982678 378229
982678 378230
982678 1825834
982678 1825835
117776 378229
117776 378230
117776 378231
982683 378231
982684 378231
982687 1825860
982689 1825867
982689 1825868
28773987 28774039
28773987 28774040
29607652 29607698
10661312 10661454
28773989 2442896
368442 967194
368442 967195
4999395 4999458
117778 378257
117778 378258
117778 378259
117778 378260
117778 378261
368219 966617
368219 966618
4999396 4999460
4988487 4988512
4174448 4301383
368255 966728
368255 966729
368670 967783
375043 978117
375043 978118
10661313 10661462
4999397 4999467
28368533 28368542
368443 380870
29608887 29608892
28773992 28774059
1584380 2442876
29608585 29608600
4988488 4988516
14009089 2009
29607655 29607705
4174449 4301401
4174449 4301402
967234 1806674
29609339 29609353
29609339 29609354
29609339 29609355
29607656 29607709
1583674 2441855
1583674 2441856
1583674 2441857
81489 282897
368256 966740
368256 966741
368221 966635
29609340 29609358
10661316 966570
15057290 15057295
15057290 15057296
10661319 380870
29607581 29607612
28773984 28774023
29609564 380870
5530147 5530160
5530147 5530161
368257 966601
368258 966759
29608963 29608970
13523816 13523831
368259 966771
368581 967528
29607657 29607712
29607657 9730318
29609641 29609644
368671 967791
117780 378278
28773994 28774070
28773994 28774071
29608934 9894551
15036661 2442896
258 1954
1584382 380870
368222 966640
368223 966646
368262 966784
4999404 4999484
29607582 29607617
29607582 29607618
29608586 29608606
4968016 4968023
29607660 29607726
29607661 29607733
368263 966797
368263 966798
368263 966799
368263 966800
29609934 29609951
368444 966784
29607662 29607736
378271 982715
368264 966804
29609650 282915
1629653 2476515
9894526 9894551
9894527 9894551
9894556 9894551
28773985 28774030
10661332 10661496
1629654 2476519
1629655 2476519
10661552 10661554
10661375 10661554
10661376 10661554
29608995 2442896
9974029 2476535
29607928 378212
29607929 378212
29607975 1954
259 1969
259 1970
260 1976
260 1977
29608244 29608261
29608245 29608261
29608246 29608261
29608247 29608261
29608248 29608261
29608249 29608261
29608250 29608261
29608251 29608261
29608252 29608261
29608253 29608261
29608254 29608261
29608255 29608261
29608256 29608261
29608257 29608261
29608258 29608261
29609747 1806807
29609747 1806808
10661504 10661631
29608587 967811
29608588 967811
29608589 967811
261 1982
29608232 29608241
29608753 29608769
29610088 29610092
368445 967206
262 1990
4999407 4999497
3123622 3600595
368446 967212
162445 512267
162446 512267
263 1997
264 2005
368673 1982
29610170 29610171
368226 966657
4999424 2441846
4999425 2441846
368274 966825
368275 966825
368276 966832
368277 966832
368278 966837
368281 966852
368724 967879
10661334 10661515
28773999 28774090
15015088 15015105
29607587 29607633
29610206 29610213
29610220 29610224
10661335 10661525
14392895 14392902
29607992 29607997
5530149 5530173
29608306 29608337
13477347 13477358
15051542 15051545
29608369 29608397
15015089 15015107
10661524 10661525
29608371 2442896
29607686 29607814
29607687 29607821
10661553 10661554
2476516 2476519
29607688 29607826
28774003 28774106
29607689 29607830
29607691 29607830
29608594 967811
29608643 29608658
1629656 2476515
368447 967217
29607693 29607837
112718 368725
10661339 380870
1584384 2442896
1584385 2442896
29608854 29608864
1583679 2441876
1583679 2441877
378289 1969
378289 1976
378289 982721
378289 982722
378289 982723
378289 982724
378289 982725
378289 982726
378289 982727
378289 982728
378289 982729
378289 982730
378289 982731
10661377 10661386
29608374 2442896
81490 282904
81491 282915
13337598 13337609
28774004 28774107
1583681 2441889
29607696 29607849
29609348 29609376
21606231 21606237
21606231 21606238
368674 967810
368674 967811
4988491 4988524
29610524 29610526
967507 1806823
28368541 28368548
29610539 29610543
29610539 29610544
9972880 9972890
9972880 9972891
9972881 9972894
9972881 9972890
9972882 9972894
9972882 9972890
9972883 9972894
9972883 9972890
1584386 2442909
1584386 2442910
1583682 378299
1583683 378299
29610572 29610574
15171736 15171745
15171737 15171745
15171738 15171745
3892773 4112467
29610629 29610639
29610630 29610639
29610631 29610639
29610632 29610639
29610633 29610639
29610663 29610666
29610680 29610683
375046 978118
29610724 2442896
29609787 29609800
29609788 29609800
29609789 29609800
29609790 29609800
29609792 29609800
29609793 29609800
29609969 966784
29609970 966784
29609971 966784
29609972 966784
29609973 966784
29609974 966784
29609975 966784
29609976 966784
29609977 966784
29610770 29610775
29610782 29610788
29608568 2442896
29610838 2476535
29610863 2442896
9876994 9877008
9876995 9877008
29610850 29610856
29610851 29610856
29610905 2476535
29610906 2476535
29610907 2476535
29610908 2476535
29609794 29609800
15021320 15021338
29610914 2442896
29610931 2442896
8949913 2442896
8949914 2442896
81492 282920
29610951 380870
14053296 2442896
29610957 2442896
21803581 21803588
29609066 2442896
29609067 2442896
29609068 2442896
29609069 2442896
29609070 2442896
29610962 2442896
29610963 2442896
29610964 2442896
29610965 2442896
29610966 2442896
29610967 2442896
29610771 29610775
29610772 29610775
29610821 29610826
29610982 2442896
29610986 2442896
15015109 15015117
15015090 15015110
29609682 2442896
29609683 2442896
119159 380870
29611009 29611012
29611014 2442896
9876996 9877012
9876997 9877015
9876998 9877018
9876999 9877021
9877000 9877024
9974031 9974046
29608801 29608808
29611017 2442896
29611025 2442896
29611040 29611046
29610865 2442896
29610866 2442896
29610867 2442896
29610879 2442896
29610868 2442896
15079560 2442896
29611050 2442896
162447 512267
3016000 3526995
162448 512267
29610471 2442896
29610892 2442896
29611080 29611083
10661379 380870
29611089 2442896
29610943 2442896
29608569 2442896
29611092 29611097
29611093 29611097
10661380 10661386
10661382 10661386
29608570 2442896
10661384 10661386
29611105 29611110
29611122 14392902
29610181 29610185
29610783 29610788
29611141 2442896
29611146 2442896
29611147 2442896
14392897 14392902
9972885 9972907
29611149 2442896
368230 966675
368230 966676
29608686 29608688
29609396 29609412
29609236 29609239
15121998 15122004
29611187 29611191
29611188 29611191
10661355 10661539
29607855 378133
29607855 378135
173072 533882
173072 533883
173072 533885
1584387 2442917
29608259 29608280
29608259 29608281
1583685 2441899
29611189 2442896
4999438 4999572
117783 378299
1629657 2476535
4999439 4999577
4999439 4999578
15015078 15015101
368284 966857
29609543 29609547
4999441 4999589
368285 966866
368286 966871
4968017 4968030
29607930 29607940
29607930 29607941
29607930 29607942
29043051 29043060
280307 380870
28774012 28774130
29607562 29607569
1583687 2441907
1583687 2441908
1583687 2441909
15173795 15173801
822315 1629670
1584389 2442924
29607951 29607953
29607951 29607954
29607951 967212
29607951 29607955
81493 282928
29607697 29607856
29607697 29607857
265 2009
368448 967229
368449 967236
368449 967237
29608482 2442896
29610549 2442896
967235 1806685
29607819 29607821
29051985 966570
29608277 29608261
29608289 29608261
29608291 29608261
29608293 29608261
29608105 966784
29608121 29608133
29608121 29608134
29608121 29608135
15015093 15015115
29611519 2442896
29609013 29609024
29611485 2442896
29611610 2442896
29608325 29608354
4228787 4337130
29051998 29052032
29611397 29611402
29611629 29611637
81318 282516
81318 282517
30493030 30493037
30493030 30493039
30493038 30493037
30880453 30880454
30880455 30880454
30880458 30880459
30880460 30880461
30880463 30880464
30880466 30880467
15217765 15217772
15217765 15217773
30880468 30880469
30880471 30880472
15682 81303
30880474 81303
30880475 30880476
30880478 2619012
30880480 2619012
30880482 30880483
30880487 30880488
30880491 30880492
30880494 30880495
30880497 30880498
30880501 30880502
30880503 30880504
30880505 15173801
30880508 15683
30880508 30880509
30880508 15684
30880512 30880513
30880512 30880514
30880518 30880519
30880518 30880520
30880521 30880522
12253922 12253934
30880524 30880525
30880528 30880529
30880532 30880533
30880532 30880534
30880536 30880537
30880538 30880539
30880541 30880539
30880543 2476535
30880545 2476535
30880547 30880548
30880547 30880549
30880551 2442896
30880554 2442896
30880556 2442896
30880558 2442896
30880560 2442896
30880562 2442896
30880564 2442896
30880567 2442896
30880570 2442896
30880573 2442896
30880576 2442896
30880577 2442896
30880579 2442896
30880582 2442896
30880584 2442896
30880587 2442896
30880590 2442896
30880593 2442896
30880596 2442896
30880598 2442896
30880601 2442896
30880603 2442896
30880605 2442896
30880607 2442896
30880609 2442896
30880612 2442896
30880616 2442896
30880620 2442896
30880622 2442896
30880624 2442896
30880627 2442896
30880629 2442896
30880633 2442896
30880634 30880635
2619013 3247891
9391311 9391319
30880637 966692
30880688 966692
30880679 966692
30880667 966692
30880677 966692
30880658 966692
30880653 966692
30880650 966692
30880674 966692
30880681 966692
30880690 966692
30880692 966692
30880694 966692
30880696 966692
30880698 966692
30880700 966692
30880702 966692
30880704 966692
30880638 966692
30880639 966692
30880640 966692
30880641 966692
30880642 966692
30880643 966692
30880644 966692
30880645 966692
30880646 966692
30880647 966692
30880648 966692
30880649 966692
30880684 966692
30880706 30880707
30880710 30880711
30880710 30880712
30880710 30880713
30880718 30880719
30880720 30880721
30880722 966784
30880724 966784
30880726 966784
30880728 966784
30880730 966784
30880733 966784
30880735 966784
30880737 30880738
30880737 30880739
30880737 30880740
30880742 30880743
30880744 30880745
30880746 30880747
967173 967174
967173 967185
967175 967174
967175 967185
967176 967174
967176 967185
967177 967174
967177 967185
967178 967174
967178 967185
967179 967174
967179 967185
967180 967174
967180 967185
967181 967174
967181 967185
967182 967174
967182 967185
967183 967174
967183 967185
967184 967174
967184 967185
30880748 30880749
30880748 30880750
30880753 30880754
30880759 30880760
30880762 30880763
30880762 30880764
30880767 30880768
30880771 30880772
30880773 30880774
30880775 30880774
30880777 30880778
30880779 30880780
30880779 30880781
30880782 30880783
30880786 30880787
30880790 30880791
30880793 30880794
30880796 30880797
4984856 4984860
30880800 30880801
30880806 30880807
1806726 2618433
1806726 2618434
1806726 2618435
1806726 2618436
1806726 2618437
1806726 2618438
1806726 2618439
30880809 30880810
30880814 30880815
29610223 29610252
30880817 30880818
30880824 13477358
1204953 2081461
29607848 29607849
30880828 30880829
30880831 30880829
30880833 29610574
30880835 30880836
13362326 978118
30880840 978118
30880842 29609547
30880844 29609547
30880846 29609547
30880848 29609547
30880850 29609547
30880852 30880853
30880858 29607733
30880860 29607733
30880863 30880864
30880867 30880864
30880869 30880864
30880871 30880864
30880873 30880864
30880875 30880864
30880877 30880864
30880879 30880864
30880880 30880864
30880881 30880864
30880882 30880864
30880883 30880884
29607825 29607826
29607827 29607826
29607828 29607826
29607813 29607814
29607815 29607814
29607816 29607814
29607820 29607821
29607822 29607821
2476518 2476519
30880888 30880889
30880892 13337609
30880893 13337609
30880894 13337609
30880895 13337609
30880896 13337609
30880897 13337609
30880898 13337609
30880899 13337609
30880900 13337609
30880901 13337609
30880902 13337609
30880903 13337609
30880904 282915
30880905 282915
30880906 282915
30880907 282915
30880908 282915
30880909 282915
30880910 282915
30880911 282915
30880912 282915
30880913 282915
30880914 282915
283079 793763
30880915 2476515
30880916 2476515
30880917 2476515
30880918 2476515
30880919 2476515
30880920 2476515
30880921 2476515
30880922 2476515
30880923 2476515
30880924 2476515
30880925 2476515
30880926 30880927
4968043 4968023
4968043 4968044
4968024 4968023
4968024 4968044
4968047 4968023
4968047 4968044
4968049 4968023
4968049 4968044
30880930 30880931
30880935 967783
30880937 30880938
30880939 30880940
30880939 30880944
30880941 30880940
30880941 30880944
30880942 30880940
30880942 30880944
30880943 30880940
30880943 30880944
30880948 30880949
30880948 30880953
30880950 30880949
30880950 30880953
30880951 30880949
30880951 30880953
30880952 30880949
30880952 30880953
30880958 30880959
30880960 30880959
30880961 30880959
30880962 30880959
30880966 30880967
30880966 30880971
30880968 30880967
30880968 30880971
30880969 30880967
30880969 30880971
30880970 30880967
30880970 30880971
30880975 30880976
30880978 30880979
30880980 30880981
30880984 30880985
30880986 30880987
30880990 30880991
30880992 30880993
30880996 30880997
30880998 30880999
30881002 30881003
29043061 29043060
30881005 30881006
30881008 30881009
30881010 28774030
30881077 28774030
30881096 28774030
30881110 28774030
30881118 28774030
30881138 30881139
30881141 30881142
30881143 30881144
30881146 30881144
30881148 30881144
30881150 30881144
30881153 30881154
30881155 30881156
30881158 3526995
30881159 30881160
30881163 30881164
13387280 13387293
30881165 30881166
30881172 30881173
30881174 30881175
30881182 30881183
30881186 30881183
30881188 30881183
30881190 30881183
30881191 30881192
30881196 30881197
30881199 30881200
30881202 30881203
30881176 30881179
30881209 30881210
30881213 30881214
30881217 3600567
30881217 290590
30881218 3600567
30881218 290590
30881220 30881221
30881226 30881227
30881229 30881230
30881237 30881238
30881241 30881242
30881243 30881244
30881248 30881249
30881250 30881249
30881255 30881256
30881258 30881259
30881262 30881263
30881262 30881264
30881267 30881268
30881270 30881271
30881279 30881280
30881283 30881284
30881285 30881284
30881286 30881284
30881289 30881284
30881291 378194
30881291 378195
30881291 30881292
30881296 378194
30881300 30881301
30881303 30881304
30881309 30881310
30881312 30881313
30881315 30881316
30881321 30881322
30881330 30881331
30881333 20650
30881335 30881336
30881338 30881336
30881340 30881341
8328215 8328228
30881345 30881346
30881348 1827
15217766 15217784
15217766 15217785
533884 533885
533886 533885
533887 533885
533888 533885
533889 533885
533890 533885
533891 533885
533892 533885
533893 533885
533894 533885
533895 533885
533896 533885
533897 533885
533898 533885
533899 533885
533900 533885
533901 533885
533902 533885
533903 533885
533904 533885
533905 533885
533906 533885
533907 533885
533908 533885
533909 533885
533910 533885
533911 533885
533912 533885
533913 533885
533914 533885
533915 533885
533916 533885
533917 533885
30881352 30881353
30881355 30881356
30881357 30881358
30881357 30881359
30881363 30881364
30881369 30881370
30881373 30881374
30881375 30881374
30881381 30881382
30881384 30881385
30881395 30881396
30881399 30881400
30881403 1806674
30881425 1806674
30881404 1806674
30881406 1806674
30881407 1806674
30881408 1806674
30881409 1806674
30881410 1806674
30881411 1806674
30881412 1806674
30881413 1806674
30881414 1806674
30881415 1806674
30881416 1806674
30881417 1806674
30881418 1806674
30881419 1806674
30881420 1806674
30881421 1806674
30881426 1806674
30881429 30881430
30881435 1969
30881435 1976
30881435 30881436
30881439 1969
30881439 1976
30881439 982722
30881441 30881442
30881441 30881443
30881447 1806807
30881447 1806808
30881448 1806807
30881448 1806808
30881457 30881458
30881461 30881462
30881466 30881467
30881468 378260
30881469 30881470
30881473 378133
30881473 378135
30881476 30881477
30881478 30881477
30881478 30881481
1825819 2635013
30881484 30881485
30881484 30881486
30881491 30881492
30881493 30881494
30881496 30881497
30881499 30881500
30881501 30881502
30881503 30881502
30881506 30881502
30881510 30881502
30881512 30881513
30881514 30881515
30881518 30881519
967527 1806833
30881521 30881522
30881524 2441840
30881525 2441840
30881532 2441840
30881546 30881547
30881548 30881547
30881550 30881547
30881552 30881547
30881555 30881547
30881557 966601
30881563 30881564
4964186 378180
4964190 378180
4964198 378180
30881566 30881567
30881569 283080
30881571 283080
30881573 30881574
29052036 966570
29052012 966570
2441850 966570
30881576 4999578
30881579 4999578
30881581 4999578
30881583 4999578
30881585 4999578
30881587 30881588
30881591 30881592
30881595 30881596
30881599 30881600
30881601 30881600
30881602 30881600
30881607 966675
30881607 966676
30881608 966675
30881608 966676
30881610 966675
30881610 966676
30881616 30881617
30881619 30881620
30881622 30881623
30881625 30881626
30881632 30881633
30881637 30881638
30881639 30881640
30881641 30881642
30881645 30881646
30881649 30881650
30881652 30881653
30881654 30881653
30881658 30881659
30881668 30881669
30881675 30881669
30881677 290625
30881678 290625
30881679 290625
30881680 290625
30881681 30881682
30881683 30881684
30881686 290590
30881688 15684
30881690 30881691
30881694 380870
30881696 380870
30881697 380870
30881699 380870
30881702 380870
30881704 380870
30881706 380870
14765052 14765069
14765052 14765070
30881708 30881709
30881711 30881709
30881713 30881709
30881715 30881716
30881722 30881723
30881724 30881725
30881728 30881729
30881731 378195
30881733 30881734
30881736 30881737
30881740 30881741
29608893 29608911
30881743 30881744
30881746 29607955
30881748 30881749
30881751 30881752
30881758 30881759
30881761 30881762
30881763 30881764
