1958286 376016
5050791 994637
5059781 1629378
2914111 445546
973045 1812844
2380445 78465
2729247 669426
4107371 2341663
5164752 316859
5165331 97515
1898776 1043766
583040 1301014
743055 24116
816277 1491976
973113 920842
973114 1813585
1093029 302057
1932920 998451
2618068 1393024
2573449 1164041
3902149 243471
2618069 597647
5240891 639184
966059 385296
1813760 898130
5274744 279812
115857 373062
3252502 3570004
1831356 2218221
966060 432102
5290191 2595525
5290191 472684
1317837 2188725
814245 649797
5307475 2119151
973115 1813618
5322817 1484973
5331655 2314089
426409 1069304
5342019 796901
966061 135801
5356383 2193993
1806094 886947
273019 777667
5364216 3156191
5368124 1648542
5371603 1770538
4741020 225148
2708619 3303589
929662 1749032
115283 371902
1520495 1668695
5330890 747290
1093030 1797994
353517 652056
1520496 394195
1814786 2055
973116 915517
5453238 1165774
1093032 523374
973117 653560
5460929 859401
973118 1415351
293675 711561
1949123 2722620
973119 1813742
1958404 1164922
5491227 172411
5502048 1485561
1900100 653323
1831358 1095603
955753 1597315
818908 484976
1438021 1014778
5531871 1628733
1103048 367105
816279 1620930
1521287 1311110
1522946 389457
608908 1094208
1786635 744939
973120 1813774
973121 350048
978786 341310
1899553 1214294
405881 1035147
5582125 2554429
2378937 345150
2624935 899206
1814074 2625024
5581801 6427
5342039 2172430
1093036 764377
3562324 395961
5617973 858923
743716 194340
4864103 956993
5676471 33224
1974279 1920465
973122 390237
1318002 2089188
3252761 959599
1069949 321536
5717766 484101
3048533 834165
45159 191963
3070368 3328976
5740255 364108
448123 1103078
1103050 888459
5742270 2947055
1490155 2042875
4840582 917239
724644 119641
1093037 670481
1069282 652172
5773699 316026
981171 122727
1932863 221179
815166 675239
5806117 2372776
5806216 2249237
2918245 2750240
1093038 1958340
5821139 1439774
3251829 355931
973123 1813862
5827543 1965644
815102 1617381
2603009 890934
5836974 698166
1035162 1263633
1822127 93759
1812456 333051
2681191 3094723
1093039 1958368
1093039 1958369
815246 105588
5875857 545459
426414 224634
1092957 365772
5908748 952965
1103117 697411
1933681 446346
2709098 956747
5944910 617380
1069950 345618
1958119 810048
586592 719487
1093041 1240529
1035908 212456
1035908 1065636
1093042 1958447
973052 946802
973124 786917
5999854 1775941
6000231 659374
6018392 1476248
1069951 220059
6035423 478801
371943 534877
724656 1488262
1811159 2622537
2681677 346742
779852 913383
6096042 2721583
815103 428758
6110056 2896125
1521292 1045958
5309402 344045
6128429 531740
6157007 1110489
966062 1742816
1069952 1711290
426416 1069764
441475 1089592
6219579 995076
1932921 334569
6232004 3570990
6232183 341149
6254800 1040912
6262206 1127863
1035030 1850714
1749017 1721839
6270540 849864
6276416 2306933
6281123 381075
6283858 2194138
373103 500854
815104 1617418
1618008 1579010
502755 1110867
2180126 2918125
6343289 1725388
6344098 6344116
582854 1300771
441476 1089657
3882924 4107362
6377515 915565
6378265 2203165
3071236 717205
1555750 1659051
6403963 1992997
6404051 899179
4174225 1704368
3283462 241544
6418180 3664839
3283400 79217
3303655 675593
975232 883949
6440959 1755534
6449986 866868
1069953 889803
2709099 1798180
112282 208196
6374258 3376128
5386055 3630699
6484433 2438191
6484956 2563953
6488640 2725538
966063 1542066
1069954 1446512
1899325 2681239
6507030 5207220
4124042 681646
6512716 1423325
5342021 448553
6517744 544456
724697 420769
1103051 105833
973126 1813919
1898779 51592
1932641 1687510
2378939 357573
6578776 723154
5310701 5310717
1093047 1958547
6604925 301223
1899319 1596654
6609756 6609765
3251855 1600917
1103052 1974168
2681193 3283765
3562490 1398318
6621730 588988
6626616 945872
6629438 1680656
3988030 159635
2707724 137371
1954109 325109
6631413 1148841
6633061 739872
1524114 121160
973128 1005142
972264 1708333
1774788 107939
973129 1798335
6660122 2833034
3252769 3696368
1103053 1077873
973130 349889
1899605 346765
1958643 170981
1859427 939335
6708019 3037201
6718393 418043
1544630 2405041
2637524 2384688
3071896 233882
6748453 5477456
6374191 332531
6773078 3151072
367776 792552
2709100 983563
6790532 654566
6818746 1444895
6819276 1079567
2728747 1907448
2746625 1007111
6841147 466730
6852156 239630
6869863 2350761
6882236 92269
6882260 293696
3319901 385643
2681428 2831973
6905782 685966
371865 972021
1103054 440861
1093050 631823
1069283 1932248
3832789 4074934
6937956 1617734
6948591 2795401
6951795 333835
586594 1317827
2681194 237662
586682 475329
425862 1068637
1642966 1855530
2067062 2825189
2380607 3071392
1069955 395716
7000623 1694083
724721 517902
7017244 922926
1103055 506418
426421 412412
7020144 291826
1814420 761364
1898713 1348772
2618139 2809010
7023911 1392495
1070089 1933099
7039596 657188
7040743 157259
447848 1102684
972298 110326
7047234 413550
7063418 306435
7063433 47592
7069768 204856
1974562 586980
1220040 792808
115974 373479
7117629 92372
2192962 1471395
7121490 1750143
1813540 2624597
7136074 378550
426422 1070022
1069957 1932971
744789 1522968
5047206 5047212
1521305 343675
1958710 1761535
1898780 2680877
1953787 2319459
2380448 171501
7270864 215081
1974299 1672458
7284825 4020903
724733 1491394
3457907 300719
1035131 283287
7300742 123300
1898715 544349
7318264 65977
1522948 649290
586595 6833
7340288 349601
7340288 366282
2378940 3070363
1932923 712845
2708620 2333975
7343030 101288
7346340 2729002
7368427 1107669
7373035 346625
7378176 2160705
7117664 1239168
7399166 1953615
7399181 5414561
3283463 721982
7416807 1171783
973134 960676
1749019 1096459
7426483 1646314
742690 853499
973135 1814178
7442249 349482
7448202 5988288
7454613 1853870
2681227 222320
1932924 803934
7458262 639088
4876467 62427
7458291 392183
6948593 793951
3071621 38020
7459824 901831
973136 223024
7462819 685554
7462860 4009628
1617598 437262
1317951 297870
7470094 1262684
7471656 1813920
815106 1388128
1900205 418738
7473116 554397
1069284 128756
1932925 2708632
3575981 245678
7442251 677856
1317877 1415706
7486251 132121
1103056 1382276
7487197 2048630
7488399 407532
7493189 204944
7493858 669180
7493860 21196
5290193 2174752
2681195 1687955
7508009 344569
7508866 894234
7510423 919782
7519424 3246735
7521009 3216504
1898749 653999
7523856 5085246
7527047 629439
7530703 445491
7531097 63993
2746463 2478429
7537548 3746651
973137 861049
6374204 3068638
7546499 1737514
2467121 336728
7549402 7549408
3562567 2382750
4839096 657745
7554050 101776
7558843 88046
7537550 352273
7560971 421616
7562496 545470
2618117 342562
2380670 1703461
7568128 3484532
7573450 866767
7577721 5853721
1932816 1236318
2681359 1498786
7587683 791291
7591225 35874
2708671 3303652
2708671 1200680
2681196 345998
7596776 1679353
7598892 193779
973059 185733
7605288 1425125
4876468 1772084
7609299 1707792
7622996 1467986
6633063 588081
6436913 3368493
1900186 135714
1900186 2681712
2618118 2724582
1521311 798002
2379289 356571
1900102 340097
6374205 1559612
7648196 2858849
2729272 339741
7661832 1026994
2624789 3252511
7668278 2114918
1957823 636619
2311194 2171899
7680654 603604
815108 464803
818915 910140
510559 655361
7694730 98939
7695869 1802694
2359517 327487
1093053 177944
3729143 2720649
5932835 1298389
7713567 896515
7717634 3367898
7727224 3747262
2725238 1743853
7733140 3194740
7745559 2160155
7749602 1708552
1069958 440460
1932981 289452
7755522 4505161
1492910 809613
7758639 203607
3283464 364658
4818926 36072
7789588 1629362
7791815 813641
1898781 276660
3562578 97852
1069752 1932729
7794904 6775080
7798895 515421
7810472 3017075
2680647 2377015
3071835 226885
7817409 3813807
2380449 130826
1813878 6037
6343291 866374
1103057 346052
7851546 1086566
4876460 2281599
7857895 988078
7040828 2705845
7870112 895952
7871432 6929920
1811465 2622998
7873767 1449211
1093054 254589
4734097 217934
7876094 2034389
1069680 697904
5972380 3394738
7883954 1021948
7886892 1026026
1898782 1510904
2680789 2163328
7898696 1535522
7902289 566569
7932002 279224
7047236 100479
2708640 929687
7952599 402170
7954286 5342749
7779262 1477744
1806126 49651
1974329 1130962
7976469 2792969
7979453 352212
7979574 702925
7989487 6156033
3722071 4003999
8003572 3302601
8013002 848729
8025465 544375
8026854 828366
8029333 165477
2681673 1417376
2680867 1301813
1035132 440278
7694732 173151
8053154 2713611
1521317 2379394
7493876 913893
7493876 162732
8082835 2849451
1811466 2623025
8110758 538060
8122565 867560
972267 326855
1958406 640977
8139355 3758738
8157163 1528982
2552106 2536229
1933033 2708726
8167703 1430929
815109 1306859
8172352 2802609
617520 1356428
8179291 2318945
1814362 1091629
8187359 2595713
8187359 885266
8193263 3646072
8194848 1071559
5219123 914520
8196849 967129
1899670 2681408
2708516 94886
8202010 340664
7117665 2115502
8204244 1145496
8207400 847648
3150390 654991
8217282 1418169
8217943 1705097
1617408 1235273
1035163 647438
8223851 2287722
8228275 4543017
8231158 268350
815111 1479223
2708557 398053
8255737 8255747
2356876 1144727
405882 1035188
8258114 1152048
8258114 384053
1958288 1255645
586683 968543
8272299 2196905
8275989 1099029
973066 1197208
1958645 954074
973181 670832
8293115 1737589
8296823 1795468
8297819 1183399
8298663 4266542
3550960 58144
1806080 606846
8317104 947668
1898716 157044
1103058 1974242
8321956 2233303
8326658 539370
1204468 603006
1818058 2628673
2680804 341267
8357033 8357039
8361439 2166402
8368931 252474
8372920 2766321
1069681 1932668
8375860 376412
3302982 3728774
1806097 389269
1933052 686711
1933052 1777071
2681674 462765
2629057 399080
1899641 2156281
1035940 1457769
8418417 5988418
1069682 683351
8421656 2503215
444293 1094208
8435970 854077
5774805 1235943
8451938 206887
1522949 343078
8464765 336762
8470732 287468
8475361 431145
8476095 1593208
8495511 1673809
8497449 4718819
973140 1339942
2624129 3251869
8513937 219665
973068 1813321
3252504 1186561
124559 405897
8527376 559321
8538645 2719027
8548628 154269
3199610 3658552
2378766 1266422
8576699 1711645
8578610 222897
8578861 3206132
7508868 852067
449659 1007720
8588130 830320
8275991 792805
8591605 651675
8596757 1356648
972451 1812098
8619379 664128
8627762 648937
8632185 663148
8634666 159840
8634678 202938
3252637 1863949
2380672 170608
8658076 285886
815175 1276422
8675425 1944199
8682411 6340773
8683107 298081
8683512 674553
8692269 225969
973142 659821
2601647 2316867
8710606 3803819
8710682 4018368
8718869 2220143
8720051 820160
8720244 695662
8724428 416691
8729280 2225554
8745187 317139
8571544 2135805
7605290 940372
973143 491090
8799925 3830545
8802319 7390179
8810532 242453
966065 1146837
1806098 2119498
1932926 939136
3685692 663175
973144 1775881
8837330 295456
7040854 934548
8844816 3040630
4421877 3119997
8848062 1299426
1899547 1675899
1092409 1957136
8872025 2378068
8875362 1651029
8877661 451998
8892913 2038737
367777 397491
727162 1496456
8907128 629360
8907295 2491451
1490161 1113168
8928964 5332224
966149 1806200
8947074 1712899
2356877 1999360
8955450 3375106
8957398 2598822
8958827 497291
973070 1813389
8975058 511704
9000131 635366
9002815 1685858
9014962 324000
9020145 6025467
9027082 3633472
9033195 299594
2380450 453333
3251920 129865
973145 93543
9071178 218180
9072592 112089
142859 449667
2681197 321578
2922411 333022
1626097 1029670
1069253 1127451
1828078 557819
8892915 677827
9105807 1634907
586597 418255
2184708 166207
19832 112289
1522951 730216
9122059 2114726
9148350 6859796
9150226 3108021
9159079 705487
9163887 4359694
9166913 8904243
9167759 351813
9168461 1693676
9168470 2843388
9168536 3010215
7448204 2029849
2467123 1250352
2680886 606656
2405025 1246248
9187718 4612073
8167705 2655887
2359532 1866461
9195369 980032
426425 705385
426425 1070098
3562492 672613
744795 1523096
9225143 1643285
7521024 934468
9226766 648798
9230291 3733330
1899700 2681440
586598 1317917
9239908 1625001
9242025 1694543
1899674 2681419
1811843 953145
9280704 785592
9291738 2617452
9306137 1393335
9307320 2757056
9350810 401669
9364974 426298
9404519 64015
9408007 6032209
3619790 2292309
531929 780723
973146 371903
8231160 472352
1553336 2413698
1806099 2618125
1899463 709730
1899463 2509649
1069285 1932299
9475737 2660551
2188683 501892
9478115 6098212
9509523 6464742
9533548 9533558
9540256 3217734
1521327 842868
9554097 1731410
9556744 931934
9561036 1180513
9572174 1676704
2848870 856263
9595724 1264575
9597780 34593
9613015 399524
9775940 1235389
8860461 101778
1522952 885543
9780093 191421
9795969 16216
9814589 332246
2625275 658916
9071180 607590
9833683 923351
9837486 947512
9843511 1642136
2624133 611845
9850278 163240
9850278 9850286
9857810 901356
9857921 2218264
9869281 511225
1069286 315623
9896715 733087
1103060 1284530
984928 230898
9930121 214298
7510425 153312
9942519 1466338
3717249 57932
9947783 3752565
9948975 9948985
9956518 700004
9959436 1979795
9969454 852155
9974590 436113
9975390 996063
2184709 915677
9984357 854219
9992069 378683
10002125 649952
10009742 1785717
6951817 1511283
10018031 898230
10028623 2242000
3283466 362798
1898881 1237509
3717759 321690
10671052 1206091
10680176 672743
10680826 3182661
22977 124575
2681333 261853
8632187 320568
1318051 1999304
1035167 994720
1932168 2707694
4876470 1259858
3988205 387697
10718910 2341765
10721462 2543977
10726028 863517
10726653 338911
1899482 2358412
10728681 9441563
10729171 477856
5637653 688811
118324 379354
1848168 708998
1618403 84909
10799512 1213769
10811765 3054456
1900104 870605
3284235 2517724
10911638 363293
10915045 1802621
1242830 1670996
10947668 4517061
10957905 10957909
172297 531940
4725385 3894253
11009512 1693483
3252639 344037
371975 973012
11029448 1688763
371878 972229
11133021 4378699
11136118 5480529
11145436 3113310
3047109 987045
10892835 2429883
2681414 1935051
11186619 606687
11222167 1968990
2380678 213285
1491843 1693271
11259680 11259683
11260252 1578735
4358259 739666
11273895 2471707
1932171 272519
2467126 3145090
11381591 5184612
11401175 104904
11415640 462872
11431560 1644094
11431730 1654371
11438377 3280289
11474974 3732868
1898783 2072212
1035170 526437
11521650 100411
11296330 1852629
3199612 2035683
2729438 2723843
118326 379392
11613006 97346
11616155 605097
11616155 415276
11618105 2635494
11621432 4885121
11621445 663400
11630538 1656247
11634077 176324
11636426 8791477
8627764 3431787
11646305 41926
11654058 5759316
11690561 1473369
11691272 1482862
11692330 385642
11699512 638015
11710664 1055224
11729455 52233
11729843 3884282
11744484 922640
11750471 643919
11759702 4588155
1900105 249993
11823603 2011284
11824010 1673926
2184711 670411
1958409 606164
11958877 507416
11966007 108950
2307044 792599
11997196 862581
6473424 963746
1900106 354468
12024014 2192333
3283919 2572740
12036894 1024818
1452333 2322412
2618071 899178
6075122 212616
9166915 1547797
5258208 1024560
12079859 3308604
1035135 1601456
12146408 1518912
12150713 324257
12155402 108872
12157626 1388042
12157645 715017
2681229 351961
7851786 1275343
12160070 324508
12160170 1944567
12160186 703479
12160222 1183890
12160254 1694018
3283866 345461
12160275 1547851
12160279 522327
12160898 913322
12160928 333744
12163105 415568
5895111 202317
12190160 1732866
12198747 3369794
7596778 485852
12201968 515283
12204428 1468040
12228243 2435700
12232492 1115318
12232547 910054
12232715 532427
12234590 800792
12241589 1083841
799430 1591234
1591230 2448000
12254221 1163834
973194 547126
12260601 890406
2359539 614822
973154 862608
12265950 4708
12273107 1567075
12276724 427893
3071173 603757
12314762 1291383
12321257 1389831
12325246 702377
12331442 1680804
12333228 2980145
2359542 2565649
973156 755867
12344225 914682
12361806 619689
2681277 1479316
405886 626807
2485847 490421
12424778 3311456
12440119 316487
12449238 6418074
12451009 3646677
12470624 524622
12472796 927695
12531639 3820505
12554851 878137
12580783 1256581
9165947 1085576
12596348 222329
12603343 1820368
12607565 1009780
12608433 12608436
12656246 364512
3561484 107909
12657750 10673645
12660232 1908942
12670167 6253496
12731629 4291916
12732087 2153801
12157628 1475741
2681416 2153119
12763643 1634599
12768346 395461
1490166 2210609
12793535 3139401
12798598 3053488
13071512 1121350
13082752 4719273
1522955 121553
13097561 3179974
8627769 518244
7688536 1095336
13115220 1480563
13118597 1311389
1103064 892545
13126967 673511
13132396 1975093
13132507 2397672
13133807 2332098
13164295 1025104
12596350 192779
13175216 8619
13175855 1529780
13180460 2466317
2680870 572970
973159 1727766
13188680 1471388
13189402 2114155
13189402 4444785
973072 1813412
1900109 115876
2380682 127900
586603 99172
14219754 6466971
14237987 2507003
14247126 1730826
14254815 3101971
14256092 1065660
9230294 1405779
14258088 126924
14266188 3588969
14270210 224636
14296708 644350
2380683 606516
14307655 3273547
14311488 459040
1103067 1974286
14312591 718606
14314079 963011
14314199 5431953
14314372 531529
4730943 4732614
12160205 1334187
14315569 3013497
14315822 2049720
8167717 471114
14331398 775765
14331556 199773
1069965 1933037
14336417 3633307
14342545 332354
2618073 1197880
13548905 362122
14349624 4285219
14349721 38742
2379385 699547
586605 1317958
4897628 2036250
14360464 2030485
14361028 4173577
3303618 106656
8026856 2133120
14362573 856020
14363033 707276
14363360 110094
14366750 2522777
14369618 2525310
14374024 879313
14375173 1164571
14382439 3068518
3283909 3717467
14386766 1260654
2629175 78934
14398672 889647
14399854 100524
744808 1523279
14402873 252964
14403123 1623713
14404419 131618
14405184 2210598
14410088 216934
14414859 2275240
14421560 13192147
14421594 922200
14435680 1671204
14443617 959862
14443636 504513
3562495 3902146
2637551 719474
14478471 2627931
14488443 669473
14492583 177182
1974290 1095302
14360160 497829
1898920 677311
8720055 736477
14574300 1737354
14585123 1369480
14608421 893150
14615414 2404856
14643772 1292629
14680913 213080
14688515 880029
12079861 162845
2637411 2561821
7578139 2344144
14697817 327390
1069292 921750
14731802 1510099
14732181 1495836
5342044 1889286
2681365 301358
15301603 1578708
1898813 587216
15330672 52288
8122569 105231
3303620 360574
15442195 4612480
15449246 2969038
15478088 1520504
15500686 527469
15576180 2459982
15602309 386758
15606859 1643988
15607846 828227
8026859 237269
15609273 2450099
15612698 417494
6128436 1999465
2618076 623293
15614637 1153710
11981532 4893139
2377061 850194
15621195 3805436
15622199 5014869
15622341 2215822
8026872 1233416
15630258 238261
1974300 739896
15630596 132028
1932848 316827
1932849 345360
15630710 1339353
15631081 2976569
15632153 1712545
15633714 3075322
6128452 603434
15642436 1502380
15643221 600998
15643436 606628
1898815 272202
15654072 381643
4763347 1741876
15656019 2941123
822240 1629602
21697484 3849064
21845240 1306452
22510016 5820588
22814646 1742688
23035876 2231063
12183922 3414316
23292969 3886925
23652634 2419562
24339101 2420698
11618324 6204619
24350551 1799323
11618319 1233215
24364972 1165598
2681485 830194
25422019 2161458
25463781 366323
28301888 384691
28301938 97813
28301940 2488723
28302295 954815
28302296 566145
28302422 5841834
28302534 2941939
28302652 1085994
28302653 1306853
28302682 984523
9224024 3433307
28302894 1028130
28302894 4031168
28303049 2970812
28303093 679269
28303175 2042087
28303194 1713631
28303571 1466238
28303572 1650267
28303649 5691137
28304081 54106
28304082 2327105
28304109 893205
28304110 1711958
28304118 13929314
28304120 1732367
28304132 861078
28304134 1676032
28304136 4106848
28305059 3180284
28305061 3177820
28305063 670951
28305064 2461373
28305067 6875291
28305073 1262372
28305074 2037800
28305078 1256477
28305081 492929
28305082 1421620
28305083 332285
966079 933284
28305085 739991
28305087 53196
28305089 2058523
28305094 18891
28305095 310250
28305096 2117419
28305097 1731072
28305098 36009
28305099 1291953
28305103 249850
4358261 1454073
28305105 131849
28305113 2439971
28305115 62982
28305117 1288738
28305118 1544970
28305119 1263768
28305122 397101
28305124 1485794
28305126 2436716
8632198 498383
28305127 2661815
28305128 293906
28305129 678738
12160933 320898
28305130 825231
28305131 1562345
8724436 2921539
2356879 1182631
28305133 339645
28305134 1303457
8122572 1401888
1900169 153690
28305136 641533
28305141 2139325
28305143 1743045
28305144 1153968
28305145 749005
3283898 1267760
28305149 664447
28305151 10279830
28305153 2239173
28305155 898196
28305156 1415
28305159 1345014
28305160 3198373
28305161 1558658
28305164 735161
28305165 348389
7117637 665644
28305167 361514
28305176 520971
28305185 1590463
28305187 329411
28305190 5393593
28305191 345959
6856642 2260815
28305193 1912925
28305194 855687
28305196 383151
28305205 3617223
28305377 3861532
28305379 858015
28305390 746478
28305392 2537428
28305401 3247307
28305409 2771748
28305410 1245570
28305421 7484828
28305423 4356181
28305424 6489400
28305425 425046
28305427 2506058
4077165 4231616
28305449 11627796
28305452 4028564
28305459 10676736
28305462 1474712
28305463 10702730
28305467 1790396
28305470 339742
28305472 1585491
28305474 883717
28305475 2874524
28305478 4664844
28305480 3942578
28305481 5383685
28305482 2374687
28305485 1844739
28305487 2882297
28305453 1201792
28305488 1753413
28305492 3154454
28305493 3798699
28305496 1695388
28305560 5782921
28305562 1489315
28305573 1610701
2157720 1434716
28305585 8662117
28305591 4141062
28305594 4701356
28305596 660628
2681390 859316
28305608 1183051
28305615 2473114
28305619 6009979
28305627 6450242
28305629 94463
28305630 9247262
28305630 654517
8627772 8627788
28305631 4264426
28305632 3615268
28305633 6229444
28305635 6714578
28305644 3433105
28305647 14828644
28305902 2426404
28306189 332582
28306210 3645897
28306216 4706114
28306300 1943069
28306301 705651
3984362 341187
28306314 1800500
28306381 493991
28307372 1320893
28307389 10289592
28307442 922385
2708648 397264
28307464 3504216
28307619 1708710
28307624 1303826
28307800 1468972
8231165 181095
7879778 1481019
28307814 51589
6633092 1069465
28307815 940992
7578147 1704614
28307817 4745136
28307820 1181357
3283487 16713
28307824 662986
5258181 1343907
28307825 1128772
28307826 876904
28307827 769536
28308050 363302
28308057 1351478
28308081 682262
28308084 1686130
28308086 1913328
28308088 787826
28308089 1900875
28308095 3687857
28308264 2499404
28308301 917936
28308302 864337
28308369 23908112
28308372 4881702
28308373 1274569
2708630 2948660
28308375 4393117
28308376 385242
28310375 673621
28310377 53605
28310377 2373898
6856619 2038574
28310383 1003009
28310383 608580
28310385 669768
28310393 681763
28310396 1168431
1958658 363175
28310514 691228
28310524 636143
28310525 2489753
28310527 707704
28310530 916391
28310539 217865
28310565 927324
28310566 662231
28310567 83939
28310515 1357682
1898921 1235463
1522965 836889
28310617 1962141
28310652 1244894
6374214 885584
28310756 1185549
28310756 10277766
28310785 1106852
2188724 332387
28311210 5369404
28311225 1579263
28311227 1400727
28311295 1661697
28311480 413491
28311481 876188
8682428 1562955
28311503 647634
28311524 1024884
28311819 454967
973162 838278
28311850 3100540
28312091 21889
1035184 1311463
28312109 3666327
28312114 887708
2848871 215177
28312116 104322
28312262 5958834
28312476 459658
28312493 1700684
28312495 824425
7117638 1309639
8720256 952106
28312496 2329039
8720252 4443463
28312498 346766
28312835 3898076
28312860 1734303
28312878 664176
28312885 2036629
28312891 1130937
7117639 2528647
28313114 609066
28313528 1738750
28313529 830440
1069693 449451
28313532 1432853
28313548 405181
28313551 667955
28313552 340980
28313553 517550
28313556 358954
28313558 1393207
28313561 2713865
28313564 1570463
28313565 1704254
2380463 257811
28313659 11073406
28313666 372064
28313965 4952130
28314421 885312
28314422 220139
28314424 2665766
28314435 30362
28314849 1598650
28315617 1711294
9027097 5737690
1318023 2189112
28315855 903666
2680896 835896
28315960 2125832
28315961 843216
28315991 3553818
28316138 4752125
28316140 9754
28316589 687750
2681302 2042922
28316707 365093
1069762 251586
8720057 449428
2380464 388213
2380465 226732
28317329 333045
1522966 1438127
28317333 111680
28317337 462738
28317346 337453
28317562 1701852
28317569 1858700
28317572 601436
28317579 799002
28317584 364842
28317605 1061903
28317607 3282726
28317608 709049
28317666 1856613
3303916 403972
28317686 3084100
28317689 3626545
28317694 1361842
28317703 1040843
28317720 1521585
28317725 3561122
28317726 4054226
28317727 1618499
28317734 606521
1932246 2707743
28317739 4528304
28317747 1049348
28317791 707403
28317833 620979
28359343 1171729
28359510 876525
28359667 1973015
28359670 890811
28359671 2070810
28359672 1175847
28359674 230465
8824031 1235404
2680812 741048
28359778 2512634
28359779 19438
28359790 1595925
28360098 391701
28360099 1237045
4173963 696561
28360101 2833875
9795975 339831
1958418 2020749
28360102 1464974
1958419 344221
28360104 309440
1958420 337801
1974212 120670
28360106 3252114
28360107 361708
28360109 4229255
28360111 730480
28360112 681690
28360117 1180000
28360119 2341990
2380691 587862
28360880 1265937
3283810 2144359
28360914 829724
28360917 369452
28360918 117408
28360961 2579709
3303622 418707
7117660 1659936
28361058 1964684
28361063 1344351
28307629 1345786
28361218 1197374
28361223 1693136
28361224 2239445
28361226 2373763
28361227 30831
28361295 4418104
2746560 1430056
28361413 235775
2708361 844194
28361937 1178305
28361947 3333329
28361949 394648
28362114 2408083
28362376 363060
28362554 3603967
28362558 131283
28362881 1418180
28363101 2157556
28363102 2037652
28363135 168276
28363194 1557585
4124043 2760533
28363734 521248
28363889 4670889
28363894 1786559
28363895 2586381
28363898 6362751
28363996 480311
28364102 1756855
28364104 2407939
28364105 1719897
28364112 4077432
9248080 2714411
28364183 4998633
28364185 700970
28305588 3673776
28364212 2183194
28364213 338916
28364224 9117254
28364226 185956
28364228 1291780
28364229 386573
28364230 25243218
28364232 1216911
28364237 4325052
28364259 2888141
28364276 665321
28364278 2306742
28364290 1614150
28364296 2875970
28364313 3027475
28364330 919320
28305454 10275776
28364361 14160817
14314204 3226904
14314204 2462756
28364363 518823
28364365 757901
28364369 7000056
28364372 1268240
28364374 1598326
28364385 1396182
28364395 1460497
28364398 1421612
28364423 610846
28364430 3166765
28364315 822563
28364431 796982
28364438 1208147
28364455 1308250
28364611 28716
28364617 697817
28364622 660252
28364627 1598454
28364628 3780472
28364886 822571
28365684 3028645
28302391 3797314
28365775 1414956
28366285 865852
28366354 9474408
28366357 2500975
28366394 1676453
28366450 1794872
28366636 963877
28366686 208462
28366700 480551
28367120 50844
8179300 4485672
28367148 684696
28367150 256947
28367155 2102809
28367158 790780
28367163 341134
28314809 177133
28367165 927940
28367170 1460393
3283853 338156
28367337 332915
28367338 2087521
28367340 1020146
28368097 3369769
28368216 687866
28368716 961437
28368790 3070128
28368816 2364671
4683607 1243660
28368863 1823485
28368887 291852
28368890 4611680
28368897 1296105
28368898 955356
28368901 3195835
28368928 926328
28368939 10281542
28369058 919452
28369060 332910
28305154 883203
3283873 607014
28369080 200178
28369089 388158
28369090 1183087
28369093 890345
28369628 2151018
28369629 1074272
28369630 226896
28369766 626592
28371111 24313
28371513 1592703
28312011 1733080
28371518 1147660
28368884 3976779
6116258 3154582
28371570 2546397
28371571 1074787
3303903 3460184
28371584 1152103
28371587 1023743
28371589 1469353
28371599 3584573
28371691 328906
28371774 496782
8050920 2316774
28371812 1243289
28371844 1391058
28372303 3996311
28372310 1104450
28372320 2989450
28372328 332855
28372356 1554681
3071177 950566
28372362 961526
8720248 1277807
28372393 1365398
28372394 253285
28372411 3788445
28372423 128705
3717651 385745
1898922 1468018
28372441 800791
28372465 328523
28372467 330819
28372476 463826
28372478 457975
28372482 344462
28372508 830595
28372514 1786942
28372514 9121127
28372515 1718492
28372548 1222501
1974292 956108
28372582 1420167
28372583 1459978
28372584 48442
28372588 2284970
28372591 1930722
10729174 977558
28372596 8647281
28372597 3375098
28372610 3175124
28372617 2097070
8682418 328514
28372633 2628200
28372634 3595767
2356880 2209123
28372658 1288365
28372671 1204489
28372675 1051504
28372677 986894
28372682 421399
1974145 332425
28372690 1324628
28372691 339752
28372761 1309663
28372810 405235
28372826 219986
28373076 951933
28373079 3380747
28373081 159545
28373082 850159
28373083 1482439
28373084 4430974
28373099 292428
28373100 1577212
28373101 3221279
28373102 586117
28373103 699852
28373105 384101
28373107 337486
28373108 3791206
28373112 369352
28373113 1302879
28373118 3122978
28373129 952768
28373356 848041
28373760 800743
28373761 665451
28373765 1646699
3717466 908076
28373772 54105
28373774 3038573
28373778 402175
28373781 1785574
28373783 860789
28373785 326287
28373790 6418900
28373792 2459673
3303917 3478882
28373797 108784
28373797 661008
28373799 2191031
28373801 3360665
28373802 339262
28373810 931220
28373812 458971
28373819 3211005
28373820 3646371
28373820 875702
1035145 1212591
28373822 2916385
28373826 986735
28373829 918623
28373837 1655486
28373839 356023
28373847 883496
28373848 302578
7117656 93823
28373854 772118
28373897 1658774
1626098 571752
28373903 3616815
28373920 1098287
28373921 2122689
28373925 143682
28373930 2299622
28373932 1155057
28373934 1799736
28373942 8830873
1318024 2189114
28373970 5032460
28373973 1213320
28373978 5422946
28373984 50401
23652636 223644
1932247 1256362
2729256 1648856
28374016 1069527
28374065 2182624
28374095 3508505
28374096 4779291
28374099 1026416
28374101 973414
2681267 301663
28374107 562804
28374110 108081
28374117 97776
28374129 2501291
28374149 602273
28374174 2497823
28374180 3902277
2361601 868584
28374183 2293091
9027098 1233869
28374185 6151578
28374186 13522438
28374189 54418
28374197 588541
28374210 1184082
28374212 2037710
28374215 272437
28374216 867273
28374217 13810021
28374221 5126277
28374222 300480
28374224 3372824
28374175 3460000
28374232 115238
28374234 1091493
28374237 11632793
28374241 10688635
28374246 2120999
28374248 5526761
28374253 1674833
1491918 1799660
28374256 3678393
28374257 995366
28374266 2017503
28374269 94456
2473903 1528179
28374272 1480573
28374276 1348906
28374279 1420804
15147262 231078
28374283 1858105
28374286 1561898
28374288 1007864
819146 1626099
28374290 1467688
28374291 542800
28374294 1083027
28374298 1042262
28374300 1603308
28374708 1577482
28374887 43596
28375046 1205879
28375046 339846
1899464 2144857
586684 1301504
28375157 613649
28375160 2758055
28375162 571992
2681268 626083
28375167 430838
9956526 477973
28375168 4433795
28375170 366454
28375365 4881727
28375370 14968
28375486 1720599
28375641 2185301
28375673 1201385
28375745 164082
28375892 2043873
4042589 1744295
28376753 320222
28376754 2863170
2681209 300084
9780099 2737111
28376756 893101
28366287 396491
1932728 163416
28376757 1001109
28376759 1306724
28376761 326394
28376764 1793797
28376777 3322268
28374258 4279643
28376779 4509667
28376916 1493432
28376924 575421
28376931 1147291
28376933 860641
28376941 879768
28376942 2062323
28376944 2386301
9554100 9554101
28376948 3733533
28376964 13550815
28302930 890289
28377157 2745106
28377171 567278
28377177 1872462
28377211 921054
28377707 355635
28377768 1006911
28377769 945850
28377770 1406690
28377771 3802856
28372756 488803
28377774 141892
28377775 291928
28377776 3639656
28377777 1663175
7117641 65452
28377778 757896
7117657 33790
7117661 227143
28377892 333036
28377896 7315479
28377923 866392
28378062 957426
28378065 3962368
28378068 836468
1035052 1633563
28378556 224647
28378802 879825
28381964 530368
28381966 102345
28381967 251346
28382108 464793
28382116 3955930
28382117 3859085
28382121 1168021
28382122 2043846
28382125 1233764
28382127 807212
586612 877282
28382244 815432
5617978 658031
28382250 1652535
28382252 956882
28382257 315220
28382259 3345079
6374215 639317
7373045 449404
28382706 2342601
28382919 5525679
28383018 52450
28383024 868164
11634083 2868539
28383032 4643189
28383033 2403355
28383034 5059270
28383035 4157986
28383036 976074
28383306 45734
5047197 102116
28383421 1235403
28383423 173461
28383424 5346774
28383425 2857007
28383428 912449
28383426 100784
28383429 856480
28310378 2689034
7521017 3967910
28383433 373127
28383437 505963
28383438 664017
28383590 299291
28383596 1476217
28383616 1010094
28383893 2127644
28383894 2955222
28383899 73935
28383907 2407949
7954291 1814309
28383919 7663204
28383921 1533368
28305623 250734
28383956 4502867
11130547 931848
28384025 1563074
28384027 382908
3145054 289289
28384033 604973
28384172 1652068
28384175 177868
28384178 1253941
28384180 438706
28384188 696154
28384192 1184171
28384196 2379038
28384197 1201050
28384199 1127835
28384203 1759932
28306234 3075924
1522698 2380344
28384623 1273029
28384814 7190023
28385021 145233
28372760 836806
28385071 1600851
28385072 462628
28385075 2393102
28385083 5480764
28385316 618174
28385473 2438554
28385483 376363
2681576 150498
13628845 925352
2681210 1560066
8026861 2525308
8026874 1911432
28386139 895745
28386145 1527279
28386262 3535636
28386270 3734220
28386274 5692888
28386286 1640169
28386286 1149139
28386287 933945
28386296 1680127
28386302 233359
28386318 853243
7721427 1348800
28386340 579809
28386341 3142927
28386344 2399328
28386345 360042
28386347 679216
15147263 406150
28386350 1035149
28386351 3674205
28386352 3077639
28386383 1668323
28386479 484731
28386897 3689262
28386898 2144856
28364233 395132
28386900 2478461
28386901 7422551
5258137 357294
28387264 1605226
28387265 322795
28387290 2479845
28387400 570456
28372635 806941
3198682 3038672
28388121 5575571
28388123 1828420
28388130 3553325
28388132 6289537
28388133 4520207
6005721 1197954
8395485 1857577
28388202 1204368
28388203 2029959
28388205 131714
28388324 3099332
28388327 1244035
28388330 1663596
28388333 451950
28388335 792126
28304230 5355565
28388349 2318530
28388351 2558234
28388352 6277694
28388403 605230
28388421 385183
28430638 867602
3717189 2736310
28485274 10280279
28494133 4507950
28652200 674926
28654460 5278717
28654645 6121360
28659914 4942941
28659928 347785
28660191 2511934
28660234 3615967
28660487 7980186
28661696 917524
28664907 3954455
28666048 3108518
28666319 2777165
28666346 2786274
28667849 1856515
28668169 7521359
28366358 1501784
28668692 415343
28668905 3323371
28669520 435683
28670824 355106
28670927 542903
28671760 2028370
28672088 2865317
28373779 527570
28672408 1710655
28672834 341578
28673468 917157
28673549 5463924
28673620 3028092
28673780 160176
28686388 342695
28689479 1421383
28727831 1366498
28765751 1775044
28765757 1313920
28766052 2272083
28766332 560554
28766494 2281455
28766522 4723749
28766697 1771705
2681406 3283912
28766725 2279381
28766836 558687
28767035 3818214
28767276 1496356
28767822 2552829
28767892 2367563
28768051 2968633
2359552 1130909
28768164 223173
28768633 3938200
28769068 87274
28769420 2733493
28769627 693676
28769792 1638618
28770202 559905
28770839 3223857
28771309 3341764
28771360 95683
28773080 2650081
28773195 231034
13524179 1529011
28773763 5379645
29031345 101777
30296302 105100
30296303 2037697
30296304 3320049
30296305 384570
28307630 5195539
30300174 5678810
30300214 1492361
30300218 2505690
30300232 7777830
30300240 3330252
30300273 538043
30300289 874137
30303057 8158520
30305904 924569
30307496 501271
30307499 440317
30308238 12282247
30308248 3689258
30308256 9993
30308261 2260773
30310352 1195994
30310398 1849279
30310416 678745
30310417 632819
30310420 1731128
30310431 2585472
30310439 1416978
30310444 5426124
30310448 6921378
30310450 2566327
30310457 3708020
30310459 645338
30310468 1125012
30310469 1648541
30310472 2760953
30310477 917102
30310478 803609
28769628 220777
30310483 4020641
30310484 876853
30310492 917670
30310500 321535
30310506 877310
30310509 1126071
30310513 781258
30310521 1854418
30310528 80778
30310537 1701737
30310545 670560
3562336 231884
28305468 1002794
30310564 214080
30311867 891368
30312668 367693
30313439 3529121
30313444 1848018
30313447 1410906
30313449 330631
30313452 359081
30313455 3038735
30313456 3628626
30313458 1467599
4876476 313781
30313459 6078850
28372636 6869739
30313461 596068
30313464 631797
30313468 1288337
30313469 774528
30313470 2913416
30313471 911966
30313474 946532
30313476 3650455
30313478 1420393
30313480 831169
30313486 154226
30313489 274109
30313498 4490901
30313499 2030211
30314140 10846048
30314141 3857738
30314142 10424279
30314149 2465167
8098036 2603722
30314745 1009404
30314764 654078
30314772 359171
30316623 1528855
30316671 2073925
30316724 4268867
15738002 1692193
30316776 3237598
30316816 3174105
30316860 3038563
30317044 53687
30317085 9435577
30317086 9110363
30317088 5511780
30317089 6623297
30317249 432357
30317265 2429629
30317277 938038
30317292 1625715
30317298 1510280
13587057 719407
30318086 1095211
30318290 944668
30319515 7210848
30319517 3074503
30320376 1810617
30320437 83967
30320461 930031
30320465 149887
30321598 1446883
30322202 2849987
30322222 1181895
30322617 5287757
30322626 861055
30322628 4709573
30322631 398565
30322638 1749078
30322640 671511
30322645 686823
30322648 1482442
30323620 260658
30323643 616660
30323689 286774
30323765 289918
30323787 1310487
7902297 1023826
30323801 1552854
30323810 3711208
30325317 3414515
30326450 1291727
30326451 1579057
30326454 1020025
30326456 4153131
30326458 4693245
30326462 3264248
30326659 1473744
30327368 841032
30328351 190200
30328358 1070429
30328366 2300021
30328390 4209526
30329184 200724
30329191 226280
30329192 119369
30329193 2081974
30329195 1482956
30329467 3652836
30329468 626053
30329470 5085858
30329911 2081242
586615 1317963
30329912 3010030
30329914 1659321
30329915 170431
30329916 1799856
30329917 479615
30329918 498041
30329920 1618983
5258150 1264770
30329923 610987
30329924 391177
30329925 934546
30329926 1556357
30330311 2052422
30330615 559710
30330631 873004
4623895 1814867
30330956 212925
30331635 205610
30331642 7131682
30331736 7780886
30331738 948427
30331739 2440985
30331741 1453612
30331742 1731567
30332966 2531518
30332966 1169919
30332975 6971784
30332985 4708591
30333001 1162294
30333898 4759943
4818860 4646087
30334076 669952
30334091 3508828
30334094 608612
30334743 1216358
30334745 1487637
30334746 1968048
30334758 926798
30334770 1735391
30335008 1394049
30335723 2131588
30335837 13527280
30335838 5388564
30335839 430809
30335840 1351004
30335895 3455921
30336836 4560872
30337084 1849229
30337086 2420181
30339009 3426248
30339010 620072
30340215 92239
30344111 14692
30344272 2119179
30344285 3535508
30344293 263199
30344294 666003
28316139 11602854
30344302 316860
30345802 2708459
30346255 1657636
30346256 173814
28667039 328647
30346261 947906
30346264 1246497
30346265 202620
30346269 870743
30346271 5699730
28374153 1327063
30346272 1335435
30346273 1147498
30346274 2306464
30346277 583386
30346278 360602
30346279 651301
30347284 1684936
30347333 682760
14410091 638621
28317691 5410466
30347383 2292040
30347406 4120046
30347410 5125172
30347419 2789107
30347421 7443470
30347422 3602668
30347428 660531
30347430 6459488
30347433 63518
30347436 4198249
30347438 984093
30347439 8667809
30348023 994884
30348141 176544
30348226 2124847
30348548 1151702
30348985 1486307
30348988 2580164
30348989 945449
28374176 4698087
30349070 4132303
30349611 1632909
30349620 7364495
30349621 2047827
30349627 445644
28665631 1082742
30350282 688190
30351057 90335
30351066 14159449
30351069 4892797
30351075 1268211
30351111 1468425
3319907 213058
30352123 1720035
30352132 370142
30352134 860053
30352244 748643
30353442 388916
30353534 4204
30354196 1655157
30355392 1303624
30355398 7827883
30355399 6896486
30355402 569637
30355403 3344260
30355419 1157886
30355426 355886
30355437 4685862
30355438 767024
30355441 1940834
30355445 3582294
30355621 2573757
30355624 3688307
30355632 553833
30355635 210631
30355640 1510299
30356484 5185106
30356664 1754279
30356671 201400
30356680 1632733
30356681 2131522
30356681 2869667
30356682 1831193
30356684 914652
30356685 99177
28374130 1309508
30356723 825413
30356724 324572
30356725 2354430
30362697 953183
30362744 4076024
30365809 3713002
30365809 316514
30365811 792040
30365855 3744799
30366235 1122747
30366274 829463
30366324 3951552
28361958 1849638
30366349 199552
30366396 645548
7117662 1423849
30366397 1245997
30366398 354325
30366399 3642795
7117658 2250807
30366401 960009
30366442 1528603
30366466 1288118
30366829 302626
30366830 1280367
30366848 5567455
30367316 2250702
30367317 1391399
30367660 1738270
30367663 6011813
30367694 219776
30367695 5020505
30367709 459022
30367720 11803786
30367721 6351764
11130539 2324872
30367730 1075716
30367743 897951
30367744 1276413
30367746 10666027
30367747 896301
30367784 217444
30367785 3563917
30367806 2622541
30367811 302338
30367812 383953
30367884 925409
30367885 23935464
30367888 265848
30367889 649578
30367891 2147040
30367902 358623
30367916 1841235
30367919 2156266
30367929 2334051
30367933 348519
30367960 1006879
30367961 11645708
30367962 10830224
30367965 1055823
30367966 2494857
8909648 911223
30367976 220324
30367977 6170292
30367987 23941775
3717430 1356797
30368006 594740
30368009 3994086
30368010 1530399
30368036 683614
30368048 1082837
30368055 2149862
30368070 687352
30368076 421096
30368077 585399
7591235 607039
30368078 1753989
30368080 1420380
30368086 464865
30368093 7090227
30368096 1043926
30368099 231052
30368102 1023061
30368137 3316372
30368141 3100148
30368142 1101611
30368143 953428
30368145 13675993
30368156 3748255
30368159 3093827
30368186 5785132
30368196 4575713
30368198 8487495
30368199 3308588
30368200 340418
30368238 862773
30368239 2348967
30368257 13491101
30368344 886412
14258167 1539332
30368644 1230356
30368715 2604957
30368896 915857
30368910 252618
30368912 3407019
30368919 5014361
30368969 960240
30369394 3239010
30369494 2454084
30369499 953692
30369507 515009
30369517 146802
30369676 345395
30369678 3866172
30369782 1412075
30369810 7385643
30369839 3123295
30369840 630339
30369844 2086144
30369980 2604780
30370173 3987119
30370174 581908
30370175 1002960
30370422 898732
30370534 2770751
30370649 2330030
30370665 93521
30370700 4994945
30370766 2497771
30370767 2254756
30370768 563891
30370872 11315985
30370886 8758218
30370925 1346515
30371225 2532496
7851803 1657990
30371348 2201450
30371349 830869
30371350 1548265
30371402 915648
30371413 2435083
30371416 351828
30371420 961192
28313566 1309814
30371421 1381505
30371511 99537
30371519 7295479
30371520 2223933
30371521 9299080
30371522 2305031
30371523 1157275
30371524 5737418
30371525 3786610
30371554 331496
30375909 2156899
30376717 7068228
30378595 2174869
30378599 654183
30379591 4387018
30381120 651477
30381201 5359458
30381476 1458332
3981531 537087
30384007 316183
28374363 660181
30384008 1407606
30384012 3766363
30384015 471087
30384020 1563395
30384023 495491
30384024 6248575
30384027 4652546
4623789 958722
30387333 324552
28313534 197073
30387339 871456
30390591 6019823
30390598 7713
30390604 1599106
30390604 875548
30391840 413516
28303575 1635072
30392436 1119944
30392440 5970397
28770157 1124278
30392441 1262860
30392442 1549738
30393192 2223929
30393194 1250262
30393672 6512145
30394604 7728268
30395117 3168897
30395126 5330644
30395714 937318
30397925 5880041
30397933 1953745
30397934 453748
30398351 218197
30398615 892985
30398862 663207
30399146 897618
30399147 324001
30400174 35783
30400179 2283581
30400181 1334201
30400327 1426146
30400453 2509467
30400539 962405
30400541 236670
30400555 1211138
30400619 3677029
30400745 2658432
30400821 1326265
28364439 3585556
30400856 1308413
30400878 14039610
30400883 2137852
30401995 876373
30402711 501989
30402791 1268336
30402811 396851
30402817 4718883
28388131 4390344
30402827 896581
30403072 3370011
30403073 1675897
30403073 907985
30404508 3186005
3145121 989813
31111475 1559455
31117689 2308832
31117813 1519523
31118234 10275044
31118442 2153647
31119102 6619026
31119215 206551
10736842 56038
31126660 3436780
31126862 2681681
31127241 295451
31129789 1606382
31129920 698111
31129990 368052
31130003 6905962
31130064 1429561
31130269 13935152
31139549 24225
31139640 8997263
31139683 9877350
28305494 8605597
31151449 463280
31156322 3970386
31157482 8671117
31158951 364957
31159379 1007900
31159395 2081307
31171235 1583360
31173961 82494
31174356 1934313
33128464 1777782
33128515 2173509
33248340 839203
33366139 1344996
33614084 13733
28364234 3622255
34402010 2416385
30478546 2808106
34895013 11317547
34895040 3423875
34967263 1059785
34967740 3154455
34968405 4027332
34968894 1465283
34969635 9593000
35534399 417543
30798605 2176712
35639938 7170379
35665912 8915458
1958426 1446508
35862636 2403279
36662767 1034460
36663364 931645
36677118 5927435
36684431 5130403
36698089 1070726
36699523 2372763
36703340 110682
30356675 1478035
36703911 910853
36711612 8295637
36711612 2647599
36713073 1268319
36713513 1771491
36713527 1813612
36713590 345043
36713611 265274
36713679 2626105
28374251 1624715
36713747 1633911
36714183 4447850
36714390 9277016
36714430 1625202
36714635 4193108
36714692 6891204
36715117 3302860
36716901 5924609
36718771 230354
36719278 5332760
36721119 3155468
36721195 1122482
36722065 1549755
36722136 3015074
36722142 2425525
36722146 861360
11130548 2441191
36722167 3529860
28305422 2906733
36722169 1850974
30346258 1997723
36722228 329368
13835329 648849
36723007 1978202
36723092 2351621
36723549 1724386
36723591 3314178
36723620 242331
36723710 866384
36723729 6778507
36732116 1641293
36733797 436631
36733949 1801333
36733955 3641232
36734016 3006942
36734566 2039085
36734812 3162376
9027099 1119380
36738481 440325
36739074 5100310
36739807 388055
36740127 319762
36740182 913535
36745638 6903987
36747002 104942
36747021 534188
36747032 3377266
36747060 2458618
36747093 6273230
36747148 901222
36747242 2295539
36748210 606663
36748216 6162449
36748230 1407564
36748231 953496
36748245 664352
36748247 562629
36748274 56243
36748288 1719462
36748301 1574781
36748309 610915
36748311 3046953
36748312 1725192
36748340 177187
36748341 701646
36748345 918738
36748350 2156563
36748365 747489
36748371 2474222
36748376 1734862
36748377 1779094
36748378 432406
36748604 1803567
36748794 14871679
36748797 230738
36751681 44161
36752093 198691
36752096 3728085
36752100 3322998
36752106 1320712
36752142 10058066
36752146 2461593
36752149 2890988
36752164 727256
36752206 3082986
36752255 1709214
36752265 8391500
36755278 563135
36755443 1706091
36755755 1968165
36756019 1857367
36756330 36756331
36757336 627812
36757351 1731190
28374177 5264342
36760193 3056189
36764331 1730701
36764406 2010612
36764407 1287468
36764410 1419486
36764411 3877742
36764433 861387
36764445 3435804
36764450 1150218
36764451 2603112
36764458 2220720
36764460 1582115
36764463 701698
36764472 2387956
2189119 216951
36764488 3546950
36764502 3071932
36765016 200635
36765115 2373663
36768128 2842912
15630712 863846
36769815 2533837
36769902 147187
9027091 1394068
36770084 10693579
30780887 6550420
38338641 2420006
28374109 6604514
7538652 3381375
39971088 2260404
30976517 1733024
40122092 946448
40148720 433016
40150581 1775409
3104598 540106
40168918 3327808
40175474 1793418
40203297 3694294
40205839 3914365
40224658 909471
41348067 1396
43702964 1703871
46099297 1066703
46114550 423736
46920806 1418179
46920807 2278809
46920808 2557006
46920809 4430088
46920810 1317857
46920811 13526752
46920812 10694
46920813 2395764
46920814 1750525
46920814 366048
46920815 2482772
46920816 1061568
46920817 7888517
46920818 8074440
46920819 8049061
46920820 13928035
46920821 6670278
46920822 311140
46920823 3645546
46920824 604199
46920825 8134623
46920826 53251
46920827 129450
46920828 2063631
46920829 7269419
46920830 4353899
46920831 4298730
46920832 1731637
46920833 441702
46920834 21613
46920835 5617816
46920836 425129
46920837 7706788
46920838 3500675
46920839 2554672
46920840 4389905
46920841 1043727
46920842 2555807
46920843 2881865
46920844 1029189
46920845 825419
46920846 703726
46920847 853313
46920848 346140
46920849 733379
46920850 100371
46920851 1044443
46920852 135136
46920853 1347074
46920854 362237
46920855 2063064
46920856 521242
46920857 1700626
46920858 88138
46920859 1711082
46920860 1515591
46920861 518136
46920862 962318
46920863 3454047
46920864 925141
46920865 755210
46920866 432739
46920867 1252656
46920868 4883521
46920869 1510674
46920870 2873555
46920871 517854
46920872 624725
46920873 213630
46920874 348633
46920875 3031728
46920876 341075
46920877 677087
46920878 224935
46920879 440723
46920880 350158
46920881 4881550
46920882 1616915
46920883 1453905
46920884 1562616
33798145 1111388
33798145 1708191
46920885 2880157
46920886 2211771
46920887 2102317
46920888 143896
46920889 840529
46920890 614438
46920891 375630
46920892 420578
46920893 1316877
46920894 614892
46920895 1265892
46920896 2354022
46920897 620844
46920898 1520720
46920899 1844907
46920900 966941
46920901 588918
46920902 1854353
46920903 2707381
46920904 3308435
46920905 532840
46920906 3392088
46920907 2880632
46920908 1104933
46920909 1918786
30367992 1440735
46920910 3064123
46920911 1418594
46920912 2114714
46920914 3040320
46920915 316877
46920916 1522121
46920917 164781
46920918 263004
46920919 3040940
46920920 1898694
46920921 2528672
46920922 2293521
46920923 3118424
46920924 1983246
46920925 1403581
46920926 3480964
46920927 109199
46920928 3767943
46920929 3177560
46920930 10379474
46920931 4750888
46920932 1288887
46920933 2449413
46920934 1662666
46920935 674156
46920936 878358
46920937 4433867
46920938 7654007
46920939 3070433
46920940 2889328
46920942 1848915
46920943 2570375
46920944 2503109
46920945 563334
46920946 5722782
46920947 129567
46920948 131128
46920951 333920
46920952 448221
46920953 906211
46920954 13502436
46920955 7333179
46920956 1054304
46920957 1755429
46920958 946665
46920959 1721949
