5032468 5032488
5036984 5036995
3311331 3734467
3122380 3599767
5059921 5059960
960179 1796982
961125 453854
5205217 5205230
5238338 5238374
120062 383667
384598 996347
5349064 5349083
110439 355187
997092 1845856
5364076 5364089
2891925 3435263
5393911 5393943
335711 918485
5418840 5418851
5442337 5442367
2597067 3231667
685129 1438640
1416100 2288993
1092558 1957276
262333 760184
791721 1582154
288644 805237
5634615 5634634
1776751 2593545
2375798 3067993
3608268 3931910
288461 803682
959237 1794228
685135 1439078
958665 1793538
439722 1086580
3804629 4051181
3314959 3737662
1604372 2454453
2221755 2953638
825263 1634045
3389676 3786495
5767605 5767616
1295860 2173358
5788383 2454175
333940 910896
5809151 5809167
435797 1083285
332168 904994
5849518 5849550
791209 1580583
2452916 3132455
288464 803996
5926522 5926536
120080 384780
958124 1792435
5932615 5932644
435799 1083478
2436638 3118567
2418146 3104825
5973103 5973126
3011436 3524119
141061 443544
6004496 6004519
6013732 6013776
1603748 2453840
1084094 1946025
2409767 3098001
6030923 6030928
3687829 3982945
6048879 6048890
1603804 2453937
3314730 3737313
1295039 2172603
1344379 2218844
6067765 6067787
958332 1792811
957877 1791637
1792721 2609321
2892702 3435889
2122372 2869932
676053 1418001
6080674 6080687
6083301 6083317
6085419 6085448
3215789 3669475
6091969 6091987
6103637 6103674
960182 1797132
3226111 3676220
6124483 6124496
439001 1086102
6161600 6161620
6163295 6163323
6163463 6163487
2963503 3488372
6190646 6190677
2454069 3133211
437847 1085031
355070 950158
6209686 6209701
1777043 2593828
2099700 2851502
2872039 3421873
3200491 3659554
3118682 3597946
2138902 2884249
1417947 2292568
6251788 6251809
6251865 6251913
1083721 1945511
355071 950203
6268822 6268855
6269322 6269339
6269394 6269417
1417948 2292634
1543161 2403404
4768648 4769277
18776 103632
6283253 6283269
3314737 3737383
1603142 2453464
2723134 3314991
4417432 4463989
1793012 2609642
6307023 6307055
6324586 6324626
438376 1085426
6326787 6326815
950974 1781807
3676146 3973750
4883365 4883389
1346949 2221951
6349904 6349925
2642779 2111363
2913552 3454893
3688965 3983908
500980 1189567
6371169 6371205
140241 436551
1693346 2527426
288466 804098
6381647 6381680
4087883 4238782
6423806 6423830
6425164 6425187
825264 1634112
6445599 6445618
140244 436659
6455296 6455320
6455773 333793
6456159 6456187
6466271 6466294
6484232 6484242
6492232 6492259
6493193 6493223
2232618 2963354
438315 1085362
999357 1848152
6516011 6516031
6546067 6546103
6271007 6271047
439293 1086397
6566592 6566609
5395352 5395442
6579060 6579105
3021738 3531369
3106863 3589404
949881 1780243
3262509 3702596
6644521 6644539
6659091 6659112
6710639 6710653
6718965 6718986
140251 436945
140252 437013
6726023 6726038
516934 1216322
6765053 6765081
6783577 6783614
1851406 2653473
6799779 6799785
6799796 6799812
6799816 6799836
6799861 6799872
6799897 6799920
6799924 6799943
1708428 2538834
1069499 1932486
2963454 3488336
957878 1791672
224700 696843
6829026 6829054
2440595 3122370
3932726 4139228
6859393 6859418
6861664 6861695
804236 1604548
6870041 6870057
1780446 2596345
438898 1085773
3844944 4083095
329556 893307
436952 1084625
4429008 2434029
1293833 2171702
140261 437323
3676147 3973796
2654650 3273020
6963268 6963284
3830979 4073620
1582078 2440647
6975454 6975461
6980885 3756572
2452917 3132497
1948334 2721953
6986622 6986655
6986934 525440
6990717 6990743
6994164 6994180
6994736 6994747
7006302 7006342
18779 103824
2608912 3240200
2608912 3240201
3463403 3835499
359304 958177
335872 918679
140265 437420
1780892 2597100
3659561 3964394
7079125 7079144
803620 1603169
2453421 3132869
2718903 3310499
7087105 7087128
2595803 3230874
7092523 7092552
803896 1604040
7095585 7095619
7102280 7102300
1791879 2608779
3682385 3978627
3234714 3683735
7112625 7112639
3625756 3945504
435802 1083619
7085901 7085960
7116283 7116293
7117502 7117527
7117751 7117783
140269 437577
1069500 1932526
7120758 7120792
7137549 7137572
7141322 7141344
4463998 4499539
7142171 7142193
7142449 7142478
7142603 7142632
7142920 7142937
7153880 7153912
87963 299989
7160265 7160302
7184969 7184980
7185683 7185705
4859788 4859843
7199364 1638819
7200142 7200156
7202041 7202063
288468 804200
312890 849118
2538803 3194368
7234944 7234964
7238647 1636360
1604340 2454316
804107 1604512
7251371 7251413
2449178 3129424
7257739 7257762
7265676 7265697
7282690 7282714
803695 1603376
7298038 7298082
7302532 7302546
803141 1600464
7321568 7321578
440204 1087115
3021739 3531391
7359082 7359121
2172545 2913097
7359912 7359923
7360016 7360042
7360420 7360445
7360758 7360778
957881 1791822
3722267 4004058
7365372 7365388
3178984 3642684
7366302 7366312
7367183 7367213
2232619 2963393
3676149 3973866
7372152 7372197
7372376 7372386
7380446 7380463
7384591 7384603
7401282 7401310
7404784 7404816
7404912 7404945
7406183 7406204
7407851 7407874
7417695 7417707
7445034 7445042
1947873 2721564
7456911 7456924
7481090 7481121
7488190 7488203
7512561 7512597
4147333 4282347
3682387 3978662
1452608 2322661
7531395 7531418
7544371 7544395
7237327 7237387
7554974 7554998
7555472 73627
7557900 7557928
7569980 7569995
7572531 7572549
7572718 7572730
7580167 7580192
7591245 7591265
355073 619220
7593140 7593162
609464 1346971
7595668 7595681
7595819 7595847
2866615 3416789
7598273 7598331
7599184 7599204
6271009 6271143
7600874 7600892
7601648 7601660
7602208 7602225
7604711 7604735
7604826 7604853
1792008 2608848
7606408 7606423
7606746 3910851
7607095 7607117
1948349 2722023
2728246 3319184
1083502 1945388
803621 1603199
7608794 7608809
7610138 7610158
997095 1740533
3463451 3835543
329720 894459
7610791 547805
7611231 7611250
3021740 3531444
3894588 4113685
7611743 7611762
7611867 7611885
7611898 7611913
2553163 3200488
3133925 3610007
7613614 7613644
355355 950970
6074682 6074752
952317 1783284
7614569 7614585
7614720 7614728
7614788 7614805
7615110 7615125
7615982 7616000
5303432 5303467
7616359 7616380
1418029 2292960
7616808 7616824
5303433 5303494
3585203 3917305
6490002 6490047
7617700 7617724
7617802 7617822
7618078 7618091
7618078 7618102
3227572 3677642
7618511 7618536
7620793 7620809
7621074 7621095
7621203 7621214
3190894 3649162
7621446 7621462
7621839 7621876
2913553 3454931
1957233 2728271
2926522 3463444
2814559 3382419
5417401 5417450
3312473 3735424
7623077 545212
7463509 7463544
2292552 3011364
950460 1781094
3104755 3587769
7628286 7628299
4831712 4831763
765411 1549678
4790308 4790705
440057 1086992
7630619 7630636
7630776 4129459
7631053 7631077
7631460 7631480
7631565 7631583
7631823 7631847
1604489 794162
7631943 7631966
7632225 7632251
1085722 1947825
7650454 7650469
7650473 7650480
7650483 7650497
288470 804249
7656392 7656408
1417951 443855
7676866 7676875
7677138 7677158
7677209 7677224
7683483 7683496
1791603 2608615
357469 954151
7696825 7696849
7696892 7696935
7700857 7700881
3472473 500440
3230893 3680487
19365 110422
7703422 7703437
7705223 7705244
4705275 4708427
7705759 7705785
7705855 7705885
7706609 7706620
7707030 7707037
7707059 7707087
3133219 3609386
7712811 7712827
3853887 4087877
4279145 4368846
7716964 7716983
521448 1225256
2232620 2963431
7725986 7725998
7726064 7726084
7726114 7726132
6074723 6074872
7726921 7726927
836354 1646956
7733016 7733033
7735534 7735547
7735550 7735578
7735700 7735725
7736960 7736979
7737063 7737087
7737257 7737266
7737404 7737417
4355513 4420351
7741740 7741765
7741947 7741974
7741980 7742000
803901 1604199
7743539 7743549
7743803 7743823
7764859 7764873
7770162 7770182
3160403 3630974
7775632 7775645
7780531 7780536
2292452 3011248
288653 805670
7831699 7831716
7831724 7831732
3134200 3610260
7836782 7836792
2087714 2841272
2173319 2913579
7854578 7854589
7856770 7856794
7857880 7857891
7858829 7858838
2436639 3118607
7867229 7867253
7868662 7868674
7868678 7868700
7874830 7874842
7877564 7877581
2879250 3427558
7895380 7895386
7906456 7906488
7907012 7907024
7912449 7912462
7927832 7927836
7928357 7928365
1086605 1948668
436953 1084657
7932943 7932963
7944674 7944692
7753813 7753851
2171776 2912613
8066348 8066369
1780390 2596189
8074450 8074460
8090524 6364746
8119868 8119886
4133421 4272920
2232739 2963529
8155621 8155638
8157422 8157456
385413 996947
8159483 8159510
8164103 8164128
1347015 2222059
8172980 8172995
8195861 8195881
8213419 8213443
8217437 8217453
8226097 8226117
8230393 8230416
8231959 8231969
3133339 3609484
8234084 8234100
1604344 2454390
8235473 8235487
8243428 8243449
8244490 8244518
1358330 2232836
8246152 8246165
8246816 8246843
8248177 8248205
3231434 3680837
8252210 8252221
8256194 8256204
8262362 8262373
8263181 8263201
8263808 8263823
8265866 8265880
1418031 2292990
8267921 8267926
8273575 8273591
8278815 8278831
8211526 8211565
2232740 2963553
8283848 8283856
8284544 8284560
1297477 2176536
8288273 8288284
8293421 8293430
8294127 8294148
5205219 5205270
8295325 8295349
8298215 8298223
8298245 8298262
8298843 8298856
8300927 8300952
3133340 3609501
8302465 8302480
4253971 4350808
3973806 4164959
4558287 4574343
8316697 8316717
8318147 8318162
8319027 8319043
8319782 8319796
3230894 3680515
8326231 8326253
8327409 8327425
8327572 8327596
8332257 8332281
950116 1780638
3567300 3905130
3878738 926197
8362263 8362282
8364062 8364083
8375586 8375593
8376417 8376435
8377994 8378001
1543162 2403429
8391853 8391874
8399541 8399564
1603881 2454094
3609404 3933169
8412502 8412514
8413093 8413108
8413255 8413263
8415025 8415039
8416914 8416928
4705273 9027
8422712 56930
8422948 8422957
8429354 8429370
3835478 4076540
8432053 8432066
8432690 8432712
6545754 6545833
8443611 8443626
6032227 6032274
6032196 6032234
2087263 2840832
8446471 8446483
8449668 8449703
8453985 8454006
803700 1603548
8488407 8488431
8491098 8491119
8491592 8491607
8491916 8491931
2173320 2913601
8495345 8495356
8497164 8497177
8497631 8497647
8497785 8497807
8497845 8497867
8497871 8497892
8497970 8497992
8497998 8498018
6546112 6546169
2172546 2913117
8500161 8500172
8501201 8501216
8504690 8504701
8514517 8514531
8514693 8514721
1780925 2597267
8518994 8519004
3659628 3964441
8523357 8523366
8537157 8537168
8550222 8550231
8558154 8558164
8559102 8559120
2292588 3011432
1792397 2609102
8572735 8572747
8588760 8588786
8593889 8593905
3676154 3973945
8210956 8211012
8634408 8634426
8634686 8634703
8634706 8634721
8635386 8635407
8636476 8636492
3137880 3613324
8639022 927097
8646647 8646658
8655674 8655687
3454905 3831039
8677148 8677169
8681334 8681344
3463452 3835565
8692170 8692187
4277347 4367213
8694364 8694374
1458855 2329627
8697673 8697681
8703271 8703280
1084633 1946754
3916153 4127785
1084181 1946149
3676155 3973967
8740039 8740060
8751474 8751496
8756079 8756105
8766355 8766362
8798407 8798420
8799440 8799472
8802037 8802048
8802200 8802208
8809689 8809703
8810675 8810679
4986339 4986358
7715848 7715885
8824288 8824292
8825550 8825577
8827579 8827594
8841430 8841438
8094464 8094492
8847956 8847967
1776117 2592427
2440698 3122485
8872036 8872052
436896 1084535
8884527 8884544
8895671 8895691
8898513 8898521
8903171 8903188
8911017 8911031
8128068 8128103
3687629 3982838
8949482 8949489
8972543 8972561
6002899 6002963
8987780 8987792
2454220 3133303
3665960 3968585
9022973 9022980
9023731 9023749
9027609 9027616
9030626 9030647
9034049 9034070
1603833 2453999
9036468 9036483
9039838 9039854
9040632 9040640
9053207 9053224
6324667 6324753
9071343 9071355
3199000 3658022
9073427 9073446
3900636 4117187
3608288 3932330
9081020 9081034
9081742 9081748
1847648 2651141
9082894 9082907
9083332 9083348
1780392 2596235
9089365 9089380
9091467 9091481
893258 1706527
1346859 2221874
7265547 7265596
9104289 9104300
3272006 3710760
9120684 9120691
9120910 9120932
9127012 9127028
8280263 8280319
3232124 3681461
9146364 9146387
9151581 9151594
9153506 9153515
1217499 2093914
9157139 9157161
9157355 9157363
9186728 9186740
9193291 9193303
9220476 9220486
7753814 7753857
9235670 9235678
9237678 9237698
9238085 9238103
9242366 9242380
7142451 7142504
9243445 9243463
1847069 2650334
438380 1085490
9251066 9251082
9254460 9254478
9257115 9257135
9260809 9260815
9271296 9271305
9271990 9272007
9273627 9273641
2232928 2963812
9290241 9290254
4476910 4510098
3676156 3973997
9332937 9332955
1084257 1946325
9348471 9348481
2988334 3503663
9362296 9362307
9368909 9368922
9369001 9369024
2963405 3488294
9390769 9390776
9396707 9396725
9397194 3945892
9399392 9399406
3137827 3613196
9408488 9408500
9413589 9413603
9435563 9435588
9439796 9439807
9442237 9442258
940100 1771417
9445488 9445500
9451440 9451459
9452155 9452164
9453575 9453587
385456 996967
9464700 9464713
3525495 3879400
9472599 9472624
9476993 9477006
7327087 7327128
9484902 9484907
9497125 9497139
9498174 9498190
9500399 9500414
9502676 45861
9525685 9525697
2767993 3353375
9528152 9528168
9532785 9532801
9538266 9538273
9543460 9543468
9547382 9547388
9551710 9551721
9552188 9552203
9554206 9554216
9554586 9554591
9555419 5734595
9559581 9559590
9569518 9569528
9580807 9580820
9586837 9586860
2423111 3108733
9588073 9588084
9590676 9590689
2615508 3244919
9612318 9612332
1084600 1946717
9629810 9629829
9637944 9637952
9646547 9646554
9144739 9144789
2187832 2926571
9772585 9772605
9799596 9799611
9801035 9801052
1725590 2561532
9852805 9852832
9859152 9859176
3571452 3907874
9911863 9911881
4376215 4435743
9981261 9981278
140375 439717
9988725 9988744
10028398 10028410
3387448 3785125
10352673 10352687
10662305 6218614
10664642 10664650
10668622 10668639
10672102 10672121
10674613 10674634
10681071 10681077
10694585 10694589
10695744 10695756
3097957 3582963
10705116 10705124
10710481 10710492
329744 894996
10723482 10723492
10764234 10764252
10769090 10769105
10779017 10779023
6863235 6863260
10811156 10811165
10820605 10820619
10835893 3645816
10852108 10852126
10932476 10932494
10954158 10954173
5947293 5947359
3737645 4011790
10986607 10986618
11003364 11003390
11011756 11011765
11012620 11012638
11012905 11012914
11021645 11021654
11075084 11075094
11077603 11077617
3155765 3627071
6032091 6032124
11105798 11105817
11107385 11107392
11116007 11116014
2892678 3435831
11170661 11170681
11178631 11178652
4118410 4262430
11194779 11194790
11197143 11197160
11205195 11205202
11221186 11221197
11223477 11223484
11227323 11227330
11230309 11230319
7626796 7626837
11238751 11238771
11243569 11243578
4804473 4804805
11270208 11270217
11272844 11272859
11281617 11281628
11300478 11300495
3133308 3609424
11311772 11311783
8694367 8694401
11335857 11335864
11342888 11342904
11362803 11362808
2638267 3261765
11433131 11433142
11449023 11449036
11509220 284068
11543937 6609281
11545728 11545735
11594609 11594631
11604988 11604997
11615175 11615182
11616078 11616092
11637430 11637443
11640954 11640970
11641962 11641972
3296018 3725045
11656263 11656279
11657493 2136449
11657792 11657800
11684345 4125447
11685751 3261894
11685804 11685813
11699837 11699843
11782060 11782068
11812987 11812991
8327576 8327615
11833746 11833754
11834596 11834612
11837888 11837894
3579636 3914500
11879626 11879631
11883905 11883917
3609974 3933429
1346977 2222022
11934790 11934803
3728844 4007365
11935408 11935416
11935449 11935453
11936168 11936177
11951325 5912233
11972078 11972082
2926551 3463500
3933426 4139556
11982034 11982041
12024096 12024106
12030215 12030222
12054141 12054149
12054499 12054504
12062598 12062603
12161604 12161608
12162783 12162792
12238409 12238414
12241951 12241958
12242194 12242201
12280915 12280918
12308207 12308217
12354131 12354139
12366484 12366486
12369952 12369959
12386267 12386280
9073451 9073483
12413073 12413081
1604446 2454689
12418360 12418375
12418904 4619711
12420114 4124423
12433695 12433701
12436466 12436473
355082 950421
40589 168254
12456830 12456851
12463810 12463825
12476003 12476009
12508640 12508646
12516448 12516462
12546183 12546192
12546849 12546856
12547970 12547978
12554431 12554446
12558012 12558027
1531508 2389823
12586763 12586767
6838464 6838545
12612108 12612114
6799819 6799858
12629883 10184149
12632707 12632711
12656345 12656351
12675340 12675349
12675571 12675578
12676650 12676661
12681415 12681427
12688020 12688029
12707083 12707093
12714080 12714095
12714506 12714511
7726068 7726093
12726762 12726770
12754750 12754755
12755894 12755898
12772787 12772802
12783325 12783331
12798315 12798322
12805119 12805126
12812862 5050204
12821771 12821774
12821808 12821818
12825405 12825410
2926524 3463462
12839073 12839081
12854726 12854738
8694386 8694419
12871643 12871660
12874204 12874213
12882031 12882040
12884712 12884724
12894893 12894901
12912969 12912978
12931214 12931221
11798771 11798785
12943343 12943353
12948240 9736998
13001823 13001833
13006983 13006990
13041370 13041388
8497167 8497190
13071186 4267084
8150425 8150442
13107807 13107819
13120522 13120530
13147906 13147912
14252678 14252683
14253195 14253198
14264575 14264579
14268843 14268846
14350743 14350746
14437154 14437160
14538374 14538378
14681249 14402608
14688675 10971712
14695458 14695468
14724499 122230
15325545 15325549
15331349 15331353
15396490 15396494
15402161 15402164
15465668 15465672
3676164 3974015
15466661 15466663
15466950 15466953
110402 355058
15541204 15541209
15646997 9189416
21609493 21609499
10919878 10919887
21847409 21847412
21911709 7418416
8263755 8263766
24404365 24404367
24410936 24410938
24412205 11363182
25459384 25459387
9077554 9077583
4986329 4986341
30487920 30487922
31140725 31140726
33165879 33165880
33578459 33578460
33578521 12311830
30992613 29013092
40105743 40105744
49311193 49311194
49311195 49311196
