2198695 1338038
13487038 606577
13514056 2572213
14882367 142102
14887573 715785
4956292 395220
14915835 110007
14915838 679142
14915847 1345277
14948341 360877
14980482 361650
14983392 219295
15047955 1185496
15103369 345263
15113533 353158
15127660 181478
15135355 846159
15135358 3532512
15159847 287045
15164934 507809
15170911 1363688
15174944 96284
15177262 56965
15179163 83041
15179341 353245
29584751 392385
29586116 34012
29586118 399701
29586132 395087
29586134 505240
29586136 5315
29586144 432469
29586145 859917
29586149 1162888
29586150 610262
29586153 35595
29586155 332521
29586161 339967
29586164 202179
29586176 392884
29586184 1433763
29586185 115190
29586196 433117
29586199 262300
29586205 344954
29586209 332421
29587048 38139
29592214 550586
29592217 26162
29595104 328876
29595236 41709
29597207 51777
29598550 45797
29603927 137914
29603943 337602
29604640 651771
29606761 98663
34338827 1740435
34338828 890827
34338831 392183
34338832 884435
34338849 92195
34338854 6832
34338863 337081
34338868 675376
34338974 190199
34338985 1535480
34338989 54586
34338994 244854
34339013 11713
34339036 189077
34339038 25366
34339039 1087472
34339045 709455
34339047 742109
34339049 26573
34339052 26674
34339054 142166
34339057 493383
34339063 7446
34339064 24304
34339080 1401517
34339081 98760
34339083 142166
34339113 157100
34339114 685461
34339117 4520
34339118 636210
34339119 137031
34339120 730213
34339121 393744
34339122 41410
34339130 300257
34339133 35459
34339135 145233
34339136 698351
34339151 63866
34339152 99399
34339154 95993
34339160 219110
34339161 220672
34339165 363356
34339169 1692227
34339172 633998
34339175 346357
34339181 459674
34339183 511839
34339184 267195
34339196 408220
34339199 633886
34339203 339994
34339204 111051
34339205 228463
34339208 275904
34339209 579808
34339213 874793
34339217 651951
34339220 109600
34339221 51720
34339222 497736
34339223 86178
34339225 485199
34339227 58833
3343553 640360
34339234 793828
34339235 864103
34339236 393910
34339238 670130
34339243 325283
34339246 37239
34339260 351863
34339263 97166
34339265 94286
34339267 387691
34339269 65977
34339270 332957
34339271 350813
34339273 867032
34339276 212664
34339278 323504
34339278 20890
34339280 871485
34339291 1197291
34339296 389370
34339297 109957
34339298 701765
34339314 458828
34339317 517252
34339321 142371
34339325 224634
34339327 104742
34339335 100272
34339339 868152
34339340 376498
34339341 1006952
34339342 923438
34339342 52142
34339342 363485
34339345 152008
34339347 744211
34339348 414115
34339355 165239
34339358 98936
34339361 98721
34339364 608799
34339370 221647
34339371 321150
34339373 138184
34339378 163885
34339380 1043624
34339595 228367
34339597 312670
34339601 10678
34339605 52000
34339608 723154
34339610 532895
34339614 659848
34339618 312670
34423530 188320
3421668 706457
35822973 316779
33816635 632268
8440415 52281
4058194 1499977
38408662 100359
4031693 599608
45099898 329220
45864820 1407007
46001988 131582
46001989 55337
46001990 55338
46001991 349171
46001992 317138
46001993 99837
46001994 538635
46001995 261554
46001996 1069261
46001997 391907
46001998 709869
46001999 659233
46002000 73818
46002001 706070
46002002 861615
46002003 51715
46002004 710127
46002005 632026
46002006 395314
46002007 397038
46002008 96281
46002009 161229
46002010 198605
46002011 442056
46002012 623460
46002013 288720
46002014 487293
46002015 694634
46002016 56116
46002017 710246
46002018 678219
46002019 516446
46002020 1407006
46002021 261961
46002022 679486
46002023 227238
46002024 1578154
46002025 594761
46002026 945110
46002027 98273
46002028 697908
46002029 95372
46002030 228371
46002031 299346
46002032 1375350
46002033 361362
46002034 95005
46002035 2502588
46002036 223005
46002037 219515
46002038 320894
46002039 305872
46002040 366192
46002041 201950
46002042 78386
46002043 131951
46002044 394148
46002045 447721
46002046 78241
46002047 360812
46002048 515763
46002049 530267
46002050 50299
46002051 345621
46002052 423133
46002053 728005
46002054 635239
46002055 55342
46002056 325407
46002057 395171
46002058 479467
46002059 21715
46002060 274220
46002061 600117
46002062 682761
46002063 354666
46002064 996727
46002065 78397
46002066 687672
46002067 49800
46002068 106700
46002069 107013
46002070 759167
46002071 359082
46002072 225659
46002073 1033108
46002074 64949
46002075 358032
46002076 478279
46002077 1000383
46002078 898171
46002079 388502
46002080 347174
46002081 332494
46002082 332347
46002083 924181
46002084 670160
46002085 346741
46002086 387426
46002087 343731
46002088 143626
46002089 53246
46002090 278860
46002091 1182519
46002092 218295
46002093 61140
46002094 175677
46002095 104538
46002096 151282
46002097 220199
46002098 901554
46002099 345996
46002100 218346
46002101 779264
46002102 347651
46002103 218121
46002104 95591
46002105 348100
46002106 532587
46002107 360321
46002108 347975
46002109 234986
46002110 256675
46002111 340339
46002112 340343
46002113 345721
46002114 451237
46002115 660553
46002116 41934
46002117 197101
46002118 1334100
46002119 378676
46002120 440938
46002121 275622
46002122 139712
46002123 1468584
46002124 341074
46002125 85829
46002126 376223
46002127 39289
46002128 35767
46002129 710237
46002130 1198847
46002131 484566
46002132 295847
46002133 186570
46002134 53043
46002135 617000
46002136 511951
46002137 53306
46002138 393882
46002139 709884
46002140 359078
46002141 686718
46002142 1094559
46002143 844222
46002144 255307
46002145 312862
46002146 339202
46002147 512145
46002148 442981
46002149 1043458
46002150 218188
46002151 2863
46002152 90392
46002153 710162
46002154 139801
46002155 63220
46002156 412164
46002157 2478099
46002158 394803
46002159 554624
46002160 339518
46002161 21886
46002162 255620
46002163 1490912
46002164 417138
46002165 444623
46002166 107879
46002167 343228
46002168 217935
46002169 211296
46002170 101823
46002171 352199
46002172 467233
46002173 219821
46002174 837206
46002175 256260
46002176 346814
46002177 395766
46002178 333203
46002179 669742
46002180 598953
46002181 830891
46002182 275802
46002183 948268
46002184 94641
46002185 52282
46002186 1321205
46002187 890932
46002188 2381340
46002189 890447
46002190 132991
46002191 924516
46002193 955936
46002194 445495
46002195 669014
46002196 332900
46002197 1482073
46002198 315920
46002199 664610
46002200 294886
46002201 2550735
46002202 99521
46002203 72679
46002204 22825
46002205 22783
46002206 8901
46002207 36068
46002208 2273
46002209 221400
46002210 396850
46002211 697808
46002212 265115
46002213 266458
46002214 495213
46002215 242634
46002216 1733437
46002217 760150
46002218 213162
46002219 332090
46002220 128332
46002221 389455
46002222 16758
46002223 757884
46002224 1006994
46002225 396409
46002226 827190
46002227 831824
46002228 48179
46002229 358774
46002230 142029
46002231 2161084
46002232 532586
46002233 863876
46002234 957149
46002235 688816
46002236 470348
46002237 52003
46002238 1723154
46002239 470118
46002240 694667
46002241 105095
46002242 366445
46002243 665282
46002244 1432020
46002245 486774
46002246 122164
46002247 429252
46002248 601246
46002249 121910
46002250 122313
46002251 67594
46002252 446448
46002253 697640
46002254 677175
46002255 381075
46002256 157367
46002257 1011628
46002258 779287
46002259 332246
46002260 437124
46002261 738472
46002262 59508
46002263 341131
46002264 56929
46002265 213163
46002266 1400066
46002267 248271
46002268 1071066
46002269 86953
46002270 671398
46002271 500438
46002272 1756083
46002273 38679
46002274 220476
46002275 12036
46002276 222327
46002277 623712
46002278 784897
46002279 288530
46002280 289223
46002281 1659677
46002282 225328
46002283 411138
46002284 76675
46002285 301225
46002286 391960
46002287 365477
46002288 67354
46002289 1775210
46002290 437264
46002291 151676
46002292 208129
46002293 550554
46002294 396893
46002295 328638
46002296 173480
46002297 662981
46002298 674089
46002299 824632
46002300 216888
46002301 553727
46002302 1788206
46002303 737766
46002304 320895
46002305 857912
46002306 707324
46002307 512156
46002308 41912
46002309 104028
46002310 1373938
46002311 700073
46002312 660080
46002313 823744
46002314 687553
46002315 1606972
46002316 1746240
46002317 111052
46002318 224048
46002319 737758
46002320 1037837
46002321 43322
46002322 1216254
46002323 160078
46002324 86647
46002325 108872
46002326 10439
46002327 28935
46002328 77581
46002329 758426
46002330 280626
46002331 889004
46002332 424660
46002333 211429
46002334 960600
46002335 672740
46002336 38613
46002337 860291
46002338 519960
46002339 95421
46002340 341132
46002341 800543
46002342 50956
46002343 332982
46002344 437996
46002345 587673
46002346 145499
46002347 343078
46002348 19416
46002349 481322
46002350 830017
46002351 339140
46002352 71210
46002353 800325
46002354 952808
46002355 947136
46002356 328978
46002357 896486
46002358 689658
46002359 248557
46002360 6000
46002361 1135597
46002362 325329
46002363 787402
46002364 917038
46002365 53807
46002366 897018
46002367 870374
46002368 296409
46002369 316755
46002370 849003
46002371 327896
46002372 1307620
46002373 324927
46002374 624142
46002375 893148
46002376 167534
46002377 1306479
46002378 344422
46002379 848728
46002380 241637
46002381 190192
46002382 1366488
46002383 378572
46002384 471682
46002385 949512
46002386 449793
46002387 867634
46002388 652871
46002389 1476048
46002390 351744
46002391 738443
46002392 650610
46002393 1021836
46002394 107936
46002395 2232401
46002396 1020747
46002397 952805
46002398 344822
46002399 248553
46002400 679419
46002401 989988
46002402 297861
46002403 1501851
46002404 96707
46002405 357127
46002406 339007
46002407 513709
46002408 856699
46002409 945467
46002410 51596
46002411 163614
46002412 174209
46002413 1307692
46002414 339003
46002415 887909
46002416 1021578
46002417 506201
46002418 52721
46002419 572079
46002420 848553
46002421 651809
46002422 523256
46002423 63325
46002424 236343
46002425 100229
46002426 2003769
46002427 331495
46002428 300713
46002429 313190
46002430 396814
46002431 223001
46002432 1737185
46002433 345070
46002434 320896
46002435 20943
46002436 924106
46002437 193707
46002438 140103
46002439 583012
46002440 691176
46002441 555838
46002442 1007113
46002443 673146
46002444 287359
46002445 141925
46002446 1102392
46002447 172043
46002448 631683
46002449 384159
46002450 534952
46002451 173386
46002452 325688
46002453 172028
46002454 28569
46002455 204474
46002456 192607
46002457 669704
46002458 653263
46002459 330744
46002460 1300557
46002461 421507
46002462 350129
46002463 697252
46002464 174182
46002465 829086
46002466 901831
46002467 637775
46002468 174161
46002469 164248
46002470 42273
46002471 880778
46002472 116901
46002473 929164
46002474 922187
46002475 220091
46002476 344034
46002477 220478
46002478 338945
46002479 738446
46002480 400372
46002481 95715
46002482 86551
46002483 354568
46002484 718655
46002485 147632
46002486 752645
46002487 345147
46002488 338436
46002489 338368
46002490 1002550
46002491 452599
46002492 221396
46002493 1397676
46002494 360230
46002495 118655
46002496 665568
46002497 1188670
46002498 344361
46002499 1740228
46002500 533156
46002501 473646
46002502 932236
46002503 389936
46002504 932223
46002505 291954
46002506 759013
46002507 96569
46002508 312625
46002509 341071
46002510 765631
46002511 279687
46002512 1434386
46002513 152825
46002514 80692
46002515 893057
46002516 222065
46002517 1231827
46002518 220379
46002519 166631
46002520 1067659
46002521 1628733
46002522 576719
46002523 891631
46002524 173143
46002525 362570
46002526 382051
46002527 368094
46002528 1134751
46002529 424661
46002530 342316
46002531 597312
46002532 2236606
46002533 1655163
46002534 629565
46002535 778866
46002536 4038
46002537 849387
46002538 671095
46002539 928811
46002540 41913
46002541 348632
46002542 697408
46002543 58288
46002544 325800
46002545 1028769
46002546 299911
46002547 95800
46002548 128182
46002549 342559
46002550 43406
46002551 59410
46002552 2570314
46002553 1949317
46002554 1456276
46002555 404804
46002556 1165171
46002557 1596003
46002558 108270
46002559 1596504
46002560 27371
46002561 139461
46002562 316130
46002563 391992
46002564 740
46002565 94741
46002566 659847
46002567 4339
46002568 730359
46002569 341356
46002570 404991
46002571 340598
46002572 453418
46002573 1257271
46002574 934730
46002575 425033
46002576 107847
46002577 19568
46002578 343490
46002579 891599
46002580 979702
46002581 339341
46002582 1759759
46002583 353386
46002584 757881
46002585 648680
46002586 95585
46002587 340094
46002588 354659
46002589 305812
46002590 21985
46002591 63517
46002592 655983
46002593 659889
46002594 606728
46002595 132871
46002596 188805
46002597 581132
46002598 248282
46002599 683640
46002600 319306
46002601 130140
46002602 212532
46002603 241700
46002604 1249406
46002605 225152
46002606 1681887
46002607 72563
46002608 944599
46002609 687447
46002610 28080
46002611 91017
46002612 780213
46002613 341834
46002614 673847
46002615 127984
46002616 101645
46002617 686950
46002618 296962
46002619 143026
46002620 673357
46002620 46002621
46002622 106697
46002623 619125
46002624 35461
46002625 2063630
46002626 1018039
46002627 240706
46002628 323878
46002629 390450
46002630 780040
46002631 807202
46002632 920045
46002633 864053
46002634 339519
46002635 285856
46002636 185848
46002637 125809
46002638 1594945
46002639 726292
46002640 1600287
46002641 2106501
46002642 304606
46002643 2224482
46002644 1611880
46002645 431947
46002646 1246245
46002647 523181
46002648 444760
46002649 672384
46002650 340095
46002651 878111
46002652 856723
46002653 1024336
46002654 384675
46002655 339255
46002656 188705
46002657 580974
46002658 75277
46002659 385925
46002660 188722
46002661 284694
46002662 353348
46002663 342603
46002664 1293363
46002665 904013
46002666 288716
46002667 824469
46002668 173059
46002669 1025104
46002670 1019275
46002671 220612
46002672 397890
46002673 1311256
46002674 263193
46002675 325202
46002676 591305
46002677 1950417
46002678 60919
46002679 35267
46002680 22497
46002681 83348
46002682 22450
46002683 288308
46002684 316182
46002685 284695
46002686 336920
46002687 224126
46002688 532832
46002689 87059
46002690 888453
46002691 48344
46002692 120695
46002693 890705
46002694 1196452
46002695 217002
46002696 853623
46002697 106430
46002698 929449
46002699 110046
46002700 111680
46002701 528921
46002702 1141162
46002703 95329
46002704 202363
46002705 607853
46002706 572763
46002707 2770868
46002708 246447
46002709 176700
46002710 337080
46002711 675949
46002712 530900
46002713 344997
46002714 121235
46002715 82654
46002716 342943
46002717 2750263
46002718 1707717
46002719 440973
46002720 316925
46002721 81080
46002722 1753183
46002723 313635
46002724 93433
46002725 334614
46002726 444624
46002727 19699
46002728 1314048
46002729 1447130
46002730 98718
46002731 42231
46002732 130242
46002733 1008398
46002734 111529
46002735 347813
46002736 406784
46002737 589365
46002738 175978
46002739 1623349
46002740 94802
46002741 388371
46002742 31360
46002743 351240
46002744 142423
46002745 1285518
46002746 393420
46002747 894895
46002748 171148
46002749 265078
46002750 216717
46002751 394801
46002752 404714
46002753 357641
46002754 364368
46002755 953720
46002756 107396
46002757 856757
46002758 232179
46002759 352882
46002760 142891
46002761 263281
46002762 292093
46002763 933282
46002764 94968
46002765 222474
46002766 707887
46002767 321664
46002768 904582
46002769 933502
46002770 289905
46002771 333686
46002772 230165
46002773 142623
46002774 18886
46002775 185098
46002776 865279
46002777 441675
46002778 476507
46002779 35117
46002780 225329
46002781 181643
46002782 313967
46002783 1754654
46002784 274405
46002785 927793
46002786 101443
46002787 362465
46002788 385732
46002789 107720
46002790 909728
46002791 101006
46002792 346626
46002793 288531
46002794 600484
46002795 6101749
46002796 1197683
46002797 463345
46002798 918712
46002799 897783
46002800 327750
46002801 41914
46002802 403730
46002803 824012
46002804 313439
46002805 998838
46002806 113115
46002807 899681
46002808 332389
46002809 171918
46002810 384363
46002811 224944
46002812 219511
46002813 534534
46002814 254360
46002815 74175
46002816 601179
46002817 386005
46002818 333655
46002819 871652
46002820 576399
46002821 52144
46002822 913751
46002823 413919
46002824 291921
46002825 296191
46002826 915679
46002827 296158
46002828 297774
46002829 54015
46002830 1801619
46002831 228152
46002832 95891
46002833 221027
46002834 332852
46002835 52042
46002836 654166
46002837 98599
46002838 102839
46002839 1128602
46002840 53310
46002841 1128621
46002842 436503
46002843 188442
46002844 345892
46002845 365384
46002846 447907
46002847 345893
46002848 323990
46002849 894475
46002850 318570
46002851 415953
46002852 857997
46002854 99636
46002855 2539897
46002856 229156
46002857 84430
46002858 229084
46002859 55776
46002860 1331430
46002861 1519376
46002862 437437
46002863 888313
46002864 443464
46002865 751624
46002866 487239
46002867 370742
46002868 544242
46002869 74093
46002870 960271
46002871 50793
46002872 198125
46002873 52562
46002874 1406359
46002875 953280
46002876 744438
46002877 660147
46002878 544163
46002879 180264
46002880 229220
46002881 527950
46002882 180451
46002883 348205
46002884 906207
46002885 98795
46002886 228807
46002887 299766
46002888 976702
46002889 101284
46002890 1060308
46002891 1418581
46002892 430153
46002893 21569
46002894 119639
46002895 113126
46002896 212271
46002897 164819
46002898 1743112
46002899 299920
46002900 341072
46002901 221972
46002902 295822
46002903 788405
46002904 313776
46002905 246203
46002906 188549
46002907 543728
46002908 272525
46002909 112961
46002910 295184
46002911 788484
46002912 171522
46002913 528961
46002914 457900
46002915 1974030
46002916 340408
46002917 257737
46002918 1211037
46002919 396894
46002920 892092
46002921 157757
46002922 38610
46002923 283792
46002924 1051217
46002925 283810
46002926 369918
46002927 797461
46002928 383705
46002929 361038
46002930 369909
46002931 1468237
46002932 1266508
46002933 392147
46002934 369189
46002935 52665
46002936 21573
46002937 531359
46002938 306245
46002939 15377
46002940 104319
46002941 235004
46002942 613279
46002943 757885
46002944 362324
46002945 222328
46002946 107549
46002947 913894
46002948 829060
46002949 313670
46002950 216931
46002951 1615460
46002952 1094364
46002953 312770
46002954 705725
46002955 573216
46002956 361299
46002957 631477
46002958 5749
46002959 344754
46002960 2001988
46002961 788498
46002962 282590
46002963 860248
46002964 651921
46002965 102349
46002966 602821
46002967 326291
46002968 472246
46002969 101983
46002970 333449
46002971 227278
46002972 828782
46002973 319354
46002974 123203
46002975 19936
46002976 96045
46002977 257351
46002978 316158
46002979 115698
46002980 879729
46002981 1094408
46002982 364999
46002983 360725
46002984 857294
46002985 25025
46002986 19968
46002987 684777
46002988 20525
46002989 20598
46002990 20490
46002991 2122687
46002992 15711
46002993 115943
46002994 388849
46002995 714899
46002996 1217613
46002997 364371
46002998 107691
46002999 374123
46003000 675491
46003001 512937
46003002 2300328
46003003 107296
46003004 290588
46003005 225653
46003006 667701
46003007 363942
46003008 1023485
46003009 752532
46003010 684936
46003011 368542
46003012 262120
46003013 346979
46003014 116478
46003015 242692
46003016 257658
46003017 347229
46003018 116601
46003019 507388
46003020 116651
46003021 117897
46003022 589488
46003023 527873
46003024 257684
46003025 248920
46003026 133439
46003027 361805
46003028 95292
46003029 306744
46003030 635308
46003031 828299
46003032 1708620
46003033 919043
46003034 92827
46003035 14971
46003036 892094
46003037 147671
46003038 147724
46003039 1097009
46003040 344256
46003041 786350
46003042 115031
46003043 603098
46003044 962526
46003045 465982
46003046 54272
46003047 222730
46003048 283202
46003049 382544
46003050 1748413
46003051 18251
46003052 1694619
46003053 660887
46003054 1035181
46003055 98600
46003056 144780
46003057 192153
46003058 115028
46003059 806727
46003060 135878
46003061 391623
46003063 629554
46003064 358256
46003065 825230
46003066 388653
46003067 1258652
46003068 1042128
46003069 351382
46003070 612370
46003071 666289
46003072 348064
46003073 641196
46003074 1655357
46003075 836863
46003076 963990
46003077 385181
46003078 715417
46003079 1854441
46003080 860292
46003081 829465
46003082 1760026
46003083 123404
46003084 11936
46003085 513435
46003086 1097489
46003088 1798433
46003089 1663746
46003090 191343
46003091 650820
46003092 434708
46003093 217867
46003094 909002
46003095 1757259
46003096 3273425
46003097 92947
46003098 3913197
46003099 1735693
46003100 908977
46003101 352543
46003102 648273
46003103 1519377
46003104 104096
46003105 1389155
46003106 490291
46003107 861952
46003108 218158
46003109 759916
46003110 759957
46003111 487223
46003112 98711
46003113 692313
46003114 395509
46003115 862789
46003116 741
46003117 1401944
46003118 1401968
46003119 1595306
46003120 1489534
46003121 50957
46003122 952719
46003123 124626
46003124 100513
46003125 7260
46003126 77997
46003127 526133
46003128 2187597
46003129 359705
46003130 867802
46003131 349910
46003132 604870
46003133 934671
46003134 1222489
46003135 930129
46003136 396851
46003137 91378
46003138 418567
46003139 301149
46003140 51908
46003141 947322
46003142 291863
46003143 945130
46003144 261494
46003145 2317855
46003146 1398137
46003147 895930
46003148 857367
46003149 742375
46003150 1300556
46003151 671234
46003152 286678
46003153 1620063
46003154 653908
46003155 815992
46003156 352400
46003157 1067505
46003158 389938
46003159 388326
46003160 2875910
46003161 878308
46003162 63115
46003163 1039080
46003164 340922
46003165 133241
46003166 40134
46003167 394860
46003168 390787
46003169 1856821
46003170 689509
46003171 42452
46003172 56303
46003173 95892
46003174 332060
46003175 729443
46003176 799546
46003177 18418
46003178 947906
46003179 214078
46003180 314203
46003181 664446
46003182 342944
46003183 105472
46003184 875888
46003185 2273550
46003186 336719
46003187 914341
46003188 836804
46003189 1368447
46003190 348204
46003191 660796
46003192 2558711
46003193 1458485
46003194 411691
46003195 1628331
46003196 420533
46003197 2034872
46003198 628732
46003199 242750
46003200 312860
46003201 859013
46003202 397036
46003203 822169
46003204 1744875
46003205 270291
46003206 1114887
46003207 193026
46003208 1000742
46003209 1403982
46003210 369847
46003211 963530
46003212 831035
46003213 269667
46003214 883238
46003215 636143
46003216 973877
46003217 41904
46003218 754241
46003219 1105924
46003220 370006
46003221 1708474
46003222 2535664
46003223 1690542
46003224 890209
46003225 1199995
46003226 37237
46003227 78367
46003228 113591
46003229 960543
46003230 191423
46003231 857004
46003232 370961
46003233 1537640
46003234 43098
46003235 376713
46003236 3461942
46003237 522718
46003238 1188227
46003239 1600767
46003240 848733
46003241 540983
46003242 42218
46003243 1787232
46003244 106836
46003245 145392
46003246 405604
46003247 902519
46003248 2062577
46003249 2948525
46003250 1720214
46003251 1801246
46003252 2613726
46003253 690035
46003254 926664
46003255 2492018
46003256 539068
46003257 4457998
46003258 2177627
46003259 770847
46003260 1191087
46003261 1856279
46003262 848935
46003263 1596825
46003264 222117
46003265 137392
46003266 787906
46003267 790894
46003268 721918
46003269 694269
46003270 58504
46003271 1711500
46003272 770952
46003273 385922
46003274 599793
46003275 346666
46003276 1204457
46003277 117775
46003278 1280741
46003279 1006744
46003280 1405305
46003281 412412
46003282 796901
46003283 606516
46003284 233882
46003285 705773
46003286 233704
46003287 469682
46003288 390356
46003289 72996
46003290 233717
46003291 233772
46003292 19808
46003293 56834
46003294 512876
46003295 147703
46003296 147654
46003297 233636
46003298 226589
46003299 110790
46003300 147685
46003301 687671
46003302 268860
46003303 111137
46003304 363061
46003305 23548
46003306 1093935
46003307 1464449
46003308 26881
46003309 362322
46003310 11468
46003311 27883
46003312 534501
46003313 907275
46003314 1829219
46003315 716223
46003316 233787
46003317 327353
46003318 320223
46003319 590920
46003320 355491
46003321 689114
46003322 269110
46003323 522652
46003324 391908
46003325 233797
46003326 935283
46003327 817597
46003328 1171305
46003329 233871
46003330 716401
46003331 233807
46003332 716267
46003333 716277
46003334 1374069
46003335 649950
46003336 572207
46003338 134087
46003339 374266
46003340 960382
46003341 632610
46003342 700011
46003343 581833
46003344 784026
46003345 697354
46003346 906817
46003347 1485738
46003348 1046009
46003349 1056015
46003350 2203855
46003351 2502450
46003352 482842
46003353 848734
46003354 1984825
46003355 596458
46003356 1581500
46003357 2502261
46003358 1037212
46003359 953611
46003360 97458
46003361 863741
46003362 344953
46003363 924142
46003364 78105
46003365 224044
46003366 42504
46003367 831730
46003368 346293
46003370 1010191
46003371 261555
46003372 444509
46003373 24216
46003375 8208
46003376 10100
46003377 7121
46003378 756479
46003379 468765
46003381 652381
46003382 94515
46003384 582465
46003386 316439
46003387 280089
46003388 393647
46003389 243348
46003390 462591
46003391 291513
46003392 622060
46003393 627857
46003394 696761
46003395 96397
46003396 483228
46003397 683020
46003398 660180
46003399 48773
46003401 172846
46003402 464928
46003403 905411
46003404 365530
46003405 1065859
46003406 981950
46003408 67159
46003409 661481
46003410 931498
46003411 92199
46003412 318677
46003413 1198848
46003414 546045
46003415 196362
46003416 325559
46003417 339256
46003418 104193
46003419 638956
46003420 862067
46003421 353126
46003422 371901
46003423 567050
46003424 53641
46003425 208130
46003426 101710
46003427 831795
46003428 110952
46003429 321066
46003430 118496
46003431 147077
46003432 940892
46003433 1044706
46003434 325412
46003435 73323
46003436 633065
46003437 27790
46003438 60765
46003439 746095
46003440 880706
46003441 21711
46003442 828566
46003443 220924
46003444 1456910
46003445 395173
46003446 34778
46003447 597342
46003448 138263
46003449 384366
46003450 49353
46003451 352017
46003452 791355
46003453 620308
46003454 1099883
46003455 1466947
46003456 50851
46003458 201429
46003460 607225
46003461 366035
46003462 853464
46003463 1536226
46003464 110045
46003465 477587
46003466 364329
46003467 102920
46003468 1201218
46003469 694304
46003470 866081
46003471 650980
46003472 51598
46003473 629060
46003474 52925
46003475 2069509
46003476 389456
46003477 2878530
46003478 336924
46003479 52926
46003480 152942
46003481 308509
46003482 1344273
46003483 344396
46003484 302381
46003485 731470
46003486 316536
46003487 175652
46003488 1587135
46003489 498757
46003490 473670
46003491 354203
46003492 2128999
46003493 328875
46003494 332624
46003495 663935
46003496 86651
46003497 238983
46003498 274299
46003499 97344
46003500 348157
46003501 94519
46003502 390412
46003503 105529
46003504 545605
46003505 384164
46003506 879283
46003507 669676
46003508 320101
46003509 345852
46003510 599753
46003511 236044
46003512 193915
46003513 220193
46003514 917602
46003515 193378
46003516 285911
46003517 500917
46003518 462081
46003519 155081
46003520 365386
46003521 760684
46003522 117961
46003523 327581
46003524 863726
46003525 336225
46003526 441934
46003527 1200300
46003528 383536
46003529 92053
46003530 148061
46003531 237021
46003532 94445
46003533 335573
46003534 586737
46003535 344513
46003536 215892
46003537 328734
46003538 120269
46003539 257118
46003540 162022
46003541 584970
46003542 155826
46003543 325866
46003544 101175
46003545 701960
46003546 913812
46003547 576120
46003548 924533
46003549 296890
46003550 1306449
46003551 830655
46003552 747182
46003553 867033
46003554 609080
46003555 115189
46003556 49494
46003557 451749
46003558 157953
46003559 220315
46003560 291891
46003561 922677
46003562 103693
46003563 1041967
46003564 217897
46003565 390049
46003566 321539
46003567 584385
46003568 22715
46003569 218467
46003570 251347
46003571 891481
46003572 889271
46003573 134983
46003574 40041
46003575 101005
46003576 45733
46003577 589942
46003578 391909
46003579 792732
46003580 35964
46003581 630970
46003582 98446
46003583 97380
46003584 662034
46003585 619787
46003586 433467
46003587 341486
46003588 1458486
46003589 194271
46003590 782487
46003591 21820
46003592 663457
46003593 339923
46003594 73774
46003595 636304
46003596 551832
46003597 303094
46003598 540443
46003599 735082
46003600 91210
46003601 547958
46003602 320823
46003603 831387
46003604 197029
46003605 1811693
46003606 2623217
46003607 640882
46003608 162238
46003609 142181
46003610 481995
46003611 95195
46003612 217267
46003613 3075105
46003614 353353
46003615 708932
46003616 75958
46003617 99332
46003618 55147
46003619 95004
46003620 445533
46003621 1164111
46003622 1269906
46003623 813830
46003624 721066
46003625 217716
46003626 294437
46003627 164742
46003628 917212
46003629 144457
46003630 86211
46003631 147043
46003632 132183
46003633 52405
46003634 343182
46003635 116255
46003636 312778
46003637 745628
46003638 159033
46003639 1055057
46003640 1245069
46003641 53192
46003642 31613
46003643 149858
46003644 596879
46003645 616058
46003646 132380
46003647 825414
46003648 622164
46003649 181794
46003650 220855
46003651 332679
46003652 740995
46003653 213508
46003654 64174
46003655 284182
46003656 1058952
46003657 296049
46003658 174672
46003659 589645
46003660 1487413
46003661 671467
46003662 394721
46003663 824634
46003664 132545
46003665 432409
46003666 117204
46003667 132324
46003668 190302
46003669 377826
46003670 784910
46003671 316791
46003672 186998
46003673 186975
46003674 924634
46003675 584136
46003676 538340
46003677 149071
46003678 132665
46003679 912586
46003680 396128
46003681 2510135
46003682 1442608
46003683 270764
46003684 912465
46003685 736793
46003686 1494354
46003687 422956
46003688 622165
46003689 3971
46003690 876527
46003691 150326
46003692 326120
46003693 1461288
46003694 157103
46003695 80250
46003696 1640744
46003697 129365
46003698 132608
46003699 132287
46003700 494397
46003701 208771
46003702 93715
46003703 412598
46003704 338575
46003705 352241
46003706 109364
46003707 131630
46003708 895693
46003709 815199
46003710 189421
46003711 189553
46003712 44766
46003713 189548
46003714 99778
46003715 303106
46003716 649070
46003717 85923
46003718 892372
46003719 113478
46003720 145677
46003721 1376934
46003722 157954
46003723 167684
46003724 235131
46003725 142372
46003726 35965
46003727 118455
46003728 45424
46003729 131730
46003730 60848
46003731 859710
46003732 386689
46003733 53860
46003734 791074
46003735 126506
46003736 86410
46003737 517130
46003738 164897
46003739 108557
46003740 213279
46003741 294241
46003741 218734
46003742 35924
46003743 157977
46003744 1218337
46003745 362519
46003746 1705447
46003747 104322
46003748 389371
46003749 432102
46003750 54867
46003751 520934
46003752 36009
46003753 296993
46003754 198619
46003755 63612
46003756 107977
46003757 790295
46003758 661992
46003759 137865
46003760 93878
46003761 39080
46003762 874199
46003763 19308
46003764 41924
46003765 259951
46003766 63256
46003767 150171
46003768 668773
46003769 669335
46003770 362961
46003771 97850
46003772 950566
46003773 952768
46003774 197712
46003775 353530
46003776 466343
46003777 1286629
46003778 333685
46003779 342527
46003780 137262
46003781 141598
46003782 597189
46003783 185518
46003784 597194
46003785 103634
46003786 484796
46003787 116954
46003788 431480
46003789 599450
46003790 646331
46003791 385819
46003792 394571
46003793 418213
46003794 49531
46003795 66669
46003796 597203
46003797 597202
46003798 1306724
46003799 441447
46003800 209102
46003801 884865
46003802 1528777
46003803 570638
46003804 63993
46003805 1855105
46003806 782925
46003807 979077
46003808 322551
46003809 200005
46003810 923438
46003811 52142
46003812 895309
46003813 664779
46003814 643477
46003815 72231
46003816 134470
46003817 59434
46003818 84730
46003819 240683
46003820 108199
46003821 202230
46003822 1633
46003823 241544
46003824 75760
46003825 129033
46003826 70487
46003827 131912
46003828 64015
46003829 135190
46003830 62808
46003831 129567
46003832 53810
46003833 134877
46003834 125066
46003835 137008
46003836 149519
46003837 34447
46003838 35465
46003839 95803
46003840 99525
46003841 43998
46003842 129285
46003843 130715
46003844 130464
46003845 128756
46003846 92499
46003847 100094
46003848 65084
46003849 735647
46003850 520971
46003851 261495
46003852 110597
46003853 261516
46003854 83243
46003855 252474
46003856 686418
46003857 202362
46003858 96105
46003859 363121
46003860 18110
46003861 18171
46003862 5573
46003863 617334
46003864 403376
46003865 1759008
46003866 397100
46003867 939453
46003868 382663
46003869 397390
46003870 330041
46003871 214971
46003872 59560
46003873 830625
46003874 1456809
46003875 237269
46003876 365970
46003877 1482862
46003878 793951
46003879 129067
46003880 96770
46003881 82487
46003882 616603
46003883 340532
46003884 1785574
46003885 2162918
46003886 2325111
46003887 596695
46003888 97973
46003889 392962
46003890 2193993
46003891 273237
46003892 685966
46003893 660858
46003894 283331
46003895 353310
46003896 309440
46003897 131668
46003898 1704354
46003899 94644
46003900 105190
46003901 360993
46003902 385821
46003903 113271
46003904 1291727
46003905 16216
46003906 58143
46003907 449451
46003908 146324
46003909 413491
46003910 167266
46003911 475508
46003912 42324
46003913 65141
46003914 309537
46003915 401153
46003916 92140
46003917 327566
46003918 858834
46003919 1304676
46003920 727553
46003921 630507
46003922 170594
46003923 715652
46003924 339831
46003925 312013
46003926 190197
46003927 623293
46003928 295317
46003929 704530
46003930 93879
46003931 587674
46003932 917239
46003933 431145
46003934 333790
46003935 319303
46003936 99402
46003937 362027
46003938 232712
46003939 922229
46003940 658702
46003941 1277805
46003942 394936
46003943 311820
46003944 295772
46003945 132886
46003946 2233303
46003947 670588
46003948 346052
46003949 236713
46003950 1153319
46003951 878767
46003952 665684
46003953 1002446
46003954 231884
46003955 126906
46003956 53519
46003957 243727
46003958 295715
46003959 329411
46003960 295900
46003961 652023
46003962 101039
46003963 53116
46003964 1005994
46003965 358781
46003966 208195
46003967 628733
46003968 967129
46003969 756341
46003970 505328
46003971 63456
46003972 332680
46003973 820061
46003974 629991
46003975 628417
46003976 815993
46003977 1207303
46003978 626718
46003979 1021138
46003980 78435
46003981 219665
46003982 448221
46003983 147251
46003984 620309
46003985 373127
46003986 1608905
46003987 820839
46003988 112013
46003989 808128
46003990 109138
46003991 496212
46003992 910367
46003993 135882
46003994 24217
46003995 300804
46003996 927792
46003997 299543
46003998 438195
46003999 203764
46004000 318443
46004001 629903
46004002 208329
46004003 223088
46004004 896541
46004005 653203
46004006 384485
46004007 1124278
46004008 387018
46004009 94886
46004010 105274
46004011 253285
46004012 265994
46004013 21707
46004014 68046
46004015 349596
46004016 639184
46004017 914990
46004018 249166
46004019 335129
46004020 23657
46004021 1402242
46004022 92380
46004023 96195
46004024 214080
46004025 446344
46004026 739965
46004027 739991
46004028 462644
46004029 900742
46004030 329499
46004031 301353
46004032 310297
46004033 249676
46004034 249354
46004035 249484
46004036 109077
46004037 101551
46004038 249738
46004039 52928
46004040 244310
46004041 844194
46004042 554776
46004043 208196
46004044 365808
46004045 619963
46004046 1389157
46004047 216468
46004048 484101
46004049 310465
46004050 53684
46004051 671647
46004052 41926
46004053 783454
46004054 312361
46004055 334001
46004056 541460
46004057 1071105
46004058 650301
46004059 96483
46004060 862911
46004061 337453
46004062 127043
46004063 334618
46004064 100958
46004065 336452
46004066 413550
46004067 252340
46004068 274640
46004069 112014
46004070 948892
46004071 623893
46004072 949020
46004073 331279
46004074 413322
46004075 822170
46004076 965694
46004077 806963
46004078 858888
46004079 389623
46004080 224946
46004081 397391
46004082 1418480
46004083 1039905
46004084 231965
46004085 298843
46004086 917825
46004087 918210
46004088 149298
46004089 263197
46004090 871572
46004091 765237
46004092 330882
46004093 506045
46004094 53474
46004095 95994
46004096 673243
46004097 394197
46004098 190184
46004099 396291
46004100 224510
46004101 1345275
46004102 890307
46004103 1738750
46004104 109688
46004105 1487845
46004106 789679
46004107 961051
46004108 1993475
46004109 407626
46004110 306172
46004111 836889
46004112 328514
46004113 324552
46004114 362323
46004115 198386
46004116 78660
46004117 999879
46004118 440316
46004119 929450
46004120 1724763
46004121 23041
46004122 1393024
46004123 1284530
46004124 1349521
46004125 325867
46004126 915713
46004127 41927
46004128 84705
46004129 497530
46004130 504316
46004131 959777
46004132 365098
46004133 859676
46004134 137371
46004135 663143
46004136 85238
46004137 162523
46004138 51836
46004139 2306415
46004140 53550
46004141 548176
46004142 136134
46004143 295770
46004144 109358
46004145 216934
46004146 764377
46004147 1041231
46004148 136191
46004149 17052
46004150 48442
46004151 537600
46004152 88601
46004153 405234
46004154 53304
46004155 53781
46004156 395956
46004157 665686
46004158 100480
46004159 265991
46004160 277964
46004161 662626
46004162 1051797
46004163 225056
46004164 112086
46004165 99947
46004166 483980
46004167 332654
46004168 922927
46004169 606581
46004170 310249
46004171 310250
46004172 49761
46004173 241678
46004174 1143106
46004175 225153
46004176 358308
46004177 229281
46004178 507710
46004179 899282
46004180 649765
46004181 74597
46004182 223004
46004183 380490
46004184 330819
46004185 337081
46004186 652952
46004187 300714
46004188 340096
46004189 345000
46004190 283287
46004191 328983
46004192 315623
46004193 147591
46004194 728125
46004195 878566
46004196 100439
46004197 1526671
46004198 893150
46004199 856894
46004200 93547
46004201 674553
46004202 228219
46004203 579504
46004204 1001334
46004205 303063
46004206 432025
46004207 465047
46004208 649391
46004209 8730
46004210 393031
46004211 6349
46004212 333821
46004213 874961
46004214 97170
46004215 425276
46004216 199883
46004217 876993
46004218 219106
46004219 1687510
46004220 135801
46004221 2115502
46004222 940030
46004223 170981
46004224 191581
46004225 378673
46004226 258044
46004227 429254
46004228 191143
46004229 159425
46004230 675593
46004231 226885
46004232 201488
46004233 352198
46004234 401920
46004235 504611
46004236 332681
46004237 370789
46004238 348436
46004239 1591886
46004240 98514
46004241 52001
46004242 96439
46004243 66696
46004244 289060
46004245 339739
46004246 195672
46004247 606846
46004248 491090
46004249 104231
46004250 246119
46004251 198691
46004252 399766
46004253 392746
46004254 530454
46004255 119994
46004256 296708
46004257 344721
46004258 45111
46004259 308479
46004260 830440
46004261 365740
46004262 1756661
46004263 1776707
46004264 743918
46004265 1045958
46004266 954875
46004267 683351
46004268 316510
46004269 552701
46004270 524750
46004271 237662
46004272 1166706
46004273 364699
46004274 927693
46004275 339582
46004276 1552965
46004277 223645
46004278 195580
46004279 730480
46004280 172585
46004281 109139
46004282 284183
46004283 1069465
46004284 1277806
46004285 1277807
46004286 915565
46004287 345618
46004288 101776
46004289 98722
46004290 1731072
46004291 270779
46004292 14968
46004293 97573
46004294 912427
46004295 333068
46004296 3236501
46004297 296994
46004298 108622
46004299 1711290
46004300 867560
46004301 317404
46004302 763765
46004303 1112910
46004304 1432853
46004305 1432860
46004306 665940
46004307 844270
46004308 550374
46004309 102180
46004310 549951
46004311 98381
46004312 148935
46004313 51083
46004314 205162
46004315 314436
46004316 547291
46004317 474067
46004318 109463
46004319 120911
46004320 110009
46004321 786434
46004322 99472
46004323 507357
46004324 150971
46004325 363578
46004326 550770
46004327 118658
46004328 151770
46004329 556258
46004330 906838
46004331 830342
46004332 179912
46004333 354373
46004334 472352
46004335 1488251
46004336 246219
46004337 663744
46004338 153454
46004339 328946
46004340 334359
46004341 107534
46004342 2533473
46004343 100361
46004344 802542
46004345 320566
46004346 7953
46004347 68452
46004348 463595
46004349 1554381
46004350 939336
46004351 1039426
46004352 172686
46004353 848378
46004354 50755
46004355 78075
46004356 1064465
46004357 664312
46004358 666180
46004359 604421
46004360 168228
46004361 332548
46004362 922857
46004363 325864
46004364 171265
46004365 1011015
46004366 615570
46004367 108435
46004368 508258
46004369 3129832
46004370 663437
46004371 635743
46004372 397392
46004373 699755
46004374 4765
46004375 430159
46004376 696148
46004377 220194
46004378 390190
46004379 1309698
46004380 529951
46004381 1600822
46004382 207607
46004383 66897
46004384 550182
46004385 550095
46004386 2146116
46004387 222736
46004388 589303
46004389 555162
46004390 92267
46004391 546623
46004392 788822
46004393 471211
46004394 1328212
46004395 551015
46004396 551012
46004397 922566
46004398 961084
46004399 190851
46004400 357551
46004401 550718
46004402 927341
46004403 227137
46004404 549242
46004405 478767
46004406 112306
46004407 52333
46004408 667984
46004409 64902
46004410 64903
46004411 64904
46004412 64905
46004413 1497594
46004414 391993
46004415 1194756
46004416 648681
46004417 857189
46004418 2435318
46004419 871706
46004420 401620
46004421 319750
46004422 670867
46004423 319357
46004424 49572
46004425 2554515
46004426 936619
46004427 861068
46004428 1139604
46004429 335328
46004430 21894
46004431 1211801
46004432 325150
46004433 664572
46004434 643581
46004435 866674
46004436 931864
46004437 208672
46004438 947411
46004439 158657
46004440 1025079
46004441 2480207
46004442 330254
46004443 1312169
46004444 104534
46004445 1419930
46004446 122365
46004447 159721
46004448 1309790
46004449 506452
46004450 690012
46004451 54273
46004452 427541
46004453 339677
46004454 898376
46004455 935546
46004456 333570
46004457 313375
46004458 1191188
46004459 1007184
46004460 811742
46004461 817500
46004462 312586
46004463 361946
46004464 406786
46004465 881627
46004466 617739
46004467 352152
46004468 228581
46004469 1742980
46004470 633931
46004471 545186
46004472 517207
46004473 21822
46004474 349598
46004475 313124
46004476 24714
46004477 901418
46004478 550530
46004479 236668
46004480 101935
46004481 65261
46004482 219039
46004483 323030
46004484 321307
46004485 31712
46004486 584878
46004487 109192
46004488 596694
46004489 314322
46004490 324798
46004491 354877
46004492 522428
46004493 880117
46004494 394572
46004495 830596
46004496 1376826
46004497 604894
46004498 514649
46004499 320316
46004500 178965
46004501 628454
46004502 2952432
46004503 2062442
46004504 30718
46004505 323444
46004506 323993
46004507 994689
46004508 1126113
46004509 253354
46004510 652954
46004511 333791
46004512 2570984
46004513 1022859
46004514 322644
46004515 88042
46004516 631878
46004517 1086759
46004518 831887
46004519 102106
46004520 15211
46004521 1154425
46004522 109744
46004523 627753
46004524 649184
46004525 347974
46004526 345994
46004527 1029447
46004528 849763
46004529 46166
46004530 1406869
46004531 161407
46004532 836307
46004533 55148
46004534 299116
46004535 179452
46004536 311674
46004537 1458668
46004538 53855
46004539 321097
46004540 53475
46004541 325510
46004542 694941
46004543 325284
46004544 1171762
46004545 158523
46004546 1340493
46004547 105726
46004548 249074
46004549 924600
46004550 1221214
46004551 24604
46004552 173635
46004553 53477
46004554 2271521
46004555 790345
46004556 226889
46004557 893124
46004558 449570
46004559 190198
46004560 32927
46004561 122218
46004562 476768
46004563 89892
46004564 324417
46004565 702398
46004566 887614
46004567 663936
46004568 726514
46004569 850260
46004570 604547
46004571 512504
46004572 122366
46004573 92867
46004574 713917
46004575 200197
46004576 121064
46004577 923662
46004578 445994
46004579 948996
46004580 362732
46004581 947437
46004582 550313
46004583 395315
46004584 506269
46004585 842056
46004586 295529
46004587 174290
46004588 887846
46004589 478469
46004590 532511
46004591 550053
46004592 109958
46004593 270305
46004594 215186
46004595 349913
46004596 676938
46004597 291874
46004598 173911
46004599 809696
46004600 399148
46004601 401013
46004602 300597
46004603 210660
46004604 1244003
46004605 866639
46004606 700008
46004607 67859
46004608 2295384
46004609 20064
46004610 947907
46004611 1578153
46004612 507447
46004613 250983
46004614 101373
46004615 1692887
46004616 895071
46004617 56470
46004618 1525086
46004619 891330
46004620 1708087
46004621 535736
46004622 897340
46004623 230290
46004624 364889
46004625 824712
46004626 325443
46004627 333017
46004628 337265
46004629 208623
46004630 51780
46004631 328839
46004632 696400
46004633 446935
46004634 526094
46004635 448222
46004636 884909
46004637 1625313
46004638 961616
46004639 295030
46004640 361807
46004641 353311
46004642 62374
46004643 79063
46004644 1346326
46004645 425530
46004646 306175
46004647 49602
46004648 367042
46004649 171965
46004650 1706710
46004651 186999
46004652 513075
46004653 49141
46004654 65212
46004655 1243228
46004656 335715
46004657 1262693
46004658 306102
46004659 367685
46004660 667124
46004661 324637
46004662 2171163
46004663 453762
46004664 99465
46004665 46842
46004666 488308
46004667 85775
46004668 1437314
46004669 1119238
46004670 53374
46004671 529124
46004672 726183
46004673 41526
46004674 338062
46004675 393843
46004676 169322
46004677 340058
46004678 883905
46004679 208597
46004680 623461
46004681 836269
46004682 142497
46004683 362799
46004684 334564
46004685 10679
46004686 193523
46004687 463451
46004688 1197738
46004689 2752351
46004690 392537
46004691 54122
46004692 726267
46004693 98758
46004694 231604
46004695 872974
46004696 99587
46004697 614728
46004698 51084
46004699 217185
46004700 238874
46004701 746608
46004702 238896
46004703 475582
46004704 340661
46004705 859767
46004706 724177
46004707 225331
46004708 873817
46004709 484157
46004710 573875
46004711 751938
46004712 1289316
46004713 324175
46004714 502799
46004715 474746
46004716 921086
46004717 722638
46004718 343435
46004719 269828
46004720 192830
46004721 363586
46004722 1696547
46004723 961496
46004724 228582
46004725 67203
46004726 297806
46004727 325246
46004728 899734
46004729 532183
46004730 102672
46004731 100732
46004732 98093
46004733 627950
46004734 225723
46004735 257299
46004736 2891916
46004737 1065171
46004738 1917248
46004739 962352
46004740 606821
46004741 654406
46004742 95061
46004743 148836
46004744 95887
46004745 917155
46004746 314849
46004747 917986
46004748 944060
46004749 56670
46004750 1023437
46004751 641036
46004752 1362686
46004753 666866
46004754 684500
46004755 898999
46004756 365874
46004757 287561
46004758 256715
46004759 343227
46004760 3179158
46004761 2356833
46004762 324236
46004763 419634
46004764 945829
46004765 861051
46004766 393089
46004767 1165668
46004768 326528
46004769 1701173
46004770 297669
46004771 351604
46004772 1186077
46004773 449957
46004774 637224
46004775 1735735
46004776 1517
46004777 345358
46004778 963531
46004779 82942
46004780 115589
46004781 297453
46004782 1505211
46004783 460119
46004784 390050
46004785 263906
46004786 334619
46004787 1720187
46004788 694071
46004789 911978
46004790 907083
46004791 649295
46004792 321577
46004793 659048
46004794 506115
46004795 648447
46004796 417662
46004797 1513900
46004798 945401
46004799 1431875
46004800 1001107
46004801 62146
46004802 1423153
46004803 732718
46004804 205523
46004805 619192
46004806 153030
46004807 874638
46004808 641379
46004809 968478
46004810 817333
46004811 1777304
46004812 113363
46004813 268128
46004814 908283
46004815 1803648
46004816 848846
46004817 350262
46004818 392387
46004819 609018
46004820 633066
46004821 316428
46004822 331652
46004823 65897
46004824 666574
46004825 1397172
46004826 859622
46004827 379899
46004828 186059
46004829 1151847
46004830 225332
46004831 1036051
46004832 903698
46004833 596813
46004834 784420
46004835 363064
46004836 153262
46004837 660275
46004838 145577
46004839 396169
46004840 1692501
46004841 215447
46004842 587499
46004843 896695
46004844 1528591
46004845 142756
46004846 218187
46004847 925210
46004848 336723
46004849 12990
46004850 392429
46004851 836927
46004852 782923
46004853 907333
46004854 3226106
46004855 342873
46004856 1710497
46004857 50852
46004858 202105
46004859 664209
46004860 127128
46004861 1034084
46004862 282758
46004863 318510
46004864 436040
46004865 347024
46004866 896207
46004867 643832
46004868 116315
46004869 299988
46004870 14343
46004871 656743
46004872 866701
46004873 331133
46004874 118561
46004875 655984
46004876 321942
46004877 341223
46004878 614686
46004879 173570
46004880 494208
46004881 417363
46004882 325330
46004883 255961
46004884 579404
46004885 344925
46004886 339142
46004887 109140
46004888 99990
46004889 326970
46004890 347571
46004891 328784
46004892 457866
46004893 96196
46004894 272374
46004895 347486
46004896 99771
46004897 349146
46004898 913449
46004899 848596
46004900 219860
46004901 90337
46004902 659339
46004903 350366
46004904 904794
46004905 843521
46004906 1021757
46004907 861384
46004908 659849
46004909 192247
46004910 116902
46004911 97897
46004912 642905
46004913 255883
46004914 1075111
46004915 973245
46004916 313807
46004917 487359
46004918 255640
46004919 653903
46004920 318827
46004921 644950
46004922 419783
46004923 320899
46004924 325951
46004925 345958
46004926 1300265
46004927 218120
46004928 207635
46004929 653376
46004930 46064
46004931 863819
46004932 365217
46004933 901221
46004934 30907
46004935 83925
46004936 33483
46004937 939134
46004938 907229
46004939 385474
46004940 365529
46004941 215722
46004942 228462
46004943 402773
46004944 1496714
46004945 225967
46004946 658660
46004947 579319
46004948 638757
46004949 97509
46004950 397230
46004951 166167
46004952 524701
46004953 948594
46004954 346358
46004955 208871
46004956 368368
46004957 872937
46004958 1806580
46004959 345853
46004960 962056
46004961 1984474
46004962 518933
46004963 393885
46004964 687547
46004965 1682993
46004966 1633079
46004967 462328
46004968 62809
46004969 64012
46004970 343275
46004971 345359
46004972 867138
46004973 924517
46004974 343989
46004975 2560533
46004976 224729
46004977 1165749
46004978 1632846
46004979 2395458
46004980 299908
46004981 890867
46004982 687667
46004983 670616
46004984 65704
46004985 157843
46004986 336500
46004987 139853
46004988 665770
46004989 142498
46004990 276130
46004991 940495
46004992 83793
46004993 678785
46004994 1308379
46004995 584592
46004996 1414249
46004997 644432
46004998 328939
46004999 793523
46005000 641730
46005001 462548
46005002 1289972
46005003 2493136
46005004 351603
46005005 325613
46005006 123015
46005007 300715
46005008 267283
46005009 108904
46005010 357402
46005011 875667
46005012 537556
46005013 913630
46005014 1027486
46005015 1347768
46005016 1673925
46005017 115123
46005018 1392457
46005019 168323
46005020 3927
46005021 354569
46005022 395032
46005023 648822
46005024 835944
46005025 251884
46005026 1205759
46005027 1001400
46005028 103397
46005029 649071
46005030 860293
46005031 1311728
46005032 347151
46005033 953005
46005034 201210
46005035 229559
46005036 543938
46005037 642504
46005038 606438
46005039 196853
46005040 406859
