5032817 1911641
5033459 471211
5033766 887847
5033814 965694
5033876 449761
5037040 1131215
5037319 400462
5038991 269179
5041716 94689
5043386 306101
5043986 329499
5044195 616058
5045971 986897
4011473 610967
3678231 475107
5049495 2726674
380181 331778
1522689 115590
5052760 387542
4104058 73867
5054939 487879
5055371 504611
2306599 48442
5059419 874962
987069 1491128
5061778 360353
742857 507190
5062800 54526
4074194 941263
5067178 770066
5067521 219481
5068358 1618105
5069172 901668
5072281 702398
2891487 50960
5075659 50033
5075766 347572
5078658 38614
5078722 395120
5080682 108873
1813565 502874
5081059 1245049
5081168 1256537
5084141 123885
5087009 332548
5087577 346530
1525301 190418
724625 400985
5089060 1101859
5089931 312585
2376298 213065
5091280 215782
5091358 367550
5093096 332681
5095961 85829
5100328 924517
5101362 1470501
5102898 649184
5105709 509598
5108292 51835
5108782 104473
5111916 660625
5114352 844194
219431 342104
5115809 596559
5116887 619190
2381008 635103
5118802 1001400
2079758 215090
5124094 1168954
5124668 606769
5125223 100133
5132309 890114
5133901 35459
5136314 749651
5136707 3117599
5138089 250542
5138551 456756
5138735 232110
5138867 455490
1382111 397071
5143550 337602
696604 53306
45140 190661
5150055 221026
5153681 23654
5153905 179675
4736699 1127847
3113849 511952
5154523 1431004
5157535 904406
1489631 181901
5160277 328783
5161992 214743
685120 1437980
1414189 94443
5167429 115157
724626 142724
2887697 1802543
742780 1054996
1396241 169956
2270084 670616
3436992 347151
5168527 869763
5169830 109192
1489939 514649
5170475 931935
2122820 1096074
5173283 931498
5176080 613279
5176697 427355
5178650 950566
2479343 85430
5180182 321148
5182905 51268
724627 1126147
5185268 5287
261055 188320
4348227 769536
5190123 43403
5193292 508759
502672 46551
696748 121062
5194330 77739
5195344 327666
5197450 329314
4933405 132200
5201568 2503027
5202929 391203
5204706 102870
5204818 147398
5094301 921003
5206983 362659
5207545 635986
5207771 687554
5207833 1193911
3803901 3443094
5211855 479401
5212607 296078
5212757 98896
5214065 332347
5215104 358071
5215705 393502
5218752 565259
3420646 991790
5225226 119440
2659727 123841
5225408 314050
2187641 572787
5226785 164118
724628 1487121
5237563 63220
5241154 103350
5244342 142914
5244525 950296
5244775 139708
2967326 671647
5246724 933695
2376251 394572
2716327 3308716
5249256 452491
743525 120911
3428138 53115
5253470 76850
5255002 639025
5255549 614686
5260341 78119
5260355 867560
5260698 887471
5260735 2150037
5262073 27885
5262332 111157
45143 190785
5262536 74152
1098722 240683
5264310 3152237
5266186 1339353
5266673 362799
5275264 394803
742551 666180
3652401 201912
5276205 649948
5276552 263196
5278198 260700
5279822 688817
5280522 666348
5281589 221883
5283841 104605
5284516 110840
2359181 312584
819127 1625980
5284991 1751460
5285312 519645
724630 867138
5286592 1277357
2753601 70487
5294098 1254057
5294149 910848
5294728 269110
2421037 49571
743711 498008
724631 216475
1045079 5394
1099637 935734
5301836 1917248
1781293 994870
5310269 1306293
5311699 572161
5312153 265007
5312529 1600288
603030 133219
5315407 1335678
5315567 482388
445930 45820
5315749 333656
5315769 1247810
5316771 674228
5317186 2156801
5318246 5655
5318301 107788
5318799 932625
211264 479262
2075251 325510
5319157 463743
5319758 299594
5321350 341133
5323514 1660934
1448819 862444
5326753 2336303
5327524 2773728
5328642 174290
4175306 566330
5328884 356312
5329175 1858429
2571183 737776
5330051 139280
5331059 122516
1493736 1171861
691690 649391
956568 295622
867541 107787
687419 694634
4807376 1186004
5338564 238233
358524 322284
5339109 2749403
2254102 503642
1105430 201817
687729 695071
5345815 325536
19363 110318
5349610 108556
1457605 2203855
298530 225594
743713 758864
5352421 299986
110439 355113
5355429 669425
332149 231509
5357789 346140
222145 363536
3963102 544429
5360501 1466947
5362997 1390379
222661 687344
2428288 51272
5364542 867339
378499 983496
743531 1518879
2871997 277547
2171602 98602
323224 605222
1514484 52998
5370836 220722
111282 96888
5371414 251760
743532 1518912
1977506 137091
110272 342010
5372991 325867
151434 477580
5373897 41515
5373984 367551
5374098 1643208
5374942 541037
1363228 277709
5375223 151366
5375247 122484
742552 110791
1102449 382264
2190139 878207
3643397 474443
46657 201486
54917 226286
3661942 33039
5382728 305872
225403 675059
140817 125484
537736 9518
1625969 839785
1105431 181041
5384653 41132
893089 1701158
2306641 41925
2600857 326496
3595002 852155
2390162 858428
3284760 660886
744772 347975
584768 109958
5387737 416836
742436 113271
222662 276784
54689 220616
1835034 68452
383676 994871
685121 96711
425012 1055223
125207 218116
373319 21574
1961987 719843
161816 310890
2970525 795298
54360 221976
5393424 694071
270491 773388
3677775 220670
5394415 655447
5394716 324931
676139 201889
2382730 385183
4852474 238361
730353 115589
213119 634231
5398012 1387207
441470 1089233
5398981 716031
1842524 98553
1243991 121677
213120 248621
696948 313931
5401283 249824
589905 387585
995037 1094559
5404711 105687
5405055 62807
221936 684482
222663 11337
2264081 2984104
3098203 698348
3759099 41456
699166 74931
685122 216468
222042 528891
44481 21892
335711 829943
441471 126066
141344 92261
5412810 464928
2579540 334358
5413185 411445
5414017 249794
447845 232404
516442 113363
5416557 169196
4524240 1025868
5420363 85759
1561299 116254
1093030 1686055
105990 248043
353517 35776
5423139 222723
5423419 305554
5423539 52187
449501 568165
332153 66896
5425169 97968
1105433 98554
52750 171917
425014 181095
1215405 95373
222440 669565
5432106 678357
5432226 544482
984778 629623
1774527 659890
1313097 57093
5435088 2886534
5436754 108557
3030554 828227
2383040 135190
50455 213167
3218962 537041
54691 224733
742911 223130
5449840 13193
374531 360992
500930 1189416
685127 729184
228273 703820
724634 816702
188531 580736
1242899 397493
936272 224129
246345 567167
583711 1303255
1340234 95634
1977467 100271
5459248 363061
5459853 109914
2490201 346531
1273912 1536534
1206024 41211
2823 35781
5462421 131781
3106429 1115828
2079759 676005
345666 643202
676142 1418480
221937 178408
5467544 710162
5469112 339996
2378002 992168
3113775 51594
1067630 760150
332157 904410
5470980 657159
4259 41924
173355 95296
54363 156613
537709 102747
5474052 207149
956847 196852
3852459 455474
1002349 339199
1342588 498756
5475955 207391
5476101 812274
54364 222334
5476777 512556
332186 333751
5478923 509558
2452588 226290
215056 117555
1722248 175184
5480602 351863
432863 909001
1788017 370041
5481449 2941835
442159 614017
5482787 898999
5482814 1443127
4841250 132665
54922 101987
54694 225054
5484890 56781
2357824 323373
5486309 385926
685130 585537
5488107 207297
164728 431403
5489758 162753
743534 555162
3913803 64999
380192 393030
237238 265994
5494071 2367430
141006 162460
2534270 295965
947019 52332
5497224 598161
728453 85522
691906 7446
2065565 1021138
5504370 197487
1833451 286077
5506568 1526284
5510048 316790
2815069 2345157
5511750 213940
141418 445533
724637 1487413
5514039 395316
773347 419413
383678 629060
2420450 23548
5518001 441528
222667 79219
3601596 344138
5522262 389454
5523630 3362800
222043 685271
5524289 162083
3435271 895071
1438021 949434
1094800 54018
5526755 839576
1520485 849990
65521 251346
2421039 333748
5528836 299647
1457364 151020
5529274 216939
1438092 344954
5532974 1617652
45152 191428
734466 406859
5317515 745998
676146 17878
471361 126396
54695 225150
5542869 2114773
5543022 305250
5543671 5461
803085 104607
3114562 1007501
3114764 50520
2687116 325537
5547448 586535
838000 211750
5272255 80303
1067631 213788
5550582 1230470
1250773 961054
5550895 1061070
5382730 366192
970376 446344
5552762 845697
5553227 922229
5553743 316510
5555729 2177511
344623 493381
4832245 221444
2947189 428926
603032 546623
5559590 678801
339556 929683
45154 39344
446313 343181
929231 333607
358531 900143
2383063 208329
724638 1487461
823015 38791
995950 1843783
952380 1783435
1244415 1725114
5567380 350333
1633504 791824
1787886 212969
5570288 1758703
5570725 485199
5572807 2032549
5573549 312361
5574636 273154
71059 93719
5576309 1720214
84075 251924
5579591 431777
5579919 1004409
676148 370374
388609 328514
5583337 1696547
1624707 639088
2893324 51999
1960848 634972
689186 193101
5585727 93768
58282 234445
685131 351921
106010 340337
172487 21819
2997224 526204
743057 388787
5593978 323738
5594021 923863
1090046 1420505
2382400 18936
24195 126603
791721 859213
5597568 189402
5597769 1111405
832383 256855
5599047 186975
5600623 735780
5602137 84857
225409 280483
5604558 395314
4832684 22603
5605870 15377
734197 86649
5608925 66696
5609138 241678
5610958 1958340
54368 222731
584725 6628
2373171 1830552
1960849 202794
288644 523547
353974 345850
5615164 332981
5619355 328877
5619863 165791
224696 112010
648893 104232
5621284 757886
5622571 213500
790286 100733
5627063 496883
1742059 879509
724640 253463
5632067 166204
3739921 97744
3100521 1296849
5636082 1834503
5637790 548188
691694 981070
2086294 689600
5639425 181094
5641544 93597
45067 190199
5643872 216074
508573 221647
5645294 328873
5646403 131099
54370 223002
5648238 603426
141472 115123
57209 75545
3795823 298074
5651942 471609
5652288 877212
5654906 635180
5655666 1468584
5655700 950229
5655734 859621
1805712 1271337
693575 58504
2358497 1038876
5659604 1811693
5659665 95060
5661221 405623
773348 907911
5662885 95958
5662945 698578
742658 341740
288462 803750
289655 299912
728464 1417499
5670762 649071
603034 832665
685134 1278486
5671602 163238
5673443 121064
1489940 417344
863842 388901
5678438 123141
137061 267283
224598 199721
5680215 308712
5682321 705328
4920830 515802
958665 244204
1518638 29920
5888 50962
5686440 541074
3073782 285910
172804 533026
5691163 51650
5691194 600671
4847018 97816
1980133 332680
140579 320152
5693964 284026
5694566 468050
1552908 659192
825262 72601
5699768 879744
3731744 552785
5703036 148093
584735 905409
5704040 1017994
380197 318826
5705394 192368
5706381 300336
3263155 566279
1783170 109297
1947316 513096
2186821 99947
3737737 221362
2603272 394312
5709568 390689
724643 284182
1447850 121189
106030 113073
5714540 648147
5716604 83920
5658836 51277
5717889 42883
803619 1603081
5719299 5795
5720667 275622
744277 96047
5722897 343620
2477861 2009572
2377601 109244
1280192 224634
5108784 1653648
5728156 1758529
5731121 23425
685139 640262
1444938 1345275
251743 743918
3565502 130325
3153703 59850
5734468 1042611
1413889 1817114
2383498 253285
5738243 297806
5739073 1992017
5739323 31612
1115826 888454
5740684 890143
5741555 499065
5741838 72377
86304 294675
928850 316557
3145556 174210
523790 133962
5747941 106659
5751301 251126
5752113 110235
5753546 51836
5754342 896832
958372 852067
743538 623461
2378000 1667536
5759647 103138
5759862 401153
45161 192079
5760925 21102
825263 581832
5763196 1482073
5763213 488803
5717891 180780
252371 98440
1525230 117408
5768186 1636207
5769335 472352
696639 19583
21556 62427
172352 417138
401634 842775
2893422 217896
5778027 857514
5778835 394470
2380985 653804
5782286 428796
50602 214267
5788644 468936
5789066 297669
1242982 962602
174152 537636
1084772 933870
3341133 45914
5794004 929530
684804 506781
5043116 929917
5796069 429634
5796792 299425
1940915 1086300
5797373 383788
684649 485085
1833712 316440
5798792 842841
5799319 1819247
2599489 344363
5799681 2951879
3486232 552814
5804002 294299
5804748 295704
5804776 325375
1245545 234986
4174917 418794
5808498 604099
5808856 429664
5808921 640882
1500232 161418
724646 294962
5813034 1180126
2844135 878633
137232 429474
532008 1402
5815996 896731
5816021 3327939
3054288 216026
4721743 940030
332167 487977
2917289 43099
1489750 2356493
5821396 1376826
435797 10348
5825952 1536980
5825988 782547
5828244 99946
5829531 94291
1491107 205759
5830887 54086
5831009 896695
5832309 2193993
5832375 681283
3485703 367727
2091377 49759
5832851 697168
4349212 56034
5834145 52408
35740 141995
1950145 937114
5836823 75546
5837449 2502462
5838097 649072
5838802 708385
5839075 2697092
3343861 889272
5840412 2765230
3637749 848730
1105435 51911
5840697 9723
5841849 1300968
5842680 710237
2376302 1210577
65529 251522
961041 70747
585330 394935
5849661 238997
724647 1487845
5852572 54062
928860 109957
1973161 211296
1954390 351530
5856080 2329032
1525216 26161
5857409 77552
3436533 92191
5859950 359420
724648 611672
5863014 506115
5863807 53575
5865233 606577
5865998 791769
5866961 150685
5868622 354467
3428087 1339
65530 13332
229541 113657
5875702 104531
5875913 900250
582680 795334
5877855 421508
743544 488309
5878480 332422
5880312 64012
2682323 489184
5881184 2306933
2719508 850338
5882783 85238
5882817 432469
5882978 189091
5888901 108582
5888949 321536
1215408 80422
5889279 255520
5890321 1828419
5891582 301077
4012854 332489
5894736 396256
2552131 91809
5896036 594461
2750330 121553
5900283 278847
228528 10099
5902705 40834
5565883 189037
5904104 53832
3895690 671467
5908164 192687
141235 444554
5910345 218354
5911495 146623
3759235 2404372
2552132 1213198
5917806 29551
5920169 623460
2288132 22872
5920423 1848727
5920491 2130363
1605 19423
5924098 219820
3307044 53603
3702960 701563
5928098 1845314
5929512 124032
2306597 95332
2814645 554624
532145 36069
5935681 550313
5940008 1452948
5943094 897831
5943140 83428
5714151 1309790
5943170 67203
2751828 906915
5944380 743279
4316007 339826
2306743 134877
5947581 275723
5948187 908283
5948346 128212
5948536 223012
5949079 70616
5949381 1001919
5949713 853313
242438 367403
5951216 75159
5952601 76048
3341105 58039
815414 590920
2200322 1295564
3382747 322404
3803942 305986
5961596 1042010
2257370 85429
5963664 963957
3102204 925883
5967609 362324
5967642 57676
5968623 695143
5969444 1012835
5972047 92139
743720 470736
5974822 1569965
5974870 105581
1833885 156940
2376111 173635
5975583 1303258
5976896 3426269
724653 379277
4542913 922926
5979098 1867274
5980247 91103
106060 342794
1443803 2311962
2753600 469385
87564 297862
5716742 35774
5985235 9623
1579786 390789
5990338 359539
2330275 135079
2082472 344567
305918 328876
5995944 83923
5997617 37362
1789799 791770
744149 305811
5998327 54585
5998778 1067662
6003980 110971
6004569 458448
6005534 1591886
6005713 790121
1205114 1308901
6007024 221397
6007113 658634
6007952 2528284
6007979 869973
1921088 877964
1185983 534193
1243512 621692
6013288 418169
1044919 313375
2122859 1139130
6019302 316365
305919 4520
576017 66148
4924828 83919
6027059 1491822
3677838 343822
3677839 675972
6028335 346816
744773 1399366
6029469 323816
2504608 956108
3436616 213584
744278 507833
6033623 841674
954251 758386
1067777 134470
3974020 782927
6039154 841115
6039203 300220
6039736 135340
4023902 255737
3702712 616603
3454977 318701
6042979 364890
6043738 3129944
4883746 863430
3757010 412243
743545 343944
6053381 162161
2923424 217716
6054292 1568889
1437713 362114
6056688 831857
6061805 430159
6063851 193264
1866569 1180948
6064665 392673
1088418 100359
6065515 310918
2925341 95191
977541 332653
745241 654165
2837007 238188
2187648 123059
6070356 628389
380201 364698
6071892 104534
6072571 1069304
6072641 865878
6072758 645262
6079017 890208
735058 1506443
6086000 1131199
1357455 412598
4868438 661992
6088555 142495
4145466 144031
6089319 1306724
3532316 56306
6092620 814366
2122857 6067
1980111 192155
4292129 1811590
6098467 274220
3264189 293393
6101127 93598
141236 444623
2357206 123015
373240 248420
960182 912296
6104927 405085
2381880 333537
6106314 908898
6107773 1365086
6108421 47639
6109488 808128
6109810 1552535
2479241 2290320
6110505 352269
357491 548760
6114184 41910
6114558 220138
724659 162950
6116481 302576
6116569 376170
2150639 295900
140233 436242
3226111 395088
380202 31081
6121803 27186
4881085 276436
6122142 1027367
3967066 2078367
6127091 658705
6127874 320899
6128106 602922
3666888 216076
414551 140021
6129964 172045
6132525 1563833
6089321 17051
724662 189492
6134949 355109
1090032 92138
6136857 86646
164855 339009
2926209 1017882
679351 43894
6139169 142625
402980 67174
6140909 213363
6141082 554776
724663 464493
956911 1788796
6142456 186737
6142536 271076
742946 231295
724664 96571
6148680 135706
1098661 524401
6151658 192777
6152504 1016955
6152673 2271521
724665 58042
724666 612421
116080 329088
6155426 222735
6156068 362166
6157144 226405
6158130 153674
1900524 2154171
6161073 517524
2350766 194085
6163008 1277381
6163191 628891
724668 196363
5908568 312861
1274185 54827
1274177 369353
3594345 102231
2536895 517901
6169669 202358
5974580 79987
3235110 891939
6171076 496949
6171206 213168
6172406 524353
6172458 857004
98842 328052
6172978 453762
5195906 135339
6173973 125325
1832470 480440
6176945 2039541
6177535 37782
2149473 445276
2376306 1067805
3068037 322104
6184895 312629
2134280 1071306
6186085 951517
1647026 12103
6187201 397762
441475 790425
6188842 670618
6188870 9157
2868380 12453
6189856 464455
985227 794666
2477620 358955
1098662 716223
743724 396746
6193205 380310
6193259 399695
6195231 93766
6197065 1527353
6198834 1689816
3457379 343709
6200587 22931
2724481 160909
6135022 352695
6204242 55259
1215410 104830
724674 62883
6207302 199065
6208601 1209312
6208950 358131
532762 164896
444595 946162
6209478 363127
1980136 552880
649725 392846
6212505 262260
6214740 165039
6215124 340059
6215761 647808
2571186 1443237
2629362 1026098
579792 891481
6221007 827551
6221736 317168
6222210 1277370
6223615 107199
6228902 299825
6228967 45423
6231853 552680
141237 293544
2151377 201583
685365 592293
6237154 1227813
401763 1015286
6239070 113053
1362733 21711
3314874 21712
6240911 1007351
379143 859277
3589512 377302
4081720 395465
6244662 678491
823212 20946
1068262 310297
3100885 13333
6247306 259952
765276 478279
2405387 830502
3418342 117011
6249688 151849
579304 267910
2270085 998841
6254653 1372345
6254806 94805
3212160 423131
6257844 580659
2017141 1632846
6259902 392813
1973165 944119
1438022 105529
6260249 659850
2274375 415568
6261151 390949
6262130 671398
3594920 86005
6264413 902029
6265910 99582
3423116 581657
724678 345957
686020 672300
6266573 859467
6269081 416588
6269289 352017
6270527 48843
6271476 344859
6271503 97345
6271521 99040
2894247 179738
296682 819147
742910 219829
262211 20890
262212 123904
6274108 319012
6276750 343732
724682 607068
6278382 1376934
6278616 131730
6279270 497360
6280278 2804326
6280361 1028883
1931717 2291404
4692239 306827
1073716 687196
724683 418213
1197212 884865
6282901 684501
6283694 191143
6284486 475582
6284739 22469
5316464 24515
6285027 39289
6285357 99583
373103 132242
6288830 96929
221938 252474
2891445 1482862
6289694 638689
6291075 347617
2376283 200309
6293483 963531
6293498 287250
5393426 340338
6295535 630507
743893 1153297
3695905 820839
913206 35265
6300507 1216619
6302568 90010
3017252 633998
6305895 721066
6308648 257078
6310121 456653
6310140 110045
3227788 598824
1086425 367295
6312624 2785580
6314729 1427374
5692588 251495
6317036 925210
3179520 419783
743726 1310811
743547 524701
6320434 582703
509241 214844
6323254 911908
6323293 158138
5633324 522703
987846 103323
6325789 158675
172759 505517
6326227 952720
444596 366606
444597 394569
6326781 876527
6327134 2028139
1098470 154738
6327206 662957
724685 104470
4985846 408242
1625970 387426
911122 151282
1298246 1516202
6337213 550214
1299279 54189
6339034 1465036
6339163 58192
6340543 70658
6340651 1723117
3284848 1506986
3676146 659647
1614707 1414522
6344378 17884
3074 38739
6346985 606653
6347815 108929
2150033 927792
724686 246644
1098665 129211
6352405 105278
6355744 2128881
6356107 1156250
6356124 92380
6362415 51589
2640264 63457
6365293 321149
6366239 144080
532339 157101
6368062 345589
6151083 117648
65542 251769
6369574 101824
6370389 955133
6264629 135379
6372493 70843
6372836 1963575
724688 137740
6373940 315992
6374097 332983
6374919 367801
6375955 788691
5701250 924022
122536 401793
2431159 361167
6380859 327133
6380885 1350269
188023 579808
6382877 101040
6383459 220555
6386841 353352
6387585 285250
2382787 19419
6390598 911710
6391765 16118
6392495 96828
6394016 322550
1973268 328731
6397140 916073
141491 350157
6402866 945401
6402878 724384
6402948 110039
6405487 168356
380206 41178
6407282 392254
2169306 190510
6407748 348206
627560 131194
2150394 1528591
6410682 214201
6412894 41526
6413228 3206159
742797 1006842
2580009 276592
6233680 801357
4012835 2176610
6421460 534501
6421555 132286
6423308 108904
724692 614315
6425910 1462181
3503868 218796
6427825 519106
223595 475181
6429336 394901
3260460 361528
2592537 141816
6431772 831767
2358789 95249
724693 1244186
742564 155243
2721362 174712
3678145 296993
6434084 329221
6435193 363355
4989694 1996001
2149921 224008
954252 539488
6438218 1126306
3646982 242689
1833831 325609
236496 366894
4747557 278811
6447376 16018
1525322 1003
6448235 336722
3199645 784910
745110 11587
743728 613622
6454156 115699
2893319 51834
5348138 34561
6455743 321767
3625335 959700
5033510 55816
3988144 320186
2750408 343623
3263049 2298903
6460461 65040
6460481 1329933
2894636 288533
6461246 190662
6461749 38315
2988827 65704
653189 218347
6463314 316682
86624 2861
2868260 390788
6466353 471487
579420 72843
3702738 346765
6471499 730784
6474239 2425782
724695 1489902
6475958 1063719
1437545 24603
3336153 29037
6484551 671312
6489027 2593899
6490539 874080
6491357 1121974
2440697 1466626
959186 401056
449034 288401
6494790 779234
6495037 235082
1491108 698589
6496139 711981
6497014 81079
6497467 130213
6497970 92648
6498061 842019
6499471 336717
1788511 104403
1154634 448648
1525398 109745
6500596 1063090
6501612 606765
1448274 175614
6504767 421399
6505773 296538
6511849 330512
6514646 356143
6517031 20889
724696 61894
6518683 299987
928901 1115827
3626283 2054
1554188 706552
6524056 308430
744774 922891
1490202 946940
6530988 99638
6533400 502221
1441990 344139
985119 1401463
294646 462525
2121914 651951
6547162 80807
6547696 52865
1313642 350445
6550934 63521
6551733 998418
4284840 3020013
6553941 630311
6554003 597203
6554690 1575514
6555744 49140
6556023 330443
293893 515801
6557904 164078
6559886 159905
6559997 149569
6563000 1218300
3233565 1068371
724700 1389157
928903 301351
6564996 636210
6565307 258044
261987 671899
5189375 544418
1491109 432738
6566246 301151
1202486 171248
6568115 582711
6568326 51651
2358763 315623
65547 251887
6571617 744938
724702 92199
6572044 1014628
950714 60764
6574813 507357
6575048 208597
685237 828485
6577764 614728
6581559 53574
2322522 899734
6581966 1063280
6582096 284691
4025778 550642
6585043 931900
6590228 51833
6372054 97604
6592040 1672666
5316466 637681
5785949 356560
6592674 306175
5173246 674553
6466355 274640
6593743 299116
6593821 1248774
6594549 219894
224699 696794
1571957 366034
6595139 432758
6598847 366446
1498081 130949
2382653 225965
4025779 230290
6599938 332572
6600247 2138694
724705 812037
6601742 19582
6603473 468765
6604863 1128974
956689 1289799
6607004 2387815
6607726 1362686
6612756 325104
6615205 282262
1274108 306906
743549 607224
6616687 528987
65548 96336
742945 295847
6617881 96196
6618214 1505211
2870535 701273
6620157 98379
6044586 906957
441477 96281
6623403 179104
6624169 671605
6625207 633065
6626016 37582
6626262 94445
6628484 54085
6630584 924515
724707 121586
6640085 197393
6640176 1501590
5492040 151190
6643241 2001241
6643419 192830
4099067 789138
6644979 290795
1487029 144230
3227803 333949
112385 367954
6647187 99118
6650502 546664
6653841 858813
6653855 356722
6655802 7593
6657531 213929
2868741 97847
3343772 889243
6662532 236897
2922260 110007
6669256 98938
6672476 438545
6673418 1170136
6674005 228579
6678118 299764
6678154 217838
6678928 217865
6679837 131714
5147652 578078
6680433 1621
2382102 332945
6682617 195397
1317796 66791
6689124 347050
724712 28284
6695200 1787026
6695516 37546
743372 59560
2904967 202407
6697823 60087
6700614 90495
6233682 612424
608952 342402
6702958 257338
1296221 97305
2917200 636144
2923373 3461942
1834337 553833
2397830 231557
6712988 780040
444537 604894
6714621 870742
6715240 868097
6715986 1302817
4113836 1552965
3268082 116945
2479263 332395
6719561 881627
6719608 340412
6726380 1042145
6727005 222336
3917152 94686
3151807 172690
972218 426818
957716 576530
1940916 226403
3263502 107534
6738431 616673
6437751 1081787
6741374 666866
6741673 195507
6743901 1257688
6746098 830627
3792929 97670
6751598 79956
251874 95331
3737535 1262297
6757211 52840
3718081 428798
6765030 2381340
1095078 333608
6643243 325372
6766803 116951
6768122 137477
743553 905072
6770661 113167
6773056 358481
6776135 797617
6776904 35463
6777286 1144836
724716 859986
6779120 648794
380214 308708
6781243 734300
6782066 54183
6787165 339201
6789079 125227
6793878 379736
4420844 1607
6794035 291515
6794781 345400
6795731 859874
6795942 188663
6795967 331779
6798140 310465
857401 290225
380215 987315
6800987 231113
65555 252046
6805861 84254
2382083 308520
6811360 134253
3643214 109462
6815530 884273
6820508 170336
6827013 1062310
6828461 485748
6828807 72968
6831586 37622
6833153 2097002
6833496 959900
6834364 96662
6835388 1711645
6835430 332344
6837188 276324
6837787 1057880
6842046 849765
6367670 1032757
6842782 53777
6843778 275621
6851017 608037
411112 947656
6852658 917499
2757032 316428
3233993 631042
6855761 791355
6857266 22248
6857318 622060
2184607 1246100
6857363 326270
986964 354475
4123637 602365
6860641 846699
6861261 493383
1784743 331023
6863192 628031
6863448 1242158
1514313 459134
6866035 2268123
6866247 288721
5944948 92350
6868115 335683
6871414 54895
6871705 118656
6872353 1225567
6872973 619086
1549684 365907
6873203 1724763
6873221 163884
3923136 6967
1784854 372556
6874532 669373
6877206 85923
6877587 26676
6878965 387543
743661 101491
6888342 929448
6888861 900845
6889047 849955
6889973 1073671
2357781 686581
6890431 789282
6890754 95058
6891223 1423153
6891285 1736142
6891357 200832
804626 100775
6892124 811469
1437504 223272
6497491 945850
2310904 291989
6893087 3086992
6896028 16409
6896194 101772
6896511 2606569
6896790 77553
6896947 1211801
6897612 325203
6897973 900944
6898750 52777
2431114 776216
3814402 135080
6899266 1125261
6900036 830441
6900226 51839
6900468 42322
2601475 119556
6900928 316247
6905136 237662
3538381 478767
6905739 104318
6457372 598915
6906611 114870
6907196 21817
6586293 659787
2270086 630970
6920347 51280
6921021 446602
2872688 103162
6926321 893862
1514766 52146
2307273 516196
6933212 869815
6937611 745628
6939224 65896
6939995 41934
6941263 94241
6941552 122592
6942206 509115
3237392 890307
3075644 292923
6950076 247392
6950213 332058
6950826 1041231
6950912 81078
6952103 1083424
3153993 23281
4471999 192829
4127906 621310
6963732 1304674
3279771 400828
6969159 103761
6969503 746637
6969596 909767
6862497 157952
6972709 312588
6975462 23135
724720 127078
6978916 360990
6978929 770258
6979546 108174
6980197 684917
6980741 232511
6984469 393744
6993040 1045002
6993424 83317
6997790 961614
2477676 316575
4817608 64945
7001078 1822287
7004129 178743
7005493 593390
7005515 779205
7006302 367787
1245068 29254
7008271 394571
743378 495864
7013732 1584282
3262620 397573
7018566 2992354
7022966 3329826
724722 369674
40451 77324
7025928 1717385
7030979 259951
7040534 373573
7042596 868501
7045922 21818
1215412 1102885
7053076 1596282
7057109 929821
1421752 218887
954192 1269906
5317540 15594
3979193 463621
5033461 1328212
7067219 607912
7067622 844662
5545514 337453
7070859 332388
5911497 619962
7076615 792313
532340 126763
7091170 630368
1087831 340669
6264654 340835
7092847 674366
7093607 622595
3307046 772308
7094516 386688
7094730 237700
3145624 710560
7101653 1993475
7104759 500617
7105711 30283
7106143 388501
7109503 2473185
7110070 94591
7110353 153227
7110639 1590879
4379763 740841
7112411 225044
3252203 874028
188134 580069
1949694 399194
448700 744211
7118246 470029
7118336 584285
7121407 671278
7122039 87288
7122122 78378
7123405 1043458
7123556 148836
7123617 879694
7127113 36337
1372979 296442
7130915 398095
7130950 1028360
7132201 353426
7132471 340763
380224 987526
380225 166167
7136803 333746
7139243 280523
7140525 341222
7146880 792754
7147094 238983
724727 22485
7149710 1714134
7154910 628733
7156188 21008
2868621 376226
7159255 557059
7161173 590251
7161670 880513
7162316 92718
4976463 339734
7166219 80423
7167883 856660
1313643 149106
7174056 105475
7174802 18112
7179215 692396
7180294 856338
3430697 657922
4450338 412568
1448977 863412
7188119 810212
7188865 75652
7188966 54063
7189242 198606
4794527 53235
2473692 142181
7191367 662482
7194474 530368
7195274 946121
685148 917465
2489725 321369
742687 54867
3810447 190184
7205811 379696
7209045 383859
2123888 646578
5330930 1176724
742458 313438
449052 166626
3047675 765457
7221429 639245
7222537 50137
1313306 84411
724730 1166706
7228092 449569
2723270 1280368
7232864 624547
1571617 48931
2375395 3067748
1521472 144182
1550977 979546
355669 161170
7240930 8361
7244299 631820
7247841 550770
7249477 1064465
7251513 228577
7255153 623262
743561 246219
7193801 353353
4845393 143932
7269626 59852
3831691 1003641
6154216 333037
7276113 343985
7279202 332062
7282126 53003
1098670 97813
7293140 1164111
7295167 339735
7295639 588081
5946037 269786
7301522 516714
7303244 1256507
7303323 212531
7303350 1771009
724734 221494
7303430 754823
2682325 751891
7304672 336870
7309437 51649
7310346 893008
7311277 170773
2383041 108526
2187699 600195
7312651 97570
7312725 778866
7312944 710602
7319993 825191
2511560 318508
7325390 451475
7326609 469622
7326945 216942
7327003 200005
6107280 911596
7327630 101597
217154 322139
7332144 332575
7338046 946551
7338114 618855
7338234 893150
7338376 228370
581644 344515
7343736 1063539
7345684 743032
7346831 917825
518374 1060069
7347853 445142
7351804 570373
7352126 160657
7352155 58120
3235111 1293365
1486997 297207
7357545 893124
7360050 377652
7361466 1003117
7374124 42551
743737 68554
742572 1513900
7377475 84946
7378656 675815
7385590 95476
7390537 39566
7392687 927691
7396105 692816
7396673 248617
7397830 142725
7398388 222732
724737 963291
7399757 161172
7401764 101549
7403720 196362
7404733 998932
7404998 236714
7405015 53830
7419618 94447
815563 494461
954193 58044
7425642 332547
7426658 187513
1296585 508837
7428696 140562
744645 1076569
7437458 986010
7437682 3971
7439275 157139
7441340 898555
7441489 871653
7442138 336716
7442148 617368
7443463 104828
7443764 226590
7443871 861051
7446797 45502
2306644 587222
7448407 146129
7449692 134679
2378541 549950
2075388 54483
7452461 119839
7452620 731132
3342811 63522
7452746 332421
7452774 158183
7454947 208220
407375 68705
7458601 2148545
7461482 274622
7461503 387273
7462354 65703
408188 78660
5997361 95103
7464715 336223
7464926 402773
7467184 33421
7470424 22826
4562401 502458
7472730 135136
7473755 1409458
7475876 171634
4123999 220265
7477957 909513
7478428 389772
7480202 605044
7483268 72284
7485009 333684
792176 1582678
7485818 53781
7486386 141891
7486625 95098
7489165 218798
7491162 55923
743739 213366
7493370 140106
7494210 1049824
7494453 220352
7497354 41577
6463929 1249230
6135006 824028
7502575 622062
7502756 190302
7507250 363835
7507734 1838028
7518384 10791
7519270 36005
7523757 1975881
7525059 101893
214469 652570
7525724 59467
7526184 134384
7526241 313863
7527053 209342
7527431 287978
2872132 88062
7527673 256094
1376925 340096
7531449 233355
7532812 72775
724743 149960
7534071 230856
6773676 361305
7534836 118267
7538529 728125
7541261 46802
7542495 671782
7543669 295770
7545161 988720
7546304 47364
7547509 1579290
742487 1513485
1360433 62962
7551967 674243
7553192 787147
4198748 101935
2264888 468524
7561316 385008
7561910 1025426
4174596 663177
7441723 828685
7565578 1023826
7565671 312626
380233 330819
5126707 810089
7569599 859361
7572813 99838
7572821 330305
187745 579319
7574439 98556
7574549 899989
7574663 849003
7574977 78540
1492672 356917
7577280 1287573
7582029 725666
7588615 157929
7592782 335327
7599516 52724
7599529 109520
1036246 337455
7599542 831795
380234 329328
7600537 356974
7601370 76166
3226198 512156
7602705 280820
7603265 320153
2601335 365476
7603818 933042
7606998 135883
7613198 312582
742692 859622
7616565 346196
7617102 158895
744676 1194292
7617654 106763
65574 252340
7629439 2862312
7629895 770069
7634498 479292
7635917 6833
7637875 104229
7640537 463421
7640958 1648632
1487876 309753
724746 230942
7647763 268828
449038 225050
956130 1575351
4444506 517069
2431344 298977
724747 629990
7651884 471045
7652083 234586
7652569 49103
380235 987808
7653452 2359305
1488014 390686
7654460 1344991
4977231 599587
3759286 724972
7658306 349598
7658964 21713
1667672 32714
7663385 8207
7663572 407821
7666504 2688493
7667323 1392457
7669394 909131
7670117 236620
2682326 507859
3114762 120908
2549690 321236
7673547 903636
1491112 1055057
7674450 2843466
7674708 640101
7675473 35777
6264808 665645
1940917 2218704
7678447 20945
7679992 181344
7680989 1142849
7681076 417362
7681440 892187
7682025 328782
7684413 68938
7684676 152745
3389792 364889
7688125 116952
7691574 155901
7692138 121
7692866 434486
7694158 722687
7695967 445153
7697669 346918
4846246 532928
7704880 391622
7706094 479440
7706725 844844
7709890 759511
7712160 252341
7713989 101774
7717274 626334
7717534 397290
7717751 228211
7718230 584592
7718282 83430
7720032 109826
7720475 889323
7720805 579809
7721179 217566
7721624 2268024
7722351 218241
7724470 705385
7724530 1576760
3956205 37239
889098 186085
7727766 392707
3436710 328785
7729525 963507
7730977 517749
7731254 360727
3625523 488275
7733764 3509368
380237 298284
987849 1008997
7742369 21573
2383728 5341
65577 252379
7746894 96769
7748618 249166
7751413 684500
449068 45764
3218729 1402085
403772 352370
7757902 643477
2384274 13085
7761398 253352
7761499 90188
4389408 1257558
7764021 606158
7402978 225153
7765046 397229
7767946 886401
7768422 838296
7769586 393697
7770855 949665
7771569 668654
7773958 132347
7774040 1180936
7774654 245224
7774803 1057139
7775012 206468
7778044 95633
7778988 517130
7779451 1141534
7779909 121381
7780228 178965
3192668 325508
7781416 1338066
7782364 72229
7782383 1733944
743741 1396460
7787114 339580
7791686 664125
7792762 294529
7793222 1147593
3244607 1684567
724752 19588
7796469 800160
7797048 23427
3058922 328909
7800104 86385
743742 688857
7801518 1004295
380240 212375
7803301 686235
7803690 562511
7803757 18252
7803984 951868
3145625 28648
7805024 103446
7806130 1396472
7806777 46756
985120 31079
7810245 857190
7811608 198874
1055728 649652
7811982 284411
4764196 226592
7813076 57951
188734 538838
7813267 96890
1204406 361163
743564 639024
3991687 828566
7816085 267323
1788512 391140
743743 276691
7817598 174236
743894 52447
7819586 325719
742858 262702
7821368 149167
7824641 349073
7824906 2437785
2988877 82591
7826442 95802
7828237 698586
7830861 721920
7831365 397461
7831959 350000
7832607 846635
2150702 109983
7834609 340762
7834999 405151
7835427 349089
2175610 219825
7836804 362653
7836813 884019
7836827 217288
7837063 945829
7838510 663835
1618613 162343
7838861 658704
7841066 673857
7841611 34013
7844347 342947
7844649 21706
2682327 318932
7847322 46064
7849772 675266
7850594 216934
7858199 92145
1243481 57066
724756 954210
7866431 651676
6264655 1802694
811683 95422
7870564 593690
7873063 669492
2358764 163078
3835591 21988
7876288 713917
7877482 483561
7879483 180686
5755188 412762
7880351 362662
4519823 1349761
743566 1289972
7883837 237825
7884676 31716
5515767 995954
792412 314657
2357851 2206890
3382772 435834
7889568 94517
7890305 99244
1489881 410310
7891203 1671713
4025831 363720
2750410 900925
7894407 449570
7895431 478138
987403 272093
1571639 322357
6500653 898730
2357871 1981967
1191091 825414
7899873 1660465
3250698 189553
7902336 1416283
7904916 53430
7905363 3412326
7907759 611938
7908878 50514
7913433 165502
3418486 94381
818396 112307
818397 118312
7916823 208195
7918702 612552
7920939 388376
7527433 1022505
7922139 396332
1784785 634197
7924315 52928
7924505 241085
7924698 868343
7926073 947907
7927216 882214
7929397 1428817
7930891 120909
7931146 1402027
7932448 213367
7932931 1447316
6138475 394612
7936182 127330
7936507 146557
1977369 972532
7937960 295621
7938065 740388
7938093 344423
2389624 219892
7939634 774199
7939863 829496
7940073 201089
7940422 35231
7941424 295620
6584036 46436
7941480 435468
7941535 595555
7942106 1404
7942704 334665
7943732 105274
744776 652276
7944026 391993
7944329 63025
7945241 1611997
4203543 587673
7946062 216620
1987735 27279
7946838 1852468
7947670 294673
7947706 6447
7948025 1020860
7948224 95104
7948968 1306675
7950092 756341
7950666 53779
7951601 716277
7952506 279686
7954672 36989
7954700 19011
7954742 9025
7955040 152634
7956566 35679
7956685 111137
7957232 8208
7957657 914915
7957834 333534
2195590 40898
7959232 2066342
2078123 103604
7960066 322057
7960250 6832
7960342 218800
7960967 94102
7961002 162694
7961505 121061
7962051 366647
3077556 35779
7962202 49104
7963015 932895
7963204 446450
7963483 1407117
5474643 1122130
7963938 80560
7964315 362061
7964570 3511688
7964927 329459
7965228 449296
7965392 119809
7967409 36767
7968253 651802
7968326 72376
7969041 104402
7970425 339967
7971692 435420
7972017 367380
7972201 665570
7973333 867235
7974505 52287
7974592 547414
7974950 891659
7975080 815129
1958124 2729002
7975797 100905
7976008 1249387
7976036 1157991
7976074 121844
7976201 884143
3737461 755251
7976706 522951
7976713 777632
7976963 344565
1980123 899205
5577205 365095
7977684 340532
2270087 393910
7978353 238260
4275805 1267044
7978566 1382999
7978748 1410376
7979073 3772270
7979164 267604
7979199 2128546
7979285 2216941
7979708 888011
251746 360036
7980244 365103
7980770 502459
7981081 999290
7981273 271925
7981293 597189
7981599 23855
7981642 2261170
7981699 394859
7982090 396211
7982834 547933
3053684 65891
7983244 453068
7983753 122205
7985917 923437
7936774 2913303
2836961 110989
7987217 43405
7987219 51643
7989034 1203636
7989593 51646
7989655 65974
7992148 343904
7993196 3022089
7993216 1711766
7993569 785401
7994832 1119238
7994878 994036
7996379 130154
7996958 857573
7997002 624852
5142886 131049
380242 35962
7999472 537055
7999882 1006953
8000857 1085990
2421040 173571
8001185 923722
8002684 40984
4008956 133348
3250699 312633
8003815 18305
6894187 662160
1524879 606768
8005281 96161
8005455 362394
8006528 634544
3418255 909937
8007222 248670
8009263 98550
8009320 158897
8010069 362319
8010332 186724
8011323 344794
8011501 348100
8011719 1735438
8011797 865698
8012069 600966
8013977 95102
8014346 2577138
8015115 235254
5103236 105965
3759295 11831
8019675 22874
950780 153030
8020464 98720
8020942 1497594
8020984 2760015
8022082 215432
8022107 440642
2473693 350446
8030697 22245
8032278 46897
5227517 723668
8034557 348387
8036020 50383
8036750 1115683
8036852 567710
8037736 623849
8037989 237605
8038371 1945561
8040809 512876
8040922 136678
8041002 208771
5545525 97970
8041816 42232
8044297 102299
8044343 716297
8044363 103059
8045834 291851
8046936 59434
5179062 276658
8047943 187665
8047992 2871448
8048679 285039
8049152 299544
8049283 86550
8051462 275721
3211705 339405
8052404 363402
8053776 170839
8053879 95846
8057543 112011
8058164 542367
8058287 140187
8058464 391402
8058637 236895
8060708 10546
8060831 50136
8060967 1614015
8062020 960474
8062512 24809
7475255 321368
627945 162539
7024854 2024392
3396174 365307
1071002 27489
8069343 52000
7982775 321641
8070463 230995
8070489 1591887
7766328 291962
5096141 142031
8072651 872884
8073935 1801846
8074848 345044
8074918 469315
8074982 34682
8075944 83243
8076743 1785574
8076774 3721815
8077580 1003822
8080180 362112
8080694 291632
3075645 990471
8081871 93764
8083857 637624
8084126 320455
8084729 155488
8086013 418673
8088389 358779
8088497 434096
8089197 264889
8090514 294583
8091157 308524
8091291 5467
8091988 923749
8092297 672448
8092417 202620
8092885 95151
8094316 242209
8094328 339736
8094526 1554381
8095576 223005
8095594 354137
8095976 341432
8096655 940104
8100696 101711
8100726 370776
3585482 620876
8102938 338529
8106117 368333
8106604 2869529
8107534 70130
8107651 1480532
724768 659934
8110467 246474
8110529 157427
8111949 43409
8112434 43689
8113581 764327
1954478 256675
8113993 6334
8114782 376284
8118938 47642
8119982 1039491
8120606 342918
8120640 28719
8120763 724098
8121124 209914
8121421 293977
8121821 164414
8122658 99781
8123026 3986241
8123057 1207058
8124695 1097984
8124829 35924
8124864 332286
8126248 1037212
8128529 720995
8131587 2511039
8131987 242974
8133053 99120
8134160 1753043
8135486 915830
5911498 913451
8136681 73359
1098678 1329405
8139458 855950
8139518 102351
8139598 491291
8139839 53192
6523366 126797
8140492 328732
2716328 594492
8141360 1059316
8141601 486996
8141963 3226106
8141992 649180
2824061 21822
8142629 163416
8142927 1794950
8143321 274265
8143368 423869
8143486 451237
8144015 228395
8144298 782821
8144452 384102
8144574 49353
8144808 156684
8145104 221493
8145187 235131
8145706 887590
8145960 441446
8146199 316724
8146344 1659051
8147105 1684046
4271901 313076
8149865 54586
8150195 172386
8150678 2576637
8151024 334563
8152455 612612
8152530 932590
2868091 84662
8155453 180723
8157517 352150
8158438 1393024
8161425 30625
8164784 396849
8169739 408307
8169808 142892
8169885 49761
8170634 65062
2892925 347252
1788947 598953
8172714 131698
3704583 213789
3114435 322225
8174746 1087800
8174869 371996
8175210 383534
8175718 465047
8175725 278826
2376596 1042107
588479 1320380
8180160 2553634
8180484 1840156
8180968 105474
8187192 301558
8190088 2738665
744777 425041
2150649 742091
8193585 174352
8193994 325746
8194168 418452
8195169 32118
5219123 48503
8197979 1917007
1901470 534426
3510711 631878
8201455 399765
8203382 122928
8203759 961084
8203768 659004
8205363 550530
8205385 1246431
1487728 8726
8205807 830596
4188668 335733
8207314 1852188
8207448 1034662
8207581 288723
8207926 212399
632727 389303
8208860 194015
8209246 82236
8209848 785639
8210576 390552
724772 52563
8212582 1124473
8144322 20887
2122037 270894
8215880 393562
8218974 547291
4188471 836837
8220648 157843
8220910 173911
8223023 3101153
8223134 167370
8223936 924881
2601374 30990
8225138 346487
8225157 462644
8225258 34779
252450 115188
8227255 191590
8228364 1238757
8229862 581863
8229955 2585987
3814156 91428
8231819 338947
8231843 1672998
8233235 1205334
819131 49395
8234064 779264
8237451 2463311
8238072 909638
8240027 248487
8241702 51078
8242350 2274
8244984 67340
8245259 313488
8247653 149071
871314 286076
8250259 62428
7097246 48010
8252290 225851
8252394 250648
8253901 291056
8256283 1842640
2200381 1357720
8258148 94513
743570 261786
8261017 231324
1604021 393500
8264872 624317
8265370 51647
1572080 2162117
8268483 102808
8268539 1488841
2355708 1204489
2079792 676536
8272585 192467
8272594 343826
8272977 52283
8273024 540399
8273485 386069
2383617 95003
8277367 256261
8278276 653
1942751 1417754
8279953 50517
6460394 100560
8285063 334392
8285712 361465
5534940 915054
8287708 1038324
8287811 140124
8287909 525618
3072123 335325
8289733 2502588
6632169 180836
2375425 350409
8294861 131519
8295429 215184
8298036 622164
8298903 110315
8300018 104608
8300339 1711082
8302065 218719
8303129 941158
8303945 100051
8308920 633254
8309921 218113
8310143 41918
6096482 391104
8312055 276393
7070028 917416
8317998 678490
8318087 776658
8318844 132754
8320023 129105
7950668 329089
8321815 507096
8322723 333296
8323404 98936
670197 455493
8329340 100173
446092 80421
8334017 640782
2868418 789255
89866 120269
8337463 24916
8337823 1458414
8338136 343903
1487106 79309
8340735 964421
2725646 2396816
954195 11470
380246 961553
1483686 218785
8346115 25885
8346882 377298
8348404 445152
8348906 363670
8350594 397231
8352103 307633
1245834 365153
8355216 878765
8356229 324964
8357740 1520094
1899845 249354
8360041 94749
820830 51238
8365357 1058666
2604945 19306
8377710 213868
8378158 1843944
8381848 612420
8383636 1238824
8383945 99399
8385456 143215
8386652 1084061
8392204 175055
4792852 314023
8394141 170671
8394197 29639
8394344 697253
8101462 723394
5785951 393191
8396914 622771
8401163 995631
8401178 2693836
8405343 97458
8406820 2952909
1296586 123379
8409408 83427
8409616 407867
8409927 50851
8410766 313830
8413998 71117
8415850 789113
8416755 3091469
650537 622711
8417915 30905
8419291 218291
8419901 1123664
8420855 361849
8422003 686349
8422155 23007
3486311 51269
8423255 392580
2376597 788525
8423398 777609
2150708 338363
8424421 112085
2598438 163053
8426742 86651
8428356 213277
8430900 532270
8431226 3327537
8433059 500484
8433126 671096
724777 396291
5878741 223417
8438008 473614
8439409 80250
8440004 217720
8440855 911409
8440917 887570
8441568 1844116
8445405 215339
8447847 923602
8449144 19009
8449152 505240
8451402 376172
3988148 110316
8455792 669742
1491113 1569413
8459095 1938988
8459817 144725
8460307 1223571
8460320 428125
8460780 915232
8461869 332531
8462561 1042842
8462900 931598
8466421 939336
8466683 307580
8467561 514912
8467695 410279
8468555 116902
6725595 340531
8468711 276338
1782980 1103354
8468745 62878
8469480 829712
8469564 325246
4372103 883868
8473232 228463
8473983 1492041
8474552 3169600
8475210 216360
1297445 56670
8477425 2034872
8477689 515703
8481984 415567
8482258 433631
8482395 11713
8144311 171449
8483750 430714
1437505 31258
8144300 302325
8487964 722799
8488774 454373
8491075 375769
4025781 397392
8492774 209913
8496774 552773
8496974 250368
8497580 99706
379144 765237
8499403 327195
8499521 2312645
8499913 1187106
8500123 581765
8500227 544440
8500261 539068
8500291 98661
2079760 1152878
7093069 874792
8501431 989841
8502556 59761
8502716 90337
8502750 211807
8503373 912793
8503704 328834
724783 815199
8504434 103801
2430454 1633
8507921 959509
8509002 121017
8513345 807121
2149913 119640
8513814 342871
8513841 1824451
3652432 621693
8516999 64299
8519454 15681
8521036 497893
3100134 106836
8522571 515538
6546761 672222
8527879 333572
8528427 98509
8529235 719583
952210 97704
8529407 341223
8530403 1042144
8530769 1210101
2179976 1336518
446093 1023317
446094 342241
8532473 925845
724785 54186
8533201 728935
1784787 93594
8537958 326924
8538752 870529
8540252 434710
8540901 654753
8540915 1596824
8541511 3785950
8544665 337081
8546941 343988
8547740 922188
8549855 477937
2824058 1659547
2870572 53855
8557562 136229
8557738 445642
2179074 43998
8561040 159309
3199610 151138
8564357 219699
1487775 318824
2383631 96283
1399494 753179
8568631 382490
170455 250135
8571714 917986
8576387 474845
8577276 1740496
6140911 236667
8578040 67053
8580054 913320
8580066 1417500
8581736 320100
8582813 896635
5590741 1017230
8585678 478517
8588791 1041305
8591959 331074
8594072 663437
8594159 1207892
8594504 895691
8596025 326528
6929958 880117
8601556 464199
8601881 404904
8602019 824634
8491936 398190
2150754 553948
8605821 3533875
8606473 237606
8583884 123242
8609734 134124
8611535 393974
8613855 102041
2431286 326041
3421454 555381
8614863 468523
8615925 800026
817993 235921
502792 916250
8624750 1704852
8624936 38020
6491247 352241
8625668 2477360
1313645 97169
8631320 64174
8639063 922677
8640205 344215
743572 606581
125209 408692
8647601 195751
8648905 97972
8649482 895309
3233934 207607
2926891 551012
4348819 104231
8665048 2275147
2868672 1071981
2059256 576120
8668436 434230
8669526 683351
8669772 266274
4171655 892292
8671846 23910
357492 354877
8673055 154446
8673351 813830
8675856 55684
8676478 2952432
2892076 30718
8677386 1984474
8678486 362026
4145476 1086759
6673704 1815988
5749840 897710
8681042 387151
8681568 148199
8682133 694941
8682197 224640
8682284 1311330
8682600 48417
2622809 1759709
8684310 663936
724788 1493184
8685792 678785
8686138 271535
8687279 87761
380250 288534
8688585 1300556
8689006 349913
8690248 324240
8690448 288413
8690774 1016772
140895 352197
3052757 848378
8693719 98273
8695111 425530
8695330 55924
8696024 38966
8698903 666289
8700250 101712
8700343 85775
8702520 312778
6474241 214574
8703384 366033
3702710 233431
2938985 1705612
8705664 289323
724789 318509
8706853 329360
8707432 112148
7301524 637492
8708598 93664
5193294 159589
8712768 1742816
8715779 255640
8715966 2253099
8716235 551986
8720442 62809
8720533 643916
8723152 463555
6266212 333750
3434800 48622
358114 55626
8728504 228617
8729213 101381
2410624 264567
8729944 1113227
8730424 1347768
8733353 18476
8733985 642504
8735027 92465
8739689 99042
8741513 364998
8741708 292400
8741968 899789
8743624 227238
8743778 1052487
8745235 339067
2268444 1581296
8749075 54618
8749448 308688
3461540 600117
8756540 393646
8757638 844818
8758205 852137
8760762 882544
8762887 543844
8764136 2340659
1624789 1098483
8765718 2791120
8765725 90390
8766019 1829879
8769108 244706
8770693 5654
8770751 221741
1095879 96827
8775454 1218431
8775997 99993
8778207 237021
8779386 1207671
8779944 371247
8780861 534406
8786909 896301
3964072 1796672
8789059 743425
8796450 429254
8798937 249617
8802161 2111445
3759301 249692
8804619 658964
7658966 146869
8806166 607910
2187952 326857
8809158 333688
7760448 218990
8814345 518692
8815816 2313074
8816441 1142025
8817218 100174
1089644 207413
8818693 362202
8818882 332063
8819162 277391
8820291 388657
6467367 289063
8823566 58369
8824571 278741
8825376 97894
8826863 145801
8828692 1088948
8830093 366695
8831043 1848611
8832877 1104222
8832948 38820
2995158 51181
8833934 447987
8835435 2688
8835648 486600
8835717 296324
8836580 1289925
7432468 1095602
8838660 270893
446096 406528
3341447 353351
743381 1518188
8842304 903016
8842650 61752
8842957 540362
2868381 771031
8848640 66614
8848657 917961
8850052 509559
8853463 344998
8853915 26674
8855026 224837
8856513 60368
3902450 52774
8347980 493380
8861452 1219045
8861471 218294
8861566 426106
8861688 11937
8862106 857256
743573 141402
161861 442556
724793 858666
2150608 419326
3344236 276368
8865344 219108
8867664 421952
8868378 328584
8868385 1709915
8869083 329572
4255094 102809
8870195 898678
8870354 44160
8870472 50794
3344237 295494
8871888 1519376
2357685 366153
8879167 49393
8879206 342946
65592 252584
8879842 3017126
8880087 1410753
8881400 51719
8881456 2144023
3724294 1741341
8885990 275436
8886072 500166
8886532 178359
3521945 500046
8888106 116956
8891175 506913
8891441 335627
7680144 193784
8894436 872252
8895876 143418
2383042 288308
8897562 724504
3215059 52446
8905153 603787
8906110 390120
8906633 376498
8906918 2585819
7976627 306140
8908094 860334
8909867 628327
8910804 898572
2745436 646550
2868744 584877
8914218 346711
8914654 392484
8915346 627204
8916011 30988
8917719 331028
8918442 358420
8919135 376546
8919280 49496
8920354 449404
8922505 345396
8926157 338721
8926513 630946
8926526 239298
3322451 504306
8927002 142164
8927423 35307
8929441 85550
8931400 613335
8931555 1282544
8185392 38612
8932770 1429924
8935317 636276
8936390 295422
8937354 51777
8937443 122927
8940345 25027
6558364 572486
8943888 249738
8944154 73594
8945642 107939
8945892 47408
8946121 34541
8946520 301467
8946761 1031550
4458992 1403380
8947715 502910
8947889 544286
8952213 1671471
8953511 35923
8953670 394679
2149600 225048
8956099 322107
8959527 343368
8961314 886652
8961573 1536226
8961659 1004298
8964739 495284
8964795 1944582
1452595 308509
8969221 922189
8969327 647425
8971202 73389
8971818 2553219
8972991 1069246
8973704 447997
742708 367253
8974769 169492
724794 397789
8981874 446343
2893685 374294
8984477 691567
1774488 195927
8988063 1494355
8988292 639057
2592672 679006
8991180 675611
724795 60369
5163145 2237229
8997116 654956
8997813 50955
8999696 1191087
9001939 333873
9002766 10100
9002840 1834246
9006007 1309371
6612201 1209099
3564045 1641111
2624629 1058698
9013856 887824
262215 50513
9019859 107910
9021832 730719
9023034 109138
9024857 1124278
9027189 96195
9028128 390084
9028280 739991
3813697 109077
2892226 101551
9038277 332064
9038441 1640886
4748725 766471
9044115 74713
805039 205162
1098694 380490
9058611 3422827
9059188 550095
9059220 699071
9064807 38742
9066071 197712
9068753 668477
9071199 961496
9072063 844270
9082007 364791
9082765 812185
9090702 42698
9097349 393696
4578808 33329
9105017 2576535
9106119 332090
7057082 2090795
9115223 999879
1487031 83737
9134458 1850784
189665 582963
9138465 117096
9138546 396491
9143742 65895
195660 590274
3107001 84325
9151159 276785
9154156 318471
9154478 478401
3958150 349429
9162135 826978
9162728 344861
9167771 324417
9170805 118498
2868745 2194233
9173219 1001107
9174028 414255
9174230 17126
1491114 396559
817994 360807
5253045 511954
9183472 301357
9189064 914682
9197329 640538
9202084 413322
724799 256715
9208464 219709
9209941 82978
1782764 191234
2960808 1537983
8903057 211921
9216488 926522
9217710 3309816
9226623 163480
3991689 51069
724800 407533
9233842 1080072
9235768 2525292
9236554 627420
9237543 259950
9237616 10439
9237828 1011018
9241397 891483
9260990 94379
745679 551015
9271808 500845
9289118 989719
9311015 97376
9338180 88202
9338686 49453
9352517 703880
6430964 283331
7003810 2467018
1101520 1741926
9356485 297453
2431274 1786942
9357680 1202742
9357815 1420535
9364436 1965913
9367303 1711502
9379483 871796
9385124 341357
9418285 939135
9420965 16954
9420977 180892
2185541 142684
9428683 28385
3100676 612425
9446131 1197738
9477366 861207
9479692 316789
2186822 85493
9496877 606820
9502826 393742
9511501 451573
9516318 471568
9518095 108716
821767 51180
9520629 1034791
9525106 93237
9525859 1190308
2743742 285856
9550824 48933
9553884 506201
9558179 176863
9558732 2897009
9558900 102350
9563347 159430
9565726 261495
9569485 956462
6271988 511955
9590967 103866
9592730 420075
161865 510423
9643627 669816
9778173 202361
9784072 322359
9800507 333950
9806602 589291
9836120 288086
9836783 142497
9837384 135013
9325644 181952
8785937 354665
9838322 123618
3100639 291421
9841320 36478
9841388 1555351
9841685 1414249
9842035 530424
9842191 98045
9842236 1627
9842623 333206
9843099 332018
9843813 912888
9843957 1025109
9844097 376111
9844324 1691137
9844771 488733
9845233 343327
9845987 513008
2891453 308367
9846473 177217
9847699 181262
9848577 68451
9849213 870293
9849431 960218
8365985 1169935
9850325 213508
9850448 263195
9851474 1354898
9851875 109247
9867866 1537972
380260 274109
7938808 341567
9933821 389158
9937398 3430180
380261 343733
9951860 1375350
9954033 37238
9959113 98507
9966346 628755
9975175 880284
9977773 333038
9977817 98165
714359 504512
9979514 101602
745109 296099
7938824 860610
2125087 318677
742757 759646
10013504 109953
10025213 132608
10025262 1477415
10026244 261555
5807086 294241
10035744 3330175
10080323 250412
3666688 93511
10120929 739935
10122899 1058141
10125796 337484
10125927 100906
10127529 42219
10128171 1202471
10128312 288532
10128764 8728
10129488 1551510
10129770 1303956
10129940 2880871
10130396 120746
1006436 360550
724814 191090
10130664 98037
10275199 645362
380264 674813
2537203 660451
10417945 846343
10418076 640069
10421296 1438763
10427766 35770
2149989 369673
10430787 545420
10431128 926039
10432273 725460
10434146 96396
1750696 1417786
10670688 121014
10677181 353624
10683290 104322
3315112 1236072
10690070 1676995
10690126 1073653
10690180 261788
10696061 260369
10696084 1065171
10700551 503329
10700593 2298929
5950241 417662
5707818 355245
10701410 52230
10701582 1383326
10702970 218467
10703228 224945
743495 137996
10705485 22782
86626 295529
10705868 230008
10707804 94891
10709110 1982469
10709445 789065
10709940 446545
10710413 598728
10713563 599608
408720 430299
10713572 109521
10713732 63609
10714081 82873
10716821 2099582
10720128 99774
10720165 1039426
5314544 356970
2082908 340410
10724609 1251013
10725252 157654
10733507 1239141
10736358 1169568
10738902 109137
743576 698502
10740088 351208
10748906 1133243
10748918 701940
10756479 54314
1784745 275904
2431126 219984
10773665 943018
10779395 480441
6966299 717339
10779895 78397
3104683 99403
10806505 1257277
10807016 874961
2314866 573977
10820309 248616
3017795 634973
10841857 758426
10844027 170198
10855921 93167
10860551 940191
10864995 685387
10867707 5748
10871418 1852635
10874701 226969
2184606 656319
10878964 219819
10883518 37409
10887386 91210
10889606 1415403
9202086 822170
10907444 322302
743899 339675
4348172 53952
10921487 313069
10929439 657745
10930806 98722
3421615 1741815
10932288 789680
10937268 121292
10939554 180832
10941628 843010
10954606 1283804
10957150 361415
10959606 877863
10965315 52728
10968124 1724084
10974312 399805
10979831 256851
10994508 598251
1490239 508258
11000372 2713290
11002338 1207303
799418 1591123
11006491 189421
11008886 299984
11009024 649765
11009878 166705
11014610 107326
1571618 2430440
11019462 80687
2150709 278157
11021858 497616
11023762 1308057
11037001 344329
11037568 831693
11042673 101823
11043399 54865
11046644 653905
11046674 95716
11048318 593392
11049974 224060
9032550 722019
11055499 264212
11058602 295677
5138372 94747
11073138 310250
11083636 1097902
5499165 343132
11102964 30812
7136935 263906
11112721 142278
1015001 6683
11129406 156771
3694834 445275
8842652 484438
11143076 56115
3023461 269202
11144464 453418
11147017 1418341
11152304 37454
11157838 1004276
11162594 392146
11162603 885178
11163981 255307
2601444 196853
3533256 147571
11166975 783503
985592 109364
11169337 76047
11169420 389904
10700642 399066
11174680 3677002
11181368 882781
11181406 279384
2378546 1308125
432387 430138
11188041 1428425
11202645 98894
2836978 2051
11208035 161423
11210516 1771756
11210548 131166
11213704 461456
11222104 87883
11231417 96046
11232941 484796
11233807 67999
5169112 329133
11244903 339516
11258816 352242
11260148 233845
1931336 766709
7936510 1039251
11268821 98511
8017978 306271
11274186 83945
11274550 241525
11274586 78076
11276372 32927
11276459 917387
11284517 826464
2274495 347486
11289640 228291
11291288 300959
11292579 1525086
11162290 91704
742829 709455
11303847 154671
11306089 386002
11306476 601847
2307093 309537
742711 1514987
11318810 100868
11323978 787464
380270 21889
11328559 308695
11330635 252861
11332601 363757
11334911 51909
11339446 363586
11343989 779069
11344543 296486
3193020 622554
11346596 58968
3472509 885373
11356275 1343853
11364380 468049
11368258 197514
11371081 396561
11374277 396330
11377858 38525
11382030 501631
11398165 93236
2150109 110843
11406536 1681470
742699 328582
11416625 1358691
11421426 1829378
11422488 130129
11425620 167371
1808122 705306
11440637 208417
11442848 83927
11454272 17965
11462866 4198455
7940440 911949
1783080 566228
11479250 120808
11486442 526498
744778 397529
11500509 1210932
11508111 315282
2125619 1755811
1234089 361988
4989695 5342
11525077 126905
11528955 851334
2598936 1258695
11538148 332519
3235114 738420
11544988 95890
11546367 367739
11549660 185059
2065569 2121671
1418236 2293570
380274 343229
11556879 453809
11562943 250983
11564097 49651
11566076 30906
11572573 576244
11575521 65977
11587818 505962
11587840 94519
11600247 176799
3624967 362798
11604304 94966
1946356 1648409
11606530 242693
11615879 64903
11636773 37974
11641118 1987151
3521571 448806
1090513 591105
1823966 36923
743834 54660
11657017 1813920
3625349 2328949
11662226 464379
11665802 867410
11671363 1147859
11674484 1658342
11675002 417049
11677058 345205
11700139 2117274
11704013 678440
11737334 195366
11756856 95155
11756870 473386
11768132 1615494
11786685 2405369
11786930 2489408
1939828 142801
11800823 2544527
11800910 52721
11801648 101286
11801928 721918
11802654 1064733
11804186 93376
11805121 98228
11805724 1941430
8415858 858163
11809476 2207632
11822206 109559
11762834 117407
11824427 1305010
11827185 2804520
11828703 2472693
11829364 50846
9114507 213869
11840500 275751
2150597 782762
11851898 313440
3877683 154866
11855724 1341913
11857115 131667
5846023 96103
11565798 238261
11881792 293905
11937019 1420302
9017515 5459
11937798 1423397
11939083 547869
11940063 503778
5420928 273914
11943146 1476595
11948332 1566952
11949398 1929960
11958408 385923
11981669 73418
11993808 680536
11996683 585411
12025412 876751
12032170 639183
12037449 332249
12038398 705725
12038434 227510
12038437 811006
3119398 67339
12038702 87116
1382221 106657
12040058 53601
12040169 677828
5173408 649878
12040210 135881
8130082 344610
12040295 758073
12040378 948892
12040496 3008412
12040511 336721
12040747 618719
12040868 412207
12040922 39293
12041892 16633
12042809 94108
12060572 722283
12064000 121190
7980214 1358150
12069694 83125
743582 390412
12146781 658915
12147048 897807
12152133 341362
12153063 507809
12160242 365608
12161945 104745
12172894 582552
6690377 127306
12180732 1295018
12202083 51187
12217245 1525876
12228254 19043
12237093 634889
12239440 142371
3991993 119698
12241412 28807
12242602 5464
12244212 263435
2431261 142976
12261380 507794
4001393 763765
12278639 341484
12292455 343036
12294019 216388
12311694 1566802
12316263 930131
12319772 218801
4462825 303181
12335526 72842
1098538 219893
12343931 135609
12344494 355576
12349429 1421172
12356117 10679
12356464 2137496
12359500 7445
12359934 1704303
1578274 736687
12363159 1340651
12364767 1521974
12369257 3246365
12369853 51186
12371560 2516246
12373988 2353879
12374251 21101
12375579 207298
12377844 96193
12382242 102748
12383362 1389156
12384508 958348
12385190 916537
8041723 1712992
12391542 1772084
12392481 325919
12394790 577267
12394907 83711
12395895 237079
12398171 334011
12401730 146916
12402136 1323885
12402273 931689
2382735 358958
12403957 307017
5872791 1024335
12406542 2189241
12407471 295773
7752625 36248
12408516 296250
12410328 659932
12410620 1731510
3881953 911729
12413749 440460
12413857 1772258
12415001 1256477
12415577 170468
12415986 364277
12418913 3074071
12421846 1700626
12426961 1167662
12426995 129365
12436679 71113
12436979 305516
12440812 49903
12444463 1948624
12445379 143626
4196192 335759
12448829 114988
12448963 2871633
12451712 1309814
3052759 1771787
12451816 500932
12452964 1409936
12456664 642791
12458064 53685
2351182 820160
12458648 1415350
12459601 162238
1369183 95195
12459806 662539
12460710 660450
12461060 256650
12461423 2991593
12461759 66402
12461904 1209984
12462194 1764158
12462310 602719
3233586 336755
12462574 148294
12462781 1804620
12462949 323376
12462961 604326
12462965 939886
743066 333407
12463557 939247
12463888 99401
12464006 216935
12464205 2612344
2430398 906838
12464220 349599
1784858 351868
12464820 52916
12465600 2882160
12465920 310315
12466069 913771
2923491 953611
10054640 99038
12466844 668249
8049099 95006
12467025 339918
2891410 483259
12467115 336760
9724440 1002
12468007 390290
12468127 1002333
12468457 360447
12468881 668116
2178511 396377
12469619 1404662
12469658 52681
972271 856324
12470272 102149
12470424 213724
12062543 298843
12471309 760501
12471447 296030
12471478 3591519
12471658 699007
12471791 347929
12471838 1668841
12472470 55338
12472650 251767
12474072 2303979
12475170 91341
12476407 101171
12476542 224938
12484153 454949
12486827 394367
12487166 359977
65609 241087
12491966 98381
12494382 927693
12497141 923603
12497495 2238230
3552007 1459371
12499905 618174
12502347 98093
12503842 861689
816318 718079
3398862 554820
12517613 397167
12523470 2149858
12532555 2921814
12538708 684550
12539477 165657
12544198 105154
12549704 695829
8912150 531025
12559330 844222
12560899 1288447
12561676 770671
11772189 917671
12589377 548583
12597720 325059
12607951 550586
12613923 664785
12621992 208730
12644092 2560136
12649279 642955
12654400 529299
12655196 98276
12657235 94848
12657285 1586531
12671384 1576752
12680720 3066714
10080721 2232283
12695380 603336
12697883 961577
3082367 334662
12705069 1182461
12711496 211890
3053223 636617
12724108 1742685
221949 684893
12742575 1494001
12745877 133317
1204617 1320104
12788864 1742227
12795906 300385
12800957 1456910
12811182 108339
7947799 305941
12922808 22418
6168363 380815
12940407 43218
12940727 370685
12950439 175133
12973470 973704
13002306 2352167
13006398 52286
13007650 1701852
13010705 347618
13017976 2348220
13022739 3178806
13023235 953292
13059460 1528777
13063884 263194
2975241 306065
380288 988701
13081482 627086
13120942 101601
13132545 660081
13191969 101039
13200185 2211153
6013576 1232168
14207478 2133071
14233536 98990
14233573 652952
1489886 46219
14242102 204540
14242105 841934
14242130 1047617
14246819 213278
14273434 330445
14273464 51593
14278402 306172
14278425 431144
14279447 404191
14282446 1053388
14282559 441269
14286889 403376
14286907 51994
14286952 120744
14286957 66234
14286988 988287
14287034 96241
14287067 338367
14287082 874793
14287231 364000
14290452 952898
14290593 109197
14297676 353530
14302680 531917
14303309 511956
1204410 92826
4187803 93379
14349674 256121
14359964 199288
14360152 379097
14364006 1395
14365470 1471375
14367828 302381
14371383 13086
14374489 287360
14376156 658702
14381794 107231
14383285 95375
14386250 321943
14391991 1469035
14393335 295713
14393562 1216584
14398315 1105085
14402029 530807
14402404 1156662
14404961 499885
743597 423314
2125031 410386
14416014 332004
12060471 96337
14435827 408193
14435838 663935
14441675 2739038
14443750 654
14444920 277557
14456452 1704354
14458708 392387
14465601 390050
14474322 1581953
14475192 1245806
14479435 1521486
14485723 54560
14487050 463595
14487144 395222
2314719 345851
14496204 23657
1376007 345401
14513763 566751
14515338 41916
14515751 231777
14530809 52400
380300 988786
14532850 53114
14542362 789166
14542507 21894
252758 340661
14556573 215722
14557882 1289798
14562854 1185587
11528188 212970
14573746 608233
14575333 1494354
14582005 65479
14585940 427351
14608672 347815
3068413 2339499
14629753 474369
14641331 420073
14659047 1427329
14667000 195010
3417942 1126290
8929319 862936
1673347 504872
14718013 440863
14725313 86095
14726444 139853
14726475 46899
14735090 383187
14739665 80515
14758030 205013
14758268 606981
4215321 52143
14859218 830217
15265675 44908
15265966 48130
15266808 125063
15268082 312631
15268157 102968
15268415 173390
15268614 1054886
15268946 1536616
15269209 330650
15269373 58041
15269559 100132
15269915 595603
15269943 323097
15270275 444963
15270343 931597
1376787 87925
3435537 335602
15271205 209341
15271487 867192
15271692 349252
5033508 47796
15272050 483012
15272357 276918
15272398 3323195
15272474 24514
15272489 99468
15272560 594903
15272586 57188
15272626 884833
15272956 98856
15273052 289059
15273280 109600
15273472 344997
15273498 515193
15274571 1429709
3074647 156326
15275275 1339175
15275735 537634
15275859 119766
15276058 1001638
15276091 2752351
225029 397136
15276287 596879
15276772 345679
8919284 22715
12471481 828223
15279285 395174
15280231 344394
15280300 285814
15280393 19071
15280416 321573
15280465 641948
15280482 1419930
15280557 493774
15271207 334562
3418260 62882
9305973 258013
2746808 552639
15281812 124729
15282008 618178
65626 252943
15282299 224128
7565674 50642
15282815 827641
15283098 581812
15283210 51065
1524258 385296
15283400 94448
15283654 5573
15284028 142207
15284250 22251
807589 1609186
15285185 630426
15285936 799276
15286191 1249558
15287895 918914
15287985 332486
15292197 190851
15292255 89889
15292394 54617
15292737 390875
15294320 839507
15294756 881492
15295954 222328
15296211 99466
5073411 121215
15297513 135098
15297938 332214
15298131 962306
15301889 95543
14323058 365908
858281 341571
15307160 209081
15309435 655984
10098111 572647
15317788 1150433
15322717 296464
15326327 363241
15327975 350213
15328321 222332
15329870 8483
15331291 1749941
684767 261516
15332995 63456
5631304 61751
8378164 369452
2923493 343571
15337512 971327
15339647 394425
15340484 137914
15340933 377168
14406616 384281
15341524 576241
15341635 95372
15341653 121380
15342133 343396
15342501 353621
15343502 324554
15343907 394767
15348247 532098
15348799 220190
15349619 312583
15350236 1007294
15352202 408279
15352262 108436
15353261 189385
3804008 94886
15353865 351960
15353915 251884
15354057 412500
15354291 99941
3209492 342238
15354594 462514
15354628 333018
15354635 399147
15354683 1587533
15355403 21772
15278935 739318
15356412 224513
15358071 403792
15358498 650682
15359216 161406
15362166 27082
15363219 549774
15364763 52395
15364877 1490546
15365017 538545
15365033 966249
15365054 498130
15365149 2394123
15365174 101007
15365386 332521
15365480 395957
15365618 2496310
15357913 132380
15365860 12454
15366137 220924
15367915 906817
15372670 103466
15373696 995538
15373854 691668
15376601 87584
3682370 356380
15437745 604127
15440996 95101
15445780 2282050
15449462 174161
15450752 868538
10772682 743115
8296901 1839072
5697776 2625810
15505915 28285
15507899 12558
15512829 454918
15515725 1770409
15532111 396697
15533409 193339
15534272 363585
15282817 669085
15535259 233704
15536864 272374
15537966 566555
15541793 441056
15543550 66523
15544084 381140
15547163 696761
3075081 236345
15587883 65014
15591567 26574
15601079 4708
15601576 424751
15602649 568648
15604197 865971
4315513 914501
3436535 347974
15606661 499902
15606764 858923
15606794 347973
15606914 50949
15608541 27590
15608738 84855
1454967 358953
15612939 660371
15612953 345072
15613034 1710047
15613547 885177
15614763 476184
15615344 333749
15615945 43593
15616217 333791
15617713 896636
15619663 344611
15620672 658706
15621170 314071
15622530 218418
15622834 345527
15622918 2991200
15623225 923920
15623238 341430
15623414 10545
15623805 131450
12062536 918210
15625364 167536
15626204 436350
15627689 343901
15627781 194698
15628596 386687
15628604 2140
15630342 273285
15630610 240527
15632704 215385
15633831 63612
15634420 1600604
15635766 979077
15635770 226406
15638519 907230
15638900 333207
15640158 515732
15640348 1543014
15640962 2134060
15641496 300761
7040387 401124
2377397 2276514
15643350 100094
15643468 324312
363118 425281
15646940 189092
15651697 64902
15652312 193419
15652730 741275
15653395 868372
15653709 105190
15660599 382266
15662043 392747
15662149 775164
15663276 39124
15664619 98319
15665140 1570463
15665569 380465
15665948 274299
15666729 995704
15736997 1986816
15749725 109295
2868462 689208
11276377 190198
23743313 888456
23758360 2314263
24339952 136877
24344244 217005
24345697 125902
24345778 408567
24348527 21820
24349690 19305
24351839 462428
24353191 225445
24353271 49530
24358113 29824
24358369 578271
24362947 322789
24363355 325204
24365196 53243
24365538 202362
24365783 233358
24373381 607255
24379372 924332
24379770 98041
24379807 174831
24380577 49454
24381847 214742
24388621 395089
24389412 962013
24391124 369088
24392506 318375
6810631 343987
24394386 142498
24396856 224939
24398695 532555
24399858 218799
24400219 33227
14686544 415566
24401823 65259
24401845 78118
24403329 343573
24403356 1032884
24403444 305484
24404851 209388
3759288 37506
24407877 221742
24409766 41756
24409847 297361
24410072 161358
24426389 147358
25411249 93168
25413046 249565
25413763 70251
25415493 344860
25431296 333747
25434826 897709
724840 1494147
25461002 1612843
25461843 877514
1522596 202106
28305007 1086265
28306388 1475138
28308549 305870
28312276 108841
28314756 774105
28361517 2986831
28364489 2802390
28366424 359418
15066603 1026099
15272400 1680576
28375182 363449
28383372 573868
28383903 364030
28383984 832122
28383997 249861
5929962 1029340
28384583 334617
28387139 77738
28387159 856396
22410274 50088
28390108 179292
28446700 316453
28583665 43952
28683871 173633
28697794 678244
28740471 48996
28741578 218353
28742523 798196
28747665 917268
28750341 218239
28751034 363485
28758951 403055
28990536 1346287
28992472 110046
29370350 913873
2731730 160826
30299378 2789738
30310119 336586
30312261 857188
30312355 103864
30312596 94295
30314851 1003929
30316255 100822
30318909 402554
1037213 394254
30324602 1094939
30324729 1625221
30325503 1025020
30326759 336761
30327486 409740
30327890 42383
30328011 650980
30331237 511856
30331431 1933
30332276 251628
818249 103378
30333941 357528
30334318 402130
30334377 1538631
30336705 933162
30339619 637653
30340436 170566
30342399 93546
30342994 2206856
30343116 976998
30344073 355723
30346681 76693
10416108 1201949
30351202 7953
30352158 1578154
3931624 109140
30368549 722736
30370152 664018
30374477 1044928
30374483 179330
11520189 324041
30376790 1643892
30376844 1801090
30380669 1000902
30393093 12104
9240927 1854152
30394185 366029
30396327 1787232
30399059 274624
30404152 654707
30405991 652953
30762314 780052
30764144 534869
30781924 915209
30862998 110845
30863650 457201
30935462 1677571
31073542 68083
31081401 651
6338695 307997
742853 345749
31092318 888012
31094347 356623
31100090 873438
31100170 664124
12151712 1305231
31131528 141926
31139235 1396429
31139853 1578708
31148486 319683
31150047 344036
31160095 468604
31163120 42805
31174857 836287
31174887 181623
31184730 72231
32879120 392963
32893198 332281
32995703 32217
33000828 857513
33001640 102671
33006462 759167
33122374 952930
8083064 127043
33124859 168419
33124941 647634
33129021 76810
33134222 618856
33177793 1510520
33248168 336504
4123194 639291
8392526 169561
33378210 550849
33395528 572648
1905393 99329
7824622 1203267
34412420 806966
22438156 142975
34427731 15332
34453153 652485
3437006 1596559
2588367 2382129
34808166 330254
34816019 343828
34845803 336159
34858930 735082
34862801 544632
34863382 831607
34918757 636115
34923898 670318
34952473 652381
34955096 163239
34997325 566039
34998233 1041576
35001552 2793938
35001788 92575
35002027 519481
35002970 929450
35003033 36178
35003057 48932
35003067 93715
35003127 350303
35004131 114923
35004338 95420
35005033 331769
35006477 95992
35007040 2306415
28701634 533511
35009125 253706
35009765 296294
35016983 510898
35043966 278413
35044956 860936
35044988 18888
35045555 321996
36644429 31450
36663787 1095057
36667456 15210
36668675 861991
36668813 664061
36669301 50961
36669429 694194
36670190 602409
36671501 83774
36671681 397492
36672026 830914
36673048 296280
36678857 99841
36681960 192250
36682662 1289316
36686149 790894
36686517 2092128
36687988 522783
36689411 49841
36694805 510441
36695143 339345
15267355 52666
36708013 251494
36740601 24713
36740682 2587752
36741530 1033166
4119280 2233303
36859813 333372
37665272 597341
37692612 1406
38215106 97204
38216631 498040
38217225 234241
38217954 36765
38219211 345358
38220701 321307
38221005 101170
38221998 181521
38338604 485100
39118314 2204019
39128308 735898
39224784 52837
39426751 105527
39426772 425442
39426865 1719407
39427856 1616750
39428284 344676
39429046 35266
39434733 321367
39435492 72378
40094759 1435998
40095255 964327
40098187 19072
40100832 2122408
40102669 424319
40102901 520971
40114459 96480
40114490 117311
40121790 164957
40137389 892563
40138906 494785
11822210 148599
40146052 357994
40147716 231967
40150413 408330
40154726 534502
40155278 297123
40161098 1006910
40167859 212534
40168151 1300470
40169742 901356
40177648 321235
40177654 1852910
40177667 862062
40181865 105189
40193169 200829
40196550 80893
40200638 237269
40202046 278791
40219368 318656
40219863 1064514
40222042 141781
40222230 334613
40222374 550956
40222418 3328466
7430926 219887
40223167 347275
40223461 137990
40223466 144591
40223629 1683582
40223670 4765
40223704 524343
40223719 60116
40225049 3368163
40287629 320314
40287788 330581
40764296 365530
41200626 158676
41355432 109198
41493360 1015122
43306340 288913
43306356 338797
43306359 328780
43306373 2071986
43306375 393787
43306379 141598
43306380 385819
43306387 1051797
43306396 124602
43306397 537556
43306398 299346
43306402 121135
43306403 326800
43306411 50847
43306423 754170
43306427 126373
43306431 314780
43306432 365527
43306433 94164
43306447 433230
43306454 468047
43306457 52925
43306458 2069509
43306489 393971
43306492 694779
43306530 964634
43306598 55086
43823882 786434
44461923 99039
44462284 15330
44462439 1721838
44905699 64173
44906330 193309
45104658 416172
45105790 390358
45892734 95589
46000327 1115684
46000952 898122
46001229 71955
46024935 680841
46024971 517252
46024977 333787
46024978 98709
46024984 331162
46025066 1005229
46079167 786755
46081966 523510
46084538 316338
46124049 84856
46125353 1254417
46349377 100517
46932144 376112
46988078 100319
47767209 322454
47882473 505712
47888202 3075105
47888352 550182
48114179 316696
49095504 707582
49096137 84796
49316536 39295
49316652 286677
49316653 1149511
49316654 323878
49316655 394801
49316656 987693
49316657 1802542
49316658 432873
49316659 46122
49316661 711023
49316662 1921334
49316663 858863
49316664 1908842
49316666 1438123
49316667 180223
49316668 890868
49316669 603757
49316670 62981
49316671 1033001
49316672 964633
49316673 1687229
49316674 979957
49316675 263436
49316676 323327
49316677 785223
49316678 626250
49316679 218235
49316680 31171
49316681 52190
49316682 624440
49316683 236015
49316684 317984
49316685 1401945
49316686 40837
49316687 621725
49316688 534870
49316689 1019699
49316690 218118
49316691 824633
49316692 163392
49316693 1442608
49316694 157102
49316695 687244
49316696 297829
49316697 62851
