5034555 237960
2060237 1139289
3250764 2374372
5046832 5046857
5048646 171707
2060238 2819627
5055430 1402095
2060239 2043301
5056933 1405781
5064320 5064332
1186226 930637
5073348 5073357
5073679 875477
5082242 5082262
3555405 1067651
3032239 3538005
5101198 794822
5106202 352269
3057149 2299621
677548 1420909
5132136 1199833
2659726 3276432
3237156 1549308
5145566 829943
2060240 2819653
5165826 5165833
5167000 2527990
5172736 5172747
3555541 2503537
5187249 4080400
5200309 601567
5201273 5201281
5206129 4017104
5206270 884273
5216942 5216952
5240541 5240547
4039460 3202844
5246031 3264397
5248348 5248360
2060241 2416235
5264131 387830
5264225 102991
2060242 1471453
5274688 5274696
2361284 148334
5281050 781259
2060243 654844
5281674 718710
2635513 2842610
5290871 3569607
5300672 5300677
1615404 1861777
5303330 5303343
5306260 5306271
1826836 99781
5314034 315257
5315678 862444
5316800 759923
5318504 1753387
5318539 3191403
5322380 5322398
1186522 2060620
5328499 1755846
2819340 2733056
5331590 5331597
5335010 5335020
5340070 5340080
5343443 5343458
1162788 2034439
5356490 396535
3784918 4039364
5359463 5359474
5360256 859876
5370750 5370757
5345194 1550595
5380173 3151581
3372054 671433
5388793 5388805
5389638 1544651
5390439 5390452
5402883 5402895
5403041 194339
5427354 5427363
983757 1826867
5458925 1338372
602677 1339765
2060245 618181
2467613 187200
5485523 419351
5486676 1476613
1615405 2465261
5487557 5487564
3386943 608636
5489889 179591
813152 1615581
3555547 987526
2060246 2819740
5496191 50033
5497581 3223251
5501555 5501568
5501765 5501780
5503731 346490
1831357 284144
5504599 1634477
5515807 1003953
5517810 395681
2060247 509984
5555030 386809
5555488 5555499
5556519 641315
5567126 5056149
5569467 4756160
5571173 1216387
5571797 5020484
4395610 939140
5576064 5576072
5576132 5221809
2060248 2819761
5588428 5588447
5598317 949104
5599256 3079142
5601769 5601776
2601629 92191
5619783 5619793
5621686 5621694
5621856 5621871
5628350 5375316
5631713 5631719
5637597 5637614
2060249 2819786
2191190 2929304
5657035 1255033
5668856 5668875
2365544 678401
5705757 105052
5708187 4357059
5712788 1426315
5715877 1995540
5729114 5729121
743652 1519813
5746535 185702
5751188 5751196
5752789 5752797
5753511 3087299
5759267 384624
5759342 925089
5763954 4020688
5770434 5770440
3785022 1340375
5773576 2268247
5792593 221648
5812494 5812502
1695572 2529237
5831511 5831530
5833420 5833437
5844456 5844461
5844771 5754639
5894074 117099
5914611 3558953
5917511 338434
1285715 2163977
5483811 5483837
5951309 1148550
5951795 574997
3386467 877188
5954931 5954937
5959243 829862
5974772 5168360
5983125 1136627
5989733 396848
5998442 388795
812952 1615438
6001499 354591
6017185 1250447
1496382 683770
6021260 6021269
6024291 1782962
6051008 109954
6056223 5459989
6065097 822492
3943553 4146208
6103546 6103560
6109512 1660382
6113929 4698992
6115406 6115426
6116397 6116417
3553932 393847
6126894 1490546
6128943 2962786
6137520 1656106
6137545 6137556
6148662 6148678
6149770 635848
6150701 6150708
6152842 6152857
6162379 2556551
6165598 1425180
2819711 3386324
6174599 2221415
2602976 415446
3151202 3623290
6193070 2299605
6199909 1459371
6200100 3693198
2060033 2493802
1317665 2188585
6246372 2653886
499111 632747
6281873 3436511
6284609 6284616
6285162 54527
5354719 3220571
5141340 2633017
6321612 1643674
6337059 6337071
6340763 6340775
6346695 5872140
3784602 1307857
6356544 130119
6359635 2851578
6365662 6365676
6369448 293972
4951084 62851
2819977 3185440
3701236 3990764
6397263 224831
6397769 6397784
6399691 6399703
6413407 6413422
6414462 6414478
6433259 890749
2060251 2819852
5206273 838264
6449668 790662
6458487 6458500
6468187 6468197
6475050 6475064
3553660 3640480
251745 743976
4320053 1245574
6482828 342671
6503892 56166
6510370 540250
6523541 4962296
6530295 3910923
1615594 760501
727161 312868
6532362 6532370
6532546 1365852
6533467 642772
6535151 6535159
2060252 1090793
6544841 6544848
6550866 1681752
6556952 1524811
6557188 1579083
3057154 606769
6561014 6561028
6572695 3980531
6580080 6580090
6588792 2652636
6599556 4564837
6600552 2880676
6618073 6618087
6621383 6385888
2819769 2113427
1186229 2004231
2819889 518683
3054458 1193957
6634274 1265401
6636109 2245927
6642693 6642709
6650519 43228
3235268 3684161
6677301 1839565
2060254 1180263
6687784 6687796
6691679 2808548
5674492 5674522
6734746 1808330
6757423 4112011
6777036 6777043
2060255 2819916
6784694 2277546
6799371 4375967
6802931 571771
1786671 2603046
6824511 6824525
6830366 6830377
6837175 6837187
2820678 1269433
6862385 2328271
6864176 6864190
2798512 353127
3555429 3898561
3057156 3553783
6871580 2173041
6877425 6877432
6877866 1683798
1787411 912675
6879261 461547
1501390 2365564
5048648 654410
3553708 1406495
6886590 6886598
6890364 6890374
6890390 220681
6890765 364161
3619230 3174105
3619231 2086524
6904158 47126
6904170 2291439
6904279 662460
6904487 350479
3553709 2385638
1951725 2724601
2296130 105332
6910072 6910085
6921256 313989
3057158 2036289
6924472 6924479
6924597 6924604
3259360 3170228
6925568 1138071
3235269 1512
6927354 6927366
6928092 5352175
6928950 698499
2820003 515538
729836 1501375
3684208 1345925
6939206 812871
6944842 5993036
6949006 4092522
2060256 2819936
6950735 6950747
6951168 4439585
3701976 660992
3057159 9518
6955237 2733300
4848982 2298601
2820679 1673479
6963327 297877
6964094 6964118
6970886 969628
6983960 6983970
6988195 6988201
6989302 6989307
3256068 2719220
3701237 3990801
7014632 7014648
7015989 4189887
3057318 1417785
7030235 242203
3259361 3700931
7036588 7036600
7039146 3406857
7050119 4911890
2635517 777609
7056270 3279214
7058218 799549
7058598 362585
3237159 3530315
7087433 4223850
7100919 7100925
743732 1520798
7112225 716446
7114856 928085
2635518 3259389
7123192 50389
7128659 1764551
2060257 324310
7144902 574016
7146732 7146740
7164830 931798
7166765 330823
7173046 1068399
7174569 913010
7175030 7175040
7177417 1771787
7179433 400748
7181220 7181234
7205164 2210763
5358963 1034031
6867636 692396
7226542 7226553
7242451 7242471
7246665 1816525
7246805 2730189
7250097 5553167
7251043 7251051
7264818 215448
5990111 895775
7266839 887266
7266889 765543
7270660 7270665
7282060 1658241
3057160 2559799
3060426 1650266
2060258 2819954
7291295 56882
7291956 7291964
7294047 1266704
7294084 97008
7298880 309694
7303047 6326051
7303416 422811
1618224 1977206
7303454 1333853
7306230 1950388
7306253 7306259
7311784 3309756
3553710 1142648
7312732 7312737
7313824 7313828
7315486 108275
7315514 7315532
7315545 1908375
3941451 477547
3684246 54016
7317712 7317722
7320800 1307223
7324574 222479
7324618 158555
7325437 3067382
7325449 545109
7327558 7327568
3060343 354325
7330900 176039
7331283 1772243
1186231 1866953
3386899 2353941
7334028 225805
6255550 97926
1496301 715257
1958567 727256
3144058 3619041
3741064 1771887
7294086 3329438
3386469 963667
7335527 2526659
7335586 5048111
7337100 191594
7337233 4157915
7337985 7337992
3684152 668020
1496384 2361506
4206146 4320092
7345420 633254
703774 686582
3685615 362207
7356035 785576
7356988 7356992
3235271 340836
7363306 2743705
6904172 300383
3784603 2032549
7368877 624144
7370116 2325098
7370154 7370161
2819756 3386369
7375726 4810140
7379758 395037
3235272 1842640
7383502 971327
2060259 1660109
1185935 315996
7386065 546629
2060324 436239
2365546 1920502
2467615 1227698
2365547 1619572
2060260 2168155
2060261 1748684
7404543 324932
7409513 1716922
7412189 1657989
7413529 995629
7416267 609151
7421016 1600829
7423176 2734451
1186232 2060364
3145322 108436
7425027 345112
2819589 3333745
7432216 7432228
2729354 927324
5992704 388110
7438067 2335080
7441845 7441854
7442184 1077122
7447800 1340557
3259363 1776710
7454109 7454120
7456728 3220071
3555467 730138
2060262 2820038
6294367 5411968
7477298 411659
7483329 2658416
7483343 6545010
7483518 340530
7483533 1584320
2060365 1467115
7485837 898433
7487469 7487486
7488151 1028595
7489823 7489841
7494096 106735
7498142 251522
955756 557701
7503345 7503349
4320082 916556
3696763 3988524
7506250 917331
7506606 689955
7511081 7511097
2465250 2238230
7518695 364503
7519013 7519020
7523156 318701
3060344 1444379
7533633 6953364
7535279 2635579
7544549 1196352
7548814 701687
7549610 700532
7554579 964264
7555004 77957
7558042 6143927
7558726 3334500
7560145 7560154
3386470 2496696
7564593 7564600
7567955 7567964
7575629 5943771
3144198 662252
3057163 1018241
7579968 2790254
7580072 225759
2060263 144456
7587692 1465516
7591715 7591724
1185936 2059765
7592802 3481395
7596706 7596713
7604792 7604808
7605160 597684
3941688 4145265
7623743 3422827
7624007 811006
7624064 7624077
7630112 7630123
7631270 2167754
7650052 3065215
7668142 3096630
3898612 359859
7676255 2537947
7676978 7676987
7692654 7692669
7701528 1617537
7702803 707961
7709754 7709757
7711259 7711269
3252778 3696532
7717313 1658656
6013441 537634
7718138 2799854
7721502 7721518
7722848 326853
7722912 1498909
3619862 53978
7725725 2495611
7727050 100177
2820468 2864389
7727117 1904798
2060264 2055
7730891 2604633
7731154 818965
7735904 3347238
7749353 213940
7751620 7751630
7753010 7753019
7754627 50656
7757356 895694
7758940 1083415
7758952 411739
7758970 900872
7761910 2534855
7768685 7768694
7773090 285814
2820174 606656
3553713 3069340
7794918 893279
3386746 710540
7798018 7798022
7799055 1836137
2819818 694343
7811188 7811197
6691681 83120
7814531 576530
7814585 354922
3553714 1498459
7815632 319682
7820828 7820839
7821526 1886360
3387417 1576708
7824074 2488301
7827859 7827870
7828938 7828952
3553715 510249
7835631 7835647
7836715 7836723
7842204 7842208
7843867 7843877
7857707 1170389
2059755 2819163
3372125 1853135
7860827 7860835
977348 1821023
7867998 7868011
7868761 237025
7876804 7876812
7880206 1328789
7883078 5182889
7886769 7886773
7889335 878040
7891027 7891040
7894753 6401906
7895185 914059
7896225 1169844
2467617 1736167
7896268 671676
7896606 1429757
7898019 157292
3319964 330474
742736 1515317
7906095 7906108
7913833 47365
3553716 3257664
7921358 4149997
3372126 100614
7925314 2055820
7929226 2879301
7929596 7929604
7929617 1527485
5992705 1758823
7933085 7933092
7963071 4351812
7963350 1983076
7965018 7965030
7965197 2713336
7969054 3967704
7977362 2613690
7981491 982864
7986631 464889
7997215 1835749
746712 1526107
8043034 3530129
8052762 35238
8056769 8056778
1630536 2109017
8095205 8095213
8135911 8135919
8136139 5836336
8147847 2741570
8154716 141868
8156325 8156333
8158243 8158249
8158276 3138516
2820005 3386603
3898614 833568
4320056 792121
3386577 1797094
8172500 1708702
8176739 2630769
8176983 8176992
2603054 140197
3235273 299349
8183437 743970
8187934 1723854
8194010 3253866
8199466 8199481
8202762 8202770
8206093 8206104
8206954 8206961
4320127 4395605
8209946 5616569
8209964 4494459
8215262 6163714
8218507 2303645
8221403 8221414
8222075 1709880
2820175 2557040
8230810 8230829
3386471 703261
8243560 557036
8243822 1604143
8245323 8245327
8254336 8254347
8264657 8264662
8266814 8266842
8270486 8270493
8272642 8272649
8273708 2708273
8276534 8276549
4449103 4488649
8288938 13769
3553717 3897484
8289950 8289960
4039343 4206120
8296016 8296021
8303397 7191892
8305904 5647017
4320128 2622035
8307513 3420217
8310106 8310114
8312994 1504514
3144199 219938
8313402 738420
2820176 915804
3057164 1793301
8325388 674151
8325724 270200
8332940 250507
8333993 8334014
8336006 8336012
8341493 3947379
8349409 1754844
8354984 8354993
8366223 8366234
8370080 1544322
8371432 8371446
232278 711960
8378898 8378908
3250766 339204
8387355 96200
8389239 392432
8398241 3500356
8401789 8401797
8402990 8403002
8406698 8406705
1503302 2053692
8407783 7622248
8411221 733265
8411507 8411517
3979703 422073
8417109 8417116
8417627 7393700
8419216 8419232
8421455 724927
7141131 2576809
4039239 930273
8427556 408026
8435987 671717
8436937 2797317
8438535 19073
8440977 325931
2059743 2819150
3386472 2032855
8446741 8446751
3259364 1580220
7141132 1898094
8466330 537522
8469429 8469440
8470374 2212024
8473163 8473174
8474782 8474787
8475419 8475428
8479004 3529823
8480934 1312481
8484105 1238050
8484307 269786
8484456 8484473
8489672 1340029
8491207 2751215
8500175 8500182
8501188 946662
2060596 2820723
1420891 2296215
6318613 700115
8527541 4970476
3684889 2119151
8533233 243050
8533487 7658839
8534372 504135
8536139 6394079
8537029 6032420
8540400 8540405
8541217 1008745
8542370 8542382
8543552 8543567
8543833 8543848
8547318 965870
8547593 8547607
3619300 325468
8548187 1361568
8551384 8551393
2820177 3386765
2987080 3502918
8560331 514230
8560375 2038765
8560419 8560428
8561540 5540922
8562375 899731
8566757 8566771
1185520 853187
2060597 2820731
8573962 8573977
8574242 3906588
3685732 693034
8579849 8579855
8582848 8582863
8590049 8590055
2601646 3235590
8593290 8593302
729874 1501400
3979704 4168604
3387421 3174284
8599480 8599494
8599671 801031
2820178 1009313
8607682 8487322
8609804 550541
8614381 8614388
8618303 8253826
8624105 2439621
2820725 3387442
8632816 3337467
2820179 1964911
8636497 8636501
8637555 8637562
8639307 53573
8642444 1183399
3372127 2147115
8646616 218125
8647262 1339189
8647318 2013850
2820180 3386795
8658467 1974225
8659580 6332779
8661736 945854
3553721 3897545
8667282 3375551
2820006 3386616
8670029 8670034
8670314 3184747
8672219 8672225
8682393 2554581
8682411 8682420
8682587 8682598
8687755 889249
8687857 8687866
8687868 460211
8691508 4337027
8695228 6046989
8695540 8695552
8696237 8696251
8696287 1040594
2601647 3235607
8705112 6289688
1583717 2090613
8710623 1843944
8713884 1305231
8714628 8714634
8718845 213509
8718881 8718893
8721472 7147402
8729300 8404406
3250758 3694884
8729987 8729993
8732873 8732881
8733853 8733861
8735510 8735517
8739099 2385773
8739583 3748699
8739666 6407608
8741917 8079752
8744136 334014
3619301 219572
8748884 8748896
8755521 8755531
2473381 3149260
8761811 8761820
8764290 8764302
8766997 8767001
8767009 8767029
8772603 1493948
8773586 912004
111324 360499
8777155 8777162
3553722 3897555
8786763 1518223
8788364 3734173
8789364 1691515
8796177 8796185
8796309 436106
8796695 8796712
3553723 3897569
8799862 395920
8801302 1392780
8801531 8801541
8805199 901883
8811162 8811170
8812118 8812129
8817293 2585399
8817817 8817824
8818567 6264947
8822207 8822221
8824009 2580790
8824309 3127914
8830183 7352732
8833095 515396
8834285 8834295
8839466 187512
8840575 7579655
8841080 1078690
8845886 1722032
8847903 7209100
5501767 3204097
8849686 8233336
8856055 50953
8856081 7118510
2820007 3386636
8858353 8858365
381924 991013
184625 385631
8865922 8865936
8873892 3180153
8874468 8874486
8876264 5058884
8389247 191140
8884466 5106762
8884643 8282972
8884681 663182
8885801 1495620
8886149 1704565
8888427 1266049
935046 1764534
8890469 542225
8891058 997921
8891708 8891717
8895162 8895168
8895639 3134695
8896180 8896187
2059756 330305
5992706 5992791
3619030 3941424
8917091 8917098
8919342 2185466
8924921 3032304
8933393 8052557
8934045 2092889
8938071 3527802
3784820 4039324
8943602 8943610
8943666 676085
8951350 8951357
8953309 922870
5990132 5990162
8954890 8954895
8957320 8957324
8958029 893005
6174602 3343627
5375504 4992030
8979235 8979258
8981144 1828127
8983619 103419
8985513 2391626
8985685 8985698
8986454 5762566
8987722 4483811
8990378 8990396
8991691 5522214
8992226 8992235
8993958 2616861
9000969 9000990
9004211 8099420
9004260 8846651
9005328 9005335
6521894 638211
9019509 1044982
3500964 3858620
9027027 497422
3981111 4169483
7004311 4565314
9034473 2539808
3694893 3987724
9052196 9052208
9055107 9055121
9061010 9061019
1629727 2476614
9066772 9066778
3555506 910000
9072086 915628
9072292 9072296
9073572 96241
9077230 9077236
1088912 552221
9080262 9080268
9081326 478067
9087563 3271289
9089922 9089927
9090320 1499263
9093321 9093330
9093962 3211600
9096209 3365966
9103881 9103893
9105585 2394522
1622278 2470019
9111776 1682241
9112764 658889
9113419 9113425
5587251 5576930
9114479 9114484
4011316 4189635
9129610 142814
9130353 3115700
9137438 8378329
9137656 3647988
9139555 4681090
4320152 385869
9144377 9144388
9151422 9151428
9154105 2989691
2467618 3145410
9157596 3327147
9158239 6686841
9161236 1851583
9165344 3775875
9165625 9165640
9166427 439027
9168268 9168274
6283796 6283842
8389248 5507856
9176171 9176178
9180714 9180721
9181158 903640
9186666 5297439
9187836 7238312
9190467 4151337
9190490 6915331
9191312 2146492
9193528 9193544
9196662 9196669
9197169 9197182
9198118 997737
9201663 1323888
9202292 9202306
9205373 9205381
2820181 391006
9207429 791892
6109514 397261
3981234 1634393
5992707 4505494
9213290 6761566
3386578 3784767
3553840 3897633
3386822 3731018
5990134 5369439
9221136 323525
9223335 2030572
5074717 5074748
9226545 9226555
9226573 5835213
3060369 3555500
9228836 9228841
9231151 3353676
3060370 3555521
9231691 1506810
9232055 1396186
3145444 1328552
9235360 1799660
2467619 3145424
9235579 8216966
9236490 9236496
9237652 2616656
2819770 922010
2820182 3386816
6691682 6691719
9247365 9247369
9250778 9250783
9251610 9251620
9252143 9252157
9253790 9253795
9256073 9256090
9256363 9256372
9258609 9258619
9264078 9264084
9266079 9266085
9269051 9269073
4115905 4260823
9274652 1067123
7757358 7757370
9275509 910064
9275531 9275534
9277185 9277196
3372128 1337671
9286276 9286287
1827222 2636111
9287502 652591
9289902 5572116
9293262 2918302
935082 1600628
9296251 447728
9296446 3676183
9299712 9299720
9306685 9306694
9307783 9307792
9308743 9308761
9310364 179738
9313481 9313490
9316956 1293126
9317321 5328417
8297285 8297387
9319491 361305
9323724 9323729
9332291 9332303
9333529 458891
9334843 4634361
9338605 280011
9339534 9339541
9339575 1845552
9339660 390736
9339834 9339847
9340757 4061854
9340859 623599
9340896 9340903
9344011 1265322
4385421 2299731
9346228 5810520
9348177 9348183
9350765 6071105
9358442 9358446
9362277 696424
9364213 6091649
9364984 1823487
9365953 9365960
9368148 5611483
9372821 6505499
9374178 7130968
9374534 9374539
9377264 9377278
9378528 9378534
9379742 9379750
9381688 9381708
1186497 2060573
9389885 9389896
9390358 9390363
9390477 9390495
8656464 1641890
9392194 957224
9392871 9392878
9393023 1644016
9396934 9396939
9397381 3409693
9399934 2384963
9399936 9399961
9401563 2497802
9402637 9402648
9404806 61433
9404860 9404869
9405633 72775
8561160 8561186
9412713 6005558
9414708 5991004
9416959 9072814
9418503 9418514
9424279 9424290
9430028 531495
3237002 3685667
9431783 2402390
9433385 9433394
3694894 3987747
9437824 9437827
9448304 1776132
9448320 1581949
9449524 2740277
9450325 519225
9451886 932670
9458358 9458364
9460883 8244658
9465652 9465655
9466163 162539
9477456 5407427
9477546 8637198
9479894 7441293
9481382 9481388
5483800 5483822
9482236 9482245
9484981 9484986
9488679 1059427
9489137 9489150
9491333 9491337
9493404 9493408
9494078 9494087
2602980 2251064
9507738 9507746
9509763 9509772
9529675 9529680
9535059 221302
9538727 8986026
9541420 9541426
9542955 9542965
9550524 4437276
9552098 9552107
9552880 9552887
9563206 4628030
9567685 9567695
9568222 2123430
9568881 7366343
9575760 1270056
9575817 6188365
9582346 3747854
9589742 7639887
9155912 2192384
9593725 9593740
9597527 9597531
9598555 9598569
9603900 3247608
9616737 7570350
9617641 9617644
9622699 9622708
9624855 9624865
9625963 9625976
2060266 2151609
9638971 9638976
9639520 8364990
9642345 3852699
9644061 9644072
9645005 9645012
9655620 8751781
7755046 4835059
9663425 9663433
2060267 2820119
9766590 5626275
9787428 9787434
9796133 9796148
9805033 3724907
9809526 4524184
9815237 9815244
9816869 9816877
9822923 9822930
9840097 4004922
9853344 1448514
9854538 9854543
3619031 3941435
9861566 2203165
9871068 1450009
9871797 1037616
9878019 9878033
9885900 190670
9892492 9892496
9923523 833348
9945170 2737628
9945692 136685
9946669 9946674
9947744 9947749
9967606 3705163
9989867 5028262
5074719 5074768
10004961 7322566
10016257 4535788
1186235 2060398
10029655 2211912
2083116 2837258
7902876 6990395
10272828 10272837
10326140 10326142
10333355 10333382
10365403 70251
10730448 10730454
5648748 5648772
10743682 10743687
10844575 10844585
10857394 4791244
10869596 1009217
10981746 756947
10992957 216933
3553841 3897649
11256645 4124134
11424843 8597924
11490244 760173
11613108 2965454
11622414 11622420
11631658 9803908
11776010 11776018
11776080 11776082
11776804 11776810
11776864 11776869
11802259 11802262
11809071 11809073
11931048 2136005
12044355 2516407
12060499 2960491
12155963 12155969
12157790 12157795
12190387 527375
12200974 12200976
12244169 754252
12255212 12255218
12260307 5153132
12269323 185481
12296299 12296304
12305571 2981712
12310545 12310550
12314702 12314708
12318426 12318436
4954506 1689149
2820183 3386818
12331411 1624678
12331770 2006676
12332255 12332259
12337092 474620
12340417 1681331
12340602 11709966
12343046 185226
12343939 12343941
12344004 608928
12346295 12346300
12360823 12087339
12363252 906258
12392729 2770900
4320061 411746
12526560 3698041
12528388 12528391
12528521 3057670
12530865 11592379
12539147 12539151
12541690 567886
12546325 592088
6943861 1465994
12553322 332908
12554130 8980169
12563062 11273284
12563379 12221732
12565891 4917508
12570899 252618
12571476 10738218
12574589 3046034
12574676 2498282
3694897 3060771
12592536 6517754
12600291 7191867
12604951 2934825
12605309 12605313
12607277 1130153
12610585 8131012
12611017 956940
12612130 4201617
12617047 664219
12618168 2542375
12622748 1107458
12625270 1736618
12625579 3087606
12626255 9790381
12628247 12628253
12628828 12628831
12628864 12628869
12629944 4626666
7331285 3147127
3979705 907125
4320084 82739
12637794 12637804
12637970 297125
12664771 969559
3386476 2156973
2820185 3386824
4206149 998470
12667786 12667788
3386477 810258
12668284 291989
12670220 226739
4039242 1992712
12670402 267942
12672311 866050
12675608 1664152
12677142 7324028
12677573 1491128
3685619 1469002
12681024 12681029
12684576 12684578
12685147 1516273
12687931 997217
4206092 3548959
5074744 5074777
2820186 928682
3237004 3685672
1186239 2060404
12694398 977381
1185940 893543
12695500 449351
12695511 12695514
2819961 3386535
3115352 3595663
12697526 12697531
3144029 3619017
3386479 223219
12700860 3329335
12713081 12713083
4206151 4320119
12720416 8131038
5990136 4713241
12720605 395779
3619034 3941446
12723408 11146442
12726076 2486454
12727167 343082
12730436 12730440
12731994 12731997
12734695 391484
12739363 11330031
12741565 11516855
12742883 12742887
12746571 6785786
2465253 127306
12749849 4734083
12749971 62373
4301198 1189314
2365555 3060464
12765269 12765274
12765924 12765927
5990137 5990201
12769686 12769692
12771339 12771342
2820187 3386834
3386833 143461
4206152 4320122
12815448 6890720
2820188 1815240
12954494 7756169
12964292 12964298
13002731 13002733
13013905 12024637
13031831 13031833
13055508 2036538
13061294 13061296
13065729 2972223
13079144 1108715
13090603 561903
13114467 4857729
13121909 893608
13122128 7186518
13130198 1962362
13142638 13142642
13161841 178022
13161859 79987
13161882 13161888
4320063 98725
13162422 1645841
13162475 13162480
2060271 856348
2820685 1066487
13163043 2014375
13163089 4543017
3685622 3816619
13163354 13163358
13163522 3063959
3386480 563064
13163761 1705286
2602983 3230601
13164139 1576752
13164180 6913653
13164464 13164467
2820190 3386855
13164570 755529
13164618 384794
13164682 11269463
13164866 3408234
13162162 4391982
13165230 2899199
13165349 4616866
13165474 3864761
13165600 11434166
13165682 4004002
13165825 2464493
13165844 6968725
13165986 1144496
4206153 420035
13166591 132714
3386749 3784833
13166759 2721033
13166950 879884
13167276 1890932
13167672 4152988
13167827 8012577
13168199 3957418
13168316 223019
13168328 813831
13168406 13168411
13168650 13168657
13168771 5618834
13168936 7758367
13169245 9371373
13169342 342406
13169377 8776871
13169514 839415
13169622 2264402
3070537 932591
13170239 2403177
2820191 1033289
13170488 3939551
13170506 246283
13170516 10899777
13170555 6176301
13170621 11874581
4206155 4320151
13170761 2205900
13170772 606902
13170836 122363
4206156 67461
2820193 569630
13171080 11486210
13171148 13171151
13171176 6759862
13171186 53689
13171427 13171429
13171451 339516
13171604 9106328
2060391 655091
13171687 1171889
13171903 1850134
13172235 13172237
13172328 138008
13172483 745389
13172499 13172503
13172797 6789805
13172977 13172982
13173172 13173177
13173600 1157223
13173652 13173657
13173715 13173718
3685625 96964
13173933 6324431
4206157 3656471
13174087 2526970
3619036 921090
13174299 946356
13174524 8279041
13174592 328428
13174767 7575222
13174790 3731053
13174838 109199
13175305 13175308
13175309 9348867
13175333 858723
13175382 7303263
13175545 245915
13175865 9340673
13175934 5547774
3057167 1980607
13176194 7385626
13176550 27608
13176807 1328792
13176943 912547
13176973 438704
13177186 13177193
2059758 2819186
13177376 13177380
13177465 13177469
13177875 12090676
13177928 6570374
4206158 1853334
4206159 1541547
13178362 7466586
13178650 867645
13178664 5792249
13178856 3083213
13178929 11272279
4206160 4320179
13179038 7816178
13179062 908515
13179204 558191
3694976 3987782
13179346 5552614
4206161 4320184
13179545 13179549
13179582 13179584
13179608 12698137
13179615 13179619
13179666 2342335
13179718 4536763
13179804 13179808
13179834 7628358
13180056 7037256
4206162 4320188
13180283 3721596
13180287 5088528
13180430 11414084
13180507 13180513
13193840 11371257
13194495 11463750
13195929 6984334
13196168 1992802
13196689 13196697
13198675 13198686
14207034 1392380
14214016 14214021
14226622 11353554
14228193 14228199
14247376 7355748
14251109 2771411
14252153 4287986
14259935 14259939
14267466 14267471
14271568 11593936
14274287 14274290
14280515 14280517
14285211 12623902
14298802 3160554
14301831 14301834
14334928 108758
14357810 454835
14372576 857261
2465255 3144091
14380032 14380036
14388680 9240454
14392198 2336368
14404486 2327396
14416825 14416830
14420487 14420490
14428274 14428276
14433679 14433683
14442952 1295153
14461885 14461894
14474791 2296547
14480211 963814
14480223 14480225
3552932 3896684
3396848 341006
14521073 14521076
822358 1629731
14522645 14522649
822324 1629681
14541722 14541725
14548796 2992551
14563045 14563048
14577716 1575503
14585778 701641
14609990 14609992
14636102 14636104
14638555 14638558
14647734 1963542
14666290 11232679
14723329 5659479
14725044 1793490
14753236 14753241
14757419 19936
3252643 3696065
9223081 9223139
15327490 15327493
15365709 148289
15489705 15489710
15523894 400699
15530925 4808516
15620487 7979704
5060059 5060089
15625585 5442925
15654596 6492225
15658910 10713936
14397126 14397142
2835649 3396775
22527506 17108781
22559304 3562229
22771345 22771348
3396851 3790714
22942367 22942370
23056868 23056871
23107405 23107410
9223082 9223157
23245636 6039543
23735798 2639335
28305373 1328214
13754488 9581427
28308293 2150668
28308295 23744439
28312583 15245644
28312585 2695388
28313774 3797845
28314477 2063170
28315320 1976846
28315453 28315455
28362096 3616518
28370242 13540769
28373734 4947655
28374350 28374352
28385378 1570463
23443494 23443498
28387640 18507379
28388906 859619
28389624 4136205
28442094 509671
28525058 21758090
28535556 11128278
28562286 4090796
28572008 8070418
28598691 1221193
30296967 30296968
30297744 8963229
30300064 30300067
5377682 1912750
30300378 5791437
30300392 26377016
30300740 8130916
30301077 30301078
30301081 9278452
30301092 2565542
30301552 8446160
30301565 5583954
30301835 29581149
5766600 5766613
30301852 2204928
30303203 17532542
30303412 11348262
30305077 1830413
30305299 18743007
30308900 100560
30309752 26004928
30310024 1126430
30310622 30310623
30311695 1683120
30311921 1850716
30311929 8149529
30311946 21367939
30312348 30312351
30312422 2598740
1954529 2725973
30312894 23853262
30313266 8459792
30314578 558869
30315332 651924
30315678 20320127
13683728 13683734
30318434 30318435
30319009 30319011
30319090 28827158
30323964 30323965
30323987 30323988
30324003 2554472
30324012 9051888
30324219 845179
30324461 30324464
30324622 97002
30324709 4198679
30324717 30324718
30324961 25604180
30324979 2640066
30326798 7091982
30326801 19874237
30326914 1641339
30326937 1455008
30327199 988661
30327230 973265
30327255 1358150
30327891 30327892
30327919 15104327
30328962 21236755
30328988 30328989
30328991 30328992
30329103 1719538
30329447 26148677
30329574 8961170
30329655 1727702
30329844 909832
30330301 18490340
30330458 20714013
30331058 333640
30331152 2436242
30333136 23962809
30333170 531575
30333532 107553
30333613 26148742
30334526 13581636
30334706 6411035
30336429 18854701
30336466 3253570
30336583 20726391
30339623 10500974
30340399 8516753
30340421 1829618
3144088 2212853
30343634 30343636
30345925 6845014
30346050 21872422
30346583 8915300
30347882 26101332
30347917 20793020
30350155 2218888
30352466 3858545
30352573 722799
30354164 2915989
30354391 1280371
30357404 337458
30357483 6874495
30358116 30358117
30358900 21394393
30360588 5536856
30363103 30363104
30364305 11461703
30364343 11139511
30366924 9767335
30366972 14545071
30366975 767120
30367011 9795264
30367212 2101686
30367229 3178250
30367247 162935
30370125 12454503
30372084 12140068
30372166 30372167
30372168 26559846
3619309 405527
30372199 30372200
30373229 30373230
30374847 30374848
30375752 3692632
30375849 639975
30376308 14566203
2819967 1640554
30376412 3033166
30376620 6181505
30376649 30376650
30376838 15554687
30376900 13494439
30377036 1374370
30377038 6015031
30377126 4748322
30377543 15592700
30377615 1915151
30377695 337755
30377827 30377828
30377925 9264017
30378147 1420239
30378155 39518
30378196 2694061
30378207 3558056
30378208 11832217
30378210 27483806
30378211 3129299
30378301 17128566
30380140 10215371
30381335 30381336
30381384 14455218
30381683 2694921
30383340 30383341
30383342 11233656
30383343 8574461
30384516 3882211
30386059 30386060
30386092 7569429
30387884 18641637
30390256 605992
30391097 1250520
30392579 3177820
30392580 3228205
30392583 944879
30393726 830468
30394287 6756541
30394419 924247
30394906 28847139
30395542 6888626
30396270 1691793
30396342 2948378
30397376 1475437
30397388 30397389
30397440 3247463
1087268 383959
30397752 7821
30399837 27087546
30399969 30399970
9993932 9993938
30402010 30402011
30403349 572754
30403409 4558124
30403616 3630220
818251 1624694
30404804 16164654
30404808 5584167
30404809 5654698
30404811 807289
30777347 29522881
2365568 3060478
32877954 4361122
32882146 31486931
32890824 7556513
34131835 11197212
34828718 34828720
34896624 18771586
34907169 10008562
34968156 34968158
34988301 10193953
2820204 3386873
2820208 551736
35862870 10205112
36694778 15208303
36736488 11466525
36749786 36749788
36752340 3843631
1186259 2060430
1186260 2060437
38338545 31087524
3386490 645735
3386491 3784747
3386492 1693360
4206171 4320192
4206172 488814
3784827 51994
2820210 2273182
2820211 3386883
2820212 3386886
38338734 4839390
3237011 1461514
3237012 2709527
3237013 1856199
3619042 3941462
3619043 3941466
3386755 3784837
2059767 2819191
39268715 20639461
39481552 4143007
39482913 1475187
39509753 39509755
39510347 3022090
40048731 889799
40048994 5971870
40049003 20713295
40049259 6704930
40049295 40049296
40049579 40049581
40049590 6286055
40049674 19586518
40049675 3395391
40049899 29249360
40049928 40049930
40049989 21454978
40591524 33915975
28779184 9494513
41297582 12343485
41298582 9285758
41298808 20643738
41298892 41298894
41299205 28018967
41299366 20419350
41355855 10981024
41496353 26703680
44215772 20098694
45172948 11593936
45215063 17217214
45215587 109659
45216884 2721853
45887790 323052
45887791 3060958
45887792 392853
45887793 1706348
45887794 16440695
45887797 7498260
45887798 45887799
45887800 5000971
45887801 5199970
45887802 45887803
45887804 10901189
45887805 45887806
45887807 45887808
45887809 438816
45887810 45887811
45887812 2553270
45887813 45887814
45887815 21302603
45887816 3958467
45887817 17760721
45887818 17340084
45887819 45887820
45887821 11143464
45887822 4892714
45887823 2831121
45887824 45887825
45887827 218532
45887828 6215515
45887829 9180719
45887830 28736096
45887831 45887832
45887833 45887834
45887835 45887836
45887837 18884771
45887838 18324604
45887839 45887840
45887841 2654135
45887843 438013
45887844 5887649
45887845 7739592
45887847 1660583
45887848 1312579
45887851 17879487
45887852 2733915
45887853 1921652
45887854 1331129
45887855 2261245
45887856 11358316
45887857 2332040
45887858 30875373
45887859 11383811
45887860 11882179
45887861 11398214
45887862 1912487
45887863 2776384
45887864 1205849
45887865 1303014
45887866 26249115
45887867 100519
45887868 11446737
45887869 25514628
45887870 32038105
45887871 882116
45887872 11491283
45887873 1352058
45887874 12751595
45887875 9899593
45887876 11408483
45887877 2212481
45887878 16080532
45887880 19158068
45887881 2528149
45887882 13197935
45887883 9203751
45887884 38903935
45887885 29425520
45887886 26334489
45887888 2580335
45887889 45887890
45887891 32083570
45887892 15569013
45887893 34357849
45887894 5886873
38046200 12131306
45887901 1710297
