29056863 29056864
29056865 29056866
29056867 29056868
29056869 29056870
29056871 29056872
29056873 29056874
29056875 29056876
29056877 29056878
29056879 29056880
29056881 29056882
29056883 29056884
18914910 18915030
29056885 29056886
29056887 29056888
29056889 29056890
29056891 29056892
29056893 29056894
29056895 29056896
29056897 29056898
29056899 29056900
29056901 29056902
29056903 29056904
29056905 29056906
29056907 29056908
18914911 18915033
29056909 29056910
29056911 29056912
29056913 29056914
29056915 29056916
29056917 29056918
29056919 29056920
29056921 29056922
29056923 29056924
29056925 29056926
29056927 29056928
29056929 29056930
29056931 29056932
29056933 29056934
29056935 29056936
29056937 29056938
29056939 29056940
29056941 29056942
29056943 29056944
29056945 29056946
29056947 29056948
29056949 29056950
29056951 29056952
29056953 29056954
29056955 29056956
29056957 29056958
29056959 29056960
29056961 29056962
29056963 29056964
29056965 29056966
29056967 29056968
29056969 29056970
29056971 29056972
29056973 29056974
29056975 29056976
29056977 29056978
29056979 29056980
29056981 29056982
29056983 29056984
29056985 29056986
29056987 29056988
29056989 29056990
29056991 29056992
29056993 29056994
29056995 29056996
29056997 29056998
29056999 29057000
29057001 29057002
29057003 29057004
29057005 29057006
29057007 29057008
29057009 29057010
29057011 29057012
29057013 29057014
29057015 29057016
29057017 29057018
29057019 29057020
29057021 29057022
29057023 29057024
29057025 29057026
29057027 29057028
29057029 29057030
29057031 29057032
29057033 29057034
29057035 29057036
29057037 29057038
29057039 29057040
29057041 29057042
29057043 29057044
29057045 29057046
29057047 29057048
29057049 29057050
29057051 29057052
4934185 4934210
29073677 29073679
29073680 29073681
29085214 29085215
29085216 29085217
29085218 29085219
29085220 29085221
29085222 29085223
29085224 29085225
29085226 29085227
29085228 29085229
29085230 29085231
29085232 29085233
29085234 29085235
29085236 29085237
29085238 29085239
29085240 29085241
29085242 29085243
29085244 29085245
29085246 29085247
29085248 29085249
29085250 29085251
29085252 29085253
29085254 29085255
29085256 29085257
29085258 29085259
29085260 29085261
29085262 29085263
29085264 29085265
29085266 29085267
29085268 29085269
29085270 29085271
29085272 29085273
29085274 29085275
29085276 29085277
29085278 29085279
29085280 29085281
29085282 29085283
29085284 29085285
29085286 29085287
29085288 29085289
29085290 29085291
29085292 29085293
29085294 29085295
29085296 29085297
29085298 29085299
29085300 29085301
29085302 29085303
29085304 29085305
29085306 29085307
29085308 29085309
29085310 29085311
29085312 29085313
29085314 29085315
29085316 29085317
29085318 29085319
29085320 29085321
29085322 29085323
29085324 29085325
29085326 29085327
29085328 29085329
29085330 29085331
29085332 29085333
29085334 29085335
29085336 29085337
29085338 29085339
29085340 29085341
29085342 29085343
29085344 29085345
29085346 29085347
29085348 29085349
29085350 29085351
29085352 29085353
29085354 29085355
29085356 29085357
29085358 29085359
29085360 29085361
29085362 29085363
29085364 29085365
29085366 29085367
29085368 29085369
29085370 29085371
29085379 29085380
29085381 29085382
29085383 29085384
29085385 29085386
29085387 29085388
29085389 29085390
29085391 29085392
29085393 29085394
29085395 29085396
29085397 29085398
29085399 29085400
29085401 29085402
29085403 29085404
29085405 29085406
29085407 29085408
29085409 29085410
29085411 29085412
29085413 29085414
29085415 29085416
29085417 29085418
29085419 29085420
29085421 29085422
29085423 29085424
29085425 29085426
29085427 29085428
29085429 29085430
29085431 29085432
29085433 29085434
29085435 29085436
29085437 29085438
29168770 29168772
29168807 29168808
29168816 29168818
29168832 29168834
29168844 29168845
29168849 29168850
29168860 29168861
29168862 29168863
29168864 29168865
29168866 29168867
29168868 29168869
29168870 29168871
29168872 29168873
29168881 29168882
29168883 29168884
29168885 29168886
29168887 29168888
29168889 29168890
29168891 29168892
29168900 29168901
29168902 29168903
29168904 29168905
29168906 29168907
29168908 29168909
29164416 29164427
29168910 29168911
29168912 29168913
29168914 29168915
29168916 29168917
29168918 29168919
29168920 29168921
29168922 29168923
29168924 29168925
29168926 29168927
29168928 29168929
29168937 29168938
29168939 29168940
29168941 29168942
29168943 29168944
29163977 29163990
29168945 29168946
29168947 29168948
29168949 29168950
29168951 29168952
29168953 29168954
29168955 29168956
29168957 29168958
29168959 29168960
29168961 29168962
29168963 29168964
29168965 29168966
29168967 29168968
29168969 29168970
29168971 29168972
29168973 29168974
29168975 29168976
29168977 29168978
29168979 29168980
29168981 29168982
29168983 29168984
29168992 29168993
29169001 29169002
29169010 29169011
29169012 29169013
29169014 29169015
29169016 29169017
29169018 29169019
29169020 29169021
29169022 29169023
29169024 29169025
29169026 29169027
29169028 29169029
29169030 29169031
29169032 29169033
29169034 29169035
29169036 29169037
29169038 29169039
29168535 29168547
29169040 29169041
29169042 29169043
29169044 29169045
29169046 29169047
29169048 29169049
29169050 29169051
29168536 29168548
29169052 29169053
29169054 29169055
29169056 29169057
29169058 29169059
18410383 18410410
29169060 29169061
18410384 18410413
29169062 29169063
29169064 29169065
29169066 29169067
29169068 29169069
29169070 29169071
18410385 18410416
29169072 29169073
18410386 18410419
29169074 29169075
29169076 29169077
18410387 18410422
29169078 29169079
29169080 29169081
29169082 29169083
29169084 29169085
18410388 18410425
18410389 18410428
29169086 29169087
29169088 29169089
29169090 29169091
29169092 29169093
29169094 29169095
29169096 29169097
18410390 18410431
29169098 29169099
18410391 18410434
29169100 29169101
18410392 18410437
29169102 29169103
29169104 29169105
18410393 18410440
29169106 29169107
29169108 29169109
29169110 29169111
29169112 29169113
29169114 29169115
29169116 29169117
29169118 29169119
29169120 29169121
18410394 18410443
29169122 29169123
29169124 29169125
29169126 29169127
29169128 29169129
29169130 29169131
29169132 29169133
29169134 29169135
29169136 29169137
29169138 29169139
29169140 29169141
29169142 29169143
29169144 29169145
29169146 29169147
29169148 29169149
29169150 29169151
29169152 29169153
29169154 29169155
29169156 29169157
29169158 29169159
29169160 29169161
29169162 29169163
29169164 29169165
29169166 29169167
29169168 29169169
29169170 29169171
29169172 29169173
29174066 29174067
29174068 29174069
29174070 29174071
29174072 29174073
29174074 29174075
29174076 29174077
29174078 29174079
29174080 29174081
29174082 29174083
29174084 29174085
29174086 29174087
29174088 29174089
29174090 29174091
29174092 29174093
29174094 29174095
29174096 29174097
29174098 29174099
29174100 29174101
29174102 29174103
29174104 29174105
29174106 29174107
29174108 29174109
29174110 29174111
29174112 29174113
29174114 29174115
29174116 29174117
29174118 29174119
29174120 29174121
29174122 29174123
29174124 29174125
29174126 29174127
29174128 29174129
29174130 29174131
29174132 29174133
29174134 29174135
29174136 29174137
29174138 29174139
29174140 29174141
29174142 29174143
29174144 29174145
29174146 29174147
29174148 29174149
29174150 29174151
29174152 29174153
29174154 29174155
29174156 29174157
29174158 29174159
29174160 29174161
29174162 29174163
29172751 29172762
29174164 29174165
29174166 29174167
29174168 29174169
29174170 29174171
29174172 29174173
29174174 29174175
29174176 29174177
29174178 29174179
29174180 29174181
29174182 29174183
29174184 29174185
29174186 29174187
18914912 18915036
29174188 29174189
18914913 18915039
29174190 29174191
29174192 29174193
18914914 18915042
29174194 29174195
29174196 29174197
29174198 29174199
29174200 29174201
29174202 29174203
29174204 29174205
29174206 29174207
29174208 29174209
18914915 18915045
29174210 29174211
29174212 29174213
29174214 29174215
18914916 18915048
29174216 29174217
29174218 29174219
29174220 29174221
29174222 29174223
29174224 29174225
29174226 29174227
18914917 18915051
18914918 18915054
29174228 29174229
29174230 29174231
29174232 29174233
29174234 29174235
29174236 29174237
29174238 29174239
18914919 18915057
29174240 29174241
29174242 29174243
29174244 29174245
29174246 29174247
29174248 29174249
18914920 18915060
18914921 18915063
29174250 29174251
29174252 29174253
29174254 29174255
29174256 29174257
29174258 29174259
29174260 29174261
29174262 29174263
29174264 29174265
29174266 29174267
29174268 29174269
18914922 18915066
18914923 18915069
29174270 29174271
29174272 29174273
29174274 29174275
29174276 29174277
18914924 18915072
29174278 29174279
29174280 29174281
18914925 18915075
29174282 29174283
29174284 29174285
18914926 18915078
29174286 29174287
18914927 18915081
29174288 29174289
29174290 29174291
29174292 29174293
29174294 29174295
29174296 29174297
29174298 29174299
29174311 29174312
29174313 29174314
29174315 29174316
29174317 29174318
29174319 29174320
29174321 29174322
29174323 29174324
29177115 29177117
29179832 29179833
29179834 29179835
29179836 29179837
29179838 29179839
29179840 29179841
29179842 29179843
29179844 29179845
29179846 29179847
29179848 29179849
29176882 29176907
29179850 29179851
29179852 29179853
29179854 29179855
29179856 29179857
29179858 29179859
29179860 29179861
29179862 29179863
29179864 29179865
29179866 29179867
29179868 29179869
29179870 29179871
29179872 29179873
29179874 29179875
29179876 29179877
29179878 29179879
29179880 29179881
29179882 29179883
29179884 29179885
29179886 29179887
29179888 29179889
29179890 29179891
29179892 29179893
29179894 29179895
29179896 29179897
29179898 29179899
29176883 29176910
29179900 29179901
29179902 29179903
29179904 29179905
29179906 29179907
29179908 29179909
29179910 29179911
29179912 29179913
29179914 29179915
29179916 29179917
29179918 29179919
29179920 29179921
29179922 29179923
29179924 29179925
29179926 29179927
29179928 29179929
29179930 29179931
29179932 29179933
29179934 29179935
29179936 29179937
29179938 29179939
29179940 29179941
29179942 29179943
29179944 29179945
29179946 29179947
29179948 29179949
29179950 29179951
29179952 29179953
29179954 29179955
29179956 29179957
29179958 29179959
29267368 29267369
29267370 29267371
29267372 29267373
29267374 29267375
29267376 29267377
29267378 29267379
29267380 29267381
29267382 29267383
29267384 29267385
29267386 29267387
29267388 29267389
29267390 29267391
29267392 29267393
29267394 29267395
29267398 29267399
29267400 29267401
29267402 29267403
29267404 29267405
29267406 29267407
29267408 29267409
29267410 29267411
29267412 29267413
29267414 29267415
29267416 29267417
29267418 29267419
29267420 29267421
29267422 29267423
29267424 29267425
29267426 29267427
29267428 29267429
29267430 29267431
29267432 29267433
29267434 29267435
29267436 29267437
29267438 29267439
29267440 29267441
29267442 29267443
29267444 29267445
29267446 29267447
29267448 29267449
29267450 29267451
29267452 29267453
29267454 29267455
29267456 29267457
29267458 29267459
29267460 29267461
29267462 29267463
29267464 29267465
29267473 29267474
29267475 29267476
29267477 29267478
29267479 29267480
29267481 29267482
29267483 29267484
29267485 29267486
29267487 29267488
29267489 29267490
29267491 29267492
29267493 29267494
29267495 29267496
29267497 29267498
29267499 29267500
29267501 29267502
29267503 29267504
29267505 29267506
29267507 29267508
29267509 29267510
29267511 29267512
29267513 29267514
29267515 29267516
29267517 29267518
29267519 29267520
29267521 29267522
29267523 29267524
29267525 29267526
29267527 29267528
29267529 29267530
29267531 29267532
29267533 29267534
29267535 29267536
29267537 29267538
29267539 29267540
29267541 29267542
29267543 29267544
29267545 29267546
29267547 29267548
29267549 29267550
29267551 29267552
29268168 29268169
29268170 29268171
29268172 29268173
29268174 29268175
666427 1408226
29268176 29268177
666428 1408229
29268178 29268179
29268180 29268181
666429 1408232
29268182 29268183
29268184 29268185
29268186 29268187
29268188 29268189
29268190 29268191
29268192 29268193
29268194 29268195
29268196 29268197
666430 1408235
29268198 29268199
29268200 29268201
666431 1408238
29268202 29268203
29268204 29268205
29268206 29268207
666432 1408241
666433 1408244
29268208 29268209
29268210 29268211
29268212 29268213
29268214 29268215
29268216 29268217
29268218 29268219
29268220 29268221
666434 1408247
666435 1408250
29268222 29268223
29268224 29268225
666436 1408251
666437 1408254
666438 1408257
666439 1408260
29268226 29268227
666440 1408262
666441 1408265
29268228 29268229
666442 1408268
29268230 29268231
666443 1408271
666444 1408274
29268232 29268233
29268234 29268235
29268236 29268237
29268245 29268246
29268247 29268248
29268249 29268250
29268251 29268252
29268253 29268254
29268255 29268256
29268257 29268258
29268259 29268260
29268261 29268262
29268263 29268264
29268265 29268266
29268267 29268268
29268269 29268270
29268271 29268272
29268273 29268274
29268275 29268276
29268277 29268278
29268279 29268280
29268281 29268282
29268283 29268284
29268285 29268286
29268287 29268288
29268289 29268290
29268291 29268292
29268293 29268294
29268295 29268296
29268297 29268298
29268299 29268300
29268301 29268302
29268303 29268304
29268305 29268306
29268307 29268308
29268309 29268310
29268311 29268312
29268313 29268314
29268315 29268316
29268317 29268318
29268319 29268320
29268321 29268322
29268323 29268324
29268325 29268326
29268327 29268328
29268329 29268330
29268331 29268332
29268333 29268334
29268335 29268336
29268337 29268338
29268339 29268340
29268341 29268342
29268343 29268344
29268345 29268346
29268347 29268348
29268349 29268350
29268351 29268352
29268353 29268354
29268355 29268356
29268357 29268358
29268359 29268360
29268361 29268362
29268363 29268364
29268365 29268366
29268367 29268368
29268369 29268370
29268371 29268372
29268373 29268374
29275085 29275086
29275087 29275088
29275089 29275090
29275091 29275092
29275093 29275094
29275095 29275096
29275097 29275098
29275099 29275100
29275101 29275102
29275103 29275104
29275105 29275106
29275107 29275108
29275109 29275110
29275111 29275112
29275113 29275114
29275115 29275116
18914928 18915085
29275117 29275118
29275119 29275120
29275121 29275122
18914929 18915089
29275123 29275124
29275125 29275126
29275127 29275128
29275129 29275130
29275131 29275132
18914930 18915092
18914931 18915095
29275133 29275134
29275135 29275136
29275137 29275138
29275139 29275140
29275141 29275142
29275143 29275144
29275145 29275146
29275147 29275148
29275149 29275150
29275151 29275152
29275153 29275154
29275155 29275156
29168537 29168549
29275157 29275158
29275159 29275160
29275161 29275162
29275163 29275164
29275165 29275166
29275167 29275168
29275169 29275170
29168538 29168552
29275171 29275172
29275173 29275174
29168539 29168555
29275175 29275176
29275177 29275178
29275179 29275180
29275181 29275182
29275183 29275184
29168540 29168558
29168541 29168561
29275185 29275186
29275187 29275188
29275189 29275190
29275191 29275192
29275193 29275194
29275195 29275196
29275197 29275198
29275199 29275200
29275201 29275202
29275203 29275204
29275205 29275206
29275207 29275208
29275209 29275210
29275211 29275212
29275213 29275214
29275215 29275216
29275217 29275218
29275219 29275220
29275221 29275222
29275223 29275224
29275225 29275226
29275227 29275228
29275229 29275230
29275231 29275232
29275233 29275234
29275235 29275236
29275237 29275238
29275239 29275240
29275241 29275242
29275243 29275244
29275245 29275246
29275247 29275248
29275249 29275250
29275251 29275252
29275253 29275254
29275255 29275256
29275257 29275258
29275259 29275260
29275261 29275262
29275263 29275264
29275265 29275266
29275267 29275268
29275269 29275270
29275271 29275272
29275273 29275274
29275275 29275276
29275277 29275278
29275279 29275280
29275281 29275282
29275283 29275284
29275285 29275286
29275287 29275288
29275289 29275290
29275291 29275292
29275293 29275294
29275295 29275296
29279835 29279836
29279837 29279838
29279839 29279840
29279841 29279842
29279843 29279844
29279845 29279846
29279847 29279848
29279849 29279850
29279851 29279852
29279853 29279854
29279855 29279856
29279857 29279858
29279859 29279860
29279861 29279862
29279863 29279864
29279865 29279866
29279867 29279868
29279869 29279870
29279871 29279872
29279873 29279874
29279875 29279876
29279877 29279878
29279879 29279880
29279881 29279882
29279883 29279884
29279885 29279886
29279887 29279888
29279889 29279890
29279891 29279892
29279893 29279894
29279895 29279896
29279897 29279898
29279899 29279900
29279901 29279902
29279903 29279904
29279905 29279906
29279907 29279908
29279909 29279910
29279911 29279912
29279913 29279914
29279915 29279916
29279917 29279918
29279919 29279920
29279921 29279922
29279923 29279924
29279925 29279926
29279927 29279928
29279929 29279930
29279931 29279932
29279933 29279934
29279935 29279936
29279937 29279938
29279939 29279940
29279941 29279942
29279943 29279944
29279945 29279946
29279947 29279948
29279949 29279950
29279951 29279952
29279953 29279954
29279955 29279956
29279957 29279958
29279959 29279960
29279961 29279962
29279963 29279964
29279965 29279966
29279967 29279968
29279971 29279972
29279973 29279974
29279975 29279976
29279977 29279978
29279979 29279980
29279981 29279982
29279983 29279984
29279985 29279986
29279987 29279988
29279989 29279990
29279991 29279992
29283108 29283109
29283110 29283111
29283112 29283113
29283114 29283115
29283116 29283117
29283118 29283119
29283120 29283121
29283122 29283123
29283124 29283125
29283126 29283127
29283128 29283129
29283130 29283131
29283132 29283133
29282774 29282781
29283134 29283135
29282775 29282782
29283136 29283137
29283138 29283139
29283140 29283141
29283142 29283143
29283144 29283145
29283146 29283147
29283148 29283149
29283150 29283151
29283152 29283153
29283154 29283155
29283156 29283157
29283165 29283166
29283167 29283168
29283169 29283170
29283171 29283172
29283173 29283174
29283175 29283176
29283177 29283178
29283179 29283180
29283181 29283182
29283183 29283184
29283185 29283186
29283187 29283188
29283189 29283190
29283191 29283192
29283193 29283194
29283195 29283196
29283197 29283198
29283199 29283200
29283201 29283202
29283203 29283204
29283499 29283500
29289493 29289494
29289495 29289496
29289497 29289498
29289499 29289500
29289501 29289502
29289503 29289504
29289505 29289506
29289507 29289508
29289509 29289510
29289511 29289512
29289520 29289521
29289522 29289523
29289524 29289525
29289526 29289527
29289528 29289529
29289530 29289531
29289532 29289533
29289534 29289535
29289536 29289537
29289538 29289539
29289540 29289541
29289542 29289543
29289544 29289545
29289546 29289547
29289548 29289549
29289550 29289551
29289552 29289553
29289554 29289555
29289556 29289557
29289558 29289559
29289560 29289561
29289568 29289569
29289570 29289571
29289572 29289573
29289574 29289575
29289576 29289577
29289578 29289579
29289580 29289581
29289582 29289583
29289584 29289585
29289586 29289587
29289588 29289589
29289590 29289591
29289592 29289593
29289594 29289595
29289596 29289597
29289598 29289599
29289600 29289601
29289602 29289603
29289604 29289605
29289606 29289607
29289608 29289609
29289610 29289611
29289612 29289613
29289614 29289615
29289616 29289617
29289618 29289619
29289620 29289621
29289622 29289623
29289624 29289625
29289626 29289627
29289628 29289629
29289630 29289631
29289632 29289633
29289634 29289635
29289636 29289637
29289638 29289639
29289640 29289641
29289642 29289643
29289644 29289645
29289646 29289647
29289648 29289649
29289650 29289651
29289652 29289653
29289654 29289655
29289656 29289657
29289658 29289659
29289660 29289661
29289662 29289663
29289664 29289665
29289666 29289667
29289668 29289669
29289670 29289671
29289672 29289673
29289674 29289675
29289676 29289677
29289678 29289679
29289680 29289681
29289682 29289683
29289684 29289685
29289686 29289687
29289688 29289689
29289690 29289691
29289692 29289693
29294774 29294775
29294776 29294777
29294778 29294779
29294780 29294781
29294782 29294783
29294784 29294785
29294786 29294787
29294788 29294789
29294790 29294791
29294792 29294793
29294794 29294795
29294796 29294797
29294798 29294799
29294800 29294801
29294802 29294803
29294804 29294805
29294806 29294807
29294808 29294809
29294810 29294811
29294812 29294813
29294814 29294815
29294816 29294817
29294818 29294819
29294820 29294821
29294822 29294823
29294824 29294825
29294826 29294827
29294828 29294829
18165939 18165985
29294830 29294831
29294832 29294833
18165940 18165989
29294834 29294835
29294836 29294837
18165941 18165992
29294838 29294839
29294840 29294841
29294842 29294843
29294844 29294845
29294846 29294847
29294848 29294849
29294850 29294851
29294852 29294853
29294854 29294855
29294856 29294857
29294858 29294859
29294860 29294861
29294862 29294863
29294864 29294865
29294866 29294867
29294868 29294869
29294870 29294871
29294872 29294873
29294874 29294875
29294876 29294877
29294878 29294879
29294880 29294881
29294882 29294883
29294884 29294885
29294886 29294887
29294888 29294889
29294890 29294891
29294892 29294893
29294894 29294895
29294896 29294897
29294898 29294899
29294900 29294901
29294902 29294903
29294904 29294905
29294906 29294907
29294908 29294909
29294910 29294911
29294912 29294913
29294914 29294915
29294916 29294917
29294918 29294919
29294920 29294921
29294922 29294923
29294924 29294925
29296698 29296699
29296700 29296701
29296702 29296703
29296704 29296705
29296713 29296714
29296715 29296716
29296717 29296718
29296719 29296720
29296721 29296722
29296730 29296731
29296732 29296733
29296734 29296735
29296736 29296737
2676224 3282096
29296738 29296739
29296740 29296741
29296742 29296743
29296744 29296745
29296746 29296747
29296748 29296749
29296750 29296751
29296752 29296753
29296754 29296755
29296756 29296757
29296758 29296759
29296760 29296761
29296762 29296763
29296764 29296765
29296766 29296767
29298842 29298843
29298844 29298845
29298846 29298847
29298848 29298849
29298850 29298851
29298852 29298853
29298854 29298855
29298856 29298857
29298858 29298859
29298860 29298861
29298862 29298863
29298864 29298865
29298866 29298867
29298868 29298869
29298870 29298871
29298872 29298873
29298874 29298875
29298876 29298877
29298878 29298879
29298887 29298888
29298889 29298890
29298891 29298892
29298893 29298894
29298895 29298896
29298897 29298898
29298899 29298900
29298901 29298902
29298903 29298904
29298905 29298906
29298907 29298908
29298909 29298910
29298911 29298912
29298913 29298914
29298915 29298916
29298917 29298918
29298919 29298920
29298921 29298922
29298923 29298924
29298925 29298926
29298927 29298928
29298929 29298930
29298931 29298932
29298933 29298934
29298935 29298936
29298937 29298938
29298939 29298940
29303245 29303246
29303247 29303248
29303249 29303250
29303251 29303252
29303253 29303254
29303255 29303256
29303257 29303258
29303259 29303260
29303261 29303262
29303263 29303264
29303265 29303266
29303267 29303268
29303269 29303270
29303271 29303272
29303273 29303274
29303275 29303276
29303277 29303278
29303279 29303280
29303281 29303282
29303283 29303284
29303285 29303286
29303287 29303288
29303289 29303290
29303291 29303292
29303293 29303294
29303295 29303296
29303297 29303298
29303299 29303300
29303301 29303302
29303303 29303304
29303305 29303306
29303307 29303308
29303309 29303310
29303311 29303312
29303313 29303314
29303315 29303316
29303317 29303318
29303319 29303320
29303321 29303322
29303323 29303324
29303325 29303326
29303327 29303328
29303329 29303330
29303331 29303332
29303333 29303334
29303335 29303336
29303337 29303338
29303339 29303340
29303341 29303342
29303343 29303344
29303345 29303346
29303347 29303348
29303349 29303350
29303351 29303352
29303353 29303354
29303355 29303356
29303357 29303358
29303359 29303360
29303361 29303362
29303363 29303364
29303365 29303366
29303367 29303368
29303369 29303370
29303371 29303372
29303373 29303374
29303375 29303376
29303377 29303378
29303379 29303380
29303381 29303382
29305384 29305385
29305386 29305387
29305388 29305389
29305390 29305391
29305392 29305393
29305394 29305395
29305396 29305397
29305398 29305399
29305400 29305401
29305402 29305403
29305404 29305405
29305406 29305407
29305408 29305409
29305410 29305411
29305412 29305413
29305414 29305415
29305416 29305417
29305418 29305419
29305420 29305421
29305422 29305423
29305424 29305425
29305426 29305427
29305428 29305429
29305430 29305431
29305432 29305433
29305434 29305435
29305436 29305437
29305438 29305439
29305440 29305441
29305442 29305443
29305444 29305445
29305446 29305447
29305448 29305449
29305450 29305451
29305452 29305453
29308919 29308920
29308921 29308922
29308923 29308924
29308925 29308926
29308927 29308928
29308929 29308930
29308931 29308932
29308933 29308934
29308935 29308936
29308937 29308938
29308939 29308940
29308941 29308942
29308943 29308944
29308945 29308946
29308947 29308948
29308949 29308950
29308953 29308954
29308955 29308956
29308957 29308958
29308959 29308960
29308961 29308962
29308963 29308964
29308965 29308966
29308967 29308968
29308969 29308970
29308971 29308972
29308973 29308974
29308982 29308983
29308984 29308985
29308986 29308987
29308988 29308989
29308990 29308991
29308992 29308993
29308994 29308995
29308996 29308997
29308998 29308999
29309000 29309001
29309002 29309003
29309004 29309005
29309006 29309007
29309008 29309009
29309010 29309011
29309012 29309013
29309014 29309015
29309016 29309017
29309018 29309019
29309020 29309021
29309022 29309023
29309024 29309025
29309026 29309027
29309028 29309029
29309030 29309031
29309032 29309033
29309034 29309035
29309036 29309037
29309040 29309041
29309042 29309043
29309044 29309045
29309046 29309047
29309048 29309049
29309050 29309051
29309052 29309053
29312677 29312678
29312679 29312680
29312681 29312682
29312683 29312684
29312685 29312686
29312687 29312688
29312689 29312690
29312691 29312692
29312693 29312694
29312695 29312696
29312697 29312698
29312699 29312700
29312701 29312702
29312703 29312704
29312705 29312706
29312707 29312708
29312709 29312710
29312711 29312712
29312713 29312714
29312715 29312716
29312717 29312718
29312719 29312720
29312721 29312722
29312723 29312724
29312725 29312726
29312727 29312728
29312729 29312730
29312731 29312732
29312733 29312734
29312735 29312736
29312737 29312738
29312739 29312740
29312741 29312742
29312743 29312744
29312745 29312746
29312747 29312748
29312749 29312750
29312751 29312752
29312753 29312754
29312755 29312756
29312757 29312758
29312759 29312760
29312761 29312762
29312763 29312764
29312765 29312766
29312767 29312768
29312769 29312770
29312771 29312772
29312773 29312774
29312775 29312776
29312777 29312778
29312779 29312780
29312781 29312782
29312783 29312784
29312785 29312786
29312787 29312788
29312789 29312790
29312791 29312792
29312793 29312794
29312795 29312796
29312797 29312798
29312799 29312800
29312801 29312802
29312803 29312804
29312805 29312806
29312807 29312808
29312809 29312810
29312811 29312812
29312813 29312814
29312815 29312816
29312817 29312818
29312819 29312820
29312821 29312822
29312823 29312824
29312825 29312826
29312827 29312828
29312829 29312830
29312831 29312832
29312833 29312834
29312835 29312836
29312837 29312838
29312839 29312840
29312841 29312842
29312843 29312844
29316492 29316493
29316494 29316495
29316496 29316497
29316498 29316499
29316500 29316501
29316502 29316503
29316504 29316505
29316506 29316507
29316508 29316509
29316510 29316511
29316512 29316513
29316514 29316515
29316516 29316517
29316518 29316519
29316520 29316521
29316522 29316523
29316524 29316525
29316526 29316527
29316528 29316529
29316530 29316531
29316532 29316533
29316534 29316535
29316536 29316537
29316538 29316539
29316540 29316541
29316542 29316543
29316544 29316545
29316546 29316547
29316548 29316549
29316550 29316551
29316552 29316553
29316554 29316555
29316556 29316557
29316558 29316559
29316560 29316561
29316562 29316563
29316564 29316565
29316566 29316567
29316568 29316569
29316570 29316571
29320137 29320138
29320139 29320140
29320141 29320142
29320143 29320144
29320145 29320146
29320147 29320148
29320149 29320150
29320151 29320152
29320153 29320154
29320155 29320156
29320157 29320158
29320159 29320160
29320161 29320162
29320163 29320164
29320165 29320166
29320174 29320175
29320176 29320177
29320178 29320179
29320180 29320181
29320182 29320183
29320184 29320185
29320186 29320187
29320188 29320189
29320190 29320191
29320192 29320193
29320194 29320195
29320196 29320197
29320198 29320199
29320200 29320201
29320202 29320203
29320204 29320205
29320213 29320214
29320215 29320216
29320217 29320218
29320219 29320220
29320221 29320222
29320223 29320224
29320225 29320226
29320227 29320228
29320229 29320230
29320231 29320232
29320233 29320234
29320235 29320236
29320237 29320238
29320239 29320240
29320241 29320242
29320243 29320244
29320245 29320246
29320247 29320248
29320249 29320250
29320251 29320252
29320253 29320254
29320255 29320256
29320257 29320258
29320259 29320260
29320261 29320262
29320263 29320264
29320265 29320266
29320267 29320268
29320269 29320270
29320271 29320272
29320273 29320274
29320275 29320276
29320277 29320278
29320279 29320280
29320281 29320282
29320283 29320284
29320285 29320286
29320287 29320288
29324804 29324805
29324806 29324807
29324808 29324809
29324810 29324811
29324812 29324813
29324814 29324815
29324816 29324817
29324818 29324819
29324820 29324821
29324822 29324823
29324824 29324825
29324826 29324827
29324828 29324829
29324830 29324831
29324832 29324833
29324834 29324835
29324836 29324837
29324845 29324846
29324847 29324848
29324849 29324850
29324851 29324852
29324853 29324854
29324855 29324856
29324857 29324858
29324859 29324860
29324861 29324862
29324863 29324864
29324867 29324868
29324869 29324870
29324871 29324872
29324873 29324874
29324875 29324876
29324877 29324878
29324879 29324880
29324881 29324882
29324885 29324886
29324887 29324888
29324889 29324890
29324891 29324892
29324893 29324894
29324895 29324896
29324897 29324898
29324899 29324901
29324908 29324909
29324910 29324911
29324912 29324913
29324914 29324915
29324916 29324917
29324918 29324919
29324920 29324922
29324932 29324933
29324934 29324935
29324936 29324937
29324938 29324939
29324940 29324941
29324942 29324943
29324944 29324945
29324953 29324954
29324955 29324956
29324957 29324958
29324959 29324960
29324961 29324962
29324963 29324964
29324965 29324966
29324967 29324968
29324969 29324970
29324971 29324972
29324973 29324974
29324975 29324976
29324977 29324978
29324979 29324980
29324981 29324982
29324983 29324984
4930106 4930114
29329289 29329290
29329291 29329292
29329293 29329294
29329295 29329296
29329297 29329298
29329299 29329300
29329301 29329302
29329303 29329304
29329305 29329306
29329307 29329308
29329309 29329310
29329311 29329312
29329315 29329316
29329317 29329318
29329319 29329320
29329321 29329322
29329323 29329324
29329325 29329326
29329327 29329328
29329329 29329330
29329331 29329332
29329333 29329334
29329335 29329336
29329337 29329338
29329339 29329340
29329341 29329342
29329343 29329344
29329345 29329346
29329347 29329348
29329349 29329350
29329351 29329352
29329353 29329354
29329355 29329356
29329357 29329358
29329359 29329360
29329361 29329362
29329363 29329364
29329365 29329366
29329367 29329368
29329369 29329370
29329371 29329372
29329373 29329374
29329375 29329376
29329377 29329378
29329379 29329380
29329381 29329382
29329383 29329384
29329385 29329386
29329387 29329388
29329389 29329390
29329391 29329392
29329393 29329394
29329395 29329396
29329397 29329398
29329399 29329400
29329401 29329402
29329403 29329404
29329405 29329406
29329407 29329408
29329409 29329410
29329411 29329412
29329413 29329414
29329415 29329416
29329417 29329418
29329419 29329420
29329421 29329422
29329423 29329424
29329425 29329426
29329427 29329428
29329429 29329430
29329431 29329432
29329433 29329434
29329435 29329436
29329437 29329438
29329439 29329440
29329441 29329442
29329443 29329444
29329445 29329446
29329447 29329448
29329449 29329450
29329451 29329452
29329453 29329454
29329455 29329456
29329457 29329458
29329459 29329460
29329461 29329462
29329465 29329466
29329467 29329468
29329469 29329470
29329471 29329472
29329473 29329474
29329475 29329476
29329477 29329478
29329486 29329487
29329488 29329489
29329490 29329491
29329492 29329493
29329494 29329495
29329496 29329497
29329498 29329499
29329500 29329501
29329502 29329503
29333691 29333692
29333693 29333694
29333695 29333696
29333697 29333698
29333701 29333702
29333703 29333704
29333705 29333706
29333707 29333708
29333709 29333710
29333711 29333712
29333713 29333714
29333715 29333716
29333717 29333718
29333719 29333720
29282776 29282783
29333721 29333722
29333723 29333724
29333725 29333726
29282777 29282786
29333727 29333728
29333729 29333730
29333731 29333732
29333733 29333734
29333735 29333736
29333737 29333738
29333739 29333740
29333741 29333742
29333743 29333744
29333745 29333746
29333747 29333748
29333749 29333750
29333751 29333752
29333753 29333754
29333755 29333756
29333757 29333758
29333759 29333760
29333761 29333762
29333763 29333764
29333765 29333766
29333767 29333768
29333769 29333770
29333771 29333772
29333773 29333774
29333775 29333776
29333777 29333778
29333779 29333780
29333781 29333782
29333783 29333784
29333785 29333786
29333787 29333788
29333790 29333791
29333792 29333793
29333794 29333795
29333796 29333797
29333798 29333799
29333800 29333801
29333802 29333803
29333804 29333805
29333806 29333807
29333808 29333809
29333810 29333811
29333812 29333813
29333814 29333815
29333816 29333817
29333818 29333819
29333820 29333821
29333822 29333823
29333824 29333825
29333826 29333827
29333828 29333829
29333830 29333831
29333832 29333833
29333834 29333835
29333836 29333837
29333845 29333846
29333847 29333848
