626203 152034
52033 217540
505149 1196980
505149 1196981
505149 1196982
3310702 3734000
288473 198874
288473 804326
288473 804327
667055 1409286
301132 825645
626921 162976
626921 1364745
626921 1364746
626921 1364747
626921 1364748
626921 1364749
626921 1364750
626921 1364751
626921 1364752
626921 1364753
626921 1364754
626921 1364755
190155 1401
190155 583654
190155 583655
190155 583656
190155 583657
190155 583658
9744113 9744120
160895 407719
163181 338860
22635 122809
1367241 1013654
10098015 10098024
10098015 10098025
10098015 10098026
10098049 10098060
41358 4410
41358 170483
622001 1360819
622001 1360820
622001 1360821
40193 144674
640061 1376625
640061 1376626
880428 1696149
625926 1364157
328412 891859
328412 891860
328412 891861
11648972 11648982
173563 152377
173563 536133
173563 536134
296001 818014
608460 37722
608460 1345397
326018 880460
626532 1364589
626532 1364590
11972485 11972491
1197500 2074567
12359279 12359283
12359296 12359300
12359296 12359301
12359314 12359319
13255300 13255307
13255300 13255308
401393 1014489
264026 762403
124767 189212
22364 122388
22364 122389
22364 122390
22364 122391
625880 1364085
50370 212894
50370 212895
50370 212896
50370 212897
3001068 3517794
13258009 13258012
13258009 13258013
13258009 13258014
408509 1044904
123075 403693
635229 1373778
210278 249707
210278 637421
210278 637422
210278 637423
125464 103377
125464 409207
160395 504256
124714 58260
124714 406731
124714 406732
288497 82054
288497 804592
288497 804593
288497 804594
94578 320798
49383 209919
505283 1197231
160331 503908
160331 503909
160331 503910
667749 1410508
667749 1410509
667749 1410510
667749 1410511
160806 506454
160806 506455
13262072 13262080
13262072 13262081
624840 407182
106367 350483
116849 290225
116849 54865
116849 375915
116849 375916
116849 375917
116849 375918
116849 375919
116849 375920
3115 39295
3115 39298
3115 39305
3115 39306
99383 44907
99383 329223
99383 329224
99383 329225
99383 329226
16813 86660
16813 86661
96813 326088
96813 326089
96813 326090
48977 51078
48977 208735
48977 208736
48977 208737
161019 507194
49991 94105
99977 117470
99977 330255
99977 330256
99977 330257
124715 406792
124715 406793
124715 406794
13264750 13264754
51765 46167
51765 217217
110467 47640
110467 355302
1363646 2239732
1363646 2239733
106645 95100
504844 44159
504844 1196488
504844 1196489
49168 209344
215359 654623
1199916 2075936
1199916 2075937
1199916 2075938
123400 1411
123400 404831
113195 369673
165028 41774
165028 517880
49129 209246
49129 209247
49129 209248
49129 209249
2316 23039
629656 1367264
124959 407874
124959 407875
498420 226290
498420 1184630
498420 1184631
510418 407602
655467 84325
49992 211490
52315 218018
52315 218019
2732627 3323050
2732627 3323051
13279372 13279377
626489 1364567
626489 1364568
118938 352889
9742153 9742186
9742153 9742187
13281665 13281673
530831 1241588
13284264 13284273
1453203 2323058
86628 295573
86628 295574
124717 406860
124717 406861
120711 397685
13288007 624726
219099 60455
219099 672931
220767 680843
160896 506786
403773 1028363
403773 1028364
123138 231177
123138 404021
503769 93594
620333 95154
620333 1359557
620333 1359558
13291943 13291949
2751189 3341920
173608 536470
160718 506065
213352 76396
213352 649830
400733 1012839
400733 1012840
13293532 13293539
666143 1407781
666143 1407782
666143 1407783
160939 506982
160939 506983
502890 1192643
41763 171915
41763 171916
41763 171922
41763 171923
41763 171924
41763 171925
160897 47601
160897 506818
215648 282757
215648 654706
215648 654719
13299083 13299090
13299083 943204
1798401 63292
412033 146518
412033 1049769
13300272 13300276
884644 1701098
884644 1362899
864649 135706
864649 1678192
864649 1678193
13301166 13301172
661327 1402680
13302541 13302554
13303094 13303100
106368 350514
625809 117615
13304991 289323
13304991 8352728
13304991 8352729
13305113 13305117
13305193 13305196
13305193 13305197
624129 1362899
51166 216029
382915 22826
382915 993199
621122 1360189
1855737 91228
51499 145902
51499 216626
51499 216627
51499 216628
3522202 3877311
2251439 2976504
4080360 62880
4080360 4234068
9026706 9026757
13310812 13310820
13310812 13310821
13310812 13310822
2440455 3122213
2440455 3122214
2440455 3122215
2440455 3122216
626074 1364260
626074 1364261
626074 1364262
48978 208776
2073699 2830028
502891 144987
502891 1192676
4183 41774
4480767 4513336
13316150 13316153
161217 63684
161217 507525
161217 507526
390179 950773
1197895 2075132
1197895 2075133
1624177 121600
505150 1197023
2324304 3028614
9026744 9026795
1037014 1901762
1198214 2075263
530700 1241473
530700 1241474
160940 507010
160940 507012
160940 507013
123076 403741
624530 1363239
13325445 1013584
505586 1197482
13326048 75546
49724 210666
3001555 318446
2220309 151289
2220309 2952682
505587 1197506
13335274 13335278
11919115 11919121
11919115 11919122
13335618 13335625
108668 352791
108668 352792
13315639 13315651
355568 110615
355568 951118
355568 951119
355568 951120
3036389 3541007
13339262 4102166
286478 799127
286478 799128
286478 799129
412094 602412
412094 1049902
1024333 1881377
504730 1196229
49093 209127
50618 214613
50618 214614
4250652 3518684
13346455 13346460
48980 208818
48874 208486
160807 151146
160807 506483
160807 506484
4900583 1234119
4099098 1567748
13353157 13353165
4250786 3518684
4414412 4462836
39257 160354
401238 1014149
4250220 4348830
13366433 13366435
13366845 13366851
1089909 180599
1089909 1954206
639400 210967
13371680 13371684
13374969 13374977
13375960 13375963
13375960 13375964
13375960 13375965
13375960 13375966
13375960 13375967
126586 412067
13392278 13392280
10593948 10593963
13400873 46176
1044589 1907130
13420458 13420462
13420458 13420463
13420458 13420464
3155238 3626403
626533 1364604
626533 1364605
13489300 13489308
13496785 506514
636027 1373877
14762401 14762404
14762401 14762405
14763543 2455338
383059 247334
383059 993587
383059 993588
14764654 14764659
14764654 1161780
401028 1013559
14764681 14764683
94840 321316
14765570 1248774
14765570 14765575
14765570 14765576
158468 215666
158468 498463
158468 498464
160808 506514
1199917 654
920106 993199
21694 120005
21694 120006
21694 120007
21694 120008
21694 120009
124960 360804
124960 407905
124960 407906
124960 407907
124960 407908
4413734 4462386
2474459 65703
160457 504514
395108 287360
395108 1004970
395108 1004971
395108 1004972
395108 1004973
48755 208142
48755 208143
9357371 9357403
293960 814224
225746 699277
14769987 14769990
14769987 14769991
14769987 14769992
51816 37053
51816 217326
51816 217327
18878 106379
18878 106380
645279 1385652
108735 352887
108735 352888
108735 352889
1722934 2559740
1722934 1409286
1684360 2519992
1684360 124131
1684360 2519995
1684360 2519996
1684360 2519997
1684360 2519998
1199466 2075618
630963 281986
630963 1369056
124961 96571
124961 407953
124961 407954
124961 407955
373253 142914
14777348 14777358
14777395 14777398
14778469 14778478
656993 817133
624957 1363444
383231 994182
383231 994183
124770 407062
124770 407065
498421 1184663
505588 1197535
212873 108436
14882410 14882416
14882410 14882417
14882925 14882929
2220426 2952759
124771 407100
135233 124156
135233 142862
135233 47365
135233 424475
135233 424476
14883223 14883234
14883391 14883396
14883391 14883397
817705 1624188
817705 1624189
817705 1344013
215986 655181
215986 655182
4248827 4348110
124772 407137
3224554 3675058
172792 532938
172792 532939
172792 532940
172792 532941
620455 1359750
14884145 14884150
14884145 14884151
14884229 14884234
14884327 14884336
14884327 14884337
2253701 53112
2253701 2978406
2253701 2978407
14884521 2277671
369659 969501
14884603 14884609
14884603 14884610
14884625 14884630
14884625 14884631
162147 99642
162147 511640
162147 511641
162147 511642
48758 208225
1200575 2076597
14884960 14884968
14884960 14884969
14884981 56377
14884981 14884992
1199467 2075643
14885327 14885332
160809 506514
1042595 1311952
14885656 14885661
1030746 1893434
14885744 14885758
14885892 1688448
13295605 1194036
14885996 14885998
14886062 14886065
627060 1365058
14886255 14886261
14886255 14886262
220769 680871
14886333 14886319
123234 404198
382917 993269
382917 993270
382917 993271
382917 993272
1043551 218291
1043551 1906871
1043551 1906872
171951 62338
288505 804688
288505 804689
341899 932001
341899 932002
507047 1199776
507047 1199777
507047 1199778
507047 1199779
14886944 14886949
653143 1395879
14887342 4346738
2252325 2976779
2252325 2976780
2252325 2976781
8118515 219109
14887686 14887691
226953 701543
226953 701544
1839487 2645254
14887901 14887906
1199468 2075676
14887920 138391
14887920 1037487
14887920 14887924
14887958 14887968
14888086 14888092
14888086 14888093
1094196 1960091
1094196 1960092
1094196 1960093
14888125 1786381
160720 506118
160720 506119
160720 506120
295608 817345
160721 506148
160721 506149
160721 506150
2581269 1196904
1041059 1904608
1041059 1904609
14888792 14888804
288506 72676
2235164 2965340
653144 1395902
14889249 14889254
14889249 14889255
14889460 14889472
14889792 14889801
14889944 14889949
262110 152575
262110 759273
262110 759274
14890073 14890080
2114 22665
14891194 14891200
14891538 14891545
14891817 14891821
14903611 2683348
3866567 4095465
14908956 14908958
14913280 14913282
14913695 14913697
3541034 234767
14927635 2070295
3874568 1012866
14928442 1397679
608063 1344803
608063 1234119
14932488 14932496
14935473 2075937
14940785 14940791
14941600 1344013
14941600 14941610
11596618 11596660
621044 1359916
621044 209344
294969 816087
14946817 14946819
14949589 14949593
14949821 1626649
14953430 14953435
14953430 14953436
14959900 14959904
123267 404308
123267 404309
14963405 2912196
4413691 4346511
3867350 4098220
14965963 3518684
652786 1395395
14972339 14972345
14973791 14885332
14973791 14973795
1756392 2577201
14975975 321719
122919 403113
14976944 14882929
14976944 14976948
14979378 14979380
2251440 2976532
700861 1458712
14982767 1373522
14982767 14982772
14982767 14982773
14983461 14983463
14984403 14984407
526195 1234097
652828 1395432
652828 1395433
14992540 14992542
14994632 4349017
14994866 2683348
872652 1688448
14998554 14998563
14999129 14999137
15000838 15000844
15000838 15000845
15000905 2075994
15001422 15001425
15003249 15003251
15003249 1624161
15006440 15006443
160722 506179
1198005 2075168
1198005 2075169
15008082 2266455
15008744 3518684
15009979 15009981
15014948 43407
15014948 15014954
15014974 15014984
15015558 15015562
4933936 4933948
4933936 4933949
15017895 15017904
2252326 2976805
15021391 132493
15022007 295573
626534 1364624
15025202 15025208
3394303 3788866
15026516 14930219
15028873 4102166
15033425 3518684
15036016 15036018
15039361 15039367
15041257 15041261
122854 402943
15041402 15041409
124963 408004
504845 1196515
526116 1233940
15053331 14890426
15054358 15054361
161327 506514
15056418 15056424
15056861 15056864
645500 96823
645500 1386192
357924 955552
357924 955553
357924 955554
357924 955555
357924 209391
15063864 1364568
124964 408027
15064210 15064217
15067281 1197892
15067465 15067468
4918781 4548365
15071385 15071391
15077095 891914
15077276 3518684
49130 209298
15078920 15078924
15078920 15078925
15079463 15079469
15082085 15014984
7344629 7344660
7344629 7344662
15084544 15084547
15085143 2683348
15089072 15089077
15091049 506338
15091942 14940791
15091967 3518684
4243947 4346539
4243947 1394991
15099336 15099341
4978924 4978936
15099790 1184630
15099790 15099794
226866 701465
15101444 950773
15102551 15102554
643109 406732
12842665 1906871
9678123 85001
15110258 15110262
15110538 15009981
937865 1768276
15112517 115904
640611 1196103
15113113 352889
15113420 4348192
15113704 15113706
15114302 15114306
15115059 15115064
15115104 2683348
15115163 1731384
15115175 15115182
125110 408414
209968 634478
505229 144601
505229 1197123
819759 1626649
1192902 1012866
15123001 15123007
412214 407182
15124019 15124022
1041985 1904867
1041985 1904868
15124317 15124323
15125153 15125157
608064 1344817
15135379 880574
15135941 15135950
15136269 15136271
15136269 15136272
15136269 15136273
15137234 2923833
15138353 15138359
15138353 15138360
15139029 15139033
15139029 15139034
15139468 2923833
15141600 15141606
15141600 15141607
15144402 15144410
15146397 1626649
15147648 655181
4904940 4904954
15150849 15150853
15150849 15150854
383107 993785
240560 728302
1902611 2683330
1902611 2683331
15164258 1395507
38732 119009
15166522 15166525
15167640 15167645
15167640 15167646
15168698 15168704
15168698 507661
15170877 15170882
15173498 3518684
13315640 13315665
15612593 403071
9377147 9377155
9377147 9377156
9377147 9377157
526117 1233980
1362988 2239054
160460 211750
160460 504586
160460 504587
1445808 2314874
123077 403814
623833 1362564
3868793 4099109
506629 1198838
14769163 14769182
215030 653802
412051 1049808
504846 472509
504846 504836
3319561 35464
161104 507282
819936 222322
954853 188743
954853 1785871
954853 1785872
122798 91307
262224 759844
262224 759845
262224 759846
262224 759847
262224 759848
262224 759849
160898 145474
160898 506853
2243710 2970509
638358 1375098
631419 1370010
12051169 234767
15829658 1376853
124965 408050
124965 408051
1039093 1903047
38736 5159
38736 88202
38736 158339
38736 158340
38736 85001
38736 53190
38736 158344
38736 158345
38736 158346
38736 158347
38736 158348
38736 158349
38736 158350
38736 158351
38736 158352
38736 158353
38736 158354
38736 158355
38736 158356
38736 158357
1016836 1868398
7985250 7985267
7985250 7985268
124885 407627
124885 36248
511187 1206103
511187 1206104
160723 37294
160723 506203
160942 505909
160942 505910
15832070 464346
15832070 15832077
1434150 1013655
1434150 2304413
10278935 142065
10278935 10278954
10278935 10278955
2504659 3173444
2504659 3173445
2504659 3173446
202912 609110
15832941 15832946
2511128 3178251
2511128 3178252
15833699 15833702
15833699 2830029
1364312 1364006
507640 1201080
507640 507634
208473 50846
208473 624933
208473 624934
2818198 3385349
48761 208294
48761 208295
48761 158357
4362938 4425482
4362938 4425483
2214526 2948816
208049 36589
208049 620046
208049 620047
15835091 35921
295758 54525
295758 817715
295758 817716
1198840 146388
1198840 2075457
1198840 2075458
1198840 2075459
15835581 15835586
15835683 15835688
160724 506237
663312 60164
663312 1405917
663312 354942
663312 1405918
663312 1405919
663312 1405920
663312 1405921
663312 1405922
663312 1405923
13335276 13335302
328041 889111
328041 889112
15836976 15836980
2252327 2976828
406512 1037215
400682 1012246
124886 37622
124886 407684
636296 1373940
620124 1359500
620124 683144
606419 1343806
15839425 317970
1773201 66524
1773201 1359916
1773201 2588406
658313 220722
658313 1400504
658313 1400505
15858201 15858205
3798215 4047517
369662 969527
369662 969528
369662 407602
938375 5597
938375 1769173
369663 969560
225844 180835
225844 699372
502990 1193033
682555 1435911
625810 1363916
383061 993644
608065 1089977
608065 1344835
608065 1344836
161218 507563
320885 869012
15888483 15888486
15888483 15888487
15888483 15888488
625811 1363942
625811 1363943
107932 352460
107932 352461
107932 352462
160612 163884
382919 993318
15892776 15892783
15892776 15892784
505151 1197048
10940952 10940960
8754985 8755001
8754985 8755002
49738 210693
49738 210694
644451 1311952
3394370 3788942
12143016 506514
236333 721076
22324002 4098137
4498600 4526085
22378951 22378953
623839 1362662
22379049 403071
288515 805049
22379218 22379220
22379243 3518684
22379269 1344013
22379299 1868372
22379312 1184630
22379384 22379386
22379429 15001425
22379444 3518684
22379462 1626649
22379476 13298207
22379487 3518684
22379562 3518684
22379607 22379609
22379607 22379610
22379619 22379620
4251184 4348645
22379631 22379634
22379640 22379642
22379658 22379660
22379706 22379708
22379716 4099171
22379738 14882416
22379738 15014984
627063 1365116
22379830 22379833
22379964 15071391
22380002 22380004
22380022 22380024
22380076 22379634
22380101 1012866
22380162 403071
22380170 1382153
22380379 1013584
22380393 22380395
22380491 17113969
22380523 22380525
22380628 3518684
22380637 3518684
22380649 15014984
22380655 2974252
22380697 22380700
22380714 22380717
22380801 14890426
22380816 407386
22380840 7344661
22381016 4548365
22381051 3518684
22381065 22381067
22381108 22379642
22381134 15124022
625232 1363569
22381160 407875
22381256 22379634
22381264 22379708
22381276 22379708
22381297 22379708
22381308 22379708
22381357 22379634
22381363 22381371
22381409 3518684
22381443 22381445
22381450 22381452
22381450 407719
22381457 22379708
22381475 22379708
22381502 1362294
22381502 13291879
22381512 1626649
22381548 2681781
22381577 1362294
22381583 22381585
22381642 3518684
22381708 22381710
22381745 22381748
22381745 4548365
22381769 3518684
22381851 158350
22381866 22380024
22381897 759848
22381897 22381899
22381897 22381900
22381908 22381909
22381916 14885332
22381929 1012866
22381934 1012866
22381939 1012866
22381972 816086
22381994 22381996
4414866 3518684
22382099 22382101
22382133 22366259
22382193 3518684
22382203 3518684
22382209 3518684
22382256 17113969
22382311 1234119
22382382 4347112
22382422 403071
22382433 1012866
22382456 22381710
22382605 3518684
22382646 1382153
22382653 22382657
22382712 22382714
22382733 22382736
22382758 124156
22382800 9026815
22382983 1359916
22382998 3518684
22383022 22383024
22383118 22383120
22383133 22380700
22383143 22379642
22383258 22383261
22383270 15001425
22383276 3518684
22383281 3518684
22383286 22383288
22383430 22379634
22383438 22383440
22383455 1193033
22383469 22379708
22383501 22383503
22383515 1184663
22383648 22383650
22383659 1905583
22383695 3518684
22383747 22366259
22383753 4346776
22383776 3518684
22383781 4098137
4250174 3518684
22383359 3518684
22383884 22366259
22383910 3518684
22383928 1012866
22383979 14913697
22383986 22383990
22384059 3518684
22384083 22380525
22384099 22384101
22384152 3518684
22384261 3518684
4250506 3518684
22384333 2076052
22384359 22379708
22384374 3518684
22384428 22384430
22384501 15078925
22384510 22381710
22384537 22384539
22384631 3518684
22384643 22379708
22384705 4346776
22384716 1626649
22384723 407386
22384732 22366259
22384748 14949593
22384779 22379634
22384801 3518684
22384801 22384803
22384810 3518684
22384840 505910
22384846 22384848
22384899 3518684
22384936 3518684
22384944 3518684
22384964 3518684
22385014 3518684
22385059 4098137
22385097 41575
22385107 22385109
22385107 22385110
22385118 22385120
22385118 22385121
22385118 22385122
22385131 22385133
22385140 22385142
22385140 22385143
22385200 4348645
22385319 15001425
22385329 15001425
22385342 22385344
22385351 22385353
22385398 22379220
22385439 22385441
22385562 22385564
22385572 22385564
22385641 22385643
14889782 403071
22385709 15001425
22385719 1013584
22385765 3518684
22385953 3518684
22385981 1377448
22386032 3518684
22386087 3518684
22386100 3518684
22386141 22386143
22386184 2683348
22386245 1359916
22386257 3518684
22386312 22386317
22386312 22386318
22386347 3518684
22386448 1244899
22386579 22386581
22386641 4102166
22386687 3518684
22386752 14885332
22386881 22379708
22386895 3518684
22386900 3518684
22386918 655181
22386925 22386927
22386954 22382736
22386967 15001425
22386988 14913282
22387060 1037487
22387094 14890426
22387134 22379708
22387158 1037487
22387168 3518684
22387179 4102166
3873914 3518684
22387394 22387396
22387431 22379708
22387540 13431102
22387546 3518684
22387611 22387613
22387659 22379642
22387692 1196106
22387724 15001425
22387735 22387737
22387765 15001425
22387776 22387778
22387814 3518684
22387848 3518684
22387886 22387889
22387907 3518684
22387926 13342844
22388033 15115182
22388050 22388054
22388066 3518684
22388116 993495
22388154 993785
22388179 15001425
22388297 3518684
22388316 13300778
22388321 1365174
22388359 3518684
22388370 22388373
22388489 22388492
22388515 3518684
22388527 22366259
22388712 3518684
22388723 3518684
22388857 22388859
22388947 3518684
22388990 22388992
22389001 22388992
22389067 680843
22389073 3518684
22389099 4348938
22389108 22387613
22389113 22389115
22389140 22389142
22389237 3518684
22389242 3518684
22389331 3518684
22389356 22389358
22389383 403071
22389505 3518684
22389568 3518684
22389584 1373685
22389599 3518684
22389648 3518684
22389667 22389669
22389667 22389670
22389747 22389749
22389975 14890426
22389980 3518684
22389989 14890426
22390031 22390042
22390084 3518684
22390137 4348645
22390263 3518684
22390286 3518684
22390324 3518684
643089 1382077
643089 1382078
643089 1382079
643089 1382080
643089 1382081
643089 1382082
643089 1382083
22390376 22380525
22390411 1311952
22390453 22387396
22390462 3518684
22390470 4346776
22390480 1196106
22390480 22390482
22390487 1567748
22390535 22379634
22390595 14890426
22390672 22390674
22390680 2682442
22390803 1905583
22390826 4099171
22390842 15078925
22390867 15001425
22390879 22389669
22390990 22389142
22391165 22379634
4250053 4348645
22391185 4348645
4250726 4348645
638359 99992
638359 1375119
22391438 22366259
22391533 14890426
22391594 14913282
22391623 3518684
22391639 22391642
22391998 3518684
22392008 22379634
22392023 1626649
22392032 403113
22392084 2683348
22392095 891914
22392574 2912196
22392776 22392778
22392782 22392784
22392791 406732
49644 18252
49644 210629
663523 17050
663523 296906
22383794 22383807
22392826 22392828
22392835 22392837
22392848 22392850
22392862 22392864
22392884 22392886
22392895 22392897
22392907 22392909
4414602 4462883
4414602 4462884
22392943 22392950
22392973 22366259
22392992 22392994
22393059 1433332
22393070 891914
22393075 22393077
22393075 22393078
22393110 1184630
22393117 2974252
22393135 14885332
22393141 22393144
22393168 3518684
22393187 3518684
22393202 3518684
22393233 22393235
22393248 22387613
22393290 4099171
22393332 1567748
22393338 1567748
22393344 4346776
22393390 1012866
22393395 1012866
22393409 22389669
22393414 22366259
22393419 1626649
22393425 15001425
22393436 1345243
22393447 15001425
22393483 15001425
22393492 15001425
22393524 14982772
22393529 1373685
22393536 22390674
22393547 22381445
22393557 22393559
22393564 1359916
22393579 13374977
22393588 22393590
22393616 22393618
22393616 22393620
22393671 3518684
22393686 22393688
22393708 22383120
22393721 1678266
22393727 22393729
22393805 403071
22393841 22393844
22393864 1012866
22393897 1395570
22393903 3675115
22393918 22393920
22393927 22393920
22393938 14913282
22393978 1311952
22393994 804326
22393994 1397679
22394005 1037487
22394074 1364750
22394074 22379708
22394079 22379708
22394110 22394112
22394116 22394118
22394198 1394991
22394261 3518684
22394268 1394991
22394406 3518684
22394442 22394444
14661998 445147
14661998 14662003
22394477 1012866
22394483 1012138
22394492 22366259
22394497 22366259
22394503 22366259
22394512 22366259
22394517 22366259
22394553 1395879
22394578 22366259
22394583 22380004
22395154 701543
22395569 2912196
22396669 1196106
652982 1395600
652982 1395601
22396824 4099171
22397000 1363444
22397085 13301405
22397144 22381710
22397150 22397152
22397304 3518684
22397835 1675155
22398044 22398050
22398669 3518684
22398797 4098137
22398949 14913282
22398997 22388859
22399168 3518684
22399184 1376746
22399525 3518684
22399909 22366259
22400277 14890426
22400282 15001425
22400348 22400350
22400391 22379634
22400696 22400698
22400867 4100162
22400956 3518684
22401423 804326
22401438 22390674
22401575 3518684
22401718 3518684
22402212 22380004
22402529 2577221
22403200 1362252
22403623 4348645
22403698 1363444
22403818 22379634
22403825 2577221
22403825 22403827
22403941 1006445
22403986 15001425
22404148 22379642
22404698 1362252
22405719 1819761
22406163 22406165
22406226 22406228
22406237 22406228
22406242 22406228
22406246 22406228
22406250 22406228
22406254 22406228
22406344 3518684
22406420 4255514
22406431 22380818
22406469 624933
22406489 15001572
22406496 1363943
22406501 22406504
22406521 3518684
22406538 22381710
2234594 2964938
2234594 2964939
2234594 2964940
22406894 308519
22407743 14982772
22407743 22389142
22407948 22407950
22408118 11596995
22408118 22408122
22408546 22383503
626924 1364991
124967 408086
124967 408087
3005276 3520092
22408670 3520092
22408670 22408672
22408736 22408737
22408770 22408771
18865884 1365030
22408996 22409001
1199450 2075593
22409329 22409331
22409339 10435440
22409339 14778508
22409348 22409350
22409407 22409411
22409792 1012866
22409792 22409793
1365428 2242248
655306 1397679
22409834 22409839
22409902 22409903
22409913 15099341
530744 177191
530744 507714
22410036 22410043
22410054 22410059
124779 407386
936610 1766990
22410300 2577221
1040836 1904495
2514512 208875
2514512 1369056
22410392 15135950
22410474 2076530
4242544 4346333
652921 1395570
22410532 22410535
22410627 22410636
22410713 22410720
123402 404910
22410890 1360821
22411027 22411028
635009 1373652
22411151 129480
22411151 22411155
1199919 2075993
1199919 2075994
807597 1377447
807597 1609212
124968 408104
22411694 91464
22411694 22411698
22411727 295573
373640 976644
22411754 1395507
872654 1688516
872654 1688517
872654 1688518
640294 1376994
22411835 22411842
22411859 22411862
22411859 22411863
22411981 22411984
6001705 6001747
6001705 6001748
22412020 2645254
9481404 3668679
9481404 9481407
389615 1000235
389615 1000236
389615 1000237
389615 1000238
22412289 3904599
864236 1678044
22412625 22412628
49797 210967
638944 1375964
161067 507235
161067 507236
161067 507237
161067 507238
161067 507239
161067 507240
161067 507241
161067 507242
161067 507243
161067 507244
161067 507245
22412857 22412859
22412869 22412873
1199470 2075707
22412932 48506
498423 1184698
1359744 2234606
3870318 4100162
638423 1375419
160469 504836
22413827 1311951
17806374 17806404
22413925 14778509
621254 1360440
22413961 891914
4259035 85001
22414571 2178473
22414571 1400505
22414605 22414610
22414631 22381613
22414658 22414661
21770548 21770556
22414746 22414753
22414851 22414855
8352657 8352726
625147 1363514
625147 1363515
22414866 22414873
622125 1360987
22414904 2217307
625148 1363533
638360 65259
638360 1375146
161160 507419
161160 507420
161160 507421
161160 507422
161160 507423
627065 1365127
22414980 15834930
4247945 1012866
383110 407425
1066652 1929621
22415194 43952
804682 1605018
804682 1605019
804682 1605020
804682 1605021
22415579 507448
161161 507448
366356 39297
22415641 22415646
640614 1377427
22416099 2683348
1902612 2683346
1902612 2683347
1902612 2683348
638363 1375216
638364 122486
22416295 22416296
10769577 10769594
10769577 10769595
3000150 993785
383111 993785
400691 699277
22416824 22416828
22416848 22416852
1245324 2124438
1245324 2124439
3444630 624933
22416971 3904599
22416985 1359799
22038741 22038754
22417098 22417099
22417306 22417307
160568 505909
160568 505910
22417443 701543
22417577 22417583
22417636 22417641
623542 1362252
620457 160657
620457 1359775
620457 1359776
640296 1377017
22417721 22417722
22417732 22417733
22417732 22417734
22417756 15135950
22417764 22417769
22417878 22417882
22417908 22417912
22417908 22417913
22417908 22417914
22417936 22417940
22417936 22417941
22418022 22418026
160726 506271
14566947 14566962
160900 506884
160900 506885
160900 506886
645704 1386422
22418442 22418444
645625 1386356
637219 1374371
14767167 1819761
22418525 2683348
22418525 22418531
22418548 14890426
22418575 234127
22418611 14888706
22418671 22418677
1078343 1940260
1198057 2075223
22418798 22418801
22384170 22384194
22384170 22384195
1199920 2076012
2075920 2831908
638365 121061
638365 1375254
1198800 2075434
4248170 3518684
400559 153674
400559 1011985
400559 1011986
22419414 22419418
22419427 22419430
22419442 22419443
22419449 22419450
22419456 22419457
22419463 22419464
22419474 22419480
1365429 2242263
22419563 22419567
22419563 22419568
1198007 2075193
323119 874521
22419644 54792
22419644 22419647
22419660 22419665
505670 408051
2685571 3286641
1042060 1904882
160813 506616
22418080 22418093
22418080 22418094
22419711 13357328
1301862 2181245
22419739 22419744
653031 1395665
653031 1395666
653031 1395667
2976421 3496225
2976421 3496226
22419753 22419755
22419762 22419763
1194944 2070217
1194944 2070218
22419777 22419782
22419793 22419797
22420053 22420054
22420062 22420069
22420171 72377
4249017 4348329
22420219 625108
124719 403814
4031832 1193783
640184 1376746
955385 1786340
1199570 2075872
22420269 22420271
22420289 1904493
22420289 1904494
22420289 22420291
22420540 22420544
22420540 22420545
22420540 22420546
1199921 2076027
22421068 22421074
22421084 22421086
22421084 22421087
5003217 1604947
5003217 5003273
1587397 2444890
22421463 22421469
22421678 22421681
22421695 22421699
22421981 22421983
22421993 22421995
124887 407718
124887 407719
1200577 157139
1200577 2076610
22422272 10653043
22422278 22422279
505591 1197600
22422413 22422416
4100484 4249922
22422907 22422910
22423141 22423145
22423141 1234119
22423158 22423171
4248968 4348300
22423859 22423862
22423964 22423968
2831698 3394350
22424324 22424327
22424324 22424328
2831613 3394307
22424523 22424526
22424561 22424568
623841 1362689
161105 153227
22424715 1345242
22424799 1363943
22424831 22424837
22424854 22379708
22424877 22424879
22424932 15002228
22424932 22424933
22424932 22424934
1198841 2075483
1198841 2075484
22425078 22422910
22425089 22425092
22425121 15099341
22425148 22425154
22425183 22425187
22425183 22425188
4250065 4098736
1199922 2076051
22425423 22425429
22425445 22425453
22425571 14982772
22425634 22425644
22425682 22425694
22425715 22425721
22425741 22425752
22425803 1344013
22425844 11596995
22425876 22425888
22425936 22425942
22425936 22425943
22425954 22425957
160727 503910
10915304 4098137
10915304 10915313
22425978 22425982
22426012 22426015
22426189 1044904
22426196 22410720
22426226 22426230
2075793 1626946
22426308 1626649
22426378 2326350
22426393 1868372
22426393 15124022
137981 431327
625814 1363974
627122 1365174
22426534 22426542
1045955 143472
505014 504401
22426868 22426872
22427006 22427008
22427036 22393688
406515 36005
406515 1037306
406515 1037307
406515 1037308
638472 1089949
22427087 22427088
22427569 1373686
22427585 22427588
721061 180599
721061 144674
721061 91307
721061 139559
721061 1049808
22427624 22427631
22427624 22427632
22427624 22427633
13317321 13317342
22427668 22427669
22427676 22427677
22427739 22393620
22427739 22427742
22427841 36588
22427841 22427845
22427855 22427856
22427863 22427783
22427926 22427933
22427946 3675115
22427968 3675115
22428027 22428028
22428027 993199
22428080 22428087
22428099 22428100
22428148 22428151
22428173 22428179
22428254 22428262
2234596 2964964
2234596 2964965
2234596 2964966
2234596 2964967
2234596 2964968
2234596 2964969
2234596 2964970
2234596 2964971
2234596 2964972
2234596 2964973
2234596 2964974
22428671 22428672
22428681 1013584
819897 1012138
22428711 22387396
22428727 22428715
22428738 22387396
4916913 4916926
22429059 1012866
22429327 22429330
22429458 22390248
4246456 4346776
22429606 504836
22429613 22429615
22429693 22381613
22429693 22429696
22429734 22429736
3002297 3518684
9044120 163243
2254267 759847
2254267 759848
2254267 759849
22429859 22429864
22429859 22429865
22429859 22429866
22429881 22429885
22429881 22429886
22429881 22429887
22429900 506514
22429965 22429970
22429965 22429971
22429990 507634
22430019 2830029
160946 507132
22430121 2070295
22430178 9747498
22430178 22430180
22430178 22430181
22430197 1481054
22430212 64945
874555 1691255
49595 210297
49595 210298
49595 210299
22430683 22430692
122856 402966
22430990 22430996
22431013 22431017
400906 1013382
22431654 4102166
1406010 1161780
22431827 1161780
14693789 14693796
14693789 14693797
48766 99330
48766 208357
48766 208358
48766 208359
48766 120720
48766 208360
22431887 15916972
22431958 1376746
22432056 22432057
22432064 22383103
22432064 22432066
22432090 22432096
22432090 22432097
22432090 22432098
124782 407423
124782 407424
124782 407425
22432154 22432157
22432278 1688448
1042597 1905419
1773153 2588349
22432343 22432352
22432365 22432369
936611 1767002
22432376 22432381
22432394 22432400
1195789 2070328
1889424 2676304
22432477 22432481
22432504 22432508
288516 805073
15888500 15888526
22432649 22432653
22432695 14887906
2220247 2952639
2220247 2952641
2220247 2952642
608462 47420
608462 1345438
2220248 2952662
503701 1193639
3872800 4102166
22432995 22432996
22432995 22432997
22433022 22433023
22433031 22433032
22433039 287360
22433039 1004970
22433039 1004971
22433039 1004972
22433039 22433023
22433039 993704
22433039 22433032
22433039 1004973
383066 993704
22433192 22433200
22433329 345850
22433329 22433332
22433329 22433333
637400 1374565
637400 1374566
22433392 22433394
22433393 22433403
22433411 22433414
22433429 93664
22433451 22433457
22433451 22433458
1199923 2076065
622276 1361039
125054 408333
22433662 22433665
781762 680843
22433746 955374
22433787 14890426
608067 1344860
608067 1344861
22433832 1373522
22433847 22433848
22433847 22433849
22433847 22433850
22433847 22433851
22433847 22433852
22433847 22433853
22433847 1376666
326032 880733
22433857 22433860
22388567 22388579
22433872 22433878
624432 1363156
160400 160277
404184 1030727
22433909 14886307
1549819 2409958
634363 1373404
634363 1373405
635012 1373685
3444631 3819821
2667575 3281116
663315 93764
663315 1405963
663315 1405964
3224565 3675115
22434036 14982772
637619 1360821
22434077 22434080
22434162 506514
22434294 22434297
22434310 72285
22434310 22434313
160769 58192
406273 1036594
2976568 3496365
2976568 3496366
656996 1399588
110298 355035
110298 355036
412055 1049850
412055 1049851
22434842 22434844
22434855 2242287
22434898 22434900
22435720 889112
22435821 15974581
22435869 22435872
22435941 22435946
22435941 22435947
1039589 1903169
1043587 1906910
1043587 1906911
1043587 1906871
10333837 10333856
10333837 10333857
22436106 1012866
22436129 1012866
22436245 22436249
22436263 1311950
13295606 13295638
22436291 22436293
22436369 3518684
22436423 22436424
22436431 22380525
22436435 22380525
22436467 22436471
22436488 135244
22436505 22436511
22436643 22436648
22436643 22436649
22436665 22436668
22436665 22436669
22436679 19587
22436679 22436680
22436817 22436821
503773 1193782
22436858 22436863
22436909 22412628
22436956 1373685
161311 507661
505230 155376
505230 1197144
22437077 22437083
505231 1197167
22437100 22437103
22437117 22437120
640185 1376770
644612 60295
644612 1384270
400821 60295
400821 1012982
400821 1012983
3873938 4102624
22437231 96827
22437231 22437233
1394949 2268781
1394949 2268782
1394949 2268783
22437246 22437249
22437258 5828
22437258 22437261
22437312 22426910
625763 1363866
22437322 4548365
22437322 22437328
22437345 4098651
22437345 22437349
22437345 22437350
22437345 22437351
22437345 22437352
22437345 22437353
3867947 4098651
1017021 1868459
22437578 14882433
22437590 215784
22437590 22437595
22437590 22437596
22437590 22437597
1756393 2577220
1756393 2577221
22437663 2577221
22437678 263436
22437678 22437684
22437709 2577221
22437735 22437740
1678285 1012138
530746 1241540
22437761 22437763
22437761 22437764
22437761 22437765
22437761 22437766
22437761 22437767
22437761 22437768
22437761 22437769
22437761 22437770
22437788 22437794
49995 211568
49447 209980
22437923 22437929
22437938 14936257
22437983 22437987
22438019 22438025
95053 321719
295668 817522
2075665 517901
2075665 517903
22438121 2076052
1198314 2075313
22438153 22438158
22438181 22418801
22438194 22438202
22418081 22418117
383067 352887
383067 352888
383067 993714
383067 407506
22438238 352887
22438238 407506
22438259 22438263
22438259 1395570
526122 1233940
22438378 1233940
22380352 22380365
123377 404729
22438390 22438400
400948 1013441
640398 1377214
22438566 22438574
22438695 4346776
22438724 22412628
22438759 22438760
22438836 22438843
22439038 22439045
22439061 22439068
22439153 22439157
22439170 22439174
14764185 14764191
22439335 14764191
22439371 22439378
22439489 231752
22439530 22382736
652984 1369056
1195070 2070257
22439686 506360
22439702 22439709
22439721 22439728
22439739 22439744
22439739 22439745
22439739 9690118
22439776 7498
22439776 22439780
22439776 22439781
863963 1677900
22440009 22440014
401029 1013584
629658 1367317
629658 1367318
208386 624685
666793 1408784
22440772 22440778
22440772 22440779
22440772 22440780
22440854 22440858
2831701 58039
2831701 3394400
22441004 3323051
22441004 22441008
2667497 3281080
4900588 4900672
406517 1037322
22441386 22441396
427531 326371
22441529 22441531
3604556 3929264
3604556 3929265
122858 257626
2472113 1344013
607090 1344013
607090 1344014
504642 1196105
22441691 22441697
22441739 1012138
22441797 22441799
22441950 3518684
627373 141815
504433 1195829
504433 1195830
161162 507469
1199924 2075994
22442218 22442222
22442218 22442223
22442322 47040
22442322 22442328
22442322 22442329
584225 1311950
584225 1311951
584225 1311952
22442399 1311951
22442423 2683348
22442454 157952
22442581 3990737
22442610 406732
635014 1373746
3253018 104463
3253018 3696820
640186 1376800
22442678 22442684
22442678 22442685
22442738 22442739
22442746 22442747
22442746 22442748
22442746 22442749
22442746 22442750
1192960 48349
1192960 2068401
160401 504318
160401 504319
22442783 22442786
22443389 22443392
22443533 517927
22443735 22443736
22443743 22443744
22443751 13284978
643777 1382486
22443850 407719
2444842 403071
49596 210327
22443877 15001425
22443940 14566962
22443972 22443975
22436054 22436059
22444108 891914
22444233 22444238
1199925 2076090
4918783 4918850
4918783 4918851
22444283 22444284
124889 407741
124889 407742
124889 407743
22444308 22444311
22444323 324240
22444323 22444326
22444345 22444352
22444345 1161780
300213 824934
300213 98796
300213 824936
300213 824937
300213 824938
22444580 22444568
22444589 22444592
22444605 22444608
4248332 4347830
22444615 406794
608068 1344887
1030369 1892701
1030369 1892702
1030369 1892703
1030369 1892704
1030369 1892705
1198601 2075395
22444662 22444666
608463 1345458
608463 506678
22444700 22444703
22444700 22444704
22444700 22444705
1194945 218797
1194945 2070237
22444726 517927
641729 1379677
2624047 3251529
1199926 2076106
22445329 15110262
22445426 22445435
22445456 22445460
22445470 22445460
22445470 22445471
22445470 22445472
22445470 22445473
22445470 22445474
22445486 22445471
22445486 22445472
22445486 22445474
22445507 3518684
22445522 22445526
638368 1375283
22445561 1369056
22445596 9690403
22445626 22445627
22445652 22445651
498375 1184563
126879 412415
22445825 22445829
22445860 249565
22445860 22445863
22445860 22445864
22445878 22445879
1049861 1912173
1049861 1912174
1049861 1912175
1049861 1912176
22445988 22445990
22446033 22446039
22446103 22412628
22446125 22446130
22446281 22446285
22446281 22446286
22446395 22446398
22446395 22446399
22446412 22446418
22446429 22446435
22446429 22446436
22446707 4211507
22446722 1382337
22446737 22446743
1374447 2252289
1195561 2070295
22446862 22446863
625815 1363992
638946 1375992
160770 89007
160770 164775
160770 506420
22447110 825645
4247213 4347304
1038514 1902632
22447956 22447959
22447989 160354
22448060 507634
22448067 14981811
22448074 9703480
22448123 22448131
22448159 34680
22448159 22448167
22448159 22448168
22448159 22448169
22448159 22448170
22448159 22448171
22448312 14982772
22448331 1369056
643091 1382098
2234598 2965010
160817 506690
22448435 22448437
22448435 22448438
22448435 22448439
1198216 2075278
652831 1395465
2584919 64126
2584919 3222024
2584919 3222025
22448542 22448545
22448591 22434844
530747 1241559
22448605 2732907
1066653 1929637
505233 1197193
22448696 39306
22448709 22448715
22448709 22448716
22448709 22448717
1604822 39291
1604822 2455338
1604822 2455339
22448772 3518684
22448794 22448799
22448810 22382736
22448832 22448839
526197 1234119
504644 1196104
124971 99583
22448950 22448952
22448984 22448987
22448999 22442685
22449027 407719
22449027 22449033
22449065 22449067
22449138 22424590
22449163 22449170
22449314 22445909
22449314 22445906
22449589 22449594
160729 506338
22449630 22449632
22449644 22449647
3867298 4098137
633925 1373240
633925 1373241
620338 1359558
160818 391910
160818 506700
160818 506701
160818 506702
22450090 57066
22450112 13342844
623430 1362186
160402 504334
22450290 22450295
22450327 1012866
22450377 22450381
22450377 22450382
22450377 22450383
22450393 22450397
504863 1196885
22387557 22387561
22387557 22387562
864653 1678266
22450451 22450456
22450485 22450489
22450531 22450535
22450556 1362294
22450584 22450587
22450627 4099171
22450709 22425004
22450735 22450745
160403 504348
22450793 22442403
1199183 2075571
1199183 2075572
1199183 2075573
160902 506918
22451187 22451188
2556234 3202237
22451528 22451532
22451558 22451559
22451677 506338
400604 520765
22451693 22451697
640615 1377448
22451751 22451756
22451751 22451757
22451751 1364057
22451793 2577221
22451793 22451806
937333 1767410
96923 326225
96923 326226
2831842 3394464
22452079 22452084
22452079 22452085
22452116 22452119
22452129 141402
22452129 22452132
22452239 22452248
22452264 22452268
13319836 13319933
160904 506950
22452754 22412628
6096485 6096507
4250759 3518684
22452916 22452917
22452983 22452989
406139 105418
406139 1036262
406139 1036263
406139 1036264
406139 1036265
406139 1036266
406139 1036267
406139 1036268
406139 1036269
22453181 1894481
22453211 22453218
1199474 2075753
22453231 1244898
208767 627954
22453294 22453300
22444861 15947899
22444861 22444893
880553 1696925
22453351 22453353
22453368 22453372
22453383 22453391
22453436 2181839
295613 817379
860853 1675155
22453521 22453528
22453521 22453529
22453521 22453530
22453521 22453531
22453608 22407780
22453630 22453635
638369 1375306
638369 1375307
638369 1375308
22453960 4348349
22453960 22380525
22453982 4348253
22454005 203090
1198315 2075330
1028404 1889509
22454157 22446055
22454174 15150853
7519808 7519814
22454448 12513389
1043450 1906856
22454562 22454563
22454704 15167646
22454713 22454723
22454764 22454769
627123 1365187
22454858 22454861
22454858 22454862
22454885 22454890
3003978 3519559
22455030 15017904
22455030 22455020
640297 1377031
626115 1364289
626115 1364290
626115 1364291
22455091 14936392
22455107 22380395
22455195 22455198
22455195 22455199
22455203 22455207
643047 1382035
643047 1382036
955461 1786404
22455292 22455297
22455393 22455397
22455408 22455414
498424 1184728
1456482 2326349
1456482 2326350
1200246 2076530
1200246 2076531
638474 52666
721064 1481053
721064 1481054
403784 1028555
22455584 1037322
22455606 22455607
627066 1365146
627066 1365147
142191 447778
142191 447779
1199475 2075773
1040870 22824
22455813 22455821
22455904 22455909
22455940 22455946
530835 1241622
328440 891914
22456627 152252
22456627 2974252
22456627 22456630
22456644 22453635
22456659 22456664
1456056 1012138
22456734 22456739
22456734 22456740
22456752 22456758
22456768 169968
22456768 22456773
22456811 22456815
22456863 22456871
22456908 208607
22456987 22456991
22457167 22457173
124973 408167
22457226 15871188
22457226 22457233
503321 1193290
22457343 22457345
22457343 22457340
623843 1362742
652711 1394989
652711 1394990
652711 1394991
4414020 1345243
22457593 503909
22458010 22458013
22458051 22458053
22458051 15977730
638947 1376013
504645 1196158
504646 1196187
504647 407425
400692 1012759
22458321 4249636
1893332 2678063
1893332 2678064
22458337 22458340
22458337 22393618
22458337 22458341
22458397 72378
22458397 22458402
22458418 22458421
1030750 72376
505286 1197273
22458514 22458515
638371 1375352
22458766 22458770
663316 1405985
2076235 2832204
22458841 22458844
22458959 22458964
22458976 817715
2170991 2912195
22459074 22459079
15927904 15927911
22459210 22459213
22459223 22459226
22459236 22422910
22459236 22459237
217174 661911
22459275 22459279
2831615 54483
22459487 67999
22459487 22459492
22459487 22459493
22459595 22459606
22459628 1364605
1199476 2075798
625817 1364026
4248866 53473
22460182 4813434
22460182 22460186
22460182 22460187
22460197 22446743
22460209 22460215
22460209 22460216
22460209 22460217
22460209 22460218
22460244 22460250
22460244 22460251
22460262 22446743
22460262 1037322
22460274 79801
22460274 22460279
22460288 22460293
22460288 22460294
22460288 22460295
22460307 22460312
22460307 22460313
22460307 22460314
22460307 22460315
22460307 22460316
22460307 22460317
160569 42819
160569 505935
160569 505936
160569 505937
160569 505938
160569 505939
160569 505940
160569 505941
160569 505942
160569 505943
160569 505944
22460330 22460337
22460330 22460338
22460352 22460356
22460367 464403
22460367 22460372
22460367 22460373
22460367 22460374
22460472 22460474
22460678 993199
22460700 22460698
22460706 22452119
22460723 22403827
22460791 22460792
622127 1361003
22460802 22460809
22460802 22460810
161163 507491
161163 507492
22461103 1184630
1818942 2629630
1818942 2629631
22461201 22461208
22461201 22461209
22461244 22461247
22461283 22461288
22329106 507156
22329106 22329185
22461384 22461390
22461498 22461501
22461567 22461571
22461588 22461589
208478 625064
208478 625065
1038708 1903017
22461599 22461603
22382655 146736
22382655 22382668
22382655 22382669
976637 1819761
15838513 15838527
1773154 2588369
22461868 22461873
22461936 22461942
22461971 22461983
22462011 22462014
124974 408195
4251244 4349301
4250047 4348625
22462018 4348625
22462018 4349301
4248059 4098137
2243713 2970532
936613 1767025
3868963 4099333
22462053 22383120
22462237 1043901
642251 1380938
22463397 22463401
22463456 1394991
22463534 22463537
161108 507359
22463803 22463809
22463923 1626649
22463947 22366259
408400 1043901
22464067 22464068
22464076 22464077
22464203 22464210
22464225 22464228
124975 408221
124975 408222
22464265 22464269
22464265 22445415
22464265 22464270
526168 1234080
526126 1234047
22464343 4095465
22464434 13298207
22464434 22464441
640096 1376678
22464567 22464570
22464580 22464584
22461257 22461266
22464653 1626649
22464660 1626649
22340733 22340742
638007 149527
638007 1374824
1906997 2685611
1906997 2685612
22465051 22465058
11762844 11762860
22465177 22465180
22465177 22465181
22465289 22465290
22465296 22465297
22465331 22465332
22465338 22465321
22465344 22465348
22465344 22465349
22465369 22465373
22465395 22465398
22465395 22465399
171957 531000
171957 531001
171957 531002
22465412 22465415
22465457 22465462
2234599 2965025
2234599 2965026
22465801 403071
22465824 403071
22465901 326800
22465907 1090440
124787 407506
22466265 407506
22466320 406731
22364416 22364439
22466340 22466344
3154879 3626259
22466355 68554
22466355 22466356
22466443 22366259
22466478 22366259
640255 1376935
22466556 22466561
22466574 1197482
22466585 22466586
22466702 22466708
22466986 22466993
22466986 22427783
7314019 3518684
22467059 321719
22467070 22467073
22467084 22467091
22467110 22467113
22467125 3518684
22467162 22467168
2073983 2830134
295488 817132
295488 817133
295489 817145
22467227 22467236
22467420 22467428
22467420 22467429
22467420 22467430
4247571 4347444
1043553 507634
22467503 2684620
22467532 22467534
22467542 22467545
22467557 503909
620458 1359799
160406 504401
22467579 15168704
14778495 14778508
643092 1382118
643092 1382119
643092 1382120
643092 507236
160730 35961
160730 506360
160730 506361
160730 506362
1194239 507634
1194239 2070170
880633 1697029
22467919 22467921
22467919 22467922
22467936 22467941
1036616 1901273
22467985 22424771
872655 1688558
872655 1394991
872756 889112
22468079 22393920
22468095 1363943
22468136 15931460
22468154 22468158
22468154 22468159
22468154 22468160
22468302 22468304
22468381 22468384
22468412 14963698
22468430 14963698
22468458 14963698
22468485 22468494
124977 408266
22468625 22468628
22469036 14882180
1042101 407719
208388 407719
22469050 15135218
22469136 22469141
22469159 22469163
2057742 2816642
22469183 4098735
22469307 22469312
125056 158352
22469350 22426910
22469381 22425092
22469384 22469386
22469416 1006445
22469606 240646
22469606 22425003
942951 1774056
942951 1774057
22469684 14941610
22469693 4098651
22470005 22470008
781639 1567748
7985262 7985284
406611 321719
22470649 993785
22470780 22379708
400605 1012138
3869900 1012138
22471064 406732
383115 993956
406377 1036813
3001862 993785
383070 993785
22471259 22471263
22471273 22471276
22471393 1012138
22471443 22471446
22471555 1013584
22471565 1013584
406402 78274
406402 1036980
22471774 22471778
22471774 22471779
22471774 22471780
22471815 4098137
160407 504410
160407 504411
22471901 22471905
22471901 22471906
22471901 22471907
22471968 352889
22472104 22472109
406937 1039006
623844 1362766
22472354 22472362
22472354 22472363
173957 537226
173957 537227
1369051 2245226
22472429 22472362
22472429 22472437
22472504 22472505
2251772 2976636
22472638 14995732
22472645 22472647
22472662 22442543
22472750 22472754
22472766 4346776
22472881 3518684
14465550 14465557
628119 1365986
22473273 3518684
22473763 22473768
22473857 22473861
22473933 624933
22473951 1377487
22473978 1369056
22474001 22474006
22474045 701543
22474169 22474171
22474187 22474191
124978 408280
22474240 22474241
22474325 22474328
22474325 1904608
22474618 22474626
22474642 1184630
22474714 22455478
922331 1730548
22474728 22474730
22474762 13350983
22474762 22474765
628120 1365998
628120 1365999
1450917 2321817
1450917 2321819
22474886 22474890
22474886 22474891
22474993 22407780
22475256 22475261
5003284 85001
22475393 22381452
22475425 1359916
22475477 1382288
22475486 22386927
22475574 403071
22475595 22475598
22475595 22475599
22454518 1696148
1848574 2651834
1848574 2651835
22475641 22475645
22475656 1363943
22475681 1365174
22475981 1363943
22476029 15009981
22476041 22476052
22476070 22476080
22476176 22476179
640433 1377254
22476301 22476307
22476301 22476308
22476322 22476307
22476423 22476428
2204037 2941941
22476476 22476479
22476476 407182
22476476 22476480
627126 1365225
627126 1365226
626926 1365010
22476497 22476506
22476518 3518684
22476557 22476561
22476557 22476562
22476582 22476585
22476618 22476625
22476636 1344013
22476643 22476649
22476800 22476805
22476821 22476824
22476844 2349689
22476851 22476853
22476861 22476864
22476885 22476888
22476915 22476916
22476930 22476933
22476958 22476961
22476971 22476974
22476987 22476991
22477000 22477004
22477013 294887
22477013 22477014
22477027 22477030
22477041 22477044
22477143 22458037
124790 407535
22477188 22445627
22477732 22477737
8397196 8397222
8397196 8397223
1390302 2263632
1390302 2263633
4296985 4379769
22477967 506360
22477967 22477973
661732 1403078
22478012 22478013
22478020 22478024
22478339 22478342
22478354 22478360
22478478 891914
22478509 22391641
22478526 22391641
22478530 22478534
22478545 1364005
3877670 4104048
2364965 407182
942741 1773786
22478617 22478620
22478661 22478664
22478748 403071
22478900 22478905
22479326 14881888
22479326 15003251
22479967 22366259
22479986 15001425
652788 1395409
652788 1395410
22481417 699277
1868369 2667563
1233968 2113721
22485772 22485776
22486163 1044904
22486334 22486337
22486831 1904495
15829115 15829123
22487478 4346776
22487516 4346776
1851796 2653894
22488069 22488075
22488069 503909
15990213 7976837
22488250 506514
22488578 4249636
1904629 2684609
22489572 14891821
22489602 3518684
22489619 22393618
220773 22782
22489706 22782
22490176 22490179
22490214 22490217
22490222 22490225
54172 185072
54172 221563
54172 208359
22490391 189268
22490391 506514
22490435 3518684
22490463 3518684
22490921 22437350
22490932 22490933
22490967 22490972
22491073 1616189
882278 127229
1363564 2239657
22491360 22491365
22491424 22491433
641238 1378829
22491769 13333892
22491800 4099171
22491868 22422190
22491973 22491976
22491973 22491977
22491987 22491990
22491987 22491991
22492006 22380395
397635 1006445
22492240 22492245
22492273 22492277
22492299 891914
22492317 22492320
2999500 352889
22492416 1626648
22492582 3518684
643914 1382716
8992014 104402
1377053 2254832
1377053 2254833
22492608 22492611
22492640 22492641
22492705 2912196
22492740 22492741
22492757 22492760
22492757 22492761
22493243 22493246
400738 1012947
400738 1012948
526127 1234060
526127 1234061
22493545 3518684
22493605 22385344
22493750 406732
22493793 993495
22493916 22493924
22493939 1184630
22493953 3518684
22494022 1037487
22494022 22438158
22494040 1044904
22494137 3518684
22494216 22494222
22494255 701543
1200110 2076256
22494371 22494376
22494410 22494413
22494410 22494414
1042599 1376830
22494558 22494561
22494674 22494675
406378 1036829
498377 1184585
22494989 22379634
22495219 14885332
22495225 14885332
22495249 406732
22495351 22495355
22495398 22495402
4250799 4348669
22385989 22385997
22385989 15078924
22495512 3518684
22495527 993495
22495668 22495670
22496172 22496175
22496190 22496195
22496190 22496196
22496190 22496197
22496190 22496198
22496315 22496319
22496398 1905583
22496429 2912196
22496604 22496612
22496642 22496645
22496707 1364006
2514602 3181117
22497567 22497570
22497567 22497571
638372 1375373
22498294 22381067
623887 208264
22498309 22498314
22485936 22380395
22499986 22499988
23664474 1360821
505156 1196981
505156 874521
23665367 4425483
23666004 23666006
680628 1433332
3869906 91103
3869906 1012138
23669879 23669882
11596985 11596995
23670196 759847
23670196 23670198
23670574 4216348
122356 401016
23672533 23672535
23672533 23672536
23673083 23673086
25394670 25394671
25394682 1403078
22406971 22406976
29028591 29028593
508065 1201510
29029151 3496334
442361 1091232
22432196 22432199
22432196 22432200
33138435 33138436
33157491 33157493
34346382 34346383
34413847 34413848
34442687 22490531
34442687 34442689
34458537 1395879
34496413 22380669
34497617 34497618
34499169 22379634
35055973 407386
35056638 35056640
35056669 35056671
124904 407826
35056862 35056864
1912005 2689551
35057013 35057015
35057562 35057564
35057727 35057729
35058435 35058437
35058475 35058477
35058498 22493661
35058823 13281403
33147961 22386927
35059044 35059046
35059044 35059047
35059044 35059048
35059044 35059049
35059044 35059050
35059273 295573
35059646 35059648
35059646 35059649
35059823 35059825
35059881 35059883
35059881 35059884
35060455 162832
35060455 35060457
35060455 35060458
35060483 22424934
35060505 35060507
35060664 22445627
35061432 1458711
35061432 35061434
35061461 35061463
35061501 35061503
35068777 22433415
1043610 406860
640104 402943
35087819 35087821
35092328 35092330
35092328 993199
1374458 663384
13298549 2070388
35774009 35774011
35774019 35774020
1912006 2689558
35774028 35774031
35774039 35774040
1912007 2689566
22486220 22486223
22468842 22468846
22436692 22436704
35060830 35060833
721073 1481075
35774611 35774612
35774635 35774636
22486260 22486264
35835498 22389669
35835498 35835499
35835527 1376746
35835539 1376746
35835575 15078925
35835713 1161780
35835774 22380395
35835784 625108
35835897 4098573
35836072 22463441
35836079 22411783
35836095 35836096
35836215 1012866
35836257 1364752
35836325 14885332
35836325 2220059
35836339 3518684
35836364 124156
35836397 1363444
35836464 35836465
35836537 35836538
35836600 2577221
35836600 35836601
652717 1395014
35836761 22387778
35836769 2912196
35836818 22387778
35836831 22381585
35836834 35836835
35836849 3518684
35836935 625108
35837243 22409385
35837374 15001572
35837394 1906911
35837465 35837466
35837537 1365174
35837588 35837589
35837594 14982772
652843 1395500
35837709 22393920
35837712 35837713
35837814 1678266
35837848 22387613
35837855 22387613
382945 993495
35838079 4098735
35838107 352889
35838154 22393267
35838191 35838192
35838256 164078
35838307 680871
35838403 402878
35838510 15078924
35838557 15001425
35838564 3518684
35838583 35838584
35838592 22384804
35838686 35838687
35838735 1344817
35838742 35838743
35838746 22393235
35838773 1364624
35838790 1363943
35838818 14885332
35838880 22366259
35838983 22381710
35838992 950773
35838997 2682442
35839056 1376625
35839171 35839172
35839644 624933
35839690 35839691
382946 318446
35839823 35839824
35839915 14949717
35839936 1091079
35839939 1091079
35839987 4098735
35839994 1012866
35839997 1013584
35840019 22475598
35840022 22475599
35840043 2070387
35840109 15079469
35840215 1394991
35840218 1394991
35840387 35840388
35840466 1373685
22499909 22499910
35840694 402943
35840702 402943
35840838 14890426
35840845 3675115
35840887 4348669
35841053 4347512
35841211 1012138
35841226 22379708
35841415 22381710
35841515 22381710
35841595 22366259
35841604 406732
35841895 4102166
35841903 35841904
35841987 15125157
35842129 35842131
35842153 35842154
35842302 3518684
35842315 22393620
35842315 35836835
35842368 208264
35842381 1362294
35842383 1362294
35842385 1362294
35842387 1362294
35842389 1362294
35842391 1362294
35842452 22442289
35842576 35842577
35842583 35842584
35842601 35842602
35842716 3518684
35842783 2912196
35842927 22471263
35842933 13298207
35842935 35835499
35842962 625108
35842973 15001425
35843030 403113
35843103 891914
35843172 403071
35843174 22386927
35843174 15001425
35843176 22386927
35843236 22458964
3870817 1012138
35843289 22380004
35843298 3518684
35843371 3518684
35843447 35843448
35843482 22485838
35843514 22379220
35843520 35843521
35843711 35843712
35843981 503909
35844136 15001425
35844204 1626649
35844216 1626649
35844280 1626649
35844343 15001425
35844348 35844349
35844348 35844350
35844358 1382245
35844361 35844349
35844403 15014984
35844430 1626649
35844500 2242288
35844657 14941610
35844730 35844731
3004852 699277
35844999 22438158
35845059 1012866
35845097 3518684
35845183 208607
35845221 35845222
35845341 22389669
35845355 35845356
35845378 3518684
35845398 35845399
2070544 2827016
35845497 35845498
35845545 1360821
35845548 22387396
35845717 403071
35845800 22465398
35845803 34479503
35846111 22463440
35846267 22442222
35846423 4099171
35846426 403113
35846694 35846695
35846757 35846758
35846901 4098735
35846916 35846917
35847200 2912196
35847207 35847208
35847226 22389142
35847393 22386927
35847565 14913282
35847614 22385564
35847822 22389669
35847824 406732
35847882 503910
35847882 1344817
35847893 22366259
35847958 35847959
35848398 14940791
35848420 35848421
35848740 1506578
35848751 22386909
35848896 1344912
35848939 932001
35849018 950773
35849193 22453635
35849200 22382025
35849317 35849318
35849317 35849319
35849356 35849357
35849361 35849362
35849382 1013584
35849382 22387396
35849384 22380395
35849418 407875
35849483 22380395
35849574 35849575
35849601 22476308
35849641 969610
35849645 22442685
35849742 35849743
35849742 2245226
35849833 1184663
35849861 3518684
35849883 35849884
35849892 1012866
33184891 14963698
35849964 22385564
35849972 1360821
35849978 506338
35849989 210666
35849989 1362294
35850031 517927
35850116 1012866
35850141 35850142
35850260 22388492
35850292 1344013
35850398 15001572
652893 1395541
35850407 1037487
35850467 22391200
35850573 22366259
35850581 1012866
35850586 1012866
35850593 1012866
35850616 403113
35850664 22458964
35850670 1012866
35850719 4102166
35850721 4102166
35850723 4102166
35850747 14998562
35850747 35850748
35850754 72676
35850760 3518684
35850862 22380525
35850887 22412386
35850896 1376626
35850898 35850899
35850948 22400350
35850951 1311951
35850974 3518684
208775 351435
35851057 22389669
35851064 22389669
652844 1395507
35851143 1196106
35851171 352889
35851228 1012866
35851250 1906911
35851345 15017904
35851362 1688448
922388 1730572
35851436 407719
35851436 35851437
35851466 15125157
35851474 4098735
35851682 35851683
35851688 158350
35851704 35851705
35851860 22387737
35851862 35840388
35851946 35851947
35851961 22379708
35851968 22379220
35851970 22379220
35851988 22379634
35852062 15115182
35852075 14890426
35852091 22379708
35852221 3518684
35852278 22422190
35852289 33188694
35852310 625108
35852334 22393844
35852338 22393844
35852501 22379634
35852544 22380525
35852593 1184630
35852597 408051
35852600 22381710
35852603 22476764
35852620 1161780
35852680 1311952
35852728 701543
35852773 993199
35852805 22379642
35852891 35852892
35852915 22415625
35852927 1395852
35852937 35852938
35852942 22381710
35852962 22380395
35852978 4548318
35853085 35853086
35853101 35853102
35853129 22380004
35853135 35853136
35853198 35853199
35853296 625108
35853399 583655
35853591 35853592
35853598 22388492
35853608 35853609
35853707 22441029
35853712 625108
35853723 35853724
35853763 35853764
35853792 625108
35853797 625108
35853808 625108
35853819 22393844
35853825 22393844
35853837 22393844
35853842 22393844
35853857 1688448
35853898 14890426
35853997 1626649
35854028 993199
35854036 2831908
124905 407841
3002591 466085
35854042 321719
35854044 993785
35854047 993785
35854050 993785
35854116 1012138
161299 507645
161299 506545
36850909 22467220
1199804 2075915
36850916 36850917
36850919 506545
36850926 36850927
36850926 36850928
36850929 36850930
36850929 36850931
36850929 36850932
36850929 36850933
36850929 36850934
36850929 36850935
4813266 4813433
4813266 4813434
36850941 36850942
36850941 36850943
36850941 36850944
36850951 36850952
36850951 36850953
36850959 36850960
36850959 36850961
36850959 36850962
36850959 36850963
36850959 36850964
36850970 36850971
36850970 36850972
36850979 36850971
36850979 36850972
36850984 36850985
36850984 36850986
36850984 36850987
36850984 36850988
36850994 36850995
36851000 36851001
36851008 36851009
36851008 2075263
36851016 36851017
36851024 36851025
36851032 36851033
36851040 36851041
36851048 36851049
36851056 504836
36851058 504836
36851060 504836
36851060 505910
36851062 15168704
36851069 36851070
36851072 36851073
36851072 36851074
36851072 36851075
36851072 36851076
2220323 2952733
36851082 36851083
36851091 22427631
36851091 36851092
36851098 36851099
1016661 1868370
1016661 1868371
1016661 1868372
36851107 36851108
36851116 36851117
36851124 36851125
36851131 36851132
36851137 36851138
36851137 36851139
36851137 36851140
36851146 36851147
36851154 28726686
36851160 28726688
36851167 36851168
36851174 36851175
36851181 36851182
36851188 36851189
36851195 36851196
36851202 36851203
36851209 36851210
36851216 36851217
36851224 36851225
36851232 36851233
36851240 36851241
36851247 36851248
36851256 36851257
36851263 36851264
36851263 36851265
36851263 35058004
36851276 36851277
36851276 36851278
36851289 36851290
2076704 2832631
36851297 11789586
36851304 35402825
161234 507626
36851311 36851312
36851318 36851319
36851325 36851326
36851332 36851333
36851339 36851340
36851347 507634
161235 507634
36851352 507634
36851359 104605
36851359 507634
36851365 36851366
36851365 406732
36851375 36851376
36851383 36851384
36851392 2075937
36851398 36851399
36851401 36851402
36851406 12604799
36851414 35402416
36851423 22459958
36851423 14885332
36851425 36851426
36851433 503910
36851433 36851434
36851433 36851435
36851441 36851442
36851444 36851442
36851446 36851447
36851446 36851448
36851457 15931368
7053396 7053398
663319 653
663319 1406001
663319 1406002
36851464 36851465
36851472 36851473
36851480 36851481
36851480 330257
36851483 36851484
36851492 36851493
36851500 36851501
36851509 36851510
36851518 36851519
36851527 36851528
36851535 36851536
36851543 36851544
36851551 36851552
36851559 36851560
36851571 36851572
36851571 2519998
36851574 36851575
36851583 31939976
36851590 36851591
36851598 33164990
36851605 36851606
36851610 33164972
36851614 13294415
36851620 4052713
36851626 36851627
36851633 36851634
36851640 36851641
36851647 36851648
36851654 520764
36851660 36851661
36851667 36851668
36851674 36851675
36851681 36851682
36851688 36851689
36851695 9481407
36851700 2178472
864249 1678076
383126 993986
383126 993987
383126 993988
36851706 36851707
36851714 4101590
36851721 36851722
36851732 36851733
36851741 36851742
36851750 36851751
36851759 36851760
36851768 36851769
36851777 36851778
36851786 36851787
36851794 22459057
36851801 36851802
36851809 212897
36851809 993785
36851815 993785
3001315 993785
3000649 993785
36851822 993785
36851828 993785
2999287 993785
36851832 36851833
3875959 4103164
36851840 36851841
36851848 36851849
36851856 318446
3869956 318446
36851863 1012138
36851870 1012138
36851877 1012138
36851884 1012138
36851891 1012138
36851898 1012138
36851905 1012138
36851912 1012138
36851919 1012138
36851926 1012138
36851933 1012138
36851940 1012138
36851947 1012138
36851951 1012138
36851954 36851955
36851962 36851963
36851968 32835292
36851970 36851971
36851979 36851980
36851986 36851987
36851994 36851995
36852001 36852002
36852009 36852010
36852017 36852018
36852025 36852026
36852033 993956
36852036 36852037
36852041 466085
36852041 993199
36852048 102870
36852056 36852057
36852063 104229
36852063 36852064
36852072 36852073
36852080 36852081
36852088 36852089
36852096 36852097
36852105 36852106
36852114 36852115
36852125 36852126
36852131 36852132
36852139 1767264
937179 1767264
36852145 1767264
36852149 36852150
36852156 36852157
36852163 36852164
36852171 36852172
36852179 35092330
36852181 36852182
36852188 36852189
36852195 36852196
36852202 36852203
36852209 15937863
36852215 15937866
36852221 36852222
36852228 36852229
36852235 699277
4252464 699277
400701 1012811
36852242 36852243
36852250 36852251
36852250 1161780
36852260 36852261
36852271 36852272
36852279 36852280
36852289 36852290
36852299 36852300
36852309 36852310
36852319 22417583
36852321 36852322
36852329 36852330
36852337 22445566
36852344 36852345
36852352 36852353
36852352 22471263
36852357 22471263
36852361 22471263
382948 993512
36852364 36852365
36852371 36852372
36852378 36852379
36852387 36852388
36852394 352889
36852401 352889
22380716 352889
3002101 352889
36852408 36852409
36852414 36852409
36852422 36852423
36852422 36852424
36852430 32828367
36852437 36852438
36852437 36852439
36852445 375918
36852452 36852453
36852457 36852458
36852465 36852466
36852472 36852473
36852480 36852481
36852486 31935877
36852491 3698685
36852495 36852496
36852501 36852502
36852506 36852502
36852510 36852502
36852514 36852502
36852518 36852502
36852522 36852502
36852526 36852502
36852530 36852531
36852536 36852537
36852541 36852542
36852545 36852546
36852550 36852551
36852555 36852556
36852561 15966108
36852566 6555132
36852570 36852571
36852575 22471446
36852581 22471446
36852585 22471446
36852589 22471446
36852593 22471446
36852597 22471446
36852601 22471446
36852605 22459058
36852609 36852610
36852614 36852615
36852620 15839030
36852624 14887605
36852628 22411099
36852632 14883814
36852639 36852640
36852639 4052631
36852650 36852640
36852652 4052631
36852659 36852660
36852667 22386143
36852674 22386143
36852681 22386143
36852688 36852689
36852696 36852697
36852704 1013584
36852711 1013584
36852718 1013584
36852725 1013584
36852732 1013584
36852739 1013584
36852746 1013584
36852752 1013584
36852759 1013584
36852766 1013584
36852770 1013584
36852773 22409385
36852773 13271953
36852777 36852778
36852785 36852786
36852793 36852794
36852801 121189
36852811 36852812
36852816 22432057
36852816 36852817
36852824 22432057
36852828 36852829
36852836 35845468
36852840 32788763
36852845 36852846
36852851 36852852
36852856 36852857
36852862 1036964
36852870 36852871
36852874 36852875
36852882 22442786
36852886 22442786
36852886 36852887
36852886 36852888
36852892 22442786
36852896 22442786
36852900 36852901
36852905 36852906
36852910 36852911
36852915 36852916
406411 215669
36852920 36852921
36852924 36852925
36852924 36852926
36852933 5160
36852937 208876
36852941 15956582
36852944 22445567
36852946 36852947
36852946 36852948
36852955 36852956
36852964 36852965
36852969 36852970
36852978 35836538
36852984 35836538
36852991 35836538
36852998 35836538
36853005 35836538
36853009 35836538
36853013 36853014
36853017 36853018
36853025 36853018
36853029 36853018
36853033 36853034
36853043 36853044
36853052 36853053
36853061 36853062
36853070 36853071
36853079 36853080
36853079 36853081
36853088 36853089
36853095 36853096
36853103 36853104
36853112 35400031
400573 1012016
36853120 36853121
36853129 240412
36853129 36853130
36853129 35400043
36853129 36853131
36853129 36853132
36853129 36853133
36853129 36853134
36853129 36853135
36853129 36853136
36853129 36853137
36853158 36853159
36853166 36853159
36853172 36853173
36853180 36853181
36853188 36853189
36853198 36853199
36853207 36853208
36853215 36853208
36853219 36853208
36853223 36853208
36853227 36853228
36853235 22454723
36853239 32691896
36853243 4347512
36853250 36853251
36853258 1012790
36853266 36853267
36853271 1395465
36853278 1196105
36853286 22453635
36853293 22453635
36853299 22453635
36853306 22453635
36853308 22453635
36853310 22453635
36853313 22453635
36853315 993199
36853317 993199
36853323 993199
36853330 993199
36853337 993199
36853344 993199
36853351 993199
36853353 993199
36853355 993199
36853357 993199
36853359 993199
36853361 993199
36853363 1369056
36853370 1369056
36853377 1369056
36853383 1369056
36853392 1369056
36853399 1369056
36853405 1369056
36853412 1369056
36853419 1369056
36853425 1369056
36853432 1369056
36853439 1369056
36853442 1369056
36853446 1369056
36853448 1369056
36853450 1161780
484675 1161780
36853457 1161780
36853461 1161780
36853463 1161780
36853465 1161780
36853467 1161780
36853471 1161780
36853475 1161780
36853479 1161780
36853483 1161780
36853487 1161780
36853489 36853490
36853497 36853498
36853504 22458439
36853510 36853511
36853518 22398299
36853524 1399573
36853530 109955
36853539 36853540
36853546 36853547
36853554 36853555
36853561 1375458
36853567 1436416
2251453 1373685
36853573 1373685
36853573 14982773
36853575 14982772
36853582 52189
36853582 36853583
1039118 1903086
1039118 407386
36853591 208877
36853598 36853599
937116 1767253
937116 1767254
937116 1767255
937116 1767256
2251454 1373686
36853607 22382668
36853614 22386927
36853617 15001425
36853622 1567748
36853629 36853630
36853637 22441201
36853644 1376746
36853646 36853647
36853651 36853652
36853651 1311952
36853661 36853662
36853665 4099171
36853667 1626649
36853671 36853672
36853681 22393920
36853689 22393920
36853696 22393920
36853703 4350202
36853709 22389142
36853714 14913282
36853717 14913282
36853720 14913282
36853722 4461092
36853728 1359916
36853732 1359916
36853734 14889759
36853740 36853741
36853740 36853742
36853740 22385643
36853749 36853750
36853756 504318
36853757 36853758
36853764 22455207
36853774 22450381
36853774 22450382
640309 1377076
36853780 36853781
36853780 1730572
36853787 36853788
36853795 1196885
626545 1364639
626545 1364640
36853797 36853798
36853806 36853807
36853806 36853808
36853814 1433332
36853818 1963152
36853825 15927911
36853826 32947180
36853835 36853836
36853835 36853837
36853843 36853844
36853843 36853845
36853853 5071098
36853860 36853861
36853868 443384
36853874 36853875
36853883 1364568
36853884 16182
36853884 36853885
36853893 36853894
36853893 36853895
36853903 36853904
36853911 36853912
36853919 36853920
36853926 36853927
36853934 35401735
36853941 35399964
36853948 36853949
36853951 35402811
36853956 8366357
36853963 36853964
36853968 36853969
36853968 160354
36853971 36853972
36853974 3496383
36853977 22478570
12715236 12715244
36853980 22433415
36853982 22394112
36853991 36853992
36853999 1363943
36854004 35850293
36854011 36854012
36854011 36854013
36854020 10653043
36854026 261452
36854028 36854029
36854028 36854030
36854038 655181
36854046 36854047
36854054 36854055
36854061 583655
36854068 22412710
36854075 22476524
36854082 22458037
36854090 36854091
36854097 137996
36854103 22469748
36854110 36854111
36854117 99523
36854117 36854118
36854124 36854125
36854132 22408575
36854140 36854118
36854146 9680348
36854153 22442685
36854160 22442685
36854167 51079
36854167 9680350
36854167 36854168
36854167 36854169
36854175 9680349
36854175 22389670
36854181 22389670
36854188 36854189
36854196 36854197
36854199 22391642
36854199 36854200
36854208 22444200
36854208 36854209
36854216 36854217
36854223 36854224
36854231 36854232
36854231 36854233
36854231 36854234
36854231 36854235
36854231 36854236
36854244 36854245
36854252 36854234
36854259 36854260
36854267 36854268
36854274 36854275
36854281 36854282
36854290 36854291
36854298 36854299
36854305 36854306
36854312 407445
36854312 36854313
36854321 36854322
36854329 36854330
36854336 36854337
1042676 1905583
36854343 36854344
36854351 22457195
36854357 36854358
36854357 36854359
36854368 36854369
36854378 22477722
36854386 36854387
36854393 36854394
36854400 407446
36854407 22452060
36854414 36854415
36854422 36854423
36854422 36854424
36854432 36854433
36854440 36854441
36854448 36854449
36854456 36854457
36854463 36854464
36854471 36854472
36854479 36854480
36854479 36854481
36854489 36854490
36854496 36854497
36854504 36854505
36854512 36854513
36854520 36854521
36854528 36854529
36854535 36854536
36854535 36854537
36854544 36854545
36854551 36854552
36854551 36854553
36854560 36854561
36854560 36854562
36854569 36854570
36854576 36854577
36854582 36854583
36854589 36854590
36854597 36854598
36854604 36854605
36854604 36854606
36854613 36854614
36854620 36854621
36854627 22379620
1233981 2113749
36854633 36854634
36854640 36854641
36854646 36854647
36854654 36854655
36854661 36854662
36854668 36854669
36854676 36854677
36854676 36854678
36854684 36854685
36854692 36854693
36854700 36854701
36854708 36854709
36854716 36854717
36854716 536133
36854723 36854724
36854730 36854731
36854736 36854737
36854744 36854745
36854752 36854753
36854760 36854761
36854768 431143
36854768 36854769
36854776 36854777
36854784 36854785
36854792 36854793
36854799 36854800
920321 1727499
36854807 36854808
36854815 36854816
36854817 36854824
36854831 36854832
36854838 36854839
36854846 36854847
36854853 36854854
36854861 36854862
36854869 36854870
36854869 36854871
36854879 36854880
36854887 36854888
36854895 36854896
36854903 36854904
36854911 36854912
36854919 36854920
36854927 36854928
36854935 36854936
36854943 36854944
36854951 36854952
36854959 36854960
36854967 36854968
36854976 36854977
36854984 36854985
36854992 36854993
36855002 36855003
36855010 36855011
36855018 36855019
36855018 36855020
36855026 36855027
36855033 36855034
36855041 36855042
36855050 36855051
36855058 36855059
4498708 4526137
36855065 36855066
36855073 36855074
36855081 36855082
36855089 36855090
36855097 36855098
36855105 36855106
36855113 36855114
36855122 36855123
36855129 36855130
13318630 13318659
13318630 13318660
13318630 13318661
36855137 36855138
36855146 36855147
36855154 35836461
36855161 22494675
36855166 36855167
36855174 36855175
36855181 36855182
36855189 36855190
36855197 36855198
36855197 506616
36855207 36855208
36855215 36855216
36855223 36855224
36855232 36855233
36855232 36855234
36855243 36855244
36855251 36855252
36855259 36855260
1043591 1906927
1043591 1906928
36855266 36855267
36855274 36855275
36855282 36855283
36855289 408051
36855296 36855297
36855303 36855304
36855310 36855311
36855318 36855319
36855326 36855327
36855334 36855335
36855342 36855343
36855350 36855351
36855358 36855359
36855366 36855367
36855374 36855375
36855382 950580
36855389 36855390
36855397 36855398
36855405 36855406
36855413 36855414
36855413 407719
36855421 36855422
36855429 36855430
36855437 36855438
36855445 36855446
36855452 36855453
36855459 36855460
36855466 36855467
36855473 36855474
36855480 36855481
36855488 36855489
36855495 36855496
36855502 36855503
36855502 36855504
36855512 36855513
36855522 36855523
36855530 36855531
22393619 22393626
36855540 36855541
36855547 36855548
36855555 36855556
36855563 36855564
36855571 36855572
36855579 36855580
36855587 36855588
36855595 36855596
36855602 36855603
36855610 36855611
36855618 36855619
36855626 36855627
36855634 36855635
36855641 36855642
36855649 36855650
36855657 36855658
36855665 36855666
36855673 36855674
36855681 36855682
36855689 36855690
36855697 36855698
36855705 36855706
36855714 36855715
36855723 36855724
36855731 36855732
36855739 36855740
36855739 36855741
36855749 36855750
36855757 36855758
36855765 36855766
36855772 36855773
36855772 36855774
36855780 36855781
36855788 36855789
36855795 36855796
36855803 36855804
36855810 36855811
36855818 36855819
36855826 36855827
36855834 36855835
36855842 36855843
36855852 36855853
36855860 36855861
36855868 36855869
36855876 36855877
36855883 36855884
36855890 36855891
36855897 36855898
36855905 36855906
36855913 36855914
36855922 36855923
36855930 821204
36855930 36855931
36855939 36855940
36855947 36855948
36855955 36855956
36855963 36855964
36855971 36855972
36855971 36855973
36855980 22476974
36855985 34423628
36855992 36855993
36856000 36856001
36856008 36856009
36856016 36856017
36856024 36856025
36856032 36856033
36856040 36856041
36856048 36856049
36856058 36856059
36856066 36856067
36856074 36856075
36856082 36856083
36856090 36856091
36856097 36856098
36856101 35057691
36856109 36856110
36856117 36856118
36856125 36856126
36856125 36856127
36856135 36856136
36856143 36856144
36856153 22491433
36856155 215182
36856155 36856156
36856155 36856157
36856168 36856169
36856175 36856176
36856182 36856183
36856189 36856190
36856197 36856198
36856206 36856207
36856213 36856214
36856222 36856223
36856222 36856224
36856230 36856231
36856239 36856240
36856246 36856247
36856253 36856254
36856260 36856261
36856267 36856268
36856274 36856275
36856277 36856275
36856279 36856280
36856288 36856289
36856288 36856290
36856299 36856300
36856308 36856309
36856317 36856318
36856327 36856328
36856327 36856329
36856327 36856330
36856336 36856337
36856344 36856345
36856353 36856354
36856362 36856363
36856371 36856372
36856381 36856382
36856389 36856390
36856398 36856399
36856406 36856407
36856414 36856415
36856423 36856424
36856423 36856425
36856431 36856432
36856438 36856439
36856446 36856447
36856455 36856456
36856463 36856464
36856470 36856471
36856477 36856478
1038715 1903028
1038715 1903029
1038715 1903030
36856484 36856485
36856491 36856492
36856498 36856499
36856505 36856506
36856512 36856513
36856519 36856520
36856519 36856521
36856519 36856522
36856531 36856532
36856538 36856539
36856545 36856546
36856552 36856553
36856559 36856560
36856566 36856567
36856573 36856574
36856573 36856575
36856585 224633
36856591 83634
36856591 36856592
36856591 4979826
36856603 22459715
36856613 36856614
36856621 36856622
36856629 36856630
36856637 36856638
36856640 36856641
6328611 36477
6328611 6328625
36856647 36856648
36856654 36856655
36856654 36856656
36856663 380852
36856663 36856664
36856670 36856671
36856670 36856672
36856679 36856680
49206 5748
49206 209430
49206 209431
49206 209432
49206 209433
49206 209434
49206 209435
49206 209436
36856686 36856687
36856686 36856688
36856686 36856689
36856686 36856690
36856696 36856697
36856696 36856698
36856696 36856699
36856705 36856706
36856705 36856707
36856705 36856708
36856714 36856715
36856721 36856722
36856721 36856723
36856721 36856724
36856721 36856725
36856731 36856732
36856739 18045
36856745 1362402
36856752 210665
36856752 210666
36856759 36856760
623631 1362294
623631 1362295
4301657 54269
4301657 90495
4301657 176863
4301657 35779
36856767 387913
36856767 36856768
36856767 36856769
36856777 36856778
36856785 36856786
36856792 36856793
36856792 22446695
36856799 1362712
36856806 624933
36856808 624933
36856810 36856811
36856818 22403272
36856826 36856827
36856835 36856836
36856844 36856845
36856853 36856854
36856853 36856855
36856865 209948
36856866 208607
36856870 208294
36856872 150755
36856872 36856873
36856872 22477737
36856872 955555
36856872 36856874
36856883 36856884
36856883 36856885
36856883 955552
36856892 1359799
36856898 1359799
36856900 36856901
36856900 36856902
36856900 955553
49179 209388
49179 209389
49179 209390
49179 209391
36856909 22476403
36856915 36856916
36856925 22451886
36856932 36856933
36856941 36856942
36856948 36856949
36856955 3131535
36856963 14941610
36856967 218185
36856967 15125157
36856975 36856976
36856983 36856984
24137297 209342
401636 1015027
36856991 36856992
36856991 36856993
36857002 36857003
36857011 15888486
36857014 34267235
36857018 36857019
36857026 36857027
36857033 22418801
36857040 1365393
1041611 1904800
36857044 36857045
36857053 36857054
36857061 36857062
36857070 231641
36857070 36857071
36857070 1193785
36857080 1193781
36857080 1193782
36857080 36857081
36857089 1193782
36857096 36857097
36857104 36857105
36857109 36857105
36857113 36857105
36857117 36857105
36857121 530984
36857128 36857129
36857136 36857137
36857144 36857145
36857152 36857153
161315 507678
161315 507679
36857160 36857161
36857168 1193784
23897925 1184563
23897925 517927
23897913 1184563
23897913 517927
23897913 23897926
36857175 517927
36857182 36857183
36857182 504410
36857189 506887
36857194 36857195
3348309 3761752
36857197 36857198
36857205 33753188
36857206 36857207
36857214 3012592
36857221 36857222
36857229 234767
36857237 234767
36857244 85001
36857251 85001
36857254 36857255
36857259 36857260
36857268 200308
36857275 34267940
36857282 22439149
36857289 36857290
36857297 326225
36857299 2912195
36857306 158354
36857311 15078925
36857313 36857314
36857320 36857321
36857328 36857329
36857336 1410510
36857338 1410511
36857340 36857341
36857346 36857347
36857353 36857354
36857360 36857361
36857367 36857368
36857374 36857375
36857374 36857376
36857384 36857385
36857392 36857393
36857400 22446668
36857406 15083907
36857406 36857407
36857414 15150853
36857421 22437987
36857428 1037322
36857431 1419740
36857431 36857432
36857439 2246690
36857445 36857446
36857453 22437349
36857462 36857463
36857470 36857471
36857470 36857472
36857480 759848
36857487 759848
36857490 36857491
36857493 1197704
36857499 7976836
36857505 2242286
36857511 36857512
36857519 36857520
36857527 36857528
36857535 36857536
36857543 36857544
36857552 22456516
36857559 51430
36857559 506514
36857565 51430
36857565 506514
36857570 34267215
36857572 506514
36857574 506514
36857578 36857579
36857578 36857580
36857588 36857589
36857588 36857590
36857596 36857597
36857604 36857605
36857611 36857612
36857619 36857620
36857627 35839195
36857633 36857634
36857633 36857635
36857641 36857642
36857644 36857645
36857648 36857649
36857655 36857656
36857663 932001
36857669 36857670
36857678 36857679
36857686 36857687
36857694 36857695
36857703 2075502
36857708 36857709
36857715 36857716
36857725 36857726
36857736 36857737
36857743 36857744
36857751 1311951
36857758 36857759
36857758 1397679
36857758 36857760
2219662 1436417
36857766 1397679
36857770 1397679
160832 141926
160832 506724
36857772 22491065
36857780 22491066
36857787 36857788
36857795 34267978
36857803 15034944
36857810 36857811
36857817 36857818
36857825 36857826
36857831 36857832
36857841 22403827
36857848 22403827
36857852 8352725
36857858 8352727
36857866 36857867
36857875 36857876
36857884 36857885
36857893 504586
36857896 504586
36857903 36857904
36857912 36857913
36857920 36857921
160415 504424
36857928 36857929
36857936 36857937
36857944 36857945
36857944 36857946
36857954 36857955
36857962 36857963
36857962 36857964
36857971 36857972
36857978 1359558
36857982 36857983
36857990 36857991
36857999 36858000
36858007 36858008
36858015 17967
36858015 36858016
36858023 36858024
36858030 22413807
36858037 36858038
36858046 22432115
36858052 36858053
36858060 36858061
36858067 22488794
36858075 34268220
36858082 36858083
36858091 36858092
36858091 36858093
36858099 36858092
36858103 36858104
36858112 36858113
36858117 36858118
36858126 36858127
36858135 22444180
36858143 36858144
36858151 36858152
36858159 377301
36858166 34268301
1233982 2113758
1233982 2113759
36858175 36858176
36858185 36858186
36858194 36858195
36858202 36858203
36858210 36858211
36858218 1199733
36858225 22490946
36858232 22490947
36858239 36858240
36858247 36858248
36858255 3251529
36858262 36858263
36858271 36858272
36858281 36858282
36858289 36858290
36858297 36858298
36858302 36858303
36858307 36858308
36858312 36858313
36858317 22437351
36858324 36858325
36858332 22437352
36858339 36858340
36858345 22437353
36858345 36858346
36858353 36858354
36858361 36858362
36858367 36858368
36858375 36858376
36858378 36858379
36858385 22448412
36858391 36858392
36858391 36858393
36858391 36858394
36858391 36858395
36858391 36858396
36858402 86649
36858402 36858403
36858402 36858404
36858412 1786381
36858417 71288
36858417 36858418
36858425 22497670
36858427 407719
36858434 36858435
36858442 36858443
36858449 22448344
36858451 22448344
36858453 22448344
36858455 22448344
36858457 22448344
36858459 22448344
36858461 307580
36858461 36858462
36858461 36858463
36858470 36858471
36858474 1012865
36858481 4098735
36858488 4098735
36858495 4098735
36858497 4098735
36858499 4098735
36858501 36858502
36858509 36858510
36858518 1360821
36858520 1360821
36858522 2974252
36858526 22407780
634109 293393
634109 1373304
634109 1373305
36858529 36858530
36858535 36858536
36858537 36858538
36858544 1184630
36858546 403113
36858552 13431102
36858558 36858559
36858558 36858560
36858558 36858561
36858558 36858562
36858558 36858563
36858570 993271
36858578 36858579
36858587 407781
124907 407847
124907 407848
36858593 36858594
36858593 36858595
36858603 36858604
36858609 36858610
36858609 36858611
36858609 36858612
36858619 36858620
36858619 22456739
36858627 36858628
36858627 1382036
36858627 36858629
36858636 36858637
36858644 36858645
36858651 36858652
36858660 36858661
36858667 36858668
36858674 36858675
36858682 36858683
36858689 36858690
36858696 36858697
36858706 36858707
36858714 36858715
36858721 36858722
36858728 36858729
36858735 36858736
36858742 36858743
36858751 36858752
36858754 22386909
22386902 22386909
36858761 36858762
36858770 1364006
36858772 22380669
36858773 406794
36858775 406794
36858777 36858778
36858785 1234119
36858787 36858788
36858793 22399179
36858793 36858794
36858798 36858799
36858803 36858804
36858810 36858811
36858810 22459175
36858813 1902967
36858820 4348253
36858822 1012866
36858824 22379642
36858835 22379642
36858840 22379642
36858845 4102166
36858851 3518684
36858853 3518684
22341059 22341073
36858856 36858857
36858864 36858865
36858872 36858873
23809204 22444220
36858880 36858881
36858889 36858890
36858897 22436162
36858906 36858907
36858914 36858915
36858923 22491941
36858929 36858930
36858937 1395853
36858945 36858946
36858954 36858955
36858961 1049851
36858967 880515
36858970 625065
640073 1376666
2976425 397669
36858972 1049827
10098142 627554
36858976 22467113
36858978 36858979
36858985 36858979
36858987 1044904
36858991 36858992
36858993 33953872
36858994 36858995
36858996 13255308
36858997 36858998
36858999 36859000
36859001 36859002
36859001 36859003
36859004 36859005
36859007 36859008
36859007 36859009
36859012 36859013
36859014 36859013
36859015 36859016
36859017 13291879
36859019 2056350
36859019 36859020
36859028 2056350
36859033 407182
36859038 407182
36859041 36859042
36859045 36859042
