5015211 984193
5015211 1250498
5015211 68475
5015211 5015213
5015211 3160088
5015211 984206
5015211 984208
5015211 368567
5015211 3791467
5015211 4501698
5015211 984239
5015211 4501712
5015211 5015215
10697334 10697338
10697334 10697339
10697334 10697340
11670877 281815
11670877 984205
11670877 281816
11692173 984205
12180604 46979
12180604 817495
12180604 984197
12180604 9529855
12180604 12180606
12180604 4132829
12180604 3887985
12180604 12180607
12180604 12180608
4466907 952373
4466907 4501677
4466907 4501678
4466907 4501679
4466907 4501680
4466907 4501681
4466907 3860485
4466907 4501682
4466907 952387
4466907 984196
4466907 4501683
4466907 4501684
4466907 817495
4466907 4501685
4466907 68475
4466907 4152641
4466907 984203
4466907 236809
4466907 4501686
4466907 984204
4466907 984205
4466907 3160088
4466907 4501687
4466907 4501690
4466907 4501691
4466907 4501692
4466907 4501693
4466907 3791467
4466907 4501694
4466907 4501695
4466907 4501696
4466907 4501698
4466907 4501699
4466907 4501700
4466907 4152646
4466907 4501701
4466907 4501702
4466907 4501704
4466907 4501705
4466907 4501706
4466907 4501707
4466907 3077939
4466907 281863
4466907 4368544
4466907 984235
4466907 4501708
4466907 4152653
4466907 4152657
4466907 4501709
4466907 984252
4466907 984260
4466907 4501710
4466907 4501711
4466907 4501712
4466907 984272
4466907 4501713
4466907 4501714
4466907 4501715
4466907 4501716
4466907 4501717
4466907 4501718
4466907 984287
4466907 4501719
4466907 4501721
4466907 4501722
4466907 4501723
4466907 4501724
4466907 4501725
4466907 4501726
4466907 4501727
4466907 4501728
4466907 4501729
4466907 4501730
13219806 984205
7961187 7961194
13222043 984205
2487082 2176574
2487082 3160088
2487082 3061814
2487082 3160089
2487082 3160090
2487082 3160094
13384596 9677000
13449528 984211
13449528 13297761
13449528 8613687
13449528 13318834
13449528 13341585
13449528 4368550
13449528 13449531
13449528 13449532
13449528 13449533
13449528 4368623
13449528 13449535
13449528 13449536
13449528 4368625
13449528 13449537
13449528 5004493
13449528 13449538
13449528 13449539
13449528 13449540
13449528 13449541
13449528 13449542
13449528 13449543
13449528 4368629
13449528 13449544
13449528 13449545
13449528 13449546
13449528 13449547
13449528 13449548
13449528 13449549
13449528 4368590
13449528 13449550
13449528 13449551
13449528 13449552
13449528 13449553
13449528 13449554
13449528 13449555
13449528 13449556
13449528 984350
13449528 984354
13449528 4368595
13449528 13449557
13449528 13449558
13449528 13449559
13449528 13449560
13449528 13449561
13494419 2026418
13494419 13311142
14484423 984197
14484423 423339
14484423 984203
14484423 3160088
14484423 470633
14484423 984208
14484423 984222
14484423 14484425
14484423 14484426
14484423 14484427
14484423 4368625
14484423 4368561
14484423 4368629
14484423 14484428
14959569 1250498
14959569 68475
14959569 4152640
14959569 984205
14959569 984215
14959569 984222
14959569 4501700
14959569 4501704
14959569 1060143
14959569 984231
14959569 14959572
14959569 14959573
14959569 984260
14959569 14959574
14959569 14959575
14959569 984290
14959569 14959576
14959569 1250505
14959569 14959577
14959569 984329
14959569 14959578
14959569 984370
15046788 984204
15046788 984214
15046788 4368625
10196654 10196657
15095751 68475
15095751 4152641
15095751 3160088
15095751 15
15095751 4501704
15095751 14959572
15095751 984272
15095751 15095753
15154769 1250498
15545003 984205
534704 1250498
534704 15
534704 1250500
534704 1250502
534704 1250503
534704 984251
534704 1250504
534704 1250505
534704 1250506
534704 1250507
534704 1250508
534704 1250509
534704 1250510
534704 1250512
534704 1250514
534704 1250515
15605707 282159
15605707 984192
15605707 9716333
15605707 1250498
15605707 2232160
15605707 9718520
15605707 984198
15605707 984200
15605707 290138
15605707 68475
15605707 5015213
15605707 423339
15605707 4152640
15605707 9727312
15605707 984202
15605707 9529854
15605707 984204
15605707 281815
15605707 984205
15605707 281816
15605707 470633
15605707 131079
15605707 9748350
15605707 9748666
15605707 984206
15605707 984207
15605707 13283105
15605707 368567
15605707 8613687
15605707 3887985
15605707 3791467
15605707 4846930
15605707 13341073
15605707 15
15605707 13381290
15605707 13383353
15605707 2417960
15605707 13479487
15605707 14765118
15605707 13511812
15605707 4501700
15605707 792486
15605707 126756
15605707 14484425
15605707 4152645
15605707 1250500
15605707 10446600
15605707 4152648
15605707 4368555
15605707 15605709
15605707 4501704
15605707 15605710
15605707 15605711
15605707 15605712
15605707 15605713
15605707 984231
15605707 15605714
15605707 15605715
15605707 30176
15605707 4706045
15605707 9529860
15605707 4152651
15605707 15605716
15605707 4152653
15605707 15605717
15605707 15605718
15605707 15605719
15605707 15605720
15605707 984239
15605707 15605721
15605707 15605722
15605707 1250502
15605707 15605723
15605707 15605724
15605707 4152657
15605707 984245
15605707 15605725
15605707 15605726
15605707 15605727
15605707 15605728
15605707 15605729
15605707 984254
15605707 3994413
15605707 984256
15605707 15605730
15605707 15605731
15605707 15605732
15605707 15605733
15605707 15605734
15605707 984259
15605707 984262
15605707 15605735
15605707 15605736
15605707 15605737
15605707 15605738
15605707 15605739
15605707 15605740
15605707 15605741
15605707 4501712
15605707 15605742
15605707 984272
15605707 15605743
15605707 15605744
15605707 15605745
15605707 15605746
15605707 984275
15605707 15605747
15605707 15605748
15605707 15605749
15605707 15605750
15605707 4368565
15605707 3994415
15605707 4501718
15605707 9529865
15605707 984290
15605707 15605751
15605707 4501719
15605707 15605752
15605707 15605753
15605707 15605756
15605707 15605757
15605707 15605758
15605707 15605759
15605707 15605760
15605707 15605761
15605707 14959576
15605707 15605762
15605707 15605763
15605707 15605764
15605707 15605765
15605707 15605766
15605707 15605767
15605707 15605768
15605707 15605769
15605707 984316
15605707 15605770
15605707 15605771
15605707 15605772
15605707 15605773
15605707 984319
15605707 15605774
15605707 15605775
15605707 15605776
15605707 15605777
15605707 15605778
15605707 15605779
15605707 15605780
15605707 15605781
15605707 4368584
15605707 15605782
15605707 15605783
15605707 15605784
15605707 15605785
15605707 15605786
15605707 15605787
15605707 15605788
15605707 15605789
15605707 15605790
15605707 15605791
15605707 15605792
15605707 15605793
15605707 15605794
15605707 15605795
15605707 15605796
15605707 15605797
15605707 984338
15605707 15605798
15605707 15605799
15605707 15605800
15605707 15605801
15605707 15605802
15605707 15605803
15605707 15605804
15605707 15605805
15605707 15605806
15605707 15605807
15605707 9529867
15627379 984197
15627379 9529855
15627379 984204
15627379 984205
15627379 4368621
15627379 15627383
15627379 15627384
15627379 15627386
15627379 15627387
15627379 15627388
15627379 15627389
15627379 15627390
15627379 15627391
15627379 15627392
15627379 15627393
15693306 984205
378808 282159
378808 984192
378808 46979
378808 984193
378808 984194
378808 984195
378808 984196
378808 817495
378808 984197
378808 984198
378808 984199
378808 984200
378808 68475
378808 984201
378808 984202
378808 984203
378808 126751
378808 984204
378808 281815
378808 984205
378808 984206
378808 984207
378808 984208
378808 984209
378808 984210
378808 984211
378808 984212
378808 984213
378808 368567
378808 984214
378808 984215
378808 984216
378808 984217
378808 984218
378808 984219
378808 984220
378808 984221
378808 984222
378808 792486
378808 984223
378808 984225
378808 984226
378808 984227
378808 984228
378808 984229
378808 984230
378808 984231
378808 984232
378808 984233
378808 984234
378808 984235
378808 984236
378808 984237
378808 984238
378808 984239
378808 984240
378808 984241
378808 984242
378808 984243
378808 984244
378808 984245
378808 984246
378808 984247
378808 984248
378808 984249
378808 984250
378808 984251
378808 984252
378808 984253
378808 984254
378808 984255
378808 984256
378808 984257
378808 984258
378808 984259
378808 984260
378808 984261
378808 984262
378808 984263
378808 984264
378808 984265
378808 984266
378808 984267
378808 984268
378808 984269
378808 984270
378808 984271
378808 984272
378808 984273
378808 984274
378808 984275
378808 984276
378808 984277
378808 984278
378808 984279
378808 984280
378808 282068
378808 984281
378808 984282
378808 984283
378808 984284
378808 984285
378808 984286
378808 984287
378808 984288
378808 984289
378808 984290
378808 984291
378808 984292
378808 984293
378808 984294
378808 984295
378808 984296
378808 984297
378808 984299
378808 984300
378808 984301
378808 984302
378808 984303
378808 984304
378808 984305
378808 984306
378808 984307
378808 984308
378808 984309
378808 984310
378808 984311
378808 984312
378808 984313
378808 984314
378808 984315
378808 984316
378808 984317
378808 984318
378808 984319
378808 984320
378808 984321
378808 984322
378808 984323
378808 984324
378808 984325
378808 984326
378808 984327
378808 984328
378808 984329
378808 984330
378808 984331
378808 984332
378808 984333
378808 984334
378808 984335
378808 984336
378808 984337
378808 984338
378808 984339
378808 984340
378808 984341
378808 984342
378808 984343
378808 984344
378808 984345
378808 984346
378808 984347
378808 984348
378808 984349
378808 984350
378808 984351
378808 984352
378808 984353
378808 984354
378808 984355
378808 984356
378808 984357
378808 984358
378808 984359
378808 984360
378808 984361
378808 984362
378808 984363
378808 984364
378808 984365
378808 984366
378808 984367
378808 984368
378808 984369
378808 984370
378808 984371
378808 984372
15711291 9717968
15711291 984198
15711291 984200
15711291 5015213
15711291 984201
15711291 984202
15711291 984204
15711291 984206
15711291 984208
15711291 11007328
15711291 15
15711291 14764037
15711291 14765836
15711291 4501700
15711291 792486
15711291 15711293
15711291 2458757
15711291 15711294
15711291 15711295
15711291 984240
15711291 15711296
15711291 15711297
15711291 1250503
15711291 984247
15711291 9529861
15711291 15711298
15711291 4152660
15711291 15711299
15711291 15711300
15711291 15711301
15711291 15711302
15711291 15711303
15711291 15711304
15711291 15711305
15711291 15711306
15711291 15711307
15711291 1250505
15711291 4501724
15711291 1250508
15711291 15711308
15711291 15711309
15711291 15711310
15711291 15711311
15711291 984336
15711291 15711312
15711291 15605794
15711291 15711313
15711291 15711314
15711291 15711315
15711291 15711316
15711291 15711317
15711291 15711318
15711291 4152687
15711291 15711319
15711291 15711320
15711291 15711321
15711291 15711322
15711291 15711323
15711291 15711324
15711291 15711325
4278924 4368541
4278924 2232162
4278924 4368544
4278924 4368545
4278924 4368546
4278924 984319
15732476 8613687
15732476 13311367
15732476 13320653
15732476 15732478
15732476 15732479
15732476 4368554
15732476 4368623
15732476 15732480
15732476 15732481
15732476 984230
15732476 15732483
15732476 15240958
15732476 984234
15732476 15732484
15732476 4368560
15732476 4368625
15732476 4152657
15732476 15732485
15732476 4501709
15732476 15732486
15732476 4368561
15732476 15732487
15732476 4368562
15732476 15732488
15732476 4368546
15732476 15732489
15732476 15732490
15732476 4368628
15732476 15732491
15732476 15732492
15732476 15732493
15732476 4368566
15732476 13449540
15732476 15732494
15732476 15732495
15732476 4368569
15732476 15732496
15732476 4368629
15732476 15732497
15732476 15732498
15732476 15732499
15732476 15732500
15732476 15732501
15732476 15732502
15732476 15732503
15732476 15732504
15732476 15732505
15732476 15732506
15732476 4368632
15732476 15732507
15732476 15732508
15732476 15732509
15732476 15732510
15732476 15732511
15732476 984325
15732476 984326
15732476 15732512
15732476 15732513
15732476 15732514
15732476 15732515
15732476 984338
15732476 15732516
15732476 15732517
15732476 15732518
15732476 4368635
15732476 13449550
15732476 13449553
15732476 13449556
15732476 15732519
15732476 15732520
15732476 4368595
15732476 15732521
15732476 13449557
15732476 15732522
15732476 15732523
15732476 15732524
15732476 4368600
15732476 4368601
15732476 15732525
15732476 15732526
4278925 4368550
4278925 4368541
4278925 4368553
4278925 4368554
4278925 4368555
4278925 4368558
4278925 984238
4278925 4368559
4278925 4368560
4278925 984241
4278925 984253
4278925 4368561
4278925 4368562
4278925 2874466
4278925 984270
4278925 4368563
4278925 984276
4278925 4368564
4278925 282068
4278925 4368565
4278925 984287
4278925 4368566
4278925 4368567
4278925 984291
4278925 4368568
4278925 4368569
4278925 4368571
4278925 4368572
4278925 4368573
4278925 4368574
4278925 4368575
4278925 4368576
4278925 4368577
4278925 4368578
4278925 4368579
4278925 984318
4278925 4368580
4278925 4368581
4278925 4368582
4278925 4368583
4278925 4368584
4278925 4368585
4278925 4368586
4278925 4368587
4278925 4368588
4278925 4368589
4278925 4368590
4278925 4368591
4278925 4368592
4278925 984350
4278925 984353
4278925 4368593
4278925 4368594
4278925 4368595
4278925 4368596
4278925 4368597
4278925 4368598
4278925 4368599
4278925 4368600
4278925 4368601
4278925 4368602
4278925 4368603
4278925 984370
4438406 984204
4438406 984205
4438406 368567
4438406 984214
4438406 984215
4438406 984252
4438406 4480509
4438406 129932
4438406 4480510
4438406 4152685
28730807 984239
29335733 984205
29339478 984205
29339685 984205
8613682 8613687
8613682 8613688
8613682 984252
8613682 4368591
8613682 8613689
30303398 1250498
30303398 9717968
30303398 368567
30303398 984245
9529851 4152641
9529851 9529854
9529851 9529855
9529851 9529856
9529851 984204
9529851 984205
9529851 984207
9529851 984213
9529851 9529857
9529851 3887985
9529851 3791467
9529851 9529858
9529851 4501694
9529851 4501695
9529851 9529859
9529851 4152649
9529851 4501705
9529851 2458758
9529851 9529860
9529851 984237
9529851 9529861
9529851 9529862
9529851 9529863
9529851 9529864
9529851 4152662
9529851 984272
9529851 9529865
9529851 4180182
9529851 984320
9529851 9529866
9529851 1828083
9529851 9529867
8249071 984205
5286452 4501684
30771636 282159
30771636 1250498
30771636 9718520
30771636 5015213
30771636 984208
30771636 22443581
30771636 984231
30771636 30771638
30775343 14484425
30775343 4501704
30782666 9727199
30782666 984215
30782666 13414241
30782666 30782667
30782666 30782668
30782666 30782669
30782666 30782670
30782666 30782671
30782666 30782672
30782666 30782673
30782666 30782674
30782666 30782675
30782666 30782676
30782666 30782677
30782666 984334
30782666 30782678
30782666 30782679
30782666 30782680
30782666 30782681
30782666 30782682
30782666 984344
30782666 30782683
30788015 984205
30788015 4501698
30788015 4368554
30788015 4501702
30788015 984252
30788015 4368575
30788015 4368635
30788015 4501728
30881890 30881893
30882636 8613687
30882636 13320653
30882636 4368550
30882636 984231
30882636 29977223
30882636 4501709
30882636 984302
30882636 13449545
30882636 4368595
30882636 4368596
30882636 4368601
30883392 282159
30883392 984196
30883392 984204
30883392 5006005
30883392 13283105
30883392 984215
30883392 13477319
30883392 13479487
30883392 13503442
30883392 14768256
30883392 14771284
30883392 4368554
30883392 23669076
30883392 2836799
30883392 984234
30883392 30883393
30883392 4368560
30883392 984241
30883392 4368625
30883392 984243
30883392 30883394
30883392 30883395
30883392 30883396
30883392 4152661
30883392 984260
30883392 984262
30883392 984267
30883392 30883397
30883392 984272
30883392 984274
30883392 30883398
30883392 9529865
30883392 30883399
30883392 4368566
30883392 30883400
30883392 984293
30883392 30883401
30883392 4501722
30883392 30883402
30883392 4368575
30883392 30883403
30883392 30883404
30883392 30883405
30883392 30883406
30883392 30883407
30883392 30883408
30883392 984327
30883392 984329
30883392 30883409
30883392 984334
30883392 30782678
30883392 984338
30883392 30883410
30883392 15711315
30883392 30883411
30883392 30883412
30883392 30883413
30883392 4368592
30883392 984348
30883392 30883415
30883392 30883416
30883392 30883417
30883392 30883418
30883392 984371
30883392 30883419
30884177 952373
30884177 4152641
30884177 984213
30884177 984214
30884177 4501694
30884177 4501698
30884177 30884178
30884177 4368561
30884177 3994415
30884177 30884179
30884177 30884180
3954375 2874462
3954375 4152635
3954375 1250498
3954375 984195
3954375 4152636
3954375 4152637
3954375 4152638
3954375 4152639
3954375 290138
3954375 68475
3954375 4152640
3954375 4152641
3954375 3017118
3954375 984205
3954375 3160088
3954375 984207
3954375 984214
3954375 1646020
3954375 984215
3954375 984217
3954375 984218
3954375 4152642
3954375 4152643
3954375 4152644
3954375 4152645
3954375 4152646
3954375 4152647
3954375 4152648
3954375 4152649
3954375 2836799
3954375 4152650
3954375 4152651
3954375 4152652
3954375 4152653
3954375 4152654
3954375 984238
3954375 4152655
3954375 4152656
3954375 984243
3954375 4152657
3954375 4152658
3954375 984251
3954375 984252
3954375 4152659
3954375 4152660
3954375 4152661
3954375 984262
3954375 4152662
3954375 4152663
3954375 4152664
3954375 4152665
3954375 282068
3954375 984288
3954375 4152666
3954375 984291
3954375 4152667
3954375 984295
3954375 4152668
3954375 4152669
3954375 4152670
3954375 4152671
3954375 4152672
3954375 4152673
3954375 4152674
3954375 4152675
3954375 4152676
3954375 984319
3954375 4152677
3954375 4152678
3954375 984322
3954375 4152679
3954375 4152680
3954375 3428899
3954375 4152681
3954375 4152682
3954375 984334
3954375 4152683
3954375 4152684
3954375 4152685
3954375 4152686
3954375 4152687
3954375 4152688
3954375 4152689
3954375 4152690
3954375 4152691
3954375 984370
8315968 8315975
8315968 8315976
8315968 8315977
8315968 8315978
8315968 8315979
31069875 984200
31069875 984206
31069875 984215
31069875 984222
31069875 4152647
31069875 4368560
31069875 1250503
31069875 984254
954999 1786019
954999 1786020
9035196 282159
9035196 984207
9035196 9035206
32705260 368567
32705260 15605710
32714742 4125779
32714742 9735874
32714742 13291361
32714742 13300033
32714742 3611204
32716526 85807
32843457 282159
32843457 1250498
32843457 9717968
32843457 817495
32843457 984200
32843457 68475
32843457 9727199
32843457 4152640
32843457 9727312
32843457 984205
32843457 470633
32843457 984206
32843457 13303327
32843457 3791467
32843457 9529858
32843457 1582752
32843457 984215
32843457 984222
32843457 14768119
32843457 4501700
32843457 14484425
32843457 15240957
32843457 4368555
32843457 984239
32843457 4368625
32843457 4152657
32843457 4368626
32843457 984250
32843457 984256
32843457 984269
32843457 32843459
32843457 32843460
32843457 9529865
32843457 984287
32843457 4501719
32843457 3959941
32843457 15605756
32843457 984319
32843457 5015215
32843457 32843462
32843457 76659
32843457 32843463
32843457 32843464
30230570 282159
30230570 1250498
30230570 984198
30230570 984200
30230570 68475
30230570 5015213
30230570 9727199
30230570 4152640
30230570 984201
30230570 984204
30230570 984205
30230570 13283105
30230570 13297561
30230570 3791467
30230570 14771557
30230570 14772361
30230570 13511812
30230570 4152643
30230570 23667078
30230570 4152649
30230570 984235
30230570 30230572
30230570 4152657
30230570 30230573
30230570 14959575
30230570 984283
30230570 984287
30230570 984290
30230570 30230574
30230570 30230575
30230570 30230576
32850911 282159
32850911 1250498
32850911 3860485
32850911 9718520
32850911 817495
32850911 984198
32850911 68475
32850911 5015213
32850911 4152640
32850911 984201
32850911 9529854
32850911 984203
32850911 3017118
32850911 281815
32850911 984205
32850911 3160088
32850911 470633
32850911 5000161
32850911 984207
32850911 196845
32850911 13297561
32850911 368567
32850911 3791467
32850911 15
32850911 14768668
32850911 14772361
32850911 4501700
32850911 22489102
32850911 4501705
32850911 14777522
32850911 32850912
32850911 984245
32850911 984254
32850911 984256
32850911 4152662
32850911 984270
32850911 15605739
32850911 4501712
32850911 9529865
32850911 32839072
32850911 32850914
32850911 32850915
32850911 32850916
32850911 32850917
32850911 1786019
32850911 984321
32850911 32850918
32850911 4368584
32857989 984205
15240953 984205
15240953 984214
15240953 13320653
15240953 13355014
15240953 15240957
15240953 15240958
15240953 4368625
15240953 4368561
15240953 4368627
15240953 984340
15240953 984350
32857993 9718520
32857993 984198
32857993 68475
32857993 4152640
32857993 4152641
32857993 984204
32857993 10180702
32857993 4764113
32857993 4152643
32857993 30492429
32857993 984235
32857993 30230572
32857993 9529862
32857993 15605743
32857993 32857994
32857993 129932
32857993 984334
32858012 817495
32858012 2535931
32858012 13369324
32858012 984222
32858012 32858013
32955587 5015213
32955587 984203
32955587 3017118
32955587 13265216
32955587 5001014
32955587 75969
32955587 984216
32955587 2535931
32955587 13397548
32955587 984222
32955587 14771557
32955587 2791887
32955587 4368553
32955587 32850912
32955587 4152657
32955587 9529861
32955587 15627384
32955587 32955589
32955587 282068
32955587 32955590
32955587 32955591
32955587 984312
32955587 32955592
32955587 984319
32955587 30883406
32955587 984326
32955587 4368592
32955587 32955593
32955587 984366
32955587 32955594
32956451 281875
32956451 13297761
32956451 8613687
32956451 2458755
32956451 4368554
32956451 4368623
32956451 4368555
32956451 32949484
32956451 13449535
32956451 984252
32956451 15732488
32956451 32956453
32956451 32956454
32956451 32956455
32956451 4368629
32956451 32956456
32956451 4368591
32956451 32956457
32957060 1250498
32957060 6990617
32957060 68475
32957060 5000161
32957060 724011
32957060 368567
32957060 984214
32957060 984215
32957060 984222
32957060 2754593
32957060 15605727
32957060 984252
32957060 984270
32957060 9529865
32957060 3959941
32957060 30884180
32957060 984303
32957060 32957062
32957060 32957063
32957060 984348
32957060 984361
32958314 984192
32958314 2874462
32958314 1250498
32958314 9723647
32958314 68475
32958314 4152640
32958314 984204
32958314 281815
32958314 9729092
32958314 984207
32958314 13283105
32958314 368567
32958314 9529858
32958314 984215
32958314 13511812
32958314 4152643
32958314 30491609
32958314 14484426
32958314 15496897
32958314 32958316
32958314 984241
32958314 4152657
32958314 32958317
32958314 4152659
32958314 984256
32958314 4680574
32958314 32843518
32958314 32958318
32958314 984275
32958314 4501718
32958314 32958319
32958314 32958320
32958314 1250505
32958314 32958321
32958314 32958322
32958314 32958323
32958314 4480510
32958314 4368584
32958314 32958324
32958314 15605784
32958314 14484428
32958314 30782680
32958314 984338
32958314 15605799
32958314 32958325
32958314 32958326
32958314 32958327
32958314 15605805
32958734 1250498
32958734 984207
32958734 368567
32958734 3887985
32958734 14777665
32958734 984230
32958734 984239
32958734 15711297
32958734 984278
32958734 9529865
32958734 14959576
32959041 1250498
32959041 984200
32959041 984204
32959041 984206
32959041 984216
32959041 4152643
32959041 126756
32959041 30176
32959041 4152651
32959041 4368625
32959041 32959043
32959041 15605738
32959041 15605742
32959041 984278
32959041 4501718
32959041 32959044
32959041 15627386
32959041 1250505
32959041 30883410
32959305 282159
32959305 1250498
32959305 9718520
32959305 68475
32959305 423339
32959305 4368625
32959305 30216530
32959305 32959307
33086496 68475
33086496 4152640
33086496 9529854
33086496 368567
33086496 984215
33086496 13479477
33086496 14777801
33086496 1250500
33086496 22488819
33086496 4501704
33086496 984230
33086496 33086498
33086496 984241
33086496 33086499
33086496 15711296
33086496 4368625
33086496 33086500
33086496 33086501
33086496 33086502
33086496 984281
33086496 33086503
33086496 15732494
33086496 33086505
33086496 33086506
33086496 33086507
33086496 33086508
33086496 32958322
33086496 984329
33086496 15711309
33086496 33086509
33086496 33086510
33086496 33086511
33086496 33086512
33086496 15711322
33086496 33086513
33086496 984356
33086496 15711325
33086950 282159
33086950 1250498
33086950 9718520
33086950 817495
33086950 9723647
33086950 984200
33086950 68475
33086950 9727199
33086950 984204
33086950 470633
33086950 984207
33086950 984208
33086950 724011
33086950 13297561
33086950 984215
33086950 13479487
33086950 14765836
33086950 4501698
33086950 14776828
33086950 4501700
33086950 4501706
33086950 2458757
33086950 15711294
33086950 2458758
33086950 30230572
33086950 1250503
33086950 33086952
33086950 33086953
33086950 984252
33086950 33086954
33086950 4368545
33086950 15711301
33086950 984282
33086950 9529865
33086950 33086955
33086950 4152667
33086950 33086956
33086950 15711305
33086950 30782673
33086950 33086957
33086950 30230574
33086950 4501724
33086950 30782682
33086950 33086958
33087014 1250498
33087014 68475
33087014 984204
33087014 15605732
13511810 1250498
13511810 984200
13511810 4152641
13511810 13511812
13511810 4501702
13511810 4368544
13511810 13511814
13511810 13511815
13511810 984280
13511810 984301
33087091 984213
33087091 984214
33087091 4368545
33087091 33087093
33087091 33087094
33087091 33087095
33087091 33087096
33087615 984230
33087615 15597786
33087615 33087617
33087615 4501709
33087615 33087618
33087615 5004493
33087615 33087094
33087615 33087619
33087615 984326
33087615 984338
33087615 33087620
33087615 984361
33087641 33087643
33087685 984205
33088242 984215
33088242 2535931
33088242 33088244
33088242 33088245
33088242 984252
33088242 9529865
33088242 33088246
33088242 984334
33088242 15605802
33088242 33088247
33088704 984204
33088704 368567
33088704 4501694
29343885 984200
29343885 68475
29343885 470633
29343885 13321064
29343885 984215
29343885 4501699
29343885 4501700
29343885 2458758
29343885 984266
29343885 984289
33089414 282159
33089414 1250498
33089414 9718520
33089414 68475
33089414 4152641
33089414 9727447
33089414 984204
33089414 470633
33089414 4501687
33089414 5000161
33089414 984208
33089414 196845
33089414 13297561
33089414 2226169
33089414 13398826
33089414 14763997
33089414 14766992
33089414 4501698
33089414 15870304
33089414 4152646
33089414 29029566
33089414 33089416
33089414 33089417
33089414 8332558
33089414 984252
33089414 984269
33089414 15711301
33089414 15605741
33089414 984280
33089414 33089418
33089414 4501718
33089414 9529865
33089414 984287
33089414 15605752
33089414 15711305
33089414 129932
33089414 15170781
33089414 33089419
33089414 33089420
33089414 33089421
33089414 33089422
33089414 984336
33089414 984370
33092195 8613688
33092195 13320653
33092195 984220
33092195 4368622
33092195 15156943
33092195 4939411
33092195 23667078
33092195 27280613
33092195 33092197
33092195 33092198
33092195 33092199
33092195 33092200
33092195 13449545
33092195 15732511
33092195 33092201
33092195 33092202
33092195 33092203
33092195 984350
33092195 4368595
33092195 33092205
33092195 33092206
33092195 33092207
33092195 4368603
33092450 281815
33092450 3791467
33584812 2874462
33584812 9716333
33584812 1250498
33584812 9718520
33584812 817495
33584812 290138
33584812 68475
33584812 984204
33584812 3160088
33584812 9729114
33584812 984206
33584812 10180702
33584812 8332553
33584812 4828049
33584812 1582898
33584812 3887985
33584812 3959922
33584812 4827108
33584812 13329703
33584812 984215
33584812 13477319
33584812 3959923
33584812 14776268
33584812 14777700
33584812 3597507
33584812 33584814
33584812 32729467
33584812 33584815
33584812 984250
33584812 33584816
33584812 984257
33584812 33584817
33584812 33584818
33584812 4501717
33584812 984282
33584812 33584819
33584812 1786019
33584812 33584820
33584812 33584821
33584812 984331
33584812 30883410
33584812 33584822
33584812 33584823
33585434 4152640
33585434 9727312
33585434 984205
33585434 4501698
33585434 14484425
33585434 984231
33585434 984241
33585434 15605733
33585434 30230573
33585434 5004493
33585434 33585437
1297549 2176574
1297549 874876
2085083 2176574
2085083 2838881
2085083 2838882
34307865 34307866
34307887 984203
34343936 1941290
34343936 984202
34343936 2731600
34343936 13295928
34343936 984215
34343936 984218
34343936 15605732
34343936 3994415
34343936 34343937
32839063 282159
32839063 1250498
32839063 984197
32839063 68475
32839063 4152640
32839063 4152641
32839063 9529854
32839063 984204
32839063 3160088
32839063 281816
32839063 984206
32839063 3397498
32839063 368567
32839063 3791467
32839063 9529858
32839063 984215
32839063 15
32839063 13381290
32839063 984218
32839063 2417960
32839063 984219
32839063 13511812
32839063 14884727
32839063 126756
32839063 30884178
32839063 14484426
32839063 32839065
32839063 32839066
32839063 32839067
32839063 30230572
32839063 32839068
32839063 32839069
32839063 4368626
32839063 32839070
32839063 984252
32839063 32839071
32839063 32839072
32839063 4501722
32839063 32729471
32839063 1786019
32839063 4368581
32839063 30883406
32839063 32839074
32839063 32839075
32839063 15605804
32839063 984348
3705584 3994412
3705584 281815
3705584 368567
3705584 984214
3705584 3994413
3705584 3994414
3705584 3994415
3705584 3994416
3705584 984338
34403138 984205
4278927 984214
4278927 4368550
4278927 4368620
4278927 4368621
4278927 4368622
4278927 4368623
4278927 984230
4278927 984231
4278927 4368624
4278927 4368560
4278927 4368625
4278927 984246
4278927 4368626
4278927 984252
4278927 984255
4278927 4368562
4278927 4368627
4278927 4368628
4278927 4368629
4278927 4368575
4278927 4368630
4278927 4368631
4278927 4368632
4278927 4368633
4278927 4368583
4278927 984322
4278927 4368634
4278927 4368635
4278927 4368636
4278927 4368637
4278927 984354
4278927 4368638
34447922 4132829
835440 1646016
835440 1646017
835440 576455
835440 1646018
835440 1646019
835440 281892
835440 1646020
835440 1646021
835440 984282
30323628 4152640
30323628 4152641
30323628 984201
30323628 984202
30323628 984206
30323628 13295928
30323628 984211
30323628 984213
30323628 984214
30323628 13397548
30323628 4152647
30323628 984323
35014132 5015213
35014132 9731490
35014132 368567
35014132 3791467
35014132 4501704
35017734 282159
35017734 470633
35017734 131079
35017734 984214
35017734 8613688
35017734 2535931
35017734 984256
35017734 35017736
35017734 15605802
35047773 282159
35047773 68475
35047773 4152640
35047773 984205
35047773 368567
35047773 3791467
35047773 13477319
35047773 30490528
35047773 1250503
35047773 4152657
35047773 984252
35047773 9529862
35047773 984258
35047773 35030862
35047773 35031889
35047773 984280
35047773 35047775
35047773 35047776
35047773 1250510
35047773 984333
35047773 35047777
34496306 984203
34496306 984205
34496306 3160088
34496306 984222
35048359 282159
35048359 1250498
35048359 68475
35048359 2535931
35048359 2417960
35048359 13477319
35048359 1250500
35048359 35031889
35048359 35048361
32843511 470633
32843511 13297561
32843511 15
32843511 2417960
32843511 13511812
32843511 4152643
32843511 30176
32843511 32729467
32843511 1250503
32843511 32843515
32843511 9529861
32843511 984250
32843511 984252
32843511 9529864
32843511 984262
32843511 32843516
32843511 4152662
32843511 32843517
32843511 32843518
32843511 32843519
32843511 32843520
32843511 984286
32843511 984287
32843511 984290
32843511 32843522
32843511 32729472
32843511 32843523
32843511 4501723
32843511 32843524
32843511 984333
32843511 32843525
32843511 32843526
32843511 984372
35049189 281816
35049189 5000161
35049189 13381290
35049189 35049191
35049591 2535931
35049591 4501698
35049591 23668021
35049591 4368555
35049591 1060143
35049591 33126385
35049591 15605735
35049591 984285
35049591 129932
35049591 35049593
35049591 1786019
35049591 35049594
35049591 35049595
35049591 14484428
35049591 4152687
35049591 35049596
35050485 984205
35050485 5001014
35050485 15711297
35050485 984250
35050485 35050487
35050485 35050488
35051145 282159
35051145 68475
35051145 4152640
35051145 984206
35051145 9529858
35051145 2417960
35051145 4501700
35051145 2797433
35051145 4152649
35051145 984231
35051145 9529861
35051145 984252
35051145 30883406
35051145 35051147
35051145 35051148
35051958 282159
35051958 984196
35051958 9718520
35051958 984200
35051958 68475
35051958 423339
35051958 4152640
35051958 4152641
35051958 984201
35051958 984206
35051958 10180702
35051958 368567
35051958 9529858
35051958 984222
35051958 4807788
35051958 4501698
35051958 13511812
35051958 13449533
35051958 4501704
35051958 4368544
35051958 34681818
35051958 4368560
35051958 34701352
35051958 30230572
35051958 32958317
35051958 984252
35051958 15732486
35051958 3994413
35051958 32956453
35051958 984290
35051958 15605751
35051958 129932
35051958 984303
35051958 35051960
35051958 35051961
35051958 35051962
35051958 35051963
35052029 1250498
35052029 9718520
35052029 5015213
35052029 4152647
35052029 35026617
35052029 35029839
35052029 5015215
35052029 32956457
35052034 282159
35052034 1250498
35052034 984198
35052034 984200
35052034 68475
35052034 4152640
35052034 9748350
35052034 984207
35052034 13297561
35052034 13322415
35052034 984215
35052034 984217
35052034 4501700
35052034 2791887
35052034 1250500
35052034 15605712
35052034 32843515
35052034 984251
35052034 1250505
35101293 9715726
35101293 8613687
35101293 984214
35101293 13348388
35101293 4368550
35101293 4368622
35101293 4939411
35101293 4501709
35101293 35092376
35101293 13449545
35101293 984350
35814092 4152648
14777519 984196
14777519 9718520
14777519 984202
14777519 984218
14777519 14777522
14777519 14777523
14777519 14777524
14777519 14777526
36294514 2176550
36294514 984252
36460131 282159
36460131 1250498
36460131 9718520
36460131 68475
36460131 984201
36460131 984204
36460131 281815
36460131 281816
36460131 984208
36460131 984212
36460131 368567
36460131 984215
36460131 13381290
36460131 984219
36460131 984221
36460131 13511812
36460131 4152646
36460131 4501704
36460131 33126344
36460131 32958316
36460131 984239
36460131 984241
36460131 1250503
36460131 4152657
36460131 32839068
36460131 9529861
36460131 4152659
36460131 35022892
36460131 9529862
36460131 15605741
36460131 4501712
36460131 15605742
36460131 984278
36460131 15711302
36460131 4501718
36460131 32839072
36460131 32729471
36460131 35109844
36460131 35118665
36460131 35122638
36460131 35167784
36460131 35208081
36460131 32850918
36460131 35216658
36460131 1250509
36460131 35217430
36460131 35223269
36460131 35226215
36460131 35280523
36460131 984348
36460133 281815
36460133 984205
36460171 984205
36461501 282159
36461501 68475
36461501 5015213
36461501 423339
36461501 984201
36461501 984205
36461501 984206
36461501 196845
36461501 13297561
36461501 984215
36461501 15
36461501 4152646
36461501 35024546
36461501 984263
36461501 30883397
36461501 35034129
36461501 4501723
36461501 5015215
36461501 9035206
36461501 30883412
36461501 984348
36534383 3160088
36739209 984205
36770724 4011439
36770724 13318834
36770724 4501702
36770724 4501704
36770724 984244
36770724 35020182
36770724 35038053
36770724 35214105
36870149 35116051
36870149 35173227
36870149 35221144
37911597 984205
37911665 1250498
37911665 5000161
37911665 4764113
37911665 12180606
37911665 14768668
37911665 35022096
37911665 3994415
37911665 32843523
37911665 35167710
37911665 32958322
37911745 3344167
37911893 282159
37911893 68475
37911893 984201
37911893 4501709
37911893 984252
37911893 4368595
32729465 282159
32729465 984196
32729465 817495
32729465 984200
32729465 68475
32729465 423339
32729465 9727199
32729465 4152640
32729465 984202
32729465 984205
32729465 281816
32729465 984207
32729465 368567
32729465 3791467
32729465 984214
32729465 9529858
32729465 984222
32729465 792486
32729465 4152647
32729465 984229
32729465 15605711
32729465 15605713
32729465 984234
32729465 29977223
32729465 984241
32729465 32729467
32729465 32729468
32729465 984244
32729465 984252
32729465 4368562
32729465 984260
32729465 32729469
32729465 15605737
32729465 15605738
32729465 984290
32729465 15605751
32729465 3959941
32729465 32729470
32729465 32729471
32729465 129932
32729465 32729472
32729465 5015215
32729465 32729473
32729465 15732511
32729465 32729474
32729465 984329
32729465 32729475
32729465 30782678
32729465 32729476
32729465 15095753
32729465 984338
32729465 984345
32729465 984346
32729465 15605805
32729465 984348
32729465 32729477
32729465 984357
32729465 984370
3954376 4152695
3954376 4152696
3954377 4152699
38755466 282159
38755466 1250498
38755466 423339
38755466 984206
38755466 4501700
38755466 4152643
38755466 23666297
38755466 2754593
38755466 30884178
38755466 2458757
38755466 32839065
38755466 984240
38755466 984260
38755466 9529864
38755466 4501712
38755466 35030230
38755466 35038085
38755466 35138426
38755466 35197225
38755466 32729473
38755466 35217251
38755466 35051961
38755466 35286470
39441440 13303327
39441440 13479487
39441440 14763997
39441440 792486
39441440 984230
39441440 15605710
39441440 34700168
39441440 34700425
39441440 984241
39441440 4368625
39441440 35019274
39441440 4368626
39441440 4368562
39441440 15711302
39441440 15732494
39441440 35077162
39441440 32850914
39441440 4368572
39441440 35115008
39441440 35049593
39441440 35119815
39441440 35129059
39441440 35130242
39441440 35133381
39441440 35158719
39441440 4918253
39441440 35167997
39441440 35168433
39441440 35169869
39441440 35170579
39441440 35171679
39441440 35211533
39441440 15605781
39441440 35215091
39441440 35216855
39441440 35217775
39441440 35227541
39441440 32843526
39441440 14484428
39441440 35231414
39441440 30883411
39441440 984339
39441440 35275799
39441440 4152687
39441440 35286156
39441440 35286249
39441440 35051962
39441440 37762227
39441440 984350
39441442 952373
39441442 2874462
39441442 1250498
39441442 3238958
39441442 3860485
39441442 9717202
39441442 9717743
39441442 9718520
39441442 817495
39441442 290138
39441442 68475
39441442 126751
39441442 984204
39441442 3160088
39441442 281816
39441442 470633
39441442 984206
39441442 4999934
39441442 13286253
39441442 368567
39441442 3791467
39441442 13318856
39441442 984215
39441442 984216
39441442 4501694
39441442 13359694
39441442 13503442
39441442 4501698
39441442 792486
39441442 14778168
39441442 2791887
39441442 6294730
39441442 23666362
39441442 131688
39441442 4501702
39441442 23670741
39441442 4152648
39441442 10053778
39441442 9719020
39441442 4152650
39441442 4368544
39441442 34700140
39441442 34700391
39441442 15144218
39441442 15711297
39441442 984249
39441442 35020804
39441442 984251
39441442 35021641
39441442 4152659
39441442 35027516
39441442 35029102
39441442 15605742
39441442 35031124
39441442 30883398
39441442 32959044
39441442 35040330
39441442 35087722
39441442 35104789
39441442 35121738
39441442 984317
39441442 35176497
39441442 30782680
39441442 35286863
39441442 37752330
39441442 38319394
39441442 39441443
39441442 39441444
39441442 39441445
39441442 39441446
39441442 39441447
39441442 39441448
39441442 39441449
39441458 984193
39441458 817495
39441458 9723767
39441458 9727219
39441458 984204
39441458 13283105
39441458 368567
39441458 5001014
39441458 3791467
39441458 984215
39441458 984222
39441458 2791887
39441458 4152645
39441458 32958316
39441458 984239
39441458 32729468
39441458 35034778
39441458 984286
39441458 984287
39441458 984297
39441458 35178511
39441458 984319
39441458 32729474
39441458 15711319
39441458 39441459
39441464 984192
39441464 2874462
39441464 984200
39441464 290138
39441464 68475
39441464 5015213
39441464 4152641
39441464 984204
39441464 9731490
39441464 13283105
39441464 984211
39441464 368567
39441464 984215
39441464 4501696
39441464 15
39441464 13398826
39441464 2417960
39441464 984222
39441464 9529859
39441464 4152643
39441464 15851210
39441464 4152645
39441464 1250500
39441464 4152648
39441464 15605710
39441464 14484426
39441464 34682928
39441464 34686179
39441464 34689376
39441464 984239
39441464 984241
39441464 4152656
39441464 1250503
39441464 10697339
39441464 4152657
39441464 984252
39441464 4152659
39441464 984256
39441464 30782668
39441464 9529862
39441464 984258
39441464 33086501
39441464 35024918
39441464 35026025
39441464 984262
39441464 984263
39441464 4152662
39441464 35026696
39441464 35027138
39441464 984268
39441464 32843518
39441464 15605742
39441464 984272
39441464 15605746
39441464 984275
39441464 4152665
39441464 984277
39441464 4501717
39441464 282068
39441464 3994415
39441464 30883399
39441464 984290
39441464 15605751
39441464 32959044
39441464 35040884
39441464 15605756
39441464 15627386
39441464 35104158
39441464 30782674
39441464 14959576
39441464 35108470
39441464 35108790
39441464 35047775
39441464 3994416
39441464 35120113
39441464 35120534
39441464 1250505
39441464 35165354
39441464 984319
39441464 32958322
39441464 35200675
39441464 35212024
39441464 30883406
39441464 35214483
39441464 4368584
39441464 15605784
39441464 35223315
39441464 35223707
39441464 33585437
39441464 35051961
39441464 984338
39441464 35249841
39441464 35250220
39441464 35277726
39441464 984344
39441464 35283762
39441464 4152686
39441464 32958326
39441464 984346
39441464 35051962
39441464 39441465
39441464 984370
39441470 817495
39441470 984200
39441470 68475
39441470 984206
39441470 5000161
39441470 792335
39441470 2417960
39441470 1060143
39441470 13511814
39441470 34683520
39441470 32839069
39441470 9529861
39441470 4368626
39441470 35073289
39441470 4501722
39441470 35117430
39441470 15605789
39441470 984338
39441470 15605804
39441473 282159
39441473 1250498
39441473 9717968
39441473 984196
39441473 984198
39441473 68475
39441473 4152640
39441473 4152641
39441473 9727447
39441473 984205
39441473 3160088
39441473 13297561
39441473 368567
39441473 2226169
39441473 14763997
39441473 984222
39441473 4501699
39441473 4501702
39441473 4152649
39441473 4501704
39441473 2232162
39441473 4152653
39441473 10697339
39441473 35020561
39441473 3994413
39441473 4680574
39441473 15605739
39441473 35030334
39441473 282068
39441473 4501718
39441473 9529865
39441473 984287
39441473 33584819
39441473 1250505
39441473 35154063
39441473 984319
39441473 35226283
39441473 35228148
39441473 15711317
39441473 35276055
39441473 35282114
39441476 14768896
39441476 4368553
39441476 984229
39441476 30176
39441476 34704249
39441476 35022784
39441476 984269
39441476 15605739
39441476 35037463
39441476 35040452
39441476 35153582
39441476 35172333
39441476 35198634
39441476 35208495
39441476 35215801
39441476 35234298
39441476 35239129
39441476 35249861
39441476 35276118
39441476 35286297
39441476 35286863
39441476 35287561
39441476 38231257
39441476 38324513
39441476 39165026
39441476 39441477
39441476 39441478
39441476 39441479
39441494 282159
39441494 1250498
39441494 4152638
39441494 984200
39441494 11870790
39441494 13297561
39441494 368567
39441494 984215
39441494 14765836
39441494 14776828
39441494 1060143
39441494 34681503
39441494 13511814
39441494 984239
39441494 1250503
39441494 9529861
39441494 9529862
39441494 35177025
39441494 35286887
39441496 282159
39441496 1250498
39441496 9718520
39441496 9723647
39441496 984200
39441496 984202
39441496 984204
39441496 131079
39441496 724011
39441496 8332553
39441496 1501650
39441496 368567
39441496 9529858
39441496 984215
39441496 13398826
39441496 984218
39441496 984220
39441496 14763997
39441496 14766992
39441496 9529859
39441496 792486
39441496 14778020
39441496 23666362
39441496 2754593
39441496 23670741
39441496 4501704
39441496 1060143
39441496 15605712
39441496 4501706
39441496 15711293
39441496 4706045
39441496 4152651
39441496 34680510
39441496 33089416
39441496 34681818
39441496 34690072
39441496 34700140
39441496 984241
39441496 1250503
39441496 35019738
39441496 15605728
39441496 35020249
39441496 984251
39441496 35022096
39441496 30216530
39441496 35023328
39441496 32729469
39441496 35026225
39441496 32843516
39441496 984266
39441496 15605738
39441496 35029266
39441496 32843519
39441496 33584818
39441496 984278
39441496 35033585
39441496 4501718
39441496 35017736
39441496 35038218
39441496 35038602
39441496 35040427
39441496 32958319
39441496 32850914
39441496 129932
39441496 15170781
39441496 3994416
39441496 35120239
39441496 1250505
39441496 35162118
39441496 35164451
39441496 35170317
39441496 32955592
39441496 32958321
39441496 35194644
39441496 35038625
39441496 1250508
39441496 35210266
39441496 35211245
39441496 30883406
39441496 4152680
39441496 35213796
39441496 35214282
39441496 32843524
39441496 3428899
39441496 35219235
39441496 35220118
39441496 35220923
39441496 984334
39441496 984336
39441496 15095753
39441496 984338
39441496 35249914
39441496 984340
39441496 35286174
39441496 32958327
39441496 984345
39441496 984348
39441496 38228115
39441496 38230492
39441496 38337640
39441496 984371
39441498 13449535
39441498 15732488
39441498 5004493
39441498 32702105
39441498 13449548
39441498 4368595
39441501 984213
39441501 984214
39441501 14777801
39441501 14980358
39441501 14484425
39441501 23667078
39441501 15732480
39441501 984230
39441501 4368560
39441501 4368625
39441501 35019389
39441501 984252
39441501 4368562
39441501 4368546
39441501 4368628
39441501 35029723
39441501 35037463
39441501 35040682
39441501 35152951
39441501 35173955
39441501 984319
39441501 15163383
39441501 35210845
39441501 984325
39441501 35241070
39441501 4368635
39441501 4368591
39441501 35282484
39441501 984350
39441501 4368595
39441501 13449560
39441501 984361
39441501 39441502
39441508 14763997
39441508 23668021
39441508 34465439
39441508 34681490
39441508 15605718
39441508 34687452
39441508 9529861
39441508 33774527
39441508 35023328
39441508 32843516
39441508 35026769
39441508 15605735
39441508 35030862
39441508 35034760
39441508 984285
39441508 35034902
39441508 35034945
39441508 984287
39441508 35109497
39441508 129932
39441508 35115192
39441508 35115869
39441508 35128383
39441508 32958322
39441508 35203370
39441508 35212024
39441508 30883406
39441508 35215771
39441508 35218564
39441508 15605785
39441508 35235086
39441508 35244880
39441508 35249597
39441508 35250846
39441508 35276412
39441508 15605803
39441508 35287482
39441508 35287603
34470741 1250498
34470741 4152640
34470741 984206
34470741 984208
34470741 13477319
34470741 984241
34470741 34470742
34470741 15711299
34470741 15711305
34470741 1250509
39441511 282159
39441511 817495
39441511 984200
39441511 68475
39441511 423339
39441511 984205
39441511 984206
39441511 8613687
39441511 9529858
39441511 984222
39441511 4501698
39441511 13511812
39441511 4152647
39441511 4152649
39441511 984241
39441511 15605732
39441511 15605742
39441511 33937366
39441511 984278
39441511 3994415
39441511 15711305
39441511 35205847
39441511 35231396
39441511 35283762
39441511 39441512
39441518 984196
39441518 32958320
39441518 38229485
39441518 39441519
39441525 282159
39441525 9718520
39441525 9723647
39441525 984200
39441525 68475
39441525 4152640
39441525 126751
39441525 984205
39441525 984207
39441525 3791467
39441525 984214
39441525 984222
39441525 984226
39441525 4368625
39441525 4368546
39441525 35035654
39441525 15605751
39441525 129932
39441525 5015215
39441525 35233297
39441525 984341
39441525 33086512
39441525 35286069
39441528 4368553
39441528 15732480
39441528 984230
39441528 984234
39441528 32729467
39441528 984243
39441528 4368562
39441528 11293801
39441528 39441529
39441534 1250498
39441534 5015213
39441534 4152640
39441534 9727312
39441534 15
39441534 13477319
39441534 4368560
39441534 15605724
39441534 34470742
39441534 4152657
39441534 3969064
39441534 15605737
39441534 282068
39441534 4501718
39441534 9529865
39441534 1250505
39441534 35048361
39441537 9718520
39441537 984214
39441537 14766992
39441537 4368554
39441537 4368623
39441537 1250502
39441537 4368625
39441537 35033569
39441537 35211255
39441537 15732515
39441537 35240875
39441537 35241070
39441537 4368591
39441537 35282484
39441537 984350
39441539 2874462
39441539 9716333
39441539 4152637
39441539 817495
39441539 3160088
39441539 9739713
39441539 13265216
39441539 3887985
39441539 8613688
39441539 9529859
39441539 4368622
39441539 14484425
39441539 15876875
39441539 4501705
39441539 3597507
39441539 9529860
39441539 4152653
39441539 35028707
39441539 9529867
39441541 952373
39441541 68475
39441541 984204
39441541 368567
39441541 4501694
39441541 4501698
39441541 1250500
39441541 984240
39441541 984251
39441541 35022631
39441541 31193304
39441541 15605732
39441541 35035654
39441541 15627386
39441541 35151500
39441541 33089420
39441544 9716736
39441544 4152639
39441544 984215
39441544 4152649
39441544 4152657
39441544 30883400
39441550 984205
39441550 13381290
39441550 13386865
39441551 282159
39441551 1250498
39441551 9718520
39441551 68475
39441551 984201
39441551 984202
39441551 9529854
39441551 3160088
39441551 984206
39441551 5000161
39441551 4501698
39441551 15870304
39441551 15876875
39441551 30176
39441551 35025448
39441551 15711299
39441551 4501712
39441551 35115016
39441551 35134195
39441551 35202402
39441551 35286297
39441551 35051962
39441551 984348
39441553 984193
39441553 1250498
39441553 4152639
39441553 5000161
39441553 368567
39441553 3791467
39441553 984214
39441553 984222
39441553 15833983
39441553 15876875
39441553 14484426
39441553 1250503
39441553 3994413
39441553 9529862
39441553 984297
39441556 984214
39441556 4501702
39441556 984231
39441556 2232162
39441556 4368544
39441556 3994413
39441556 35022219
39441556 9529862
39441556 984258
39441556 984280
39441556 984283
39441556 35200661
39441556 35213796
39441556 35282033
39441556 39441557
39441563 984198
39441563 9727447
39441563 470633
39441563 984206
39441563 3791467
39441563 984214
39441563 984215
39441563 984222
39441563 4501704
39441563 33089417
39441563 30230572
39441563 14959575
39441563 32959044
39441563 35115111
39441563 4501728
39441565 2535931
39441565 984222
39441565 14959572
39441565 4152657
39441568 4368550
39441568 984222
39441568 4368541
39441568 33570017
39441568 34702944
39441568 4152657
39441568 984250
39441568 4368627
39441568 4368628
39441568 4368575
39441568 984319
39441568 35261889
39441568 4368591
39441568 4368595
39441568 4368598
39441571 290138
39441571 984203
39441571 3788931
39441571 13397548
39441571 984222
39441571 14766992
39441571 28363273
39441571 34439951
39441571 4152657
39441571 35020602
39441571 984252
39441571 35021573
39441571 984290
39441571 35114275
39441571 35287597
39441571 39441572
15151008 13339853
15151008 13341585
15151008 4368541
15151008 4368544
39441577 282159
39441577 1250498
39441577 68475
39441577 5000161
39441577 1060143
39441577 14484426
39441577 15711297
39441577 34470742
39441577 984251
39441577 15605742
39441577 984281
39441577 9529865
39441577 15605769
39441577 35176497
39441577 984348
39441577 39441578
39441582 3860485
39441582 984205
39441582 4152647
39441582 4501704
39441582 34681295
39441586 423339
39441586 13297561
39441586 4501704
39441586 15605741
39441586 30230574
39441586 35154003
39441589 5000161
39441589 368567
39441589 984214
39441589 984215
39441589 4501698
39441589 23666362
39441589 4501704
39441589 35024546
39441589 15605741
39441589 984336
39441593 68475
39441593 984204
39441593 281816
39441593 8332552
39441593 3397498
39441593 368567
39441593 3791467
39441593 4846930
39441593 618598
39441593 30176
39441593 35023839
39441593 15163359
39441593 35024546
39441593 35031335
39441593 9529865
39441593 35037549
39441593 35250735
39441593 38326717
39441597 13320653
39441597 4368550
39441597 4939411
39441597 4368625
39441597 984252
39441597 4368575
39441597 35282484
39441597 4368595
39441597 4368597
39441600 9718520
39441600 984200
39441600 470633
39441602 282159
39441602 1250498
39441602 68475
39441602 984203
39441602 470633
39441602 984206
39441602 196845
39441602 984215
39441602 4501698
39441602 4152643
39441602 984251
39441602 13511815
39441602 9529866
39441605 282159
39441605 984193
39441605 1250498
39441605 68475
39441605 5015213
39441605 984206
39441605 5000161
39441605 984239
39441605 4368584
39441605 35216855
39441608 282159
39441608 68475
39441608 5015213
39441608 984204
39441608 281816
39441608 1250500
39441608 35026025
39441608 4501718
39441608 32958320
39441611 282159
39441611 4368541
39441611 984230
39441611 984234
39441611 984243
39441611 5004493
39441611 35029449
39441611 4368569
39441611 4368575
39441611 984319
39441611 4368591
39441611 4368593
39441611 4368595
39441611 13449557
39441613 282159
39441613 817495
39441613 9731490
39441613 126756
39441613 4152647
39441613 4152657
39441613 3994415
39441613 984290
39441616 1250498
39441616 68475
39441616 5015213
39441616 984205
39441616 34689797
39441616 984290
39441616 984348
39441618 1250498
39441618 68475
39441618 4152640
39441618 984205
39441618 984214
39441618 984245
39441620 282159
39441620 1250498
39441620 68475
39441620 984205
39441620 2791887
39441620 15711294
15201575 282159
15201575 1250498
15201575 68475
15201575 984207
15201575 8613688
15201575 13355014
15201575 4368625
15201575 4368561
39441624 282159
39441624 1250498
39441624 68475
39441624 423339
39441624 9731490
39441624 8613687
39441624 13318856
39441624 4368541
39441624 4368544
39441624 33087618
39441624 5015215
39441627 282159
39441627 68475
39441627 5015213
39441627 3791467
39441627 15
39441627 2417960
39441627 4501698
39441627 4368595
39441630 282159
39441630 1250498
39441630 9718520
39441630 984200
39441630 68475
39441630 9529858
39441630 15
39441630 2417960
39441630 984229
39441630 1250503
32702097 8613687
32702097 13339853
32702097 13449533
32702097 13449535
32702097 4368558
32702097 4368624
32702097 984244
32702097 32702100
32702097 32702101
32702097 13449537
32702097 32702102
32702097 32702103
32702097 32702104
32702097 32702105
32702097 32702106
32702097 13449556
32702097 32702107
32702097 32702108
39441633 817495
39441633 3788931
39441633 3160088
39441633 5001014
39441633 4501699
39441633 4501705
39441635 4368546
39441635 15732489
39441635 5004493
39441635 984276
39441635 15732496
39441635 35219679
39441635 15732513
39441635 984341
39441635 4368591
39441635 35286640
39441635 39172206
39441635 4368600
39441638 281828
39441638 33584815
39441638 35138438
39441639 1250498
39441639 984198
39441639 984200
39441639 984209
39441639 13283105
39441639 3791467
39441639 984215
39441639 4501698
39441639 984239
39441639 30230572
39441639 14777523
39441639 15605734
39441639 984259
39441639 2874466
39441639 984262
39441639 9529865
39441639 4501719
39441639 4152667
39441639 15605769
39441639 5015215
39441639 984334
39441639 35230783
39441639 15605802
39441643 1250498
39441645 1250498
39441645 37523115
39441645 39441646
39441649 1250498
39441649 984269
39441652 1250498
39441652 984205
39441657 5012140
39441659 4501702
39441659 4368544
39441659 35255306
39441659 39441660
39441665 126756
39441665 39441666
39441668 9727447
39441668 35023328
39441668 984287
39441668 35146099
39441668 35164451
39441671 27741611
39441672 30176
39441675 984215
39441675 30782667
39441675 30782682
39441677 282159
39441677 4152643
39441677 129932
39441677 984338
39441679 33126533
39441679 15605732
39441679 15711304
39441680 984193
39441680 196845
39441680 2869868
39441682 984193
39441682 13321064
39441682 14763190
39441682 30216530
39441682 984262
39441685 14777522
39441686 6990617
39441686 984208
39441686 984239
39441686 4368625
39441689 9731490
39441689 3791467
39441691 14772554
39441692 32843515
2367629 3061814
2367629 576455
39441693 984205
39441696 984205
39441698 984205
39441700 984205
39441702 984205
39441704 984205
4163407 984205
4931829 984205
39441706 984205
39441709 984205
39441714 984205
39441716 4368583
39441718 290138
39441719 9717968
39441719 4501718
39441724 15711325
