183363 564156
1281496 2158950
182171 555614
182171 555615
266607 766502
261054 756900
183365 564203
266609 766523
266609 766524
266610 766533
5213656 5213663
1281513 2159031
266611 766547
1716213 2551526
266612 766558
183366 564214
266613 766573
5414242 5414259
184612 569702
183368 564257
5446419 5446425
266614 766583
266615 766594
183373 564333
183374 564348
266617 766615
266618 766630
183375 564354
183376 564360
5738740 5738747
5758241 5758248
266620 766647
182176 555716
182177 555729
266622 766668
183377 564372
266623 766683
266624 766697
5868425 5868429
266625 766711
183378 564386
266626 766724
182178 555741
183379 564405
183381 564428
183382 564441
564755 1283079
183383 564461
183384 564479
6256694 6256712
266629 766743
183385 564486
6404560 6404563
268145 770033
6440869 6440875
266630 766754
266631 766764
266632 766783
183388 564515
266636 766849
182184 555882
182184 555883
182185 555896
183389 564531
266637 766869
266638 766893
266639 766908
6697486 6697493
182186 555927
266640 766921
182187 555946
266641 766929
1279573 2156015
6900611 6900616
183394 564597
183394 564598
183395 564616
6937382 6937391
184617 569750
184618 569762
6988614 6988625
183398 564694
4544620 4563019
183400 564724
7152214 7152220
182190 555984
183404 564793
7245930 7245936
182192 556021
266647 767036
266648 767050
183406 564822
266650 767077
183408 564847
182194 556068
183409 564859
7448124 7448129
182197 556105
182198 556128
182199 556159
182200 556187
182201 556229
183413 564919
182204 556286
266659 767211
266660 767224
266661 767231
266662 767239
266663 767247
182206 556344
183418 564963
182207 556364
183420 564996
7787726 7787733
183422 565012
1281516 2159074
7817814 7817819
266665 767277
183424 565027
182211 556403
4264955 4357555
266669 767324
183427 565062
183427 565063
7985028 7985033
182213 556431
8039813 8039819
183428 565077
184234 568471
183429 565088
266674 767359
8137491 8137497
182217 556474
266675 767370
8244752 8244758
266677 767382
8298566 8298570
182219 556500
182219 556501
266679 767393
183433 565116
8345154 8345158
182221 556527
182221 556528
182222 556543
183436 565146
8441433 8441437
8455051 8455058
183439 565175
184237 568513
8545803 8545808
183441 565213
182225 556582
183443 565263
182226 556596
182227 556621
182228 556651
158736 498954
266687 767464
183445 565285
183446 565296
183447 565312
8891558 8891564
182231 556692
182232 556711
182233 556737
182233 556738
182234 556759
182236 556792
183449 565373
183450 565390
12049 73727
182237 556810
182239 556838
183451 565403
9094113 9094126
266689 767490
182240 556852
9130737 9130743
266690 767500
184628 569942
266691 767510
182244 556899
182247 557005
182248 557017
182248 557018
182249 557035
182252 557092
3608565 3932532
183456 565485
183457 565491
182254 557115
182254 557116
184635 570037
182257 557193
183459 565501
183462 565575
74045 268051
74045 268052
182261 557246
182262 557261
182263 557275
183464 565602
266693 767531
182265 557302
182266 557313
182266 557314
183466 565628
182269 557346
182270 557355
182273 557411
182274 557426
10286804 10286806
266694 767547
182275 557446
266695 767561
183469 565754
183470 565770
183472 565792
182277 557488
183473 565801
182279 557521
183476 565859
183476 565860
182283 557573
182284 557593
182285 557611
182286 557622
266699 767623
183481 565908
266700 767633
182289 557665
183482 565917
266703 767663
182290 557686
266707 767712
183483 565926
183484 565937
183487 565960
182292 557702
182293 557712
11701064 11701068
266712 767745
11701386 11701389
183488 565971
11702346 11702350
266714 767753
11705262 11705264
183492 565993
183494 566005
6325518 6325524
183495 566010
11706792 11706794
183497 566018
182297 557743
182297 557744
183499 566023
183500 566027
183501 566033
183503 566041
266716 767765
266717 767768
183504 566046
183505 566050
183506 566054
183508 566061
183510 566071
184646 570142
182299 557760
183511 566075
182301 557769
266524 766114
182303 557785
182305 557797
183513 566082
183513 566083
182306 557801
182306 557802
184651 570157
183519 566128
182307 557809
182307 557810
183521 566134
182316 557847
184285 568871
184286 568875
182329 557897
182330 557905
182331 557913
182332 557922
182333 557931
182334 557939
11757272 11757274
182336 557973
143144 450098
11765339 11765341
182339 558000
182339 558001
11772757 11772759
184289 568886
182343 558019
184291 568894
184292 568898
184668 570211
182352 558056
184296 568910
184298 568917
11776207 11776209
182362 558097
183533 566169
182363 558104
182365 558117
182366 558127
182367 558138
266729 767800
266730 767803
183536 566178
11787457 11787459
182368 558146
183537 566182
182369 558157
183539 566187
183540 566190
183541 566193
266732 767808
182370 558164
11795708 11795710
183542 566197
182371 558174
182371 558175
182372 558180
183543 566201
183544 566205
11798209 11798211
182373 558190
183545 566209
182374 558198
266734 767813
183546 566212
266735 767816
184300 568922
182375 558206
182375 558207
183547 566215
184301 568925
266736 767819
183548 566218
266737 767823
266738 767827
183549 566221
11807698 11807700
183551 566229
183552 566232
184302 568929
183554 566237
183556 566242
11813360 11813362
11813780 11813783
266739 767830
183557 566245
183558 566249
266740 767833
182377 558216
182377 558217
182378 558225
183560 566254
11818395 11818399
11818878 11818880
266741 767836
266742 767839
11821918 11821920
11822325 11822327
266743 767842
266744 767845
266745 767849
11824326 11824328
182379 558233
266746 767853
183561 566257
11825201 11825203
11825760 11825762
182380 558241
11826382 11826384
266747 767856
11828739 11828741
11829071 11829073
11830145 11830147
182382 558249
182382 558250
182383 558260
11835020 11835023
182386 558279
266748 767859
183563 566262
11840452 11840454
266749 767862
183565 566267
266750 767865
266751 767868
183566 566271
182387 558285
11844171 11844173
266752 767873
183567 566275
266753 767876
11847676 11847678
11848001 11848003
183568 566280
478901 1153364
11849788 11849790
183569 566284
11851233 11851235
266755 767881
183570 566287
183572 566293
183573 566296
182389 558296
266757 767886
182390 558302
266758 767890
11869420 11869423
266759 767893
183574 566299
183576 566305
183578 566310
266760 767896
183579 566313
266762 767901
184309 568950
182394 558322
182394 558323
184310 568957
182396 558332
184311 568962
183583 566331
182397 558338
183584 566334
182399 558347
184316 568978
183586 566339
266764 767906
182401 558358
182402 558363
182403 558376
182404 558382
182408 558398
183593 566355
11899301 11899303
184326 569000
183595 566360
183596 566363
183598 566371
184693 570288
182415 558424
183601 566378
183603 566383
183604 566387
183605 566391
11905526 11905528
182423 558449
183608 566398
182425 558461
183611 566407
183613 566413
183614 566417
11909221 11909224
184338 569030
182428 558483
183615 566420
266775 767934
183616 566423
182429 558493
183617 566431
182430 558502
183619 566436
183620 566440
182431 558508
182432 558522
182433 558528
184340 569037
182435 558543
182437 558553
183622 566447
182438 558562
266778 767941
2158768 2899828
182440 558577
182442 558586
182443 558595
182443 558596
182444 558605
182445 558615
182446 558622
182447 558631
182448 558637
182449 558642
183624 566461
11964863 11964865
182452 558660
182453 558666
182454 558677
182455 558684
182456 558694
182457 558700
9464984 9465007
11975031 11975033
182459 558716
182460 558724
184344 569049
184346 569055
182462 558735
182462 558736
182463 558740
182463 558741
183627 566476
183628 566480
184347 569058
182475 558782
184348 569061
183631 566487
183633 566495
182479 558806
182479 558807
182480 558814
12001113 12001115
183635 566501
184703 570320
183636 566504
182482 558826
266784 767959
182483 558835
182484 558841
182485 558850
182486 558860
182487 558871
184704 570323
182489 558883
182489 558884
182490 558895
182490 558896
266785 767962
182492 558907
182492 558908
184352 569077
182494 558921
182495 558927
182496 558937
182497 558946
182497 558947
12050293 12050296
184355 569087
184356 569090
182498 558958
182498 558959
182499 558965
182499 558966
266786 767965
266787 767968
183641 566523
183644 566531
183646 566536
12074748 12074750
183647 566539
266791 767991
183648 566542
266792 767996
183649 566545
183650 566549
182502 558985
182502 558986
182503 558995
183651 566552
183652 566556
266794 768003
266795 768007
182504 559001
182505 559008
182506 559020
182508 559034
182508 559035
266796 768013
182510 559051
182512 559064
182513 559075
183655 566580
266798 768020
182516 559093
182517 559101
12152031 12152034
182518 559110
182519 559120
182519 559121
184358 569097
182524 559143
182527 559156
182527 559157
184956 571140
183659 566590
182537 559190
182538 559198
182539 559208
184360 569105
182540 559215
182541 559226
183660 566594
183661 566597
12168586 12168589
184362 569111
182543 559244
266800 768028
182546 559265
183662 566601
182547 559273
183665 566618
12181013 12181016
183666 566623
183667 566626
182552 559301
182554 559312
12191666 12191668
266804 768047
183669 566631
182555 559322
182556 559330
182557 559340
183671 566638
183673 566644
266806 768053
182559 559354
182560 559364
182561 559374
266807 768057
182562 559381
182563 559389
182564 559396
182565 559407
12217795 12217797
183675 566649
182567 559422
182567 559423
182568 559431
182569 559438
12198801 12198809
12245102 12245104
183676 566652
183677 566655
182570 559445
12245375 12245377
183678 566659
12247145 12247147
183679 566662
183681 566671
12247832 12247835
12248570 12248572
182573 559463
182573 559464
182575 559482
183683 566680
182576 559490
183684 566687
182577 559500
182577 559501
183687 566699
182578 559508
182579 559516
182580 559526
182581 559534
182582 559545
182583 559554
182583 559555
182584 559563
182584 559564
182585 559577
184375 569156
184376 569160
182589 559593
12259684 12259686
266816 768079
183690 566710
183691 566716
182590 559606
182592 559617
183694 566728
183695 566731
12263247 12263249
183697 566740
183699 566746
182607 559661
182608 559666
184377 569167
183701 566752
183702 566755
183704 566760
183705 566763
266822 768093
183706 566768
266823 768097
182613 559687
182614 559694
182614 559695
183707 566773
183708 566776
183711 566785
266832 768118
266833 768121
266834 768124
266836 768135
182626 559751
182627 559764
182628 559773
182628 559774
182629 559781
183715 566796
12273820 12273822
266837 768138
183718 566810
182630 559795
12275226 12275228
183719 566814
266839 768148
182631 559803
182631 559804
183721 566819
12277295 12277298
266841 768155
183723 566826
182633 559818
183725 566833
266845 768165
183726 566836
183728 566841
12281260 12281262
182635 559836
182637 559853
184381 569178
182638 559858
12283524 12283526
183730 566847
183731 566851
182639 559866
182640 559873
266849 768174
266850 768177
266851 768181
12284792 12284794
12284796 12284798
182642 559885
182642 559886
182643 559894
183738 566871
184721 570374
182645 559917
182646 559931
184383 569183
183741 566886
184722 570377
183743 566900
266852 768184
182649 559942
183746 566913
12292352 12292354
266855 768191
266856 768194
12292384 12292386
183750 566922
183752 566929
266858 768199
183753 566932
183754 566935
266860 768204
266863 768211
12293456 12293458
266865 768216
266866 768219
184385 569189
183756 566940
184386 569192
183758 566946
266869 768226
182652 559956
182652 559957
183759 566953
182653 559968
183761 566963
183762 566966
183764 566971
182654 559974
182654 559975
266870 768230
12296574 12296576
12296581 12296583
266871 768233
12296615 12296619
266872 768236
183765 566974
12297532 12297534
266874 768241
182655 559982
182656 559992
266877 768250
266878 768254
184728 570391
183768 566983
266879 768257
266881 768262
182657 559998
183769 566987
266884 768271
183771 566992
266887 768279
266888 768282
182658 560008
182659 560018
183773 566997
183774 567000
183775 567003
12302093 12302095
12302097 12302100
12302097 12302101
12302115 12302117
12302119 12302122
266889 768285
182660 560022
184388 569200
184388 569201
182661 560029
182661 560030
182662 560038
182663 560047
182665 560062
182666 560072
182667 560080
182668 560089
182669 560096
182670 560105
182671 560114
182674 560138
184390 569211
182675 560148
182675 560149
182676 560155
182677 560160
182677 560161
182678 560168
182679 560176
184391 569216
182681 560183
182681 560184
182682 560192
182682 560193
182683 560201
182683 560202
182684 560210
182684 560211
182685 560219
182686 560228
182687 560240
12308441 12308443
266890 768290
12310134 12310136
183781 567025
183781 567026
183782 567031
182689 560252
266891 768298
182691 560263
183786 567044
184966 571170
12314630 12314633
182693 560273
182694 560279
183787 567047
182697 560297
183788 567051
182698 560305
183790 567056
183792 567065
12310083 12310086
143908 453633
182701 560325
182705 560347
184398 569233
182707 560359
182710 560378
12326093 12326095
182711 560387
182712 560392
182713 560401
182715 560411
182716 560420
182717 560433
184404 569257
12330803 12330805
182719 560447
184406 569266
182723 560464
12336046 12336048
182724 560471
182726 560483
182728 560499
182729 560508
182730 560519
12337230 12337232
12337235 12337237
182731 560526
12337556 12337558
182732 560534
182732 560535
12337949 12337951
12338022 12338024
12338365 12338367
12338846 12338848
182733 560545
182734 560555
144706 456697
144706 456698
182736 560569
183804 567102
182737 560579
182738 560586
182739 560595
12342125 12342128
182740 560604
182741 560612
182742 560624
12342529 12342531
12343536 12343538
182744 560637
182745 560651
182747 560670
182749 560683
182755 560710
184410 569277
182756 560719
182757 560728
182758 560743
182759 560751
12352317 12352319
182760 560759
182761 560769
182761 560770
12352434 12352436
12353214 12353218
182762 560778
183806 567114
12353615 12353617
182763 560788
184412 569285
182764 560793
4544623 4563040
184413 569289
182765 560799
12354061 12354063
182766 560809
182767 560817
182768 560822
182769 560832
182770 560841
182771 560852
182772 560858
182773 560863
182774 560873
182775 560883
184414 569294
182776 560894
182777 560903
182778 560911
182779 560918
182780 560929
182781 560935
182782 560942
182783 560951
182784 560961
182785 560970
182786 560978
182787 560985
182788 560993
182789 560999
182790 561010
182791 561016
12357912 12357914
182792 561026
182793 561036
182794 561047
4544624 4563048
182796 561057
182797 561070
182798 561078
182799 561087
182800 561093
182801 561102
182802 561110
182803 561120
184415 569299
184416 569303
182804 561129
182805 561139
182806 561144
182807 561153
182808 561164
182809 561176
12361012 12361014
182810 561188
182811 561194
182812 561199
182813 561209
182814 561217
184417 569309
182815 561223
182816 561231
12361151 12361153
183808 567125
12365587 12365589
12367157 12367159
12368072 12368074
12370668 12370670
12372804 12372806
182820 561254
182821 561261
12381772 12381774
182824 561273
182824 561274
182827 561284
182827 561285
183813 567138
12419150 12419152
12423984 12423986
12427800 12427802
182830 561305
182831 561312
182831 561313
12480203 12480205
182832 561325
266909 768355
183815 567148
12493136 12493139
2158793 2899871
12504672 12504675
182834 561340
182835 561350
182836 561364
183818 567178
182837 561373
183820 567198
12531486 12531489
266912 768380
182838 561384
266913 768387
266914 768394
183821 567202
184742 570448
184421 569321
266916 768401
182839 561394
183828 567244
183829 567247
266919 768412
183832 567270
184423 569332
184423 569333
182840 561401
182841 561415
12548559 12548561
12548918 12548923
12549074 12549076
12550367 12550372
184424 569342
183835 567285
183836 567289
182845 561457
182846 561468
183839 567306
182847 561482
182847 561483
184426 569348
183841 567328
183841 567329
149809 472287
149809 472288
1281502 2158987
183843 567340
182849 561494
183845 567350
182850 561504
182850 561505
182851 561513
183849 567367
182852 561527
12583159 12583161
266924 768428
183852 567381
183853 567386
266926 768435
183854 567391
182855 561560
12591763 12591766
182857 561578
182860 561599
182860 561600
182861 561606
182862 561616
182863 561631
182111 555431
183860 567421
183862 567430
182866 561652
183863 567435
184430 569366
182869 561693
182872 561713
182873 561722
182875 561739
183867 567455
266933 768470
266935 768479
182877 561765
178290 548105
12661182 12661184
183868 567461
183869 567466
182882 561813
183871 567474
184436 569401
183873 567482
183874 567490
12684757 12684759
12688267 12688270
182888 561868
182889 561889
184437 569405
183876 567509
183877 567513
182892 561908
2158781 2899855
183880 567529
184439 569411
183882 567539
183883 567550
182895 561930
182895 561931
182897 561958
183884 567560
266949 768549
183885 567567
266951 768557
182900 561977
12738812 12738814
12740259 12740261
183887 567577
182901 561989
150622 474686
183888 567582
12747985 12747987
182902 562005
184760 570555
183890 567595
12755803 12755807
183891 567607
182904 562030
182904 562031
182905 562040
182906 562053
183896 567627
182908 562071
183897 567633
182909 562083
182910 562096
182911 562110
182912 562120
266953 768574
183898 567637
182913 562132
184444 569444
183899 567642
182914 562148
12785844 12785849
182920 562180
182920 562181
182921 562186
182924 562203
182924 562204
183905 567660
12805421 12805427
182925 562218
184767 570578
182926 562228
182927 562238
183909 567675
266958 768592
182929 562253
266961 768603
12815281 12815283
266963 768618
182932 562277
12920168 12920170
183916 567691
183917 567697
182933 562286
184454 569494
182938 562316
183920 567706
183921 567711
183922 567717
183925 567734
182942 562340
182942 562341
183926 567737
183927 567740
184457 569501
182946 562368
183929 567749
183930 567754
12970699 12970701
182948 562386
184458 569505
182949 562401
182950 562410
12988621 12988623
182952 562422
182952 562423
183935 567773
183936 567776
182954 562447
182954 562448
184984 571265
182955 562464
13002830 13002832
182956 562471
183940 567797
182958 562484
182960 562514
13021249 13021251
182962 562526
13031188 13031191
183942 567807
13039659 13039661
183945 567826
182967 562594
182967 562595
266973 768658
183949 567839
183950 567843
182969 562608
182971 562622
183951 567849
183952 567858
182976 562647
182977 562655
182978 562662
182979 562671
183953 567864
183954 567867
1281534 2159132
182980 562679
182982 562696
13106107 13106112
182984 562709
182985 562718
183958 567883
183959 567888
182988 562732
184778 570633
182990 562745
184463 569532
184464 569537
182991 562754
182992 562758
182993 562767
182993 562768
183964 567907
182994 562775
182994 562776
13164584 13164586
13164635 13164637
266976 768669
266978 768676
184990 571295
183966 567914
183967 567918
183968 567923
13171728 13171731
183969 567926
266982 768690
183970 567929
266983 768693
13173845 13173847
13173966 13173970
13174504 13174507
266984 768696
182999 562806
266985 768700
183972 567934
183973 567938
183974 567941
183975 567944
183976 567948
266987 768705
183978 567957
183980 567966
13184972 13184975
183983 567982
184786 570664
183002 562827
266989 768712
184788 570669
266990 768716
183003 562837
183004 562843
183007 562862
183008 562871
183008 562872
183994 568017
183995 568021
266993 768725
13212901 13212903
266994 768728
183010 562882
183010 562883
183011 562893
266997 768735
266998 768739
183012 562900
183012 562901
183013 562909
183013 562910
184792 570681
267001 768748
183999 568041
184000 568044
184472 569570
184001 568047
184002 568050
184793 570684
184003 568053
14708712 14708716
183024 562977
183024 562978
183025 562983
184475 569577
267003 768753
184476 569580
184477 569581
184478 569582
184795 570688
184479 569583
184008 568062
184480 569584
184009 568064
184797 570691
184010 568065
28435847 28435848
184011 568067
184483 569588
184484 569589
184485 569590
184486 569591
184487 569592
184013 568068
184014 568072
28435947 28435948
28435979 28435980
184490 569593
184491 569594
184492 569595
184493 569596
267004 768755
1281167 2158624
184494 569598
184496 569599
184016 568073
184017 568074
28436050 28436051
184018 568075
184498 569601
184499 569602
184500 569603
184501 569604
184502 569605
184503 569606
184504 569607
184505 569608
184506 569609
184507 569610
184019 568076
184801 570692
184508 569612
184509 569613
28436299 28436300
28436304 28436305
28436306 28436307
28436308 28436309
28436312 28436313
28436319 28436320
28436324 28436325
28436333 28436334
28436336 28436337
28436341 28436342
28436348 28436349
28436351 28436352
28436354 28436355
184023 568086
184510 569614
184511 569615
184512 569616
267006 768757
28452528 28452529
267007 768758
184802 570693
183035 563007
183035 563008
267008 768759
184514 569617
267010 768760
267011 768761
267012 768762
183037 563014
184515 569618
28452606 28452607
184804 570694
267013 768763
267014 768764
267016 768765
183038 563019
183038 563020
184516 569619
267017 768766
183039 563022
267018 768767
28452690 28452691
183040 563029
183040 563030
28452696 28452697
183041 563033
28452704 28452705
183042 563037
267019 768768
267020 768769
28452719 28452720
184518 569621
556152 1279484
184807 570701
184808 570703
183043 563041
183043 563042
184809 570706
184810 570707
183045 563046
28584291 28584292
28596361 28596362
181583 554191
183048 563057
183048 563058
28604084 28604085
28604112 28604113
28604119 28604120
267029 768770
28604129 28604130
267031 768771
28604188 28604189
267033 768772
267034 768773
267035 768774
28604223 28604224
267037 768775
267038 768776
28604240 28604241
184032 568091
28604386 28604387
267039 768777
183052 563067
183052 563068
183053 563072
183053 563073
184034 568092
183055 563078
184035 568093
184525 569623
267042 768778
183059 563085
28604496 28604498
183060 563089
28604514 28604515
183061 563094
184528 569626
183064 563102
183065 563108
183065 563109
28604557 28604558
184039 568095
28604573 28604574
28604579 28604580
184041 568097
184042 568098
184044 568099
183069 563117
183070 563122
28604643 28604644
183075 563136
267045 768779
28604730 28604731
184047 568101
184049 568102
267046 768780
184053 568106
183080 563146
183081 563150
183082 563157
183083 563161
183083 563162
183084 563170
183085 563179
183086 563188
183086 563189
183087 563193
183088 563199
183088 563200
183089 563203
183089 563204
183091 563212
184055 568107
183092 563217
183093 563222
183093 563223
183094 563233
183095 563240
183095 563241
183096 563246
183096 563247
183097 563249
183098 563256
183099 563259
183099 563260
183100 563264
183100 563265
183101 563270
183101 563271
183102 563278
183102 563279
183103 563283
28604978 28604979
183105 563288
183106 563294
183106 563295
28604986 28604987
183107 563300
183107 563301
183108 563305
183108 563306
183109 563311
184058 568108
183112 563317
183112 563318
183113 563323
183114 563330
183115 563335
183116 563347
183117 563350
183118 563356
183118 563357
183119 563361
183120 563365
183121 563371
183122 563376
183123 563381
183124 563384
183125 563388
183126 563394
183126 563395
183127 563402
184822 570710
183132 563413
183133 563416
28605114 28605115
183134 563418
183134 563419
184824 570711
28605168 28605169
183135 563421
183135 563422
28605205 28605206
28605227 28605228
183138 563425
183138 563426
183139 563428
28605331 28605332
183142 563435
183142 563436
183143 563440
183144 563450
28605349 28605350
28605404 28605405
183148 563459
183149 563463
183149 563464
183150 563467
183150 563468
184064 568109
184065 568111
267058 768783
267060 768784
183158 563477
183158 563478
28605568 28605569
183159 563482
28605611 28605612
184067 568112
184068 568113
183160 563487
28605677 28605678
183161 563492
183161 563493
28605685 28605686
28605704 28605705
184070 568114
183164 563499
183165 563501
28605730 28605731
28605732 28605733
28605744 28605745
183166 563505
28605833 28605834
184546 569632
183168 563509
183168 563510
184075 568115
267062 768785
28605955 28605956
28605965 28605966
184079 568116
183174 563520
183174 563521
184550 569634
28606230 28606231
28606232 28606234
28606237 28606239
28606244 28606245
28606247 28606248
28606250 28606251
183176 563526
184081 568117
184082 568118
183179 563531
28606358 28606359
3294731 3724034
183183 563540
183184 563542
183184 563543
184090 568120
183189 563556
183190 563560
184091 568121
183191 563564
184093 568122
183193 563575
183193 563576
183194 563582
183195 563588
183196 563591
184094 568123
184095 568124
183198 563598
183198 563599
184555 569636
183199 563601
183200 563605
28606611 28606612
28606614 28606615
28606617 28606618
267065 768786
183201 563610
183201 563611
183202 563615
183202 563616
184834 570714
184556 569638
28606661 28606662
183205 563622
183205 563623
183206 563626
183206 563627
184557 569639
184558 569641
184559 569643
184560 569644
28606746 28606747
28606751 28606752
28606755 28606756
28606758 28606759
28606761 28606762
28606764 28606765
184098 568127
184099 568130
184100 568132
183215 563640
183215 563641
183218 563650
183218 563651
184102 568133
28606903 28606904
183221 563659
183221 563660
183223 563667
267070 768787
184565 569647
28606974 28606975
28606979 28606980
28606992 28606993
184103 568134
184566 569648
183229 563675
267075 768788
28607086 28607087
184105 568135
28607104 28607105
267077 768789
184107 568136
28607129 28607130
183231 563677
184571 569651
184108 568137
184109 568138
184110 568139
184112 568141
267080 768791
184114 568142
184842 570716
28607211 28607212
184115 568143
184843 570717
183234 563688
184116 568145
183235 563691
183235 563692
184117 568146
267082 768792
183237 563697
267083 768793
267084 768794
267085 768795
267086 768796
28607293 28607294
184844 570718
184121 568147
183240 563704
183240 563705
184122 568148
267091 768800
184123 568149
184124 568150
267092 768801
183243 563713
183243 563714
184125 568151
184126 568152
184127 568153
184128 568154
28607516 28607517
184129 568155
184130 568156
183245 563719
183245 563720
28607535 28607536
267097 768802
267099 768803
183248 563725
183248 563726
267100 768804
184581 569656
184135 568157
183250 563733
183250 563734
267103 768805
183251 563738
183252 563746
183254 563753
183255 563757
183256 563761
183257 563767
183258 563772
183258 563773
28607804 28607805
184137 568158
184138 568159
183259 563779
184140 568160
184141 568161
183261 563788
183262 563791
183263 563798
267107 768808
184143 568162
184144 568163
28607897 28607898
183264 563804
184146 568164
184148 568167
183266 563813
183267 563822
183268 563827
183268 563828
183269 563832
183269 563833
183270 563839
267108 768809
183271 563844
183272 563847
183273 563853
183274 563858
183275 563862
183276 563871
183277 563878
183278 563884
183279 563890
183280 563896
183281 563902
183282 563908
183282 563909
183283 563918
183284 563925
183284 563926
183285 563931
183285 563932
183286 563939
267109 768810
267110 768811
184149 568168
184150 568169
184851 570721
28608220 28608221
184152 568170
184153 568171
184155 568172
267111 768812
184156 568173
184587 569661
267113 768814
184158 568174
267116 768815
184161 568175
28608386 28608387
184162 568176
28608448 28608449
267119 768816
184852 570722
184164 568177
184166 568178
184168 568180
184169 568181
184170 568182
267121 768817
267122 768818
183295 563948
184172 568183
184173 568184
184854 570723
184590 569671
28608767 28608768
267125 768822
183298 563950
183299 563956
183299 563957
183301 563969
184175 568185
267126 768823
183302 563974
183302 563975
267127 768824
267128 768825
267130 768826
183304 563984
183304 563985
184179 568186
267131 768827
184181 568187
183306 563993
183306 563994
267134 768828
184184 568188
183307 563997
183307 563998
183308 564004
183308 564005
183311 564013
184187 568189
183314 564019
183314 564020
183315 564024
183315 564025
267137 768829
267138 768830
183316 564032
184190 568190
267139 768831
267140 768832
28609866 28609867
28609868 28609869
28609872 28609873
28609875 28609876
601432 1338047
184193 568195
183321 564042
183321 564043
184862 570726
184194 568196
184195 568197
184196 568200
184198 568201
183323 564051
183323 564052
184200 568202
267146 768833
28610241 28610242
183325 564058
267148 768834
184204 568205
184867 570730
184205 568206
184868 570732
184206 568207
183327 564062
183327 564063
28619179 28619180
28633643 28633644
28633648 28633649
28633652 28633653
28633679 28633680
183329 564070
28633681 28633682
28633683 28633684
183331 564077
28633708 28633709
28633716 28633717
28633718 28633719
28633720 28633721
28633722 28633723
28633726 28633727
28633730 28633731
28633732 28633733
28633734 28633735
28633739 28633740
28633743 28633744
28633750 28633751
28633753 28633754
28633755 28633756
28633759 28633760
28633761 28633762
28633763 28633764
28633765 28633766
28633770 28633771
28633777 28633778
28633779 28633780
28633782 28633783
28633785 28633786
28633790 28633791
28633792 28633793
