9665484 9665489
9665484 9665490
9901397 9901406
9949711 9949718
10036766 10036773
10037397 10037403
3966938 4160618
10037430 10037442
10037571 10037579
10038562 10038570
10039055 10039064
10039207 10039217
5786621 5786642
5768120 5768148
10039437 10039443
10039459 10039468
10039539 10039545
10039548 10039554
10039685 10039689
10039725 10039731
10039746 10039751
6083160 6083177
10039828 10039834
10039880 10039884
10039995 10040002
10040150 10040157
10040161 10040172
10040432 10040441
9508871 9508893
10040621 10040625
10040629 10040634
10040750 10040754
10041139 10041146
10041139 10041147
10041348 10041358
10041363 10041368
10043519 10043527
10043607 10043612
10043909 10043914
10044222 10044227
10044334 10044340
10044364 10044373
10044427 10044435
10044463 1824630
10044471 10044481
10044571 10044576
10044676 10044681
3966939 4160633
10045979 10045985
10046050 10046055
10046367 10046373
10046399 10046405
10046466 10046475
10046824 10046832
10046894 10046901
10047263 10047268
10707197 10707204
11814897 11814906
11814897 11814907
5126777 5126794
5126777 5126795
5126777 5126796
3902685 4118783
13404306 13404313
13445269 13445272
13445269 13445273
13487072 13487078
13534726 13534729
13534814 13534818
13534884 13534887
13535031 13535039
13535107 13535115
13535570 13535578
3663794 3966889
13535786 13535789
13535805 13535811
13536065 13536071
13536304 13536311
13536322 13536329
13536348 13536352
13536420 13536424
13536447 13536450
13536500 13536505
13536518 13536524
13536551 13536555
13536559 13536565
13536559 13536566
13536572 13536577
13536588 13536592
13536630 13536637
13536668 13536671
13536788 13536794
13536799 13536803
13537174 13537176
13537227 13537230
13537244 13537248
13537251 13537258
13537271 13537280
13537286 13537290
13537296 13537300
13537308 13537311
13537308 13537312
13537345 13537349
2568274 3207780
13537442 13537448
13537454 13537457
13537480 13537486
13537594 13537599
13537615 13537619
13537644 13537653
13537706 13537710
13537756 13537763
13537824 13537828
13537833 13537837
4990809 4990822
13537851 13537857
3864932 4094388
13538264 13538271
13538307 13538311
13538315 13538318
13538321 13538327
13538343 13538350
9354060 9354084
13538372 13538376
13538380 13538385
13538402 13538410
13538464 13538467
13538480 13538486
13538491 13538501
13538544 13538548
13538559 13538565
5598433 5598461
13538574 13538580
13538625 13538631
13538664 13538667
13538680 13538684
13538689 13538691
13538714 13538718
13538729 13538735
13538741 13538746
13538751 13538757
13538762 13538768
13538864 13538868
13538875 13538879
13538892 13538897
13538902 13538906
13538941 13538945
13539257 13539267
13539353 13539358
3663870 3967051
13539541 13539546
13539631 13539633
13539636 13539644
13539790 13539796
13539803 13539807
13539810 13539814
13539830 13539834
13539873 13539877
13539906 13539911
13539932 13539937
10553447 10553455
13540108 13540110
13540124 13540127
13540136 576202
13540143 13540147
13540206 13540208
13540213 13540217
13540230 13540232
13540265 13540268
13540458 13540464
13540542 13540545
13540551 13540554
13540626 13540630
13540689 13540691
13540879 13540883
13541086 13541092
13541099 13541102
13541117 13541123
13541156 13541159
13541165 13541167
13541170 13541174
13541219 13541224
13541321 13541325
13541396 13541400
13541403 13541405
3208051 3664027
12333549 12333554
13541421 13541423
13541464 13541467
13541485 13541488
13541505 13541509
13541526 13541533
13541654 13541662
13541712 13541716
4292968 4377041
13542217 13542222
13542297 13542305
13542375 13542381
13542392 8871858
13542548 13542554
13542634 13542638
13542700 13542703
13542731 13542735
13542766 13542768
13542771 13542774
13542795 13542799
13542876 13542884
13542876 13542885
13543045 13543055
13543180 13543187
13543180 13141688
13543196 13543204
13543269 13543276
13543294 13543301
13543306 13543310
13543370 13543374
13543554 13543556
13543589 13543591
13543630 13543636
13543721 13543726
13543952 13543955
13544051 13544055
13544060 13544066
13544109 13544115
13544136 13544140
13544180 13544183
13544286 13544291
13544296 13544299
13544329 13544333
13544556 13544560
13544638 13544644
13544681 13544685
3553727 3897593
13544696 13544706
13544785 13544790
13544825 13544828
13544838 13544842
13544943 13544946
13544967 13544972
5110152 5110170
13545083 13545087
13545100 13545104
13545118 13545120
13545150 13545152
13545154 13545157
13545174 13545176
13545245 13545250
13545357 13545364
13545384 13545388
13545424 13545427
13545462 13545465
13545525 13545528
13545542 13545545
13545549 13545555
13545586 13545590
13545608 13545612
13545792 13545799
13545887 13545894
13545899 13545907
13546025 13546032
13546149 13546151
13546188 13546193
13546360 13546364
13546371 13546375
13546458 13546466
13546511 13546513
13546519 13546524
13546632 13546638
13546642 13546648
13546695 13546697
13546741 13546744
13546760 84559
13546775 13546778
13546793 13546798
13547058 13547065
13547058 13547066
13547107 13547109
13547121 13547128
13547323 13547325
13547434 13547440
13547509 13547511
13547519 13547526
13547604 4433649
13547622 13547625
13547628 13547631
13547633 13547637
13547641 13547645
4907052 4907481
13547649 13547654
13547659 13547663
13547698 13547702
13548025 13548031
13548093 13548096
13548103 13548107
13548120 13548122
429439 1073417
13548196 13548198
13548249 13548255
13548353 13548356
13548363 13548366
13548369 13548373
13548377 13548380
13548383 13548388
13548405 13548409
13548413 13548419
13548508 13548513
4103579 4253523
13548707 13548712
13548738 13548741
13548909 13548913
13549016 13549021
13549053 13549056
13549059 13549062
13549108 13549114
13549199 13549203
13549259 13549268
9357386 9357420
13549485 13549490
13549527 13549529
13549720 13549723
13549747 13549749
13550030 13550034
13550075 2309904
13550328 13550333
13550406 13550411
13550415 13550421
13550487 13550491
13550572 13550574
13550595 13550599
13550602 13550606
13550654 13550660
13550664 13550667
13550670 1654858
13550690 13550694
13550703 13550712
13550718 13550725
13550730 13550736
13550741 13550747
13550752 13550758
10608609 10608614
13550867 13550871
13550961 13550965
13550992 13550999
13551020 13551023
13551032 13551035
13551085 13551091
13551109 13551112
13551229 13551233
13551243 13551249
13551255 13551260
5743402 5743429
13551491 13551497
13551505 10141884
13551516 13551521
13551970 13551973
5164315 2795210
13552009 13552013
13552075 13552078
13552083 1442176
13552110 8007522
13552121 1788679
13552126 2954025
13552181 13552184
13552188 13552193
13552355 13552360
13552432 1044930
13552731 13552734
13552749 13552752
13552758 13552762
13553093 13553096
13553110 13553115
13553167 13553170
13553173 13553177
13553285 13553291
13553323 13553332
13553363 13553366
13553498 13553502
13553626 13553630
5995072 5995090
13553723 13553729
13553750 13553754
13553987 13553993
13553998 13554001
13554103 13554105
13554107 13554110
13554156 459559
13540267 13540273
13554461 13554467
6764058 6764085
13554592 13554599
13554614 752623
13554809 13554812
13554825 13554828
13554840 13554844
13554895 13554902
13554947 13554953
13555034 13555037
13555034 13555038
13555034 13555039
13555208 13555212
4906965 4907055
13555268 13555273
13555304 13555312
13555339 13555343
13555357 13555359
13555361 13555363
4901051 4901062
13555606 13555612
13555853 13555856
2959782 577819
13555868 13555872
13555879 13555885
13555937 13555941
13555968 13555973
13556011 3027209
13556030 13556034
13556038 13556045
13556050 13556052
13556117 13556122
13556136 13556141
13556159 13556165
13556174 13556179
13556211 432084
13556222 13556228
13556233 13556240
13556262 13556268
13556274 13556280
13556291 13556293
13556295 13556297
7488651 7488656
13556575 13556583
13556630 13556634
13556666 13556670
13556991 13556994
13557152 13557155
13557282 13557286
13557437 13557440
13557530 13557532
13557594 13557597
13557599 13557602
13557684 13557690
13557712 13557719
13557736 13557738
13557752 13557760
13558160 13558165
13558171 13558176
13558286 13558290
4901039 4901047
13558442 13558448
13558478 13558483
13558487 13558491
13558500 13558505
13558715 13558719
13558722 13558730
13558860 13558865
13558870 13558873
13558947 13558949
13558965 13558969
13558994 13559000
13559059 13559063
13559145 13559148
13559151 13559157
13559348 13559352
13559355 13559362
13559372 13559375
13559391 13559395
13559432 13559434
13559440 13559443
13559475 13559478
13559510 2822206
13559547 13559549
13559610 13559615
13559690 13559692
13559715 13559719
13559761 13559765
13559779 13559784
13559812 13559816
13560206 13560210
13560438 13560442
13560457 13560461
13560498 13560501
13560527 13560532
13560535 13560541
13560546 13560551
13560557 13560563
13560636 13560642
13560650 13560658
13560665 13560668
13560674 13560680
13560707 13560714
13560863 13560869
13560916 13560918
13560916 13560919
13560975 13560979
13561012 13561016
13561045 13561047
13561113 13561116
13561200 13561207
13561224 13561232
13561242 13561247
13561300 13561310
13561483 13561489
13561722 13561729
13561751 13561755
13561801 13561804
13561830 13561834
13561902 13561906
13561975 13561981
13562002 13562008
13562034 13562036
13562038 13562043
13562052 13562057
13562070 13562075
13562080 13562083
13562163 13562166
13562193 13562201
13562217 13562221
3261328 3701983
13562323 13562326
3472377 3844568
13562535 13562544
13562594 13562599
13562616 13562623
13562664 13562669
13562696 13562699
13562731 13562736
13562744 13562748
7217225 7217323
13562776 13562782
13562791 13562796
13562804 13562809
13562916 13562922
13562927 13562934
13562951 13562954
13562976 13562981
13563042 13563050
13563074 13563080
13563092 13563098
13563103 13563109
13563332 13563338
13563343 13563349
13563354 13563357
13563421 13563428
13563456 13563460
13563471 13563474
13563531 13563537
13563542 13563546
13563551 13563557
13563760 13563762
13563764 13563768
13563771 13563775
13563785 13563792
13563823 13563829
13563954 13563962
13563968 13563975
13564067 13564074
13564080 13564086
13564215 13564217
13564260 13564264
13564268 13564275
13564280 13564287
13564335 13564340
13564380 13564385
13564441 13564449
13564469 13564473
13564543 13564547
13564551 13564554
13564660 13564666
13564725 13564730
13564741 13564748
13564755 13564762
13564828 13564831
13564880 13564883
13564890 13564893
13564994 13565001
13565083 13565085
13565156 13565167
13565183 13565191
13565339 13565342
13565446 13565450
13565750 13565753
13565898 13565901
13565967 13565973
13566036 13566040
13566064 13566068
13566077 12544655
13566141 13566145
13566159 13566164
13566286 10284242
13566358 13566361
13566439 13566446
13566545 13566549
13566609 13566613
13566778 13566781
13566849 13566852
13566892 13566898
13567070 13567078
13567187 13567195
13567254 68836
13567314 13567322
13567586 13567589
13567592 13567594
13567652 13567655
13567671 13567675
13567696 13567700
13567704 13567711
13567876 13567882
13568217 13568222
13568229 13568232
13568266 13568268
13568339 13568343
13568404 4306015
13568470 13568473
13568503 13568509
13568585 13568589
13568622 13568629
13568643 13568648
13568653 13568657
13568661 13568666
13568748 13568751
13568767 13568771
13568807 13568810
6893113 3439069
13568847 187278
13568969 13568972
13569042 13569048
13569113 13569117
13569137 13569141
13569146 13569149
13569172 13569177
13569186 13569192
13569197 13569202
13569215 13569218
13569234 13569239
13569261 13569265
13569378 13569382
13569406 13569412
13569452 13569455
13569502 13569507
13569525 13569529
4040363 4206591
13569639 13569641
13569665 13569668
13570022 13570026
13570030 13570035
13570042 13570045
13570042 13570046
13570073 13570078
13570083 13570088
13570083 13570089
13570100 13570102
13570133 13570141
13570317 13570320
13570376 13570383
13570478 13570483
13570552 13570555
13570557 13570559
13570727 13570732
13570854 13570857
13570872 13570875
13571029 13571032
2647964 3268163
13571151 13571156
13571212 13571218
2925257 3463000
13571300 13571307
13571524 13571526
13571565 13571568
13571628 13571632
13571696 13571700
13571820 13571823
13571836 13571838
13571957 13571964
13572023 13572028
13572118 13572124
13572410 13572416
13572421 13572427
13572507 13572513
13572532 13572538
13572609 13572614
13572691 13572698
13572829 13572832
13572829 13572833
13572835 13572842
13572835 13572843
6960187 6960202
13573082 13573085
13573112 13573116
13573132 13573134
6069740 6069751
13573322 13573326
13573359 13573361
13573368 13573372
13573385 13573390
13573426 13573430
13573466 13573469
13573530 13573533
13573664 13573667
13573832 13573839
13574009 13574016
1859394 2659720
13574140 13574144
13574256 13574259
13574302 13574306
13574327 13574331
13574421 13574424
13574426 13574434
13574477 13574480
13574502 13574508
13574513 13574519
13574527 13574535
13574544 142070
13574551 13574557
13574562 13574567
13574572 13574578
13574587 13574593
13574612 177138
13574652 13574657
13574665 13574669
13574665 13574670
13574913 13574922
13574995 13575002
13575033 13575035
13575060 13575064
13575095 13575101
13575118 13575125
13575138 2723884
13575198 213693
13575253 13575258
13575271 13575274
13575285 13575290
13575323 13575330
13575352 13575357
9994984 9995009
13575390 13575395
13575400 13575404
13575474 13575477
13575554 13575557
13265240 13265244
13575702 13575704
7063621 7063633
13576542 13576546
13576555 13576557
13576581 13576588
13576708 13576711
13576743 13576746
13576758 13576762
13576787 13576792
13576845 13576848
13576853 13576860
13576953 13576960
13576965 13576968
13576977 13576983
13577216 13577218
13577276 13577284
13577289 13577296
13577324 13577328
13577499 13577503
13577525 13577531
13577544 13577547
13577550 13577554
13577615 13577619
13577627 13577630
13577647 13577652
13577733 13577738
13577743 13577750
13577756 13577763
13577769 13577775
13577789 13577795
13577816 13577820
13577824 13577830
13577846 13577850
13578158 13578160
11856542 11856557
4990810 4990829
13578424 13578427
13578485 13578488
13578485 13578489
4972351 4972362
13578609 13578612
13578620 13578623
13578651 13578654
13578674 13578676
13578728 13578731
8626685 8626703
13578762 13578766
13578790 13578793
13578800 13578804
13578855 13578861
13578891 13578895
13578891 13578896
13578899 13578903
13578899 13578904
13578946 13578951
13578955 13578957
13579055 13579060
13579064 13579068
13579194 13579200
13579256 13579259
13579294 13579297
13579322 13579326
13579372 13579377
13579393 13579396
13579409 13579411
13579436 13579440
13579455 13579457
13579547 13579551
13579569 13579573
13579597 13579600
13579618 13579621
13579757 13579760
13579762 13579766
13579783 13579786
13579788 13579791
13579801 13579809
13579925 13579928
13579925 13579929
13579932 13579936
13580062 13580068
13580109 13580114
13580135 13580141
13580135 13580142
1973968 2746239
13580146 13580150
13580288 13580292
13580514 13580518
13580554 13580557
5980285 142429
13580657 13580661
13580674 13580679
13580699 13580703
13580743 13580747
13580812 13580819
13581039 13581044
13581050 13581054
13581137 13581140
13581201 13581204
13581208 13581214
13581223 13581227
13581297 13581300
13581344 13581350
13581366 13581373
13581386 13581391
13581395 13581400
13581436 13581442
13581454 13581460
13581468 13581473
13581468 13581474
13581769 13581772
5711809 5711823
13581901 13581903
13581909 13581916
13581998 13582006
13582016 13582020
13582053 13582056
13582120 13582123
13582126 13582130
13582134 13582138
13582151 13582157
13582185 13582190
13582193 13582197
13582228 13582230
13582232 13582236
13582240 777724
13582255 13582262
13582271 13582274
13582405 13582409
4985922 4985950
13582537 13582540
13582567 13582572
13582612 13582616
13582651 13582653
13582656 13582660
13582693 13582696
13582728 13582731
13582734 13582739
13582746 13582750
13582752 13582755
13582772 13582776
13582781 13582785
13582807 13582812
13582875 13582878
13582888 13582891
9757550 9757560
13582994 13582997
13583044 13583050
13583103 13583107
13583254 13583257
13583290 13583293
13583310 13583316
13583329 13583333
13583343 13583349
13583375 13583378
13583407 13583409
13583428 13583431
13583439 13583443
13583448 13583452
13583462 13583465
13583473 13583476
13583482 13583485
13583490 13583493
13583539 13583543
13583694 13583698
13583776 25674
13583793 13583797
13583811 13583816
13583898 13583900
13583905 81151
13583968 13583976
13583981 13583988
13584043 3129512
13584063 13584066
13584253 13584258
13584339 13584341
13584413 13584416
13584434 13584440
13584612 13584615
13584783 13584790
13584818 13584822
13584852 13584855
13584895 13584898
13584949 13584953
13584957 13584961
13584980 13584984
13585023 13585027
13585135 13585138
13585314 13585317
13585396 13585403
13585439 13585445
13585458 13585464
13585498 13585502
13585523 13585525
13585528 13585532
13585561 13585566
13585578 13585584
13585687 13585693
13585725 13585729
13585831 13585838
13585870 13585873
13585878 13585884
13585931 13585935
13585990 13585997
13586001 13586004
13586087 13586091
13586277 13586283
13586358 13586361
13586442 13586446
13586494 13586497
13586506 13586512
13586560 13586563
13586580 13586583
13586588 13586595
13586603 13586608
13586623 13586625
13586729 13586734
13586739 13586745
13586835 13586838
13586932 13586935
13586950 13586955
13586965 13586972
13586991 13586993
13586999 125303
13587017 13587020
13587066 13587069
13587083 13587087
13587107 13587110
13587162 13587166
13587199 13587202
13587302 13587305
13587427 13587431
13587449 13587452
13587514 13587517
13587564 13587568
13587642 13587645
13587684 13587687
13587689 13587692
13587755 13587759
13587768 13587771
13587826 13587828
13587835 13587842
13587850 13587852
13588035 13588037
13588137 13588143
13588399 13588403
13588418 13588421
13588576 13588582
13588680 13588685
6115568 6115577
13588843 13588854
13588920 13588923
13588933 13588939
13589033 13589037
13589033 13589038
13589041 13589045
13589053 13589059
13589104 13589108
13589242 243209
13589288 13589295
13589301 13589303
13589349 13589352
13589358 13589360
13589484 13589488
13589492 13589495
13589583 13589589
13589594 13589599
13589761 13589767
13589774 13589777
13589787 379100
13589892 13589894
13589919 13589922
13589929 13589931
13590064 13590068
13590094 13590098
13590232 13590238
13590266 13590268
13590338 13590343
13590363 13590370
13590451 13590454
13590478 13590484
13590522 13590526
13590574 13590577
2872801 3422814
2872801 3422815
2872801 3422816
2872801 3422817
13545464 13545470
13590591 13590595
13590859 721625
13590879 13590883
13591023 13591030
13591158 13591161
13591210 13591215
13591728 13591730
9326100 9326104
13591889 13591894
13591958 13591961
13591963 13591965
13591971 13591975
13592033 13592037
13592102 13592106
5049124 5049240
13592206 13592214
13592206 13592215
13592467 13592473
13592497 13592501
13592527 13592531
13592562 13592565
13592573 13592580
13592590 13592594
13592630 13592634
13592660 13592666
13592685 13592689
13592703 13592706
13592900 13592903
13592905 13592907
13593142 4236804
13593237 13593240
13593244 13593248
13593302 13593304
13593386 13593389
13593556 13593560
13593597 13593599
13593749 13593753
13593820 3424182
13593907 13593910
13594000 13594004
13594194 13594199
13594218 13594223
13594330 13594332
13594470 13594473
13594477 13594480
13594586 13594590
13594596 13594600
13594642 13594644
13594752 13594756
13595050 13595053
13595088 13595091
13595113 13595115
13595138 13595140
13595142 13595145
13595190 13595193
13595195 13595202
13595215 13595219
13595227 13595230
13595284 13595293
13595425 370377
13595449 13595453
13595520 13595528
13595563 13595566
13595725 13595727
13595874 13595876
13596029 13596034
13596104 13596107
13596125 13596130
13596239 13596242
13596327 13596332
13596372 13596376
13596382 13596386
13596441 13596443
13596454 13596457
13596480 13596483
13596570 13596574
13597301 13597305
13597309 13597311
13597309 13597312
1491158 2357911
13597374 13597388
13597456 13597462
13597551 13597554
13597786 13597791
13597893 13597896
13597912 13597916
13597951 13597953
13597963 13597966
13597984 13597989
13598164 13598169
13598229 13598231
13576595 13576603
13598403 13598409
13598450 13598452
13598515 13598518
13598522 13598525
13598533 13598537
13598541 13598546
13598600 13598603
13598704 13598709
13598742 13598749
13598784 13598787
13598891 13598895
13599010 13599013
13599031 13599035
13576583 13576598
13599360 13599363
13599378 5838720
13599395 13599397
13599484 13599488
13599537 13599543
13599633 13599635
13599843 13599849
13599905 13599909
13599999 13600003
13600010 13600014
13600061 13600067
13600061 13600068
13600241 13600251
13600272 13600277
13600362 13600368
13600362 13600369
13600375 13600380
13600432 13600438
13600481 13600487
13600591 13600596
13600736 13600742
13600816 13600822
13600844 13600847
13600855 13600859
13600862 13600865
13600886 13600888
13600951 13600957
13600974 13600977
13600993 13600997
13601155 13601158
13601179 13601184
13601192 13601196
13601233 13601236
13601239 13601243
13601279 13601282
13601325 13601329
13601338 13601345
13601351 13601354
13601414 13601420
13553752 13553759
13601460 13601464
13601495 13601501
13576601 13576608
13601582 13601585
13559612 13559621
13601619 6269705
13561226 13561239
2580858 3219634
13601769 13601772
13601782 13601786
13601919 13601926
13562537 13562552
13594598 13594603
13561302 13561318
13602433 13602436
13602438 13602442
13584785 13584797
13602502 13602505
13602608 13602611
13602693 13602696
13602737 13602742
13602845 13602849
13602994 13602997
13597685 13597696
13603282 13603300
13603365 13603369
13545527 13545533
13603550 13603556
13603623 190140
13603674 1394045
13603779 13603782
13603816 13603819
13553288 13553310
13604000 13604002
13604044 13604050
13604055 13604058
13604166 13604170
13604191 13604195
13604935 13604940
13605576 13605579
13606030 13606034
13606410 13606413
13606502 13606505
13606863 13606866
13606904 13606906
13607076 13607079
13608573 13608577
13608653 13608655
13608809 13608812
13609114 13609118
13609148 13609154
13610201 13610205
13610365 13610373
13610391 13610393
13610395 13610400
13610415 13610418
13610672 13610676
13610703 13610707
13610841 13610843
13610873 13610876
13611020 13611026
13611067 13611069
13611072 13611077
13611082 13611086
13611089 13611094
13611143 13611146
13611150 13611154
13611461 13611463
13611676 13611682
13611688 13611690
13611793 13611799
4990811 4990836
13611960 13611962
13612087 13612090
13612103 13612107
13612206 13612209
13612219 13612221
13537596 13537603
13612417 13612423
13612600 13612602
13612604 13612609
13612637 13612640
13553773 13553780
13612654 13612660
13612686 13612689
13612752 13612756
13612836 13612843
13612986 13612988
13612995 13613001
13613081 13613085
13570856 13570861
13613294 13613298
13613327 13613330
13613453 13613462
13613664 13613667
13613681 13613686
13613844 13613848
4118776 4262745
13613956 13613959
13613989 13613993
13614002 13614004
13614029 4154452
13614118 13614120
13614328 13614332
13614344 13614346
13554811 13554818
13614396 13614398
13614414 13614418
13614444 13614447
13614458 13614461
13614510 13614516
13614541 13614544
13614684 13614689
13563970 13563983
13614847 13614852
13614896 13614898
13614958 84665
13615139 13615143
13615178 13615185
13615235 13615239
13615243 13615245
13615259 13615262
13615288 13615291
13615307 13615313
13615338 13615344
13615350 13615353
13615359 13615366
13615373 13615378
13545531 13545536
13615430 13615436
13615455 197076
13615559 13615562
13556235 13556246
13615612 13615618
13544840 13544848
13615651 13615654
13615657 13615660
13615683 13615686
13615714 13615716
13615800 13615802
13615958 13615961
13615982 13615984
13616094 13616096
13616140 13616143
13616184 13616188
13537597 13537610
13616436 13616441
13616603 13616610
13616603 13616611
13616625 13616629
13617151 13617154
13617172 13617176
13617550 13617556
13617630 13617634
13617718 13617724
13618037 13618042
13618179 13618183
13618332 3094314
13618541 13618544
13618585 13618587
13619050 13619052
13619163 13619166
13619209 13619217
13619347 13619352
13619400 13619403
13619739 13619741
13619815 13619820
13620302 13620306
13620311 13620313
13620333 13620336
13545386 13545393
13620684 13620688
13620693 13620697
13620700 13620703
13620705 13620709
13620713 13620717
13620798 13620801
13620905 13620909
13621000 13621004
13621007 13621011
13621122 13621125
13621148 13621150
13621228 13621230
13621463 13621468
13621485 13621488
13621502 13621509
13621502 13621510
13621529 13621531
13621533 13621539
13621544 13621546
13621557 13621559
13621561 13621563
13621669 13621674
13563085 13563090
13621784 13621790
13621867 13621871
13621902 9716970
13551034 13551041
13622127 13622129
13622189 13622195
13563076 13563087
13622444 13622451
13622535 13622541
13622578 13622581
13559623 13559634
13622697 13622700
13622935 13622941
13543680 13543700
13622953 13622958
13622981 13622985
13580556 13580564
13623064 13623067
13623170 13623174
10422533 10422540
13623422 13623425
13623502 13623505
13623600 13623603
13623819 13623825
13623846 13623853
13623878 13623881
13623914 13623916
13623926 13623932
13624042 13624046
13624061 13624065
13624145 13624152
9357369 9357390
13624777 13624780
13624893 13624895
13624901 13624904
13624955 13624957
13625159 13625164
13625347 13625349
13625687 13625690
13626472 13626474
13626496 13626499
13626669 13626671
12229141 12229154
13626894 13626897
13627353 13627357
13627399 13627403
13627567 13627569
13628154 13628158
13628479 13628481
13629468 13629472
13629644 13629647
13630058 13630060
13630062 13630065
13630328 13630331
13630340 13630342
13630472 13630476
13630825 13630827
13630962 13630968
13631174 13631178
13631340 13631346
13631372 13631374
13631461 13631465
13598408 13598427
13631748 13631751
13632027 13632031
13632175 13632177
13632221 13632226
13632400 13632404
13632443 13632445
13632485 13632488
13632498 13632504
13632534 13632537
13632543 13632548
13632737 13632742
13632857 13632859
13597376 13597427
13597376 13597428
13632933 13632938
13632948 13632951
13632999 13633003
13633300 13633305
13633464 13633468
13633579 13633585
13633692 13633699
13633918 13633922
13545247 13545256
13633942 13633948
13633953 13633958
13634072 13634076
13634298 13634304
13634482 13634485
13634668 13634672
9611559 9611571
13634678 13634682
13634772 13634774
13634847 13634852
13634973 13634978
13635166 13635170
13617174 13617184
13635226 13635228
13635307 13635310
13635629 13635631
13635633 13635638
13635762 13635767
13635802 13635805
13635809 13635813
13636018 13636021
13636116 13636125
13636606 13636610
13636648 13636651
13636674 13636676
13636726 13636730
13636889 13636891
13636922 13636926
13636950 13636953
13637027 13637029
13637070 13637077
13637108 13637114
13637208 13637212
13637457 13637462
13568341 13568347
13568341 13568348
13543308 13543317
13637803 13637808
13637831 13637838
13637844 13637846
13637906 13637909
13637985 13637988
13638036 13638039
13638085 13638089
13638118 13638123
13638179 13638183
13638223 13638227
13638303 13638310
13638320 13638325
13638414 13638421
13638455 13638459
13638494 13638498
13638543 13638548
13638566 13638568
13638732 13638737
13581397 13581406
13638944 13638946
13639183 13639187
13639212 13639217
13639288 13639290
13583696 13583701
13640222 13640227
13640237 13640241
13640613 13640616
5388623 5388640
13640885 13640892
13640908 13640916
13642213 13642216
13618543 13618548
13642266 13642269
13642468 13642471
13642819 2868126
13642950 13642954
13643058 13643064
13643069 13643074
13643124 13643127
13643228 13643232
13548740 13548746
13643261 13643265
13643291 13643295
13631176 13631183
13618547 13618553
13643338 13643340
13643345 13643348
13643361 13643366
13643528 13643536
13643791 13643794
13643791 13643795
13643791 13643796
13643791 13643797
13643791 13643798
13643791 13643799
13643791 13643800
13643839 13643842
13643845 13643853
13644053 13644057
13644064 13644068
13644093 13644096
13644114 13644120
13644152 13644161
5622983 5623028
13644250 13644253
13644287 13644290
13644371 13644377
13644404 13644407
13644440 13644446
13644482 13644485
13644666 13644671
13644799 13644802
13644805 13644809
13579682 13579688
13644892 13644898
13644903 13644906
13567256 13567265
13644982 13644986
13645002 2510545
13645306 13645311
13645523 13645529
13645604 13645607
13645671 13645673
13645974 13645978
13646088 13646091
13646194 13646198
13646281 13646283
13545889 13545902
13646308 13646312
13646328 13646331
13646406 13646408
13646429 13646433
13646548 13646553
13546027 13546041
13646597 13646600
13646634 13646638
13646932 13646934
13647463 13647466
13647798 13647800
13647806 13647812
13647829 13647832
13647840 13647843
13647856 13647858
13647860 13647862
13647892 13647894
13647897 13647901
13648027 13648034
13648046 13648048
13648050 13648052
13648054 13648056
13648084 13648086
13648088 13648090
13648129 13648131
13648133 13648135
7235790 7235814
13648152 13648154
13648159 13648161
13648163 13648165
13648193 13648196
13648199 13648201
13648208 13648210
13648224 13648228
13540553 13540559
13648314 13648319
13648518 13648522
13648535 13648537
13648553 4816079
13648610 13648613
13648657 13648659
13648707 13648710
13648820 13648828
13648837 13648842
13648865 13648868
13648991 13648998
13649340 13649342
13649344 13649346
13649412 13649415
13649603 13649609
13650017 13650020
13583697 13583708
13589351 13589355
13650804 13650807
13650871 13650875
13650914 13650919
13651069 13651072
13651181 13651188
13651405 13651407
13651520 13651526
13651539 13651541
13651615 13651619
13651729 13651731
13604057 13604063
13651825 13651829
13611678 13611686
13651841 13651844
13651909 13651912
13651929 13651935
13551231 13551237
13651965 13651969
13651978 13651982
13579549 13579555
13652081 13652084
13576760 13576768
13652170 13652174
13652218 13652223
13652258 13652261
13536590 13536598
13652364 13652368
13652412 13652416
13652475 13652480
13652561 13652565
13652572 13652575
13652587 13652590
13541528 13541541
13652691 13652694
13652707 13652712
13652763 13652766
13586279 13586292
13652798 13652802
13652805 13652808
13586763 13586774
13652968 13652971
13653017 13653019
13544640 13544656
9901400 9901413
13653042 13653047
13653140 13653144
13536643 13536648
13653330 13653336
13653341 13653345
13653341 13653346
10046402 10046411
13654225 13654228
13654266 13654271
13595286 13595303
13654509 13654514
13548251 13548261
13655214 13655217
13655608 2822188
13597477 13597490
13656096 13656099
13656535 13656539
13656624 13656626
5210884 5210901
13657000 13657004
13657013 13657020
13643126 13643133
13657539 13657543
13657769 13657772
13657800 13657804
13658105 13658107
13658215 13658217
13658311 13658313
13658315 13658319
13658424 13658426
13658564 13658566
13658577 13658581
13658602 13658605
13658654 13658659
13658783 13658785
13658832 13658834
13572534 13572550
13659453 13659456
13659733 13659738
13577501 13577508
13545901 13545912
13659863 13659865
13659883 13659887
13659971 13659977
13659973 13659980
13660539 13660541
13660707 13660710
13660863 3151379
13575354 13575362
13661006 13661009
13661030 13661032
13661052 13661054
13661057 13661059
13661066 13661070
13661152 13661154
13661236 13661240
13661282 13661285
13661503 13661507
13661503 13661508
13661539 13661544
13609150 13609159
13661845 13661849
8716698 8716715
8716698 8716716
8716698 8716717
8716698 8716718
8716698 8716719
13662030 13662034
13662223 13662227
13662225 13662232
13662415 13662420
13662575 13662577
13580659 13580666
13662904 13662907
13662911 13662915
13663037 13663039
13663041 13663047
13663171 13663175
13553645 13553650
13663453 13663455
13663533 13663535
13663664 2066353
13663937 13663940
13664224 13664226
13664265 13664268
13664265 13664269
13664444 13664447
13664605 13664607
13664634 13664636
13657541 13657554
13664882 13664884
13664887 13664889
13665210 13665213
13665319 13665321
13665327 13665330
13665447 13665451
13665497 13665500
13665726 13665731
13568624 13568637
13553628 13553634
13666257 13666260
13666295 13666297
13666456 13666460
13536632 13536645
13666820 13666824
13666968 13666972
13666975 13666978
13667015 13667018
13667020 13667022
13667164 13667168
13667296 12352
13667306 13667308
13667310 13667313
13667441 13667443
13667693 13667699
13650019 13650023
13667912 13667916
13667957 13667961
13668049 13668053
13668069 13668073
13668261 13668264
13668305 13668309
13668484 13668486
13668651 13668656
13668678 13668681
13668704 13668707
13668747 13668750
13668764 13668771
13669420 13669424
13669606 13669608
13670419 13670423
13670466 13670468
13670492 13670499
13670566 13670571
13670594 13670596
13670598 13670604
13553633 13553647
13670683 13670685
13561724 13561737
13670843 13670849
13670900 13670904
13670956 13670959
13670968 13670973
13670996 13670999
13671001 13671006
13671058 13671060
13671066 13671069
13671120 13671123
13671154 13671163
13671605 13671610
13671646 13671649
13671674 13671677
13671685 13671694
13671749 13671753
13671776 13671778
13671821 13671825
13671846 13671849
13671971 13671975
13672127 13672129
13672134 13672137
13672144 13672151
13672144 13672152
13672246 13672249
13672384 13672388
13663939 13663945
13672489 13672492
13672496 13672500
13672504 13672508
13672648 13672652
13672684 13672686
13672693 13672695
13553629 13553640
13672780 13672784
13672817 13672819
13672856 13672859
13672871 13672875
13672893 13672896
13672913 13672916
13672920 13672923
13672978 13672984
13672978 13672985
13673066 13673072
13673149 13673152
13673246 13673249
13673290 13673294
13673429 13673432
13673445 13673448
13673493 13673496
13673498 13673502
13673649 13673654
13673697 13673701
13673788 13673792
13673891 8432066
13673900 13673902
13673919 13673924
13673919 13673925
13673919 13673926
13673946 13673948
13539638 13539651
13674085 13674090
13674200 13674202
13674228 13674231
13674246 13674249
13674256 13674261
13674271 13674273
13674285 13674288
13674301 13674305
13674355 13674358
13674402 13674406
13674658 13674661
13674840 13674843
13665728 13665740
13675251 13675253
13675283 13675286
13675283 13675287
13614543 13614548
13675415 13675420
13675457 13675461
13675513 13675517
13675555 13675560
13675571 13675578
13675608 13675612
13675628 13675630
13675705 13675708
13675733 13675738
13674303 13674311
13675862 13675865
13547661 13547668
13675998 13676004
13676158 13676162
13676247 13676251
13676353 13676356
13676386 13676389
13676552 13676556
13676840 13676842
13676877 13676879
13676901 13676905
13677044 13677048
13677094 13677099
13677125 13677129
13677184 13677187
13677206 13677208
13677345 13677348
13581911 13581926
13677534 13677537
13677720 13677723
13677853 13677856
13677853 13677857
13677866 13677868
13677884 13677886
13677894 13677896
13677917 13677920
13677917 13677921
13677924 13677925
13677941 13677945
13677950 13677953
13677962 13677965
13677970 13677972
13677990 13677993
13678014 13678016
13678034 13678036
13592687 13592693
13678102 13678105
13678405 13678409
13678817 13678821
13679177 13679181
13679207 13679211
13679346 13679350
13680344 13680346
13680352 13680355
13680354 13680358
13680392 13680395
13680437 13680439
13587204 13587210
13682179 13682182
13682563 13682569
13682597 13682601
13682674 13682679
13682682 13682685
10046369 10046379
13682820 13682826
13568636 13568641
13682919 13682926
13561014 13561019
13683001 13683004
13683006 13683011
13683097 13683102
13683143 13683146
13594754 13594762
13683303 13683306
13636924 13636932
13683551 13683555
13683572 13683575
13683689 13683692
13683699 13683702
13683704 13683707
13683724 13683729
13582257 13582269
13683977 13683980
13684095 13684100
13684109 13684113
13684195 13684200
13684224 13684227
13537456 13537462
13684364 13684366
13684449 13684453
13684467 13684471
13684532 13684538
13684670 13684674
13684764 13684768
13672895 13672903
13684825 13684833
7198284 7198303
13685110 13685114
13551232 13551241
13685227 13685229
13685297 13685300
13685338 13685341
13685367 13685370
13685439 13685441
13685498 13685507
13685558 13685562
13685604 13685609
13685656 13685658
13685694 13685700
13685705 13685709
13685833 13685835
13686000 13686004
13686035 13686039
13686062 13686064
13686172 13686174
13623504 13623509
13686263 13686266
13594599 13594608
13550604 13550610
13686547 13686553
13574334 13574341
13686645 13686648
13686718 13686723
13686758 13686760
13571630 13571640
13687007 13687011
13687109 13687111
13687220 13687224
13687345 13687347
13569044 13569055
13687583 13687586
13687737 13687742
13687780 13687785
13687974 13687976
13688067 13688070
13688096 13688099
13541172 13541180
13688144 13688151
13688164 13688168
13688172 13688178
13688390 13688395
13688479 13688482
13688490 13688497
13688885 13688889
13688931 13688937
13556176 13556183
13689004 13689006
13689036 13689040
13652414 13652423
13689270 13689273
13689333 13689337
13689445 13689448
13689488 13689490
13574329 13574337
13689759 13689763
13689781 13689786
13689917 13689922
13606504 13606514
13690401 13690409
13690605 13690607
13690787 13690789
13585727 13585733
13691586 13691588
13691710 13691716
13683305 13683311
13691869 13691873
13618551 13618558
13587304 13587311
13692469 13692475
13692481 13692487
13692493 13692497
13692513 13692516
13692606 13692610
13692742 13692745
13692814 13692818
13693055 13693059
13693090 13693093
13693487 13693489
13693695 13693698
13587209 13587214
13587213 13587217
13587201 13587206
13693822 13693825
13693885 13693888
13693898 13693906
13542702 13542707
13595090 13595095
13542706 13542710
13694210 13694212
13694273 13694279
13694301 13694306
13694416 13694420
13694629 13694632
13694688 13694692
13694688 13694693
13694861 13694865
13695458 13695461
13695615 13695617
13695879 13695881
13696133 13696136
13696297 13696300
13696352 13696358
13696430 13696437
13696504 13696511
13696736 13696738
13545248 13545261
13696784 13696788
13696845 13696847
13697310 13697315
13697359 2630064
13697533 13697536
13698152 13698154
13698204 13698207
13698305 13698307
13698795 13698798
13698916 13698921
13699204 13699210
13699309 13699315
13699329 13699337
13699441 13699447
13699799 13699801
13567264 13567278
9357528 9357537
9357528 9357538
5126782 5126794
13700176 13700182
13700176 13700183
13700525 13700531
13700656 13700660
13700735 13700739
13597426 13597447
13597426 13597448
13701049 13701055
13701091 13701094
13701157 13701164
13701249 13701255
13701518 13701524
13702080 13702086
13702124 13702127
13702144 13702151
13702307 13702311
13702387 13702391
13702408 13702411
13702482 13702486
13702490 13702495
13702527 13702530
13702651 13702656
13702662 13702669
13702727 13702732
13702750 13702752
13703023 13703026
13703285 13703287
13703309 13703311
13704605 13704607
13705927 13705931
13676388 13676394
13706074 13706077
13708804 13708807
13708998 13709001
13709003 13709006
13709249 13709253
13709479 13709481
13709720 13709724
13709720 13709725
13709922 13709926
13709939 13709942
13709974 13709978
13710240 13710242
13710338 13710341
13710361 13710364
13710670 13710672
13710721 13710724
13710727 13710730
13558967 13558974
13711205 13711210
13711205 13711211
13711386 13711392
13712545 13712550
13572535 13572559
13713293 13713295
13713546 13713549
13713700 13713703
13714069 13714073
13714208 13714213
13714337 13714341
13714586 13714589
13714807 13714810
13714890 13714894
13714917 283520
13715168 585996
13550869 13550876
13715256 13715260
13715256 13715261
13559619 13559627
13615561 13615566
13715365 13715370
13543695 13543711
13715532 13715536
13715669 114925
13715786 13715789
13715859 13715864
13715870 13715876
13562806 13562816
13716036 13716039
13716146 13716153
13716165 13716168
13716199 13716203
13716276 13716281
13716384 12510210
13716439 13716441
13716479 13716482
13716486 13716490
13553758 13553763
13716681 13716686
13716874 13716877
13716888 13716893
13716898 13716904
13716976 13716980
13717212 13717217
13717301 13717305
13717537 13717539
13717687 13717689
13717792 13717795
13717810 13717813
13717833 13717837
13717974 13717980
13718102 13718107
13569667 13569674
13718291 13718296
13570135 13570149
13718404 13718409
13718448 13718454
13718596 13718599
13718668 13718670
13718802 13718806
13718817 13718819
13718817 13718820
13718829 13718835
13553765 13553776
13719066 13719070
13719073 13719075
13719073 13719076
13719172 13719176
13719283 13719286
13594759 13594767
13719370 54559
13719393 13719396
13719418 13719424
13719545 13719550
13719610 13719617
13720090 13720093
13720351 13720356
13720414 13720418
13720570 13720575
7217233 7217408
13543632 13543649
13720680 13720687
13720680 13720688
13720680 13720689
13720716 13720719
13720792 13720796
13720803 13720806
13720912 13720916
13721083 13721086
13636930 13636937
13721176 13721180
13721233 13721237
13538387 13538400
13538382 13538389
13721639 13721643
13721646 13721650
13721739 13721744
13721858 13721860
13570860 13570867
13722236 13722239
13722291 13722296
13722308 13722311
13722348 13722354
13722382 13722390
13722402 13722405
13722827 13722829
13723014 13723017
13717812 13717817
13723217 13723219
13723221 13723226
13723591 13723593
13723657 13723659
13723762 13723767
13723846 13723849
3663795 3966894
13723923 13723926
13723948 13723950
13723952 13723954
13724101 13724104
13724112 13724115
13724239 13724245
13724293 13724297
13724329 13724334
13724354 13724358
13724487 13724491
13724509 13724514
13724761 13724763
13594760 13594774
13725042 13725044
13725091 13725094
13615565 13615570
13725283 13725286
13541158 13541163
13725439 13725441
13725500 13725505
13725590 13725594
13725629 13725632
13725684 13725687
13726010 13726014
13726137 13726141
13652693 13652701
13726543 13726546
13726612 13726617
13538383 13538395
13623511 13623517
13727153 13727160
13727169 13727175
13727222 13727225
13550874 13550881
13727265 13727273
13727363 13727366
13727417 13727420
13727433 13727435
13727712 13727718
13727742 13727748
13727831 13727836
13727982 13727984
13727993 13727998
13728173 13728175
13728182 13728184
13728337 13728340
13721648 13721654
13553762 13553770
13728529 13728533
13728618 13728621
13728655 13728658
13728667 13728671
13728685 13728687
13728757 13728759
13728769 13728778
13728797 13728802
13728831 13728834
13728852 13728855
13729491 13729496
13729730 13729732
13729836 13729838
13729862 13729864
13730454 13730457
13730460 13730464
13722293 13722304
13730555 13730562
13730637 13730644
13730770 13730775
13730770 13730776
13730879 13730881
13730917 13730921
13542773 13542780
13731227 13731231
13731339 13731341
13584786 13584804
12339088 12339114
13731446 13731448
13731489 13731492
13731577 13731582
13732203 13732207
13732430 13732434
13732505 13732510
13733261 13733263
13733488 13733493
13733621 13733623
13733779 13733781
13734027 13734030
13734291 13734293
13734367 13734369
13734428 13734431
13734809 13734811
13735354 13735357
13735482 13735486
13626896 13626900
13210995 13211003
13581774 13581783
13581771 13581777
13736291 13736294
13545387 13545397
13736519 13736521
13736621 13736626
13737104 13737107
13592705 13592713
13738878 13738881
13739040 13739043
13739243 13739246
13739243 13739247
13739243 13739248
13739243 13739249
13739243 13739250
13739243 13739251
13739243 13739252
13739243 13739253
13739292 13739296
13739316 13739321
13739705 13739709
13553500 13553512
13740618 13740622
13740923 13740927
13740997 13741000
13741869 13741875
13742852 13742856
13578764 13578769
13742999 13743003
13743148 13743152
13743148 13743153
13743390 13743393
13743694 13743697
13743721 13743724
13744418 13744422
13744532 13744535
13744734 13335244
13745288 13745291
13747012 13747015
13747081 13747084
13747383 13747388
13749472 13749475
13749847 2844084
13749867 13749870
13749972 13749978
13750052 13750054
13750323 13750326
13750365 13750367
13750899 13750903
13751083 13751087
13751118 13751122
13751238 13751241
13751238 13751242
13751238 13751243
13751452 13751455
13567257 13567272
13752396 13752401
13752427 13752430
13752486 13752491
13752719 13752725
13752773 13752776
13702410 13702419
13753571 13753573
13753575 13753578
13753673 13753681
13753834 13753839
13753953 13753957
13754036 13754040
13754036 13754041
13584614 13584619
13754228 13754231
13754498 13754502
13754571 13754574
13754635 13754639
13754689 13754694
13754714 13754717
13585728 13585738
13754746 13754750
13755051 13755057
13755761 13755765
13756314 13756317
13756314 13756318
13756566 13756569
13756658 13756661
13696786 1001588
13758786 13758790
13758908 13758910
13595094 13595098
13760057 4200838
13760742 13760744
13760864 13760871
13761193 13761198
13761226 13761228
13678819 13678826
13542219 13542229
13762692 13762696
13762925 13762933
13763036 13763039
13763036 13763040
13763567 13763571
13763596 13763600
13763708 13763711
13763869 13763873
13763901 13763904
13548252 13548266
13764042 13764045
13764049 13764053
13764156 519634
13764312 13764318
13764399 13764401
13764403 13764408
13763569 13763578
13764605 13764609
13764756 13764765
13765121 13765124
13765190 13765193
13765700 13765703
13765839 13765842
13766129 13766136
13766330 13766332
13558367 13558375
13767055 13767061
13767550 13767552
13767929 13767931
2357905 3054309
13768420 13768422
13770779 13770784
13770859 13770862
13770874 13770876
13771033 13771035
13771109 13771111
13684451 13684459
13684451 13684460
13675707 13675711
13771268 13771270
13771326 1628829
13771425 13771428
13541101 13541112
13771952 13771955
13772144 13772146
13772160 13772163
13772224 13772229
13772260 13772265
13772352 13772356
13772362 13772365
13772368 13772373
13555306 13555324
13772890 13772894
13772970 13772973
13772977 13772982
13773009 13773012
13773108 13773112
13773171 13773176
13773255 13770161
13773615 13773620
13773698 13773701
13773779 13773782
13773884 13773886
13773930 13773936
3207775 3663698
13774014 13774018
13774362 13774365
13774475 13774479
13688146 13688158
13774692 13774694
13673248 13673252
13541540 13541544
13775051 13775053
13775191 13775194
13775214 13775220
13775239 13775242
13775258 13775261
13775388 13775393
13775442 13775448
13775453 13775458
13775509 13775514
13775608 2233101
13552760 13552767
13587164 13587171
13775891 13775894
13538877 13538888
13776316 13776322
13776758 13776765
13776948 13776954
13684097 13684106
13777034 13777037
13777049 13777051
13774477 13774487
3967174 4160939
3664024 3967176
13777340 13777342
13777431 13777435
13777508 13777511
13777690 13777693
13777764 13777768
13550879 13550886
13777973 13777976
13563553 13563564
13778297 13778301
13778451 13778453
13563473 13563480
13553113 13553123
13553122 13553126
13778598 13778601
13778664 13778669
13778827 13778830
13778925 13778928
13779057 13779060
13579550 13579558
13779479 13779485
13779582 13779585
4253516 4350516
13779680 13779683
13779686 13779690
13584438 13584445
13586590 13586601
13780646 13780651
13780851 13780854
13781136 13781140
13717816 13717822
13781174 13781179
13781619 13781622
13781649 13781654
13586741 13586755
13782211 13782214
13782327 13782329
13782340 13782342
13782374 13782376
13782396 13782398
13782400 13782402
13782917 13782922
13585732 13585742
13783738 13783742
13548511 13548522
13784559 13784564
13784933 13784936
13609151 13609164
13785434 13785440
13785825 13785828
13540271 13540282
13786721 13786724
13786731 13786733
13786739 13786743
13787719 13787721
13787750 13787752
13789455 13789457
13709941 13709945
13791409 13791413
13792780 13792782
13794647 13794649
13632545 13632556
13797741 13797745
13798991 13798996
13696796 13696801
13696793 13696798
13799661 13799664
13799678 13799685
13799949 13799953
13801280 13801284
13801473 13801476
13802106 13802109
13803571 13803574
13805567 13805570
13805732 13805734
13806945 13806948
13807309 13807313
13810152 13810154
13810152 13810155
13812565 13812567
13813146 13813150
13617153 13617157
13659974 13659985
13815888 13815890
13818661 13818665
13818786 13818789
13818840 13818842
13819301 13819307
13819419 13819426
13819481 13819485
13565158 13565173
13819617 13819620
13549722 13549726
13819686 1080823
13580148 13580157
13564444 13564455
13820013 13820016
13601360 13601365
13601356 13601362
13601353 13601358
13820175 13820178
13820409 13820414
13546460 13546472
13820570 13820576
13820927 13820931
13821068 13821071
13594607 13594615
13614547 13614551
13821372 13821374
13821517 13821521
13821629 13821633
13821638 13821641
13821645 13821650
13822253 13822257
13822552 13822554
13822719 13822722
13822789 13822793
13592530 13592536
13822887 13822891
13822894 13822898
13822901 13822906
13822994 13822996
13823019 13823022
13823046 13823050
13823053 13823057
13571303 13571319
13823383 13823388
13823432 13823434
13569381 13569386
13579554 13579562
13582737 13582744
13823649 13823653
13823662 13823666
13824569 13824572
13824601 13824606
13828753 13828755
13828761 13828764
13828767 13828769
13828775 13828777
13828840 13828844
13574428 13574442
13594589 13594594
13829660 13829664
13558973 13558979
13830668 13830671
13830756 13830759
13830761 13830764
13830766 13830769
13830771 13830774
13830776 13830779
13831406 13831411
13831964 13831966
13548259 13548276
13833122 13833125
13833194 13833198
13838750 13838753
13839522 13839524
13718293 13718301
13718294 13718306
13840760 13840763
13840893 13840895
13840937 13840939
13840968 13840972
13840988 13840992
13841027 13841029
13841383 13841386
13550884 13550890
13841495 13841498
13841500 13841506
13841497 13841502
13841512 13841518
13841517 13841521
13841919 13841923
13841959 13841962
13842005 13842008
13536306 13536316
13717821 13717828
13842681 13842683
13841505 13841510
13841509 13841514
13842765 13842769
13843189 13843192
13843201 13843204
13672900 13672909
13843537 4124238
13843928 13843930
13844069 13844071
13773781 13773786
13551294 13551307
13844573 13844576
13844575 13844580
13844579 13844583
13844675 13844677
13844679 13844684
13844760 13844762
13845082 13845084
10046413 10046418
10046409 10046415
13847456 13847459
13592499 13592504
13848292 13848295
13614031 13614036
13856671 13856675
13857666 13857668
13860282 13860285
13860289 13860293
13543309 13543323
13860481 13860485
13570481 13570489
13841922 13841929
13861080 13861084
13861083 13861089
13576766 13576773
13538765 13538775
13587165 13587176
13587174 13587181
13862422 13862425
13864614 13864617
13864922 13864925
13865169 13865171
13865393 13865396
13866158 13866161
13538469 13538477
13538466 13538472
13727839 13727847
13727834 13727842
13870004 13870006
13870133 13870136
13870157 13870161
13871326 13871329
13623508 13623513
13873631 13873633
13911375 13911377
13912594 13912596
13553327 13553349
28305364 28305365
29033043 29033045
31773867 31773868
31773869 31773870
31773871 31773872
31773873 31773874
31773875 31773876
31773877 31773878
31773879 31773880
31773881 31773882
31773883 31773884
31773885 31773886
31773887 31773888
31773889 31773890
31773891 31773892
31773893 31773894
31773895 31773896
31773897 31773898
31773899 31773900
31773901 31773902
31773903 31773904
31773905 31773906
31773907 31773908
31773909 795518
31773910 31773911
31773912 31773913
31773914 31773915
31773916 31773917
31773918 31773919
31773920 31773921
31773922 31773923
31773924 31773925
31773926 31773927
31773928 31773929
31773930 31773931
31773932 31773933
31773934 31773935
31773936 31773937
31773938 31773939
31773940 31773941
31773942 31773943
31773944 31773945
31773946 31773947
31773948 31773949
31773950 31773951
31773952 31773953
31773954 31773955
31773956 31773957
31773958 31773959
31773960 31773961
31773962 31773963
31773964 31773965
31773966 31773967
31773968 31773969
31773970 31773971
31773972 31773973
31773974 31773975
31773976 31773977
31773978 31773979
31773980 31773981
31773982 31773983
31773984 31773985
31773986 31773987
31773988 31773989
31773990 31773991
31773992 31773993
31773994 31773995
31773996 31773997
31773998 31773999
31774000 31774001
