9674779 9674797
9674920 9674941
9674992 9675010
2176574 2914943
4778660 4779303
655514 1397792
9675204 9675228
9675630 9675647
3017224 3527644
9675712 9675728
2838881 3399036
9675851 9675868
9676017 9676038
9676293 9676312
9676322 9676344
9676414 9676428
9676571 9676590
9676649 9676668
9676818 9676840
9676894 9676918
9676974 9676995
9677038 9677058
9699266 9699285
9715973 9715989
2984650 3501317
9719816 9719839
932265 1756595
9729684 9729704
9729718 9729733
9729882 9729892
9730043 9730059
9730873 9730887
9730889 9730906
9731029 9731047
9731564 9731584
9731826 9731851
9731938 9731953
9731978 9732000
9732072 9732090
9732635 9732648
9732690 9732704
9732863 9732879
9732943 9732959
9733271 9733289
3914594 4126854
9733446 9733467
9733814 9733830
9733872 9733884
3076996 3566936
9733942 9733957
9734255 9734267
9734300 9734315
9734413 9734424
132274 419435
9734668 9734678
9734827 9734848
9735125 9735142
9735147 9735162
9735234 9735250
9735559 9735567
9735619 9735641
4640852 4648638
9735727 9735738
2599973 3233886
2077343 2833106
9735874 9735895
9735906 9735922
9676251 9676280
9736413 9736432
9736543 9736562
9737064 9737080
9737224 9737238
9737243 9737256
9737864 9737882
9738292 9738311
137891 430853
9677304 9677332
9743426 9743449
9745695 9745715
9756595 9756608
9757254 9757278
9757685 9757700
777870 1564346
4214007 4325093
10097515 10097529
11651866 11651893
5000209 5000245
12305210 12305221
13268085 13268099
4377225 4436310
13270032 13270048
13270032 13270049
13270794 13270809
281877 792102
13287773 13287791
13291333 13291353
13291361 13291381
13291630 13291650
13291660 13291673
13299751 13299763
13299927 13299944
2264959 2985213
13300033 13300044
13300622 13300643
13301524 13301540
12588462 12588553
3579780 3914571
4734257 4735648
13304327 13304341
13304369 13304385
1646019 2488765
9736791 9736813
1374444 2252280
722753 1483657
13306255 13306270
13306479 13306498
13308069 13308083
13309223 13309239
1067289 1930113
13314166 13314180
3698817 3989616
13314442 13314460
13314490 13314507
13315003 13315024
13315543 13315559
9735622 9735664
13316499 13316518
13320527 13320543
13323860 13323883
13325334 13325357
13325783 13325800
13326905 13326920
13327450 13327469
13331796 13331812
3860483 4091196
4757450 4758282
2660869 3277243
13343159 13343171
13343179 13343196
13343816 13343831
3160090 3630712
13347712 13347723
13348705 13348719
13349725 13349743
13349876 13349892
13350545 13350555
3212259 3667436
2787426 3365703
3212260 3667460
2321910 3026298
13358795 13358811
13361321 13361339
13369414 13369427
13371263 13371276
3218170 3670995
13377497 13377514
13386643 13386655
13391382 13391396
13392234 13392245
13412694 13412708
13414619 13414637
4446190 4486530
13436637 13436651
13440299 13440314
13479112 13479125
13501274 13501290
13506879 13506893
13513378 13513400
13517958 13517971
13522963 13522978
14763339 14763354
14766867 14766881
14766961 14766976
14767982 14767995
14770429 14770443
5639111 5639140
14772340 14772355
4821853 4822008
14772942 14772954
14773153 14773169
4950921 4950950
2264960 2985239
14778420 14778433
14882279 14882293
4994145 4994172
14886110 14886123
9754917 9754935
15760914 15760931
15825684 15825703
15825798 15825812
15827331 15827343
15828612 15828625
4967211 4967235
15828700 15828715
15829595 15829609
15830318 15830337
15830620 15830634
15830841 15830853
15831075 15831093
15831541 15831549
15831700 15831713
15835533 15835545
15836682 15836699
15837852 15837862
15837937 15837952
15838061 15838077
15838723 15838737
15838803 15838821
15838860 15838877
15849615 15849631
15863811 15863828
11964448 11964475
15868902 15868917
15895995 15896009
22478184 22478198
22479449 22479465
22479490 22479506
22479721 22479732
22481112 22481122
22482700 22482709
23663574 23663586
57785 236454
23665312 23665326
15029079 15029096
23665797 23665811
23666470 23666481
23670365 23670380
23671838 23671851
23673123 23673135
23673162 23673173
23673251 23673262
23673377 23673391
3611204 3934334
25469553 25469562
25480215 25480221
25481127 25481130
25481140 25481143
25481152 25481154
25481157 25481159
25481172 25481174
25481177 25481181
25487245 25487247
25487756 25487758
25496366 25496377
25496700 25496709
25504681 25504684
25504694 25504697
25505558 25505565
25506109 25506112
25509262 25509268
25509513 25509517
25509521 25509524
25518329 25518332
25521298 25521306
25521320 25521327
25521334 25521341
25529035 25529039
25530766 25530772
25540446 25540458
25541514 25541526
25544186 25544188
25544622 25544626
25549674 25549681
25550271 25550277
25551914 25551921
25552200 25552211
25553125 25553136
25553219 25553232
25554484 25554495
25554861 25554871
25555663 25555667
25557204 25557210
25559176 25559179
25559576 25559579
25563882 25563895
25564212 25564218
25565892 25565904
25566829 25566836
25568429 25568435
25569703 25569708
25570741 25570747
25571607 25571611
25571821 25571826
25571853 25571859
25571897 25571905
25572517 25572529
25575084 25575090
25577022 25577032
25577252 25577258
25577513 25577523
25578113 25578120
25581151 25581155
25582156 25582173
1582753 2441368
25583638 25583640
25584070 25584083
25584164 25584168
13477974 13477998
25584706 25584719
25584964 25584970
25587201 25587208
25588144 25588148
25589493 25589498
25590400 25590411
25590603 25590614
25592485 25592497
25593735 25593747
25593795 25593802
25593974 25593982
25594663 25594679
25594932 25594940
25595113 25595123
25595349 25595359
25598290 25598296
25598703 25598712
25599786 25599796
25601155 25601162
25602739 25602746
25603559 25603570
25605712 25605716
25606402 25606409
25609816 25609821
25610031 25610035
25610303 25610310
25611053 25611057
25611206 25611209
25612293 25612303
25612372 25612383
25612785 25612791
25612851 25612862
25612940 25612948
25613291 25613300
25613985 25613991
25614154 25614167
25614498 25614504
25614692 25614705
25614717 25614723
25615231 25615241
25615304 25615312
25615649 25615661
25615873 25615880
25622518 25622522
25623053 25623056
25623389 25623394
25623677 25623681
25623713 25623718
14994726 14994764
25623883 25623891
25623936 25623940
25625933 25625942
25535744 25535757
25626452 25626463
23704482 23704497
25627491 25627497
25633333 25633341
25634539 25634550
25635223 25635234
25635964 25635969
25635989 25635996
25637042 25637053
25637586 25637589
25638576 25638587
25638902 25638908
25639547 25639554
25639605 25639614
25640123 25640129
25640244 25640249
25640381 25640389
25640462 25640473
25641530 25641537
4950875 4950905
25641831 25641842
25641873 25641878
25642034 25642041
25642384 25642390
25642795 25642804
25642998 25643005
25643013 25643023
25643028 25643039
25643176 25643181
25643570 25643572
25644759 25644765
25644855 25644861
25645225 25645243
25645525 25645530
25646481 25646488
25646514 25646518
25646819 25646823
25646882 25646892
25647235 25647240
25648050 25648060
25648126 25648133
25614604 25614609
25648436 25648442
25648489 25648497
25651484 25651497
25651919 25651923
25652007 25652010
25652060 25652066
25652078 25652081
25652139 25652146
25652185 25652191
25652240 25652244
25652339 25652344
25652540 25652551
25652585 25652588
25652593 25652597
25652606 25652613
25652799 25652802
25652942 25652949
25652991 25652996
25653481 25653486
25653722 25653727
25653748 25653755
25653770 25653778
25654130 25654142
25654159 25654164
25654310 25654314
25654359 25654362
25654447 25654451
25654456 25654465
25654504 25654507
25654554 25654558
25654625 25654631
25654687 25654693
25654812 25654815
25655047 25655050
25655180 25655187
25655420 25655427
25656069 25656075
25656288 25656291
25657180 25657187
25657297 25657301
25657341 25657344
25657676 25657680
25658326 25658329
25658351 25658354
25658380 25658383
25658385 25658388
25658487 25658490
25658600 25658602
25658621 25658624
25659456 25659460
25659559 25659562
25659715 25659720
25660705 25660710
25660724 25660728
25661243 25661246
25661261 25661264
25661273 25661276
25661737 25661740
25662418 25662421
25662848 25662852
25662860 25662863
25662934 25662937
25663276 25663279
25663836 25663847
25664738 25664744
25665062 25665065
25665894 25665898
25665965 25665972
25666014 25666021
25666058 25666062
25666066 25666069
25666089 25666092
25673519 25673531
25676553 25676566
25677128 25677131
25680895 25680907
25685437 25685452
25686255 25686260
25686449 25686458
25687562 25687565
25689828 25689830
25689865 25689871
25691674 25691685
25686944 25686961
25692575 25692583
25693516 25693519
25695141 25695145
25698995 25698999
25699172 25699176
25702680 25702686
25703478 25703489
25704288 25704297
25704378 25704386
25704469 25704476
25706001 25706007
25706061 25706064
25706333 25706341
25707536 25707542
25708343 25708349
25708714 25708723
25709690 25709699
25709745 25709756
25710638 25710644
25711635 25711643
25711690 25711697
25711773 25711783
25712257 25712264
25712360 25712373
25712737 25712742
25712982 25712990
25713106 25713112
25713566 25713576
25714097 25714104
25718121 25718128
25718663 25718675
25718816 25718822
25719945 25719957
25722045 25722054
25725165 25725169
25725253 25725257
25725502 25725507
25725564 25725568
25725651 25725656
25725684 25725691
25725709 25725717
25725755 25725759
25725916 25725919
5002045 5002062
25728048 25728063
25729524 25729529
25733771 25733782
25735587 25735591
6942031 6942093
25737786 25737790
25739261 25739271
25739347 25739356
25739402 25739418
25740089 25740094
25740117 25740126
25741446 25741454
25742270 25742280
25742778 25742788
25744988 25744997
25745373 25745382
25746537 25746548
25748104 25748114
25748554 25748561
25749727 25749740
25750999 25751004
25751241 25751249
25751311 25751315
25752832 25752838
25753247 25753260
25755280 25755282
25755436 25755441
25755796 25755803
25755806 25755809
25758212 25758223
25758256 25758260
25759426 25759433
25759631 25759644
25763894 25763903
25763937 25763944
25765227 25765231
25766868 25766873
25768829 25768831
25771091 25771094
25771297 25771302
25771510 25771513
25772098 25772104
25772202 25772207
25772411 25772416
25772610 25772615
25772878 25772884
25773417 25773431
25773450 25773462
25774484 25774497
25775223 25775231
25775314 25775319
25775485 25775494
25775500 25775512
25749829 25749835
25775699 25775709
25776447 25776456
25779173 25779180
25779284 25779288
25779355 25779358
25779430 25779434
25779570 25779583
25779608 25779614
25780623 25780631
25780861 25780868
25781696 25781700
25781725 25781729
25781824 25781827
25782094 25782101
25782842 25782854
25772754 25772769
25785532 25785542
25791490 25791498
25792314 25792322
25794393 25794406
25796909 25796919
25797254 25797261
25803985 25803993
25804976 25804984
25805166 25805175
25805498 25805508
25805577 25805581
25808760 25808773
25811349 25811353
25814016 25814028
25818646 25818650
25821043 25821046
25822383 25822392
25822573 25822580
25822585 25822588
25822641 25822651
25823192 25823196
25823410 25823422
25823775 25823779
25823802 25823806
25823891 25823898
25823935 25823941
25824453 25824462
25825946 25825955
25826209 25826216
25826412 25826421
25826729 25826733
25826954 25826958
25827303 25827311
25828497 25828507
25838227 25838233
25844441 25844454
25853212 25853215
25855321 25855334
25688566 25688577
25867823 25867828
25875706 25875712
25875894 25875900
25876417 25876423
25877431 25877438
25877921 25877925
25880927 25880930
25881457 25881464
25884517 25884525
25907504 25907510
25909894 25909897
25912466 25912476
25913302 25913311
25914814 25914824
25916513 25916517
25917642 25917648
25919549 25919558
25921467 25921478
25922777 25922787
25923990 25923993
25925087 25925090
25925136 25925139
25926141 25926144
25926345 25926353
25934640 25934645
25935165 25935170
25936021 25936026
25937221 25937225
25942173 25942179
25944454 25944462
25946915 25946922
25951669 25951680
25952477 25952482
25953514 25953525
25953922 25953934
25954550 25954558
25954610 25954617
25954966 25954975
25955910 25955920
25961467 25961481
25964417 25964425
25964859 25964863
25970155 25970164
25970647 25970656
25970881 25970891
25974713 25974724
25975019 25975025
25975028 25975031
25975457 25975464
25975482 25975488
25976142 25976153
25977365 25977371
25977417 25977428
25978265 25978269
25978298 25978300
25978651 25978654
25979683 25979691
25980367 25980370
25980433 25980437
25983099 25983103
25983829 25983841
25983829 25983842
25991925 25991936
25993013 25993021
25993062 25993071
25993935 25993940
25998256 25998259
25998783 25998786
25999699 25999705
26011789 26011801
26019779 26019786
26021049 26021057
26021207 26021210
26022947 26022956
26024085 26024089
26024373 26024379
26028693 26028696
26029501 26029509
26029563 26029569
26029649 26029653
26029845 26029854
26030093 26030096
26030357 26030360
26030845 26030848
26031425 26031431
26035680 26035685
26035709 26035711
26036196 26036200
26036993 26037002
26037993 26038002
26038104 26038113
26039567 26039570
26043073 26043087
26044356 26044360
26044678 26044686
26045182 26045186
26045924 26045930
26047155 26047161
26047211 26047224
26053084 26053091
26053399 26053402
26053417 26053420
26053820 26053834
26054325 26054338
26054808 26054819
26054977 26054989
26056778 26056790
26056941 26056947
26061548 26061551
26062314 26062318
26062947 26062956
26063311 26063319
26063457 26063467
26066085 26066088
26067374 26067377
26067938 26067941
26069874 26069882
26070460 26070463
26071138 26071147
26073397 26073404
26073525 26073528
26073691 26073694
26078155 26078158
26078167 26078171
26078186 26078191
26078195 26078200
26078215 26078219
26079812 26079820
26081329 26081332
26082883 26082887
26084133 26084144
26084316 26084322
26085101 26085105
26087606 26087616
26091174 26091178
26098529 26098534
26099764 26099771
26099973 26099976
26100270 26100281
26100387 26100398
26100496 26100503
26100737 26100743
26101750 26101759
26103292 26103297
26105537 26105549
26107732 26107736
26107973 26107977
26108205 26108217
26109661 26109665
26110932 26110942
26110978 26110983
26111257 26111266
26112080 26112084
26113021 26113029
26113361 26113368
2321911 3026323
26116326 26116335
26128730 26128738
26128789 26128800
26130120 26130128
26131073 26131077
26135236 26135242
26136057 26136064
26136145 26136157
26136640 26136649
26136803 26136809
26137741 26137750
26138661 26138667
26142903 26142909
26145260 26145270
26146137 26146148
26146294 26146299
26148038 26148044
26150305 26150314
26154128 26154133
26154529 26154540
26154829 26154834
26102332 26102339
26156061 26156065
26162793 26162801
26163447 26163450
26164385 26164392
26164541 26164550
26165978 26165984
26167401 26167406
26170378 26170383
26171606 26171619
26173434 26173441
26174991 26175000
26175162 26175174
26176488 26176497
26178972 26178979
26179438 26179441
26179653 26179660
26180960 26180963
26183827 26183836
26189609 26189613
26189655 26189658
26191329 26191336
26194359 26194366
26194391 26194395
26194871 26194877
26196375 26196379
26196867 26196878
26197308 26197313
26198827 26198836
26200082 26200089
26201806 26201812
26202452 26202460
26206618 26206626
26207514 26207519
26207582 26207586
26213612 26213621
26213933 26213936
26214873 26214885
26219314 26219327
26223520 26223529
26225213 26225216
26225320 26225323
26225389 26225392
26225480 26225483
26225571 26225575
26225586 26225592
26225604 26225607
26225655 26225659
26226869 26226877
26227726 26227728
26227788 26227792
26227918 26227921
26227925 26227928
26227988 26227991
26228017 26228030
26228082 26228085
26228106 26228110
26228232 26228235
26228333 26228336
26228366 26228369
26228411 26228414
26228435 26228443
26228478 26228482
26228602 26228605
26231688 26231693
26232828 26232830
26240465 26240470
26240777 26240784
26240829 26240835
26240858 26240862
26241075 26241080
26241228 26241240
26242067 26242070
26242096 26242100
26242149 26242153
26242193 26242207
26242231 26242237
26242273 26242277
26242285 26242289
26242323 26242328
26242355 26242359
26242496 26242499
26242516 26242523
26242620 26242623
26242648 26242651
26242667 26242671
26242708 26242711
26242766 26242769
26242790 26242794
26242835 26242838
26242842 26242845
26246572 26246575
26246854 26246857
26248518 26248520
26248748 26248752
26250311 26250314
26251335 26251338
26251415 26251418
26251639 26251642
26251824 26251827
26254731 26254733
26257098 26257104
26257442 26257450
26258562 26258566
26258574 26258584
26259437 26259449
26259571 26259583
26259620 26259627
26259966 26259972
26264247 26264258
26264496 26264507
26266335 26266342
26266873 26266877
26267656 26267658
26268662 26268670
26268915 26268923
26269343 26269355
26270635 26270643
26271301 26271308
26272065 26272075
26272238 26272241
26272481 26272489
26272953 26272957
26273179 26273191
26274756 26274760
26274989 26274994
26275676 26275681
26275765 26275779
26276241 26276249
26276782 26276789
3204031 3661510
13491914 13491936
26278749 26278756
26279205 26279207
26279723 26279732
26280063 26280072
26280259 26280268
26280490 26280504
26280836 26280842
26280954 26280957
26281091 26281100
26281423 26281426
26281745 26281750
26281863 26281875
26281924 26281933
26283678 26283687
26284390 26284398
26285210 26285221
26285565 26285568
26286752 26286764
26287004 26287013
26287875 26287880
26281093 26281106
26281544 26281553
26288151 26288153
26288344 26288355
26288773 26288778
26289444 26289452
26290496 26290500
26291112 26291116
26293563 26293581
26294787 26294794
26295089 26295100
26296790 26296794
26297091 26297100
26297894 26297900
26297997 26298005
26298707 26298709
26301684 26301696
26302138 26302152
26302413 26302418
26302659 26302665
26303164 26303173
4983351 4983368
26305757 26305763
26305900 26305903
26306237 26306240
26308087 26308097
26308357 26308363
26308448 26308457
26311072 26311082
26311353 26311359
26311474 26311478
26312095 26312098
26313383 26313385
26313943 26313954
26314145 26314149
26314226 26314237
25079632 25079655
26316121 26316130
26317109 26317123
26317129 26317142
26319391 26319402
26311584 26311595
26309948 26309963
26272972 26272989
26320716 26320726
26321548 26321559
26321924 26321935
26323176 26323180
26324687 26324696
26325043 26325053
26325283 26325301
26327119 26327125
26327776 26327788
26330051 26330056
26330201 26330209
26332848 26332859
26333828 26333835
26335783 26335794
26342704 26342710
26343240 26343247
26349312 26349318
26350581 26350590
26353543 26353550
26353665 26353674
2476275 3151120
26354438 26354449
26355683 26355693
26355955 26355965
26356997 26357005
26357177 26357190
26357356 26357362
26357564 26357577
26359134 26359145
26359699 26359710
26360372 26360382
26360852 26360862
26361004 26361011
26361981 26361989
26362458 26362469
23717617 23717629
26363696 26363708
25772855 25772864
26364736 26364747
26365149 26365160
26366495 26366505
26367032 26367045
26367195 26367205
26368711 26368721
26369222 26369228
26369535 26369544
26370180 26370187
26370259 26370272
26370594 26370602
26370772 26370784
26371363 26371376
26371643 26371648
26372231 26372239
26372901 26372911
26373217 26373226
26373336 26373345
26373732 26373743
26374669 26374675
26376040 26376051
26376296 26376307
26377294 26377298
26377363 26377372
26377504 26377515
26377972 26377984
26378040 26378049
26378641 26378653
26378674 26378685
25782763 25782778
26379835 26379844
26379870 26379881
26380472 26380481
26381625 26381640
26382633 26382637
26383138 26383148
26383355 26383366
26383667 26383673
26384660 26384668
26385085 26385088
26385823 26385832
25806619 25806636
26387209 26387219
26388986 26389000
26389578 26389590
15919696 15919713
26389936 26389946
26390920 26390933
26391304 26391313
26392046 26392050
26393313 26393316
26393669 26393677
26393928 26393931
26399196 26399199
26399837 26399845
26400711 26400714
26402354 26402365
26407617 26407624
26410828 26410831
26411957 26411960
26412166 26412177
23701030 23701046
26413788 26413796
26420919 26420923
26422419 26422422
26422473 26422485
26433286 26433296
9737338 9737366
4673946 4679082
25586934 25586945
26436275 26436281
26439665 26439673
26441175 26441185
26441589 26441599
26441952 26441963
26445120 26445130
26445226 26445236
26446531 26446543
26447108 26447120
26451015 26451018
26451189 26451192
26452726 26452735
26452761 26452770
26453053 26453062
26453071 26453081
26453192 26453197
25720011 25720037
26453499 26453507
26453721 26453729
26453853 26453859
26453970 26453974
26454563 26454570
26455258 26455265
26455449 26455453
26455628 26455633
26455740 26455750
26455760 26455773
26456169 26456173
26456470 26456480
26457207 26457210
26457471 26457486
26457851 26457861
12588729 12588840
26461228 26461233
26461251 26461256
26461468 26461476
26461599 26461607
26462474 26462485
26462727 26462733
26465874 26465883
26470732 26470740
26477007 26477017
26477655 26477663
26477993 26477998
26478003 26478007
26478011 26478021
26478025 26478032
26478064 26478070
26478081 26478091
23701105 23701118
26478498 26478504
26480196 26480204
26480217 26480222
26480367 26480372
26481256 26481260
26482373 26482383
26482573 26482585
26484678 26484691
26484737 26484750
26485044 26485050
26485054 26485063
26485712 26485725
26487812 26487817
26488177 26488183
26488830 26488840
26489829 26489837
26492197 26492205
26493012 26493024
26493424 26493427
26493771 26493774
26493883 26493886
26494062 26494068
26494922 26494933
26495908 26495918
26496339 26496343
26497379 26497390
26497557 26497562
26497882 26497886
26498659 26498674
26498808 26498813
26032167 26032179
26499143 26499148
26499858 26499868
26500380 26500392
26501055 26501068
26501312 26501315
26501344 26501354
26504229 26504238
26504297 26504308
25960645 25960651
26505758 26505763
26505813 26505822
26505944 26505950
15245269 15245293
26507103 26507113
26508290 26508293
26508917 26508926
26509027 26509036
26509099 26509107
26509414 26509417
26509593 26509603
26510381 26510388
5002046 5002087
26511585 26511598
26512056 26512062
26512835 26512843
26512886 26512892
26514386 26514394
26514822 26514824
26515437 26515444
26515575 26515582
26515133 26515141
26527884 26527889
26537140 26537143
26538191 26538194
26538942 26538946
26541220 26541224
26542419 26542425
26543561 26543569
26544192 26544202
26544456 26544460
26544871 26544874
26545054 26545058
26545761 26545768
26546356 26546370
26546475 26546482
26546942 26546950
26548188 26548195
26552211 26552218
26554936 26554941
26555383 26555393
26555658 26555668
26556142 26556147
26560343 26560353
26560423 26560432
26561647 26561658
26567301 26567308
26577014 26577019
26577035 26577039
26577271 26577276
26578125 26578127
26578825 26578832
26580640 26580643
26582740 26582748
26582899 26582905
26582929 26582934
26582959 26582966
26582970 26582976
26584229 26584232
26584789 26584795
26584799 26584802
26584804 26584807
26585754 26585758
26585846 26585850
26586576 26586580
26587514 26587522
26587787 26587790
26590637 26590641
26591039 26591045
26591066 26591075
26591123 26591131
26591338 26591347
26591367 26591372
26591410 26591420
26591478 26591481
26592891 26592898
26593114 26593121
26593198 26593204
26593277 26593283
26593575 26593583
26594401 26594413
26594678 26594686
26594760 26594763
26595111 26595117
26595121 26595126
26595147 26595153
26595892 26595900
26596117 26596122
26596557 26596562
26597336 26597345
26597508 26597522
26597652 26597662
26599201 26599209
26600194 26600206
26600720 26600723
26600810 26600824
26602052 26602056
26603294 26603303
26603351 26603364
26604317 26604326
26604890 26604903
26605507 26605516
26606433 26606444
26607778 26607788
26608111 26608122
26608190 26608198
26608848 26608854
26609136 26609140
26610109 26610114
26611715 26611719
26612223 26612226
26612867 26612870
26612892 26612896
26613035 26613039
26614264 26614269
26614385 26614389
26614446 26614449
26614458 26614463
26621358 26621365
26621386 26621390
26622525 26622529
26622768 26622770
26623834 26623839
26623952 26623956
26624028 26624033
26624581 26624589
26624619 26624623
26624903 26624914
777119 1562460
26625204 26625212
26632279 26632290
25882818 25882847
26635434 26635445
26637771 26637785
26638533 26638536
13304728 13304763
26640387 26640391
26643742 26643754
25907161 25907191
26644729 26644741
26650451 26650462
26651259 26651269
14994737 14994825
26659724 26659735
26669341 26669353
26673785 26673792
26673967 26673979
26674616 26674631
26678134 26678145
22437861 22437888
26680863 26680874
26693610 26693621
22483524 22483551
26695412 26695419
26704232 26704238
26705671 26705687
26711036 26711046
26712454 26712464
26714936 26714938
26719161 26719176
26719311 26719315
26720641 26720645
26720849 26720858
26721353 26721359
26721556 26721558
26721572 26721580
26722019 26722025
26722145 26722156
26722225 26722232
26722611 26722621
26722690 26722701
26722878 26722884
26722962 26722969
26722980 26722989
26723061 26723070
26723451 26723460
26723633 26723638
26725533 26725543
26725824 26725834
26726675 26726686
26727588 26727595
5000213 5000321
26728857 26728861
26729078 26729084
26729291 26729301
26731453 26731463
26731863 26731867
26733580 26733582
26734562 26734568
26736934 26736941
26738323 26738331
26738383 26738387
26738576 26738583
26738767 26738769
3526400 3880002
26739091 26739096
26739106 26739112
26739247 26739253
26739276 26739280
26739324 26739326
26739346 26739355
26739505 26739511
26739995 26740004
26740176 26740190
26740217 26740227
26740260 26740265
26740429 26740441
26740503 26740513
26740631 26740639
26740776 26740782
26740786 26740795
26740923 26740927
26744274 26744284
26747976 26747980
26749418 26749428
26749852 26749860
26750088 26750091
26750543 26750548
26750551 26750558
26751058 26751061
26751187 26751198
26751276 26751283
26751519 26751532
26751922 26751924
26752009 26752021
26752209 26752214
26754228 26754233
26756095 26756098
26756140 26756147
26756248 26756256
26756260 26756270
26756398 26756410
26756422 26756427
26757707 26757712
26760122 26760124
26760142 26760152
26760161 26760174
26760284 26760291
26760328 26760337
26760399 26760405
12588476 12588759
26760506 26760511
26760840 26760849
25687398 25687423
26762890 26762898
26762939 26762948
26762961 26762970
26763331 26763339
26763466 26763468
26764160 26764165
26764678 26764690
22349756 22349776
26766123 26766131
26766353 26766361
26766529 26766534
26767420 26767430
26767715 26767719
26767830 26767834
26767903 26767914
26768008 26768011
26769315 26769319
26769919 26769924
26770205 26770215
26770484 26770489
26771462 26771467
26773194 26773204
26773240 26773256
26774000 26774008
26774145 26774153
26774262 26774268
26774850 26774860
26775462 26775473
26775484 26775488
26775766 26775773
26776451 26776459
26776890 26776896
26776935 26776945
26777421 26777432
26778211 26778220
26778757 26778760
26778770 26778774
26779101 26779107
26779119 26779126
26779877 26779884
26781272 26781276
26782356 26782365
26782541 26782549
26782619 26782624
26782996 26783006
26783430 26783438
26783670 26783680
26784640 26784648
26784969 26784972
26785043 26785055
26785983 26785991
26786027 26786035
26786860 26786866
26787130 26787135
26789129 26789134
26789266 26789274
26789336 26789346
26802905 26802907
26805247 26805253
26805870 26805879
26807557 26807564
26808347 26808350
26809129 26809136
26810698 26810709
26811784 26811792
26818447 26818459
26819557 26819565
26820781 26820787
26822525 26822533
26825081 26825086
26826400 26826409
26829762 26829764
26833630 26833635
26836571 26836578
26843626 26843628
26844196 26844203
26844263 26844274
26844486 26844489
26844607 26844612
26844642 26844649
26845939 26845950
26847062 26847070
26853227 26853232
26853588 26853592
26853904 26853910
26860577 26860582
26861045 26861055
26861442 26861445
26861961 26861968
26862018 26862028
26863157 26863164
26865983 26865985
26866248 26866257
26868408 26868411
26869014 26869024
26873390 26873400
26876802 26876805
26877393 26877396
26877442 26877451
26877939 26877949
26878051 26878059
26878076 26878086
26878281 26878291
26878321 26878331
26882068 26882075
26882159 26882167
26883807 26883811
26883929 26883932
26889475 26889481
26892663 26892673
26898130 26898137
26898339 26898348
26898427 26898433
26898467 26898473
26902376 26902380
26903362 26903372
26903515 26903521
26903979 26903986
26906832 26906836
26911014 26911018
26911269 26911275
26911452 26911462
26918671 26918680
26918815 26918817
26918927 26918934
26919810 26919818
26919990 26919998
26920132 26920145
26920230 26920238
26922550 26922562
26922990 26922997
26870845 26870857
26835931 26835943
26925687 26925690
26925705 26925712
26925840 26925845
13370302 13370326
26926124 26926128
26926976 26926981
26142115 26142138
26927331 26927334
26928199 26928206
26928786 26928794
4010119 4189118
26929608 26929615
26929859 26929869
26931121 26931131
26931328 26931336
26931824 26931833
26931847 26931854
26932126 26932134
26932169 26932176
26932304 26932308
26932927 26932936
26932947 26932959
26933113 26933118
26936555 26936560
26938096 26938101
26938334 26938342
26938608 26938614
26938907 26938918
4132825 4272534
26940380 26940388
26940539 26940552
26940706 26940716
26941006 26941013
26941262 26941265
26941411 26941417
26941484 26941489
26941534 26941537
26941546 26941550
26942748 26942750
26943296 26943308
26943665 26943671
26945001 26945014
26945304 26945312
26945472 26945480
26945878 26945881
26947740 26947746
26948366 26948375
26948749 26948751
15177675 15177695
26949072 26949078
26949144 26949150
26949274 26949281
26949324 26949328
26949350 26949354
26949604 26949607
26949893 26949897
26950152 26950160
26950424 26950432
26951015 26951018
26951655 26951659
26951819 26951824
26952146 26952149
26952269 26952274
26952505 26952517
4984503 4984525
4984503 4984526
26955061 26955066
26955392 26955399
11662120 11662136
11662120 11662137
26957288 26957293
26957352 26957363
26957412 26957420
26955187 26955199
26957590 26957599
26958512 26958516
26958702 26958709
26958868 26958874
26959000 26959008
26959361 26959378
26959473 26959480
26959623 26959633
26959867 26959874
26961090 26961092
26961171 26961179
26961238 26961245
26961377 26961383
26961488 26961493
26961754 26961762
25482325 25482331
26962286 26962288
26962466 26962471
26963580 26963586
26963848 26963851
26963985 26963989
26964655 26964662
26965530 26965538
26965587 26965595
26966331 26966338
26966376 26966384
26966448 26966453
26966748 26966757
26966769 26966776
26966825 26966833
26966866 26966871
26967311 26967320
26967361 26967366
26967543 26967551
26969033 26969041
26969082 26969091
26969116 26969122
26969133 26969143
26969160 26969167
26969270 26969276
26969293 26969302
26969774 26969780
26971099 26971108
26973532 26973541
26973590 26973593
26976900 26976903
26978086 26978091
26978308 26978312
26978690 26978695
26978785 26978787
26982422 26982425
26983309 26983312
26984479 26984481
26984778 26984784
26985170 26985175
26988073 26988076
26991081 26991085
26991602 26991609
26992667 26992671
26992701 26992708
26994212 26994218
26996857 26996866
26997802 26997811
26998033 26998039
26998059 26998067
26998088 26998097
26998306 26998315
26998327 26998338
26998348 26998360
26998538 26998549
26999164 26999173
26999800 26999803
27000157 27000164
27002109 27002119
27002298 27002302
27002316 27002319
27006841 27006844
27008876 27008879
27009067 27009071
27009796 27009803
27009857 27009866
26418307 26418316
27017207 27017212
27017475 27017483
27018473 27018479
27024283 27024293
27025733 27025745
27025772 27025779
27026404 27026414
27029912 27029917
27032901 27032906
27032990 27033002
27033521 27033529
27033942 27033947
27034991 27034995
27035262 27035265
27035868 27035873
27040527 27040534
27042072 27042077
27042080 27042086
27057197 27057205
27057719 27057729
27057949 27057959
27061683 27061695
27069182 27069188
27070333 27070337
27071312 27071324
27078946 27078949
27081781 27081791
27084381 27084385
27088701 27088704
27091291 27091294
27092422 27092425
27095718 27095726
27095730 27095737
27096150 27096155
27099443 27099447
27105828 27105831
27108353 27108360
27108712 27108720
27109281 27109285
27110754 27110764
27111118 27111127
27111945 27111951
27112247 27112257
27112989 27112993
27114300 27114303
27115093 27115101
27116462 27116473
27116592 27116605
27116664 27116673
27117858 27117862
27117982 27117993
27119101 27119110
27121828 27121839
27123206 27123215
27123632 27123640
27124557 27124563
27125182 27125185
27126108 27126111
27127382 27127390
27127609 27127617
27128118 27128123
27128214 27128222
27129929 27129940
27130193 27130205
2950548 3479535
27131432 27131434
27132645 27132651
26492583 26492598
27132702 27132704
27133064 27133075
27087583 27087600
27133620 27133628
27134113 27134119
27133347 27133354
27134361 27134374
27134740 27134749
27134760 27134771
27134899 27134907
27135795 27135804
27136055 27136064
27136205 27136208
26308499 26308519
27146055 27146066
27150451 27150457
27151728 27151735
26029266 26029271
27160765 27160776
27160852 27160864
27160892 27160902
27162092 27162100
27163278 27163289
27164313 27164316
27164497 27164505
27164866 27164871
27170558 27170568
27170647 27170658
27173808 27173812
27186019 27186023
27187862 27187870
27188445 27188450
27188576 27188581
27188649 27188656
27188797 27188806
27194350 27194354
26338379 26338399
27197015 27197022
27200344 27200354
27201183 27201186
27201544 27201553
27201897 27201905
27202302 27202307
27205074 27205080
27206621 27206631
27208399 27208407
27209851 27209858
27210878 27210883
27104426 27104431
27214762 27214769
27214870 27214880
27214963 27214970
27219430 27219439
27220033 27220042
27220338 27220344
27220421 27220423
27220429 27220439
27220788 27220795
27221174 27221180
27221394 27221403
27221423 27221431
27221436 27221441
27221476 27221482
27221791 27221794
27222192 27222195
27227705 27227713
27227753 27227761
27229144 27229151
27229467 27229473
27235339 27235343
27238417 27238429
27238651 27238659
27238700 27238708
27239779 27239786
27239921 27239931
27239994 27239998
27241244 27241254
27241326 27241331
27245046 27245052
27247396 27247400
27247741 27247747
27248869 27248881
27249760 27249767
27250038 27250045
27250280 27250286
27250337 27250346
27250547 27250552
27251622 27251627
27253545 27253554
27254121 27254132
27260861 27260869
27262623 27262627
27272353 27272355
27272696 27272703
27273550 27273552
27273636 27273643
27274846 27274854
12305913 12305929
27275591 27275604
27275747 27275757
27275852 27275864
27276029 27276035
27276080 27276092
27276619 27276627
27276815 27276829
27277421 27277425
27277490 27277497
27277639 27277643
27277888 27277892
27280613 27280619
27282470 27282473
27283290 27283300
27285510 27285514
27286005 27286009
27287242 27287246
27288546 27288554
27288892 27288895
27291853 27291857
27291924 27291935
27292033 27292043
27293477 27293488
27081338 27081352
27294316 27294323
27294435 27294445
27294470 27294480
27294649 27294652
27295640 27295647
27296769 27296777
27297289 27297294
27297409 27297419
27297909 27297912
27298790 27298803
27299049 27299060
27299105 27299112
25872845 25872856
27301176 27301178
27301181 27301184
27301317 27301320
27301412 27301418
27302142 27302154
27304123 27304129
27304136 27304142
27304441 27304447
27305409 27305414
27305626 27305636
27305708 27305714
27306790 27306798
27307858 27307860
27310649 27310661
27310809 27310818
27307727 27307739
27311487 27311493
27077665 27077689
27311615 27311626
27311757 27311764
27312258 27312272
27307749 27307757
27313971 27313976
27314634 27314640
27319206 27319211
27319247 27319258
27319338 27319342
27319360 27319368
25548866 25548881
27326763 27326766
27326945 27326949
27327149 27327159
27327231 27327236
27327539 27327543
27327705 27327711
27327895 27327898
27327925 27327933
27328471 27328477
27329014 27329018
27329170 27329178
27329187 27329201
27329377 27329386
27329700 27329711
27330584 27330589
27330795 27330803
27330911 27330920
27331297 27331302
27331908 27331913
27333129 27333136
27333188 27333197
27333369 27333375
27333447 27333452
27327541 27327550
27333695 27333699
27334033 27334042
27334266 27334272
27335687 27335695
27336428 27336437
27337723 27337725
27337808 27337811
27338574 27338578
27338878 27338881
27339051 27339057
27343591 27343602
27345224 27345231
27346475 27346485
27346873 27346879
27346911 27346919
27347221 27347226
27347285 27347289
27347336 27347346
27347551 27347561
27348852 27348857
27350073 27350082
27350268 27350271
27350914 27350922
27351184 27351194
23700464 23700478
27351410 27351419
27351693 27351702
27352132 27352141
27352637 27352648
27354546 27354558
27354782 27354792
27354822 27354831
27354901 27354910
27347723 27347731
27355021 27355027
27355074 27355079
27355172 27355180
27355508 27355518
27355734 27355741
27355932 27355937
27355940 27355946
27355996 27355998
27356000 27356006
27356040 27356044
27356135 27356146
27356228 27356233
27356471 27356480
27357129 27357136
27357320 27357324
27357428 27357434
27357688 27357692
27357773 27357779
27357853 27357857
27358259 27358264
27358521 27358534
27358665 27358676
27358697 27358712
27358734 27358739
27359033 27359037
27359376 27359385
27359647 27359654
27359849 27359856
27359911 27359921
27361332 27361344
27366560 27366568
23705344 23705355
27368430 27368435
27368855 27368862
27371422 27371429
27373009 27373013
27379055 27379067
27379459 27379467
27380439 27380449
27380855 27380863
27380998 27381012
27381032 27381043
27381531 27381540
27381587 27381597
27384854 27384860
27385192 27385195
27385211 27385222
27385427 27385430
27385596 27385602
27385642 27385650
27386309 27386318
27388793 27388804
27389329 27389340
27389447 27389456
27389691 27389696
27390803 27390812
27391273 27391282
27391481 27391490
27391855 27391866
4446194 4486574
27393592 27393600
27394417 27394425
27395619 27395629
27398184 27398194
27402722 27402725
22483915 22483938
27402867 27402870
27403026 27403031
27403280 27403290
27406205 27406211
27406228 27406233
27408947 27408954
27409797 27409804
27415879 27415888
26644042 26644057
27417058 27417064
27419173 27419176
27421535 27421542
27421901 27421911
27422344 27422352
27422504 27422508
27422969 27422972
27423515 27423519
27423619 27423630
27423974 27423976
27424064 27424068
27424077 27424083
26543629 26543655
27424848 27424850
27425700 27425703
27425841 27425848
27428769 27428772
27429893 27429896
9734488 9734510
27431097 27431103
27434004 27434009
27439288 27439291
27443816 27443822
27445104 27445107
27457526 27457529
27461516 27461520
27465638 27465643
27465654 27465663
27471588 27471590
27471596 27471600
27472949 27472953
27473028 27473037
27473041 27473051
27473069 27473078
27473184 27473193
27473203 27473208
27476585 27476588
27488659 27488666
27488916 27488922
27489215 27489217
27489994 27489998
27490052 27490065
27501170 27501173
27502970 27502978
27508620 27508622
27513150 27513160
27516903 27516916
27517204 27517212
27517932 27517937
27518359 27518370
27527659 27527665
27530171 27530174
27530178 27530182
27530192 27530195
27530249 27530254
27530277 27530281
27530291 27530294
27530298 27530302
27536894 27536897
27564140 27564151
27567223 27567227
27582731 27582734
27582739 27582742
27582747 27582750
27587618 27587621
27588514 27588517
27596184 27596187
27601407 27601410
27610606 27610608
27610662 27610664
27628411 27628413
27642253 27642257
27645866 27645870
27649132 27649140
27655810 27655813
27656048 27656053
27656266 27656270
27656337 27656342
27656417 27656426
27657111 27657115
27659660 27659671
27659710 27659713
27660555 27660564
26575009 26575029
27660779 27660789
27664451 27664457
27665063 27665075
5001860 5001883
27665357 27665368
27667563 27667575
27667715 27667722
27670744 27670750
27671082 27671087
27671131 27671138
27671221 27671226
27671919 27671927
27673328 27673335
27673549 27673560
27675653 27675660
27678759 27678768
27679331 27679336
27680355 27680359
27681968 27681975
27682644 27682651
27685313 27685316
27686701 27686706
27689629 27689642
27689718 27689721
27690144 27690151
27691078 27691087
27691681 27691684
27692238 27692249
27692418 27692425
23703616 23703629
27693436 27693441
27693514 27693524
27694834 27694842
27695251 27695258
27695262 27695269
27695314 27695322
27695353 27695359
27695552 27695558
27695592 27695597
27695975 27695979
27696430 27696437
27696601 27696606
27697167 27697171
27697298 27697309
27697629 27697635
27697705 27697709
27697746 27697751
27698093 27698099
27698167 27698180
27698252 27698256
27699512 27699516
27700504 27700506
27702572 27702578
27703032 27703039
27704164 27704172
27706829 27706839
27707333 27707339
27707842 27707845
27711333 27711340
27712204 27712212
26610199 26610224
27714625 27714630
27714637 27714647
27714716 27714725
27715325 27715332
27715565 27715576
27716003 27716011
27716192 27716202
27716350 27716362
27717698 27717701
27717786 27717794
27717839 27717843
27717871 27717877
27717891 27717896
27717900 27717906
27718061 27718063
27719502 27719507
27719648 27719656
27720400 27720406
27720587 27720592
27721226 27721231
27721867 27721877
27722037 27722042
27722203 27722207
27723214 27723218
27724370 27724375
27724572 27724578
27724581 27724587
27724745 27724752
27724867 27724872
27725041 27725046
27725929 27725935
27726220 27726226
27728314 27728318
27728493 27728503
27728591 27728599
27729206 27729212
27729265 27729275
27729315 27729322
27729375 27729380
27729390 27729401
27729432 27729441
27729474 27729477
27729490 27729500
27729505 27729511
27729577 27729585
1965304 2735232
27730267 27730277
27730320 27730329
27730428 27730439
27731333 27731343
27731384 27731392
27731403 27731411
27731666 27731678
27724406 27724418
27731799 27731803
27731895 27731898
27732051 27732059
27732272 27732278
27732283 27732285
27732799 27732805
27732859 27732865
26621504 26621517
27735931 27735940
27736129 27736140
27737342 27737353
27737534 27737538
27740510 27740515
27740524 27740531
27744892 27744904
27749897 27749905
27753645 27753647
27754881 27754885
27755808 27755817
27756098 27756106
27756217 27756228
27757328 27757337
27757341 27757344
27757624 27757629
27757698 27757709
27757956 27757963
27758185 27758191
27758401 27758414
15969531 15969543
27760422 27760426
27764066 27764072
27764077 27764083
27764099 27764105
27764209 27764217
27764272 27764279
27764283 27764289
27764453 27764466
27764529 27764540
27764621 27764627
27764656 27764664
27764716 27764722
27767158 27767162
27768630 27768634
27770723 27770729
8315978 8316034
27775182 27775191
27777664 27777673
27777712 27777724
15163333 15163349
27779381 27779390
27781574 27781583
27782151 27782159
27782321 27782327
27783605 27783611
27783641 27783646
27784669 27784678
27785447 27785456
27785650 27785656
27785992 27785995
27786680 27786684
27787142 27787150
27788008 27788017
27788939 27788944
27789168 27789177
27790544 27790549
4961125 4961138
4961125 4961139
27791099 27791107
27791312 27791317
27791772 27791783
27794530 27794535
27794700 27794705
27794974 27794978
4049119 4211747
27795165 27795172
27795593 27795601
27795967 27795973
27796089 27796094
27796553 27796555
27798569 27798573
27798692 27798699
27799155 27799162
27799428 27799439
27799830 27799834
27799843 27799849
27799941 27799946
27800078 27800082
27800319 27800329
27800625 27800631
27801170 27801180
27801792 27801795
27805043 27805046
27808532 27808536
27809928 27809933
27811972 27811984
4933150 4933200
27812500 27812512
27813126 27813134
27815794 27815803
27815832 27815841
27817423 27817427
27817595 27817598
27818071 27818074
27818287 27818290
27818936 27818939
27819245 27819248
27819944 27819949
27819986 27819997
27820361 27820369
27820801 27820804
27824157 27824160
27824759 27824764
27825205 27825210
27825541 27825545
27826215 27826218
27826276 27826279
27826526 27826529
27826690 27826695
27826741 27826744
27827186 27827189
27827254 27827257
27827695 27827698
27828847 27828853
1823917 2633669
27831987 27831990
27832841 27832849
27834894 27834902
27835212 27835221
27835360 27835365
27835929 27835935
27836038 27836043
27836394 27836404
27837155 27837159
27837169 27837179
27837565 27837574
27838022 27838032
27838681 27838692
27840041 27840051
27841132 27841137
27843124 27843127
27843500 27843505
27848552 27848560
27852171 27852182
27852971 27852980
27859442 27859447
27860094 27860097
27860322 27860328
27860953 27860959
27862382 27862384
27862476 27862480
27862811 27862814
27865942 27865951
27866795 27866798
27868985 27868990
27870491 27870494
27870576 27870580
27870906 27870910
27872558 27872561
27876440 27876447
27886231 27886238
27891016 27891020
27644980 27644985
27904801 27904805
27906461 27906464
27906475 27906489
27908031 27908034
27911841 27911844
27911889 27911892
27912016 27912019
27912170 27912173
25482727 25482733
27914253 27914256
27917675 27917682
27918006 27918009
27919816 27919821
27920652 27920663
27927928 27927931
27930106 27930112
27931752 27931756
27933454 27933457
27938059 27938066
27941720 27941729
27951420 27951428
27954775 27954780
27955555 27955561
27955603 27955614
27955618 27955623
27955633 27955642
27956012 27956023
27956239 27956247
27956374 27956384
27956610 27956617
27957241 27957251
27957782 27957785
27958389 27958394
27960185 27960192
27966977 27966983
27968696 27968699
27971168 27971174
27972857 27972864
27973819 27973826
27973853 27973856
27974643 27974646
27975436 27975439
26198426 26198437
27980571 27980578
27981797 27981802
27989540 27989547
27999018 27999023
28000941 28000946
28001039 28001044
28001454 28001456
28002631 28002640
28006313 28006320
28008139 28008141
28009321 28009327
28011813 28011817
28014901 28014906
28015898 28015901
28015975 28015981
28017581 28017593
28017600 28017612
28017828 28017833
9756640 9756663
28018437 28018445
28018886 28018891
28018933 28018939
28019528 28019531
28020172 28020179
28038401 28038407
28043477 28043480
28050787 28050790
28051396 28051403
28055355 28055359
28055394 28055401
28059029 28059033
28059104 28059110
28065053 28065058
28071790 28071793
28076090 28076092
28081103 28081112
28081121 28081129
28084122 28084126
28084276 28084278
27650280 27650285
28091375 28091378
28098197 28098205
28099486 28099489
28105865 28105875
28110890 28110900
28111412 28111419
28117441 28117447
28118297 28118300
28121139 28121142
28127012 28127016
28134604 28134606
28134616 28134618
28134627 28134629
28134665 28134667
28144403 28144406
25613233 25613246
28145128 28145131
28145266 28145277
28152575 28152580
28155767 28155771
28156162 28156168
29394188 29394196
29394827 29394830
26138333 26138340
29395817 29395823
29397831 29397838
29400198 29400204
29400233 29400240
29402911 29402922
29403236 29403240
29404427 29404435
29404967 29404975
29405664 29405670
29406059 29406068
29406239 29406241
29406576 29406581
29407194 29407198
29408728 29408734
29408960 29408966
29412732 29412745
29412780 29412787
29412982 29412988
29412992 29412997
29413025 29413029
29413125 29413136
29413245 29413252
23702389 23702405
29413653 29413661
29413891 29413898
29414028 29414034
29414125 29414132
29414135 29414142
3970254 4162756
29414210 29414218
29414228 29414234
29414386 29414397
29414417 29414429
29414434 29414442
29414465 29414472
29414502 29414509
29414539 29414544
29414547 29414554
29414771 29414780
29416488 29416492
29419115 29419122
29419245 29419249
29419404 29419407
29419942 29419944
29420109 29420113
29420116 29420120
29420192 29420195
29420236 29420242
29420653 29420663
29420696 29420703
29421417 29421419
29421520 29421530
29421933 29421936
29422043 29422051
29422717 29422722
29422907 29422911
29423069 29423072
29424628 29424631
29424837 29424840
29424855 29424859
29425637 29425649
29425702 29425712
29426439 29426446
29426464 29426472
29426640 29426645
29428209 29428215
29428623 29428632
29429096 29429105
29429235 29429244
29429648 29429654
29429692 29429695
29429732 29429738
29430877 29430880
29432999 29433006
29433188 29433192
29433276 29433283
29433607 29433612
29433631 29433640
29435087 29435091
29436566 29436571
29437483 29437489
29439114 29439117
29440380 29440383
29441430 29441439
29441583 29441590
29442825 29442833
29443223 29443230
29443450 29443456
29446260 29446264
29446359 29446363
29447562 29447568
29448066 29448072
29448066 29448073
29448728 29448731
29448836 29448838
29451849 29451859
29453459 29453462
29580631 29580638
29580701 29580705
35054811 35054814
35142843 35142844
25762186 25762194
27712944 27712956
35289332 35289334
26944674 26944680
35291828 35291833
26771146 26771153
27793562 27793572
35292226 35292228
35292718 35292721
35292888 35292890
27077095 27077101
35293239 35293241
35293663 35293669
35293717 35293719
35293883 35293885
35294221 35294229
35294242 35294249
35296209 35296211
35298009 35298012
35298119 35298123
35298177 35298181
27503702 27503709
35298332 35298337
27926923 27926938
35299866 35299868
35301752 35301754
35301765 35301768
35307781 35307786
35308001 35308003
35308290 35308293
28105988 28106000
35308810 35308819
37675525 37675527
37723872 37723874
37639622 37639625
26141429 26141433
39180518 39180521
39640062 39640065
39640077 39640078
39640561 39640565
29579081 29579084
29421183 29421186
43609936 43609937
43810273 43810276
43831176 43831178
44100530 44100531
44902957 44902958
46378330 46378331
46378332 46378333
46378334 46378335
46378336 46378337
46378340 46378341
46378342 46378343
46378344 46378345
46378346 46378347
46378349 46378350
46378351 46378352
46378353 46378354
46378356 46378357
46378359 46378360
46378362 46378363
46378366 46378367
46378368 46378369
46378370 46378371
46378373 46378374
46378375 46378376
46378377 46378378
46378380 46378381
46378382 46378383
46378384 46378385
46378386 46378387
46378390 46378391
46378393 46378394
46378396 46378397
46378398 46378399
46378400 46378401
46378402 46378403
46378404 46378405
46378406 46378407
46378409 46378410
46378411 46378412
46378413 46378414
46378415 46378416
46378417 46378418
46378421 46378422
46378424 46378425
46378427 46378428
46378429 46378430
46378431 46378432
46378433 46378434
46378436 46378437
46378438 46378439
46378440 46378441
46378442 46378443
46378444 46378445
