1741397 1516064
15010904 824212
15159419 871591
15172685 191954
15905679 7156166
15905735 1398738
15905789 4574272
3326194 3745166
15932031 3179158
29599785 1237177
31931968 3182661
31938605 196515
32794567 830344
32815433 3563232
32821761 3140309
32821844 1362686
32827197 3296100
32827200 5414629
32840535 1732690
32852030 7664432
1741425 2571020
10030944 3986910
4467043 904904
4421687 1391118
33559541 4663836
1741427 8504
1741428 2571024
33578109 1313429
33578112 1308590
33578113 942643
33578117 344398
33578121 866818
33578123 38885
33578156 2381746
33578171 2638871
33643788 637224
33643802 115589
33644049 6809748
33644238 5711337
33644817 517477
33680015 4316984
33732435 799549
33734663 2357456
33734792 5973956
33734794 537032
33734795 45538
33734798 3964715
33734799 1519066
33734801 1316143
33734802 1966888
33734804 2947135
33734807 1614684
33734814 8886904
33734815 5521344
33734816 4035979
33734819 4373522
33734822 4743759
33734825 2246151
33734826 2514269
33734829 1431395
33734832 1418888
33734835 213000
33734839 902356
33734840 874137
15010907 122842
33750284 5959988
33752388 22148792
33771674 676043
33773243 990689
33773255 1557869
33773257 663207
33773453 2490296
33773459 1505211
33773486 56670
33773487 3197080
33773491 5377015
33775643 1563342
33775655 9269981
33775657 11156857
33775659 4267314
33810267 7151489
33812055 1732290
33812056 7660847
33812057 867904
33812058 10109795
33812283 4107628
33812287 5848578
33812292 6324500
33812294 5950855
33812296 74447
33819334 3202913
33819337 3080170
33819340 3879289
33819343 2499823
33819346 913663
33819347 2148281
33834845 2509435
33839677 3737793
33840372 3734925
1305375 2182813
33841526 2746177
33841528 7693826
33841529 2375698
33842200 2656438
33851455 3370979
33851573 460119
33852908 6160847
33852922 9768940
33854488 1241100
33854491 2746117
33854493 122685
33854496 856950
33854499 941450
33854502 2152178
33854505 1920226
33854508 3293129
33854511 1536876
33854514 1212180
33854515 1415921
33854518 4362157
33854521 4994181
33854524 3891637
33854527 3116350
33854530 1386068
33854533 1609743
33854536 849796
33854539 4666482
33854542 5558155
33854545 385572
33854548 2467895
33854551 2598943
33854552 239904
33854555 471883
33854558 1755513
33854561 166769
33854564 5690745
33854567 680869
33854570 622713
33854574 5737418
33854575 699437
33854578 402186
33854581 3373839
33854584 1482316
33854587 3575722
33854590 2296080
33854593 3615985
33854596 3725602
33854597 6541720
1741430 2571027
33854600 251450
33854606 480309
33854609 355126
33854612 1313579
33854615 22118189
33856009 954351
33856069 8892476
33856810 654406
33856815 314283
33856816 153030
33857058 2403376
33857061 8548024
33857063 11514453
33937752 5397019
33937754 9295109
33937756 6179406
33937758 9875354
5410786 659048
34012130 3116821
34012131 7550971
34035354 10718189
34035517 436621
36789024 27568910
36817710 1657776
36839721 5479002
37109036 2190175
37109039 297669
37109044 3459897
37109050 5323292
37109059 1517
37109072 5425767
37109084 390050
37109087 1720187
37109090 321577
37109098 417662
37109099 584028
37109101 944060
37109102 1513900
37109103 2734043
37109104 2126472
37109105 11266731
37109107 963534
37109108 861051
37109109 268128
37109110 1431875
37109111 225332
37109112 3322050
37109113 324236
37109114 27848304
37109115 9447855
37109116 3961142
37109117 1735735
37109118 783964
37109119 2861308
37109120 4174957
37109123 4131989
37109124 578135
37109125 4554788
37109126 21690438
37109127 200210
37109128 5982748
37109129 2436296
37109130 2292371
37109131 666574
37109132 186059
37109133 113363
37109134 7349737
37109135 14770630
37109136 649295
37109137 859622
37109138 65897
37109139 8786863
37109140 907083
37109141 1803648
37109142 5771842
37109149 1002272
37109154 62146
37109155 1001107
37109156 1423153
37109157 1165668
37109158 6787007
37109159 16214384
37109162 908283
37109162 622773
37109163 37109164
37109165 7579483
37109168 3751999
37109169 345358
37109170 6593419
37109171 1139231
37109175 2330030
37109177 82942
37109178 2120203
37109179 2660963
37109180 2304175
37109181 393089
37109182 6237511
37109183 817333
37109187 1743070
37109189 15151708
37109190 848846
37109191 6881524
37109192 641379
37109195 343227
37136532 367550
37193402 104465
37327504 4648846
37327509 19755571
37330775 338646
37330785 26730099
37330789 6953549
37330792 1709775
37330795 1821954
37330798 949358
37330804 1162222
37330821 1505863
37330830 3577615
37330845 2198173
37330851 2529503
37330854 2829283
37330858 1224261
37330861 819468
37330863 218804
37330870 1518957
37330871 8463202
37330874 2553503
37330877 1637553
37330878 3141373
37330879 3543116
37330881 1481567
37330882 3074877
37330883 2640329
37330884 849535
37330885 1582018
37330886 2553437
37330888 365976
37330888 1668000
37330889 631076
37330890 766834
37330894 1680263
37330897 66801
37330898 5330840
37330899 6079433
37330900 2620679
37330901 321583
37330903 327302
37330904 2123372
37330906 1601261
37330907 1744652
37330908 3131729
37330909 2006847
37330912 4562933
37330913 3330179
37330914 1756785
37330915 677648
37330916 864723
37330917 920272
37330918 4055435
37330919 386014
37330920 3419256
37330922 1159545
37330923 2886919
37330924 6407394
37330925 1850760
37330926 2268908
37330927 3244894
37330928 1017129
37330930 1833333
37330931 2717501
37330932 911712
37330933 218301
37330934 894100
37330935 6438951
37330936 2156776
37330942 4617959
37330944 11180751
37330945 6938578
37330946 1586228
37330947 2543795
37330950 3087975
37330951 1778116
37330952 1950451
37330953 634926
37428995 339416
37428998 1955380
37429000 887480
37429001 1039365
37429003 236439
37429010 9767065
37429014 10361601
37429017 4074934
37429020 1754217
37429023 401014
37429026 7112281
37429029 8363306
37429030 587294
37429031 4317263
37429032 440045
37429041 9447325
37429044 1058430
37429047 1005697
37429050 2961452
37429051 1732848
37429054 2181902
37429055 803660
37429058 3690141
37429059 5979435
37429062 3357941
37429063 286609
37429066 3736614
37429067 3164733
37429068 1738953
37429069 969559
37429072 977359
37429073 5459744
37429083 1850190
37429090 1801367
37429093 8420269
37429102 471801
37429112 1799108
37429142 3460000
37429145 1780409
37429148 446425
37429149 2775257
37429150 1695941
37429153 2008220
37429156 3640483
37429157 2775252
37429158 652991
37429159 1618257
37429160 2931595
37429163 11885199
37429166 8815863
37429169 5568842
37429170 2942758
37429173 11648464
37429176 3202749
37429177 6732543
37429178 1469508
37429181 3739745
37429184 929700
37429187 1415886
37429188 15571751
37429191 897188
37429194 5520565
37429197 3471148
37429198 1524197
37429201 1050346
37429204 390144
37429207 3593981
37429210 2801310
37429211 328302
37429212 1563191
37429215 1683062
37429218 858201
37429219 939593
37429220 1592288
37429223 3744866
37429224 3113315
37429225 1405735
37429228 1704169
37429229 27195371
37429232 2890298
37429233 357446
37429234 917748
37429237 379816
37429240 387829
37429241 3591492
37429242 7847578
37429243 952108
37429244 2722139
37429245 1307088
37429247 724102
37429250 6062006
37429253 1749197
37429254 1968064
37429257 2764
37429260 1001111
37429263 3200542
37429264 8115978
37429265 1634928
37429266 1001471
37429267 882888
37429270 1597622
37429273 348961
37429276 758553
37429279 2526788
37429282 3903161
37429285 1692402
37429286 3053794
37429289 1420173
37429292 1345308
37429295 3935229
37429298 6381635
37429301 482804
37429304 6114785
37429307 4134643
37429310 3288453
37429313 1049354
37429314 1757219
37429317 893033
37429320 290481
37429323 3548945
37429324 674136
37429327 859769
37429330 6061997
37429333 957949
37429336 910675
37429339 3260643
37429342 4378800
37429343 3633747
37429346 1320907
37429347 2063588
37429348 882838
37429349 1303082
37429352 2525444
37429353 896992
37429356 2726865
37429359 1764461
37429360 1847083
37429361 1791616
37429362 2777485
37429363 606490
37429366 1696096
37429369 6889043
37429372 944819
37429375 4140630
37429376 3929653
37429379 2983751
37429382 21936087
37429383 336740
37429386 919461
37429389 242700
37429390 2358309
37429393 1789367
37429396 5358949
37429399 11223749
37429402 896608
37429403 1308354
37429404 106741
37429405 3338618
37429406 1759058
37429407 3400266
37429408 1841597
37429409 9026448
37429410 1424312
37429413 3735520
37429416 633844
37429419 3328490
37429422 5120961
37429425 3144712
37429428 2127120
37429431 6141064
37429432 4588142
37429435 1518602
37429436 678408
37429439 792681
37429442 22390332
37429445 3130443
37429448 376300
37429451 1797641
37429454 1191785
37429455 2059615
37429459 6308888
37429462 1788933
37429463 1798084
37429464 5240898
37429467 7538929
37429470 21743240
37429473 6214523
37429476 2473319
37429477 9467506
37429480 3652978
37429483 3327632
37429486 9154094
37429489 1333746
37429492 3189254
37429497 3357880
37429500 5274552
37429503 5458157
37429506 11863864
37429509 303067
37429512 4189210
37429515 14853584
37429518 2694721
37429521 3327158
37429524 2600430
37429527 940716
37429530 1112386
37429536 2008270
37429537 2694730
37429540 2694742
37429543 6762401
37429546 1332223
37429549 3048665
37429558 362736
37429561 2184051
37429562 386398
37429563 674957
37429566 3044228
37429569 2714977
37429572 3121849
37429575 1856564
37429578 3528867
37429579 1873254
37429583 437501
37429586 1405752
37429589 300393
37429592 3723008
37429595 983505
37429596 3124821
37429598 1754323
37429601 664184
37429602 4228875
37429604 1709425
37429605 1702275
37429606 409517
37429609 102752
37429610 2800395
37429613 776494
37429616 5648292
37429617 70631
37429620 2540421
37429625 660216
37429626 408123
37429627 442190
37429628 2327434
37429629 825195
37429630 5760447
37429633 1579008
37429636 111261
37429639 1701961
37429642 3329338
37429645 2527906
37429648 1582505
37429649 882830
37429650 2942745
37429651 8503941
37429654 3662251
37429657 2436715
37429660 503506
37429663 1780905
37429664 1308632
37429665 895053
37429666 7633587
37429669 1521030
37429672 22575
37429675 2170689
37429678 1730363
37429679 322361
37429682 2630128
37429684 962028
37429687 2538130
37429688 214611
37429691 4027765
37429694 8604782
37429697 1033320
37429699 4721014
37429700 6311957
37429701 1674735
37429712 1452654
37429715 21930658
37429716 868540
37429719 6421083
37429722 10829633
37429725 1166315
37429728 914287
37429731 7466365
37429734 394070
37429737 3182735
37429740 438618
37429743 4253856
37429746 3616002
37429749 446965
37429752 3044235
37429753 1802541
37429756 12874456
37429759 173090
37429762 351616
37429765 6184525
37429768 1313319
37429771 2115496
37429772 4295307
37429773 7925596
37429776 359048
37429783 3815889
37429786 951144
37429789 3180461
37429792 5830562
37429794 3113352
37429795 5482711
37429796 15647914
37429799 1946180
37429802 1800927
37429805 1800928
37429808 1800929
37429809 3056248
37429812 5098828
37429813 2568376
37429816 1189541
37429822 593697
37429825 3016802
37429826 1918090
37429827 4442252
37429830 1489540
37429833 2957088
37429834 832156
37429835 1236370
37429838 11648597
37429841 6183054
37429844 903535
37429847 6321339
37429850 8843497
37429853 9001660
37429856 3841009
37429859 840630
37429860 2177801
37429864 2725036
37429865 931079
37429868 6777043
37429871 1058436
37429872 3797277
37429875 5519515
37429878 1164739
37429879 897023
37429880 2038313
37429883 3369166
37429884 330700
37429887 435842
37429888 3338099
37429891 345964
37429894 4653579
37429897 4474333
37429900 394098
37429903 2315008
37429904 3184735
37429906 1706044
37429907 1812201
37429908 10363227
37429911 2986849
37429912 1440380
37429915 968000
37429916 2291682
37429917 4794396
37429918 2027290
37429921 3197352
37429924 2784990
37429925 3571625
37429926 8671264
37429927 4082216
37429928 2511399
37429929 2376245
37429932 6384834
37429935 2762214
37429936 3139401
37429939 8944841
37429942 5009439
37429945 2790512
37429948 4575652
37429951 9104975
37429954 11017337
37429955 4468471
37429956 2364368
37429957 2058453
37429960 919634
37429961 1005700
37429962 2511396
37429963 395884
37429964 1792777
37429967 3481943
37429970 456210
37429973 10284243
37429976 6762922
37429979 1637815
37429980 225164
37429983 2273108
37429989 4739121
37429990 1479746
37429991 6367870
37429997 1345790
37430000 1789759
37430001 895516
37430002 1578301
37430005 1825333
37430011 4437448
37430014 4378752
37430015 2784942
37430016 906211
37430019 806519
37430020 8786819
37430023 1784654
37430026 998230
37430027 1921750
37430030 1278627
37430033 4852034
37430034 2797166
37430035 289568
37430036 3633762
37430038 862748
37430041 2502905
37430043 776577
37430046 1120258
1741433 2300417
37430047 899733
37430051 4781440
37430054 13696025
37430057 1731732
37430060 1853075
37430063 1758371
37430066 550619
37430069 4794405
37430072 2437652
37430073 1742982
37430074 2125749
37430075 3466626
37430076 3100398
37430081 917632
37430082 2726638
37430085 2817169
37430086 9052546
37430089 2460097
37430090 1649142
37430091 1618276
37430094 896915
37430095 3633716
37430096 9099353
37430097 859153
37430104 5821357
37430107 10362269
37430110 674906
37430111 331618
37430114 6681894
37430115 2152214
37430116 1004587
37430117 1527507
37430120 17420253
37430121 4517405
37430124 660369
37430125 916980
37430128 919456
37430131 5071818
37430135 1281419
37430138 10091750
37430139 2396994
37430140 1973904
37430141 1257988
37430144 5056377
37430147 3972466
37430150 13120685
37430153 5043403
37430156 3139419
37430158 1609752
37430159 2538266
37430162 1005233
37430163 2801377
37430164 351071
37430167 4193535
37430168 5729603
37430175 4760823
37430178 2615941
37430179 3208149
37430182 4534283
37430185 1762282
37430188 1609732
37430191 300053
37430194 1707818
37430197 289228
37430198 3357917
37430199 1737025
37430200 366291
37430201 50419
37430206 7154579
37430207 8639623
37430208 3612755
37430209 1164596
37430212 3680176
37430215 3976944
37430217 6907692
37430220 9315719
37430221 6553844
37430222 10361821
37430223 885272
37430224 2705913
37430227 1611727
37430230 106891
37430231 321372
37430242 4747998
37430245 1459976
37430246 392748
37430250 15668584
37430265 316806
37430266 2746610
37430269 2573757
37430272 2148424
37430275 1448037
37430277 290122
37430280 112021
37430281 2746171
37430282 3943570
37430283 1719273
37430286 1076987
37430289 2265075
37430292 978847
37430295 1007067
37430298 3579740
37430299 1771707
37430302 3093990
37430303 2349627
37430304 388342
37430305 678356
37430306 3369403
37430307 4429529
37430310 6198100
37430313 943921
37430316 5518966
37430317 1243323
37430318 2454709
37430321 3736657
37430322 1948505
37430325 315764
37430328 3323511
37430329 5198631
37430333 2381889
37430336 5825257
37430339 3149232
37430342 1421289
37430345 157913
37430348 6361366
37430351 1844907
37430353 880297
37430354 883723
37430355 4679927
37430358 2661660
37430361 1579762
37430362 296903
37430365 4241267
37430368 1512378
37430371 3216368
37430374 1572162
37430377 11930210
37430378 207393
37430381 6778211
37430384 4158967
37430385 1936051
37430388 407067
37430391 1607669
37430394 2783025
37430397 1863711
37430400 2920851
37430401 3200799
37430404 1023386
37430405 2847337
37430408 11649725
37430411 359142
37430414 3195181
37430415 432789
37430418 333251
37430424 4312787
37430425 2008277
37430426 2097938
37430429 6013043
37430432 2775237
37430435 952477
37430438 289155
37430441 417345
37430444 5391350
37430447 807615
37430449 3736686
37430450 407681
37430453 3177898
37430456 3840173
37430457 1515086
37430458 2722145
37430460 660502
37430463 965912
37430466 996297
37430469 2991262
37430470 1222087
37430473 5431201
37430474 2217452
37430475 1257450
37430480 3194780
37430481 873858
37430482 1960619
37430485 819052
37430488 3121096
37430490 5119726
37430493 1024901
37430494 6211473
37430497 2286659
37430500 2492380
37430501 6301524
37430504 2027298
37430506 1275286
37430509 9400678
37430512 5438368
37430515 2014534
37430516 7219286
37430519 179269
37430520 961400
37430522 1582653
37430525 10913427
37430528 1454013
37430531 1594206
37430534 1421347
37430537 3535138
37430538 2905731
37430539 4486306
37430542 389946
37430545 7189320
37430548 746157
37430549 3646221
37430552 4708129
37430553 588988
37430554 316879
37430555 906319
37430556 2542247
37430557 1491543
37430560 2523465
37430561 1003434
37430562 15078630
37430563 109029
37430565 3311769
37430566 659942
37430567 5036388
37430570 635442
37430573 784685
37430574 443482
37430577 906315
37430580 859811
37430583 3594001
37430584 11018390
37430587 3338038
37430588 365221
37430589 3651628
37430592 486339
37430595 2483822
1741434 2571029
37430598 1329226
37430599 4726690
37430600 829193
37430603 1491227
37430606 3409425
37430607 1452353
37430610 328155
37430613 3553693
37430614 1676208
37430615 7363687
37430616 6134251
37430619 2169921
37430620 509465
37430623 6209113
37430626 1779813
37430629 3652972
37430630 438294
37430636 1604168
37430639 2175378
37430642 2722121
37430643 224524
37430646 1083427
37430647 1376798
37430650 4123429
37430653 2186092
37430656 3770148
37430658 6527136
37430661 2513115
37430664 207538
37430665 2286749
37430666 99861
37430669 940659
37430672 2387315
37430673 108587
37430674 4166937
37430677 5803747
37430680 1759047
37430683 388909
37430686 179797
37430689 2275692
37430692 3086730
37430693 2197638
37430696 663633
37430699 328356
37430701 1847874
37430702 8864177
37430703 4566253
37430706 3620149
37430707 3078684
37430713 2283703
37430716 1562753
37430717 3055468
37430720 10363021
37430721 2018195
37430722 361472
37430729 869822
37430732 1934887
37430735 1729964
37430736 332068
37430737 1084069
37430740 500375
37430743 895782
37430744 392093
37430747 551925
37430749 7950044
37430755 332995
37430759 2810288
37430762 6123556
37430765 2693930
37430768 3313922
37430771 672703
37430774 857370
37430775 4646203
37430778 826755
37430779 497350
37430782 3563237
37430785 1288458
37430788 2317826
37430791 4417486
37430794 352823
37430797 358624
37430800 987496
37430801 4804636
37430804 6001012
37430807 2095929
37430810 10363140
37430813 3694820
37430816 1856451
37430819 2998406
37430822 325789
37430825 2923302
37430826 13202878
37430829 3484380
37430832 2025359
37430833 2648312
37430834 3351253
37430835 5340729
37430838 2876263
37430839 7960738
37430840 200090
37430841 915608
37430842 1313183
37430845 940755
37430848 584986
37430851 2281791
37430852 3293093
37430853 9759847
37430856 6035952
37430859 3688381
37430862 730523
37430863 101389
37430864 1735062
37430867 805656
37430870 958157
37430873 801284
37430874 24660521
37430875 19439
37430876 2305712
37430879 1999274
37430882 660281
37430885 1420607
37430888 1091711
37430891 5656971
37430894 8019357
37430897 356763
37430900 8099318
37430903 1431341
37430906 8182783
37430909 7799494
37430912 321383
37430915 975331
37430918 1423920
37430921 789737
37430924 1431299
37430927 1431319
37430930 2295567
37430931 23796046
37430932 3080281
37430942 961529
37430951 25991766
37430954 1671989
37430955 2316082
37430958 7158763
37430961 1417621
37430962 1708736
37430963 1820985
37430964 2775223
37429004 1024954
37429005 2527118
37429006 2576226
37429007 941205
37430967 10361659
37430968 3736663
37430969 6713876
37430972 8789823
37430973 5972752
37430976 1862775
37430979 2353680
37430982 7509073
37430983 5987518
37430986 5738438
37430989 1705371
37430990 103057
37430991 4203845
37430994 1042263
37430995 20289192
37430996 6714931
37430997 117994
37431000 789730
37431003 3505537
37431009 1586781
37431012 1776313
37431015 308442
37431016 906333
37431019 2579320
37431020 173973
37431023 2275162
37431025 3229846
37431026 1956079
37431029 1305151
37431032 1592634
37431035 5462642
37431038 926591
37431041 4963572
37431044 673280
37431047 14942496
37431053 659528
37431056 2528856
37431057 2917766
37431060 642754
37431061 635329
37431064 436983
37431067 2322412
37431070 8314922
37431073 6337132
37431076 1275316
37431077 819599
37431080 1317368
37431083 11649478
37431086 986860
37431089 5951537
37431092 431550
37431093 2468960
37431096 10363028
37431097 1642475
37431100 1328167
37431101 6215819
37431104 6257338
37431107 5019439
37431110 3722995
37431113 2460082
37431114 2694749
37431115 1376969
37431118 3027995
37431120 7477456
37431123 2271993
37431126 914884
37431135 246161
37431136 4363019
37431139 3101159
37431142 4761591
37431145 7129897
37431146 2145389
37431147 2934302
37431150 393260
37431151 495288
37431160 2247848
37431163 5106529
37431166 913566
37431167 1947609
37431170 2018206
37431173 3223055
37431176 1059325
37431179 2593511
37431182 7871895
37431185 2295892
37431188 1560704
37431189 397459
37431192 191280
37431193 390411
37431194 2175374
37431198 819531
37431201 3032797
37431204 1077004
37431207 11649221
37431210 2289830
37431213 2483126
37431216 8632715
37431219 3763441
37431222 4745385
37431225 4633154
37431228 10837597
37431231 1166323
37431234 940093
37431235 3484388
37431238 5575283
37431241 4050602
37431242 4653130
37431244 20820712
37431247 364074
37431250 2710886
37431253 2710897
37431256 513490
37431259 3273883
37431260 1254606
37431261 1094825
37431264 6486430
37431265 365835
37431266 596616
37431267 7257140
37431269 607764
37431272 2604753
37431275 7130134
37431278 1721324
37431281 1999226
37431287 901783
37431290 3026241
37431293 1752167
37431294 659525
37431297 4479794
37431300 2409532
37431303 108472
37431306 8756781
37431309 1630011
37431312 6373873
37431315 1814599
37431316 1431470
37431325 7700341
37431328 4292891
37431331 359347
37431332 3582832
37431333 2567256
37431336 1711961
37431339 6148996
37431342 2437848
37431345 2437411
37431346 13160693
37431347 1164707
37431348 9899196
37431349 3013887
37431350 1735940
37431353 5576929
37431356 20116970
37431359 2552960
37431360 332396
37431361 1780950
37431364 3397642
37431365 324584
37431366 12066810
37431367 1742820
37431370 487771
37431373 1603902
37431376 2450328
37431379 1717347
37431380 3484418
37431383 3139442
37431386 1730571
37431389 3723001
37431392 1513733
37431395 3527234
37431396 3615967
37431397 2396846
37431410 1823319
37431411 2355185
37431414 220233
37431417 2638630
37431419 4952129
37431422 1951438
37431423 1494216
37431426 3671181
37431429 1036773
37431430 4921066
37431431 3455760
37431432 950306
37431433 5067981
37431434 978882
37431435 1371392
37431436 2586847
37431438 670216
37431441 960472
37431444 1800088
37431447 1704744
37431450 915568
37431451 195251
37431452 2643976
37431453 1753669
37431454 1754846
37431455 914006
37431459 3847686
37431460 513735
37431461 4831445
37431462 1745481
37431465 2995769
37431468 7527471
37431469 800165
37431472 3379048
37431473 1407654
37431476 976703
37431479 1737813
37431482 6820126
37431485 5855570
37431488 2564758
37431494 12227793
37431497 5836981
37431500 13711906
37431501 4710315
37431504 6549815
37431507 25154690
37431510 871353
37431513 4718014
37431516 4490901
37431519 6968174
37431522 15454965
37431525 2025386
37431528 10363037
37431531 5936076
37431534 98815
37431537 4546652
37431540 64329
37431541 1019312
37431542 965751
37431545 2185301
37431548 4831538
37431551 859186
37431554 390115
37431557 1973873
37431558 24683399
37431561 2291698
37431564 3526706
37431567 1498999
37431568 299758
37431569 1779946
37431572 345005
37431573 3533477
37431574 2303627
37431577 27914175
37431580 1313243
37431581 193924
37431582 3735551
37431585 3811248
37431586 374344
37431589 622527
37431590 2230150
37431591 480369
37431597 3218414
37431600 7468201
37431603 3359317
37431604 3754473
37431605 5408150
37431608 681155
37431611 5457471
37431614 3364222
37431615 2484106
37431616 1086571
37431619 3766792
37431622 1530311
37431623 2115534
37431626 1900576
37431629 23905590
37431632 4350836
37431633 2784926
37431634 22403769
37431637 7842129
37431640 5340079
37431641 3766755
37431642 1515709
37431643 2272635
37431646 24311827
37431649 3196212
37431650 924482
37431651 2356020
37431652 6679048
37431655 107235
37431658 117020
37431661 3538567
37431664 832053
37431666 3139376
37431667 6830411
37431670 3680212
37431673 8187404
37431676 316769
37431677 76667
37431680 5217077
37431683 665006
37431684 3431384
37431685 10361505
37431686 332363
37431687 4717511
37431690 4735287
37431691 1721418
37431694 876821
37431697 962332
37431700 5222568
37431701 1840585
37431704 875146
37431705 1830444
37431706 8559786
37431709 3680175
37431710 6233949
37431711 3608594
37431714 3119036
37431717 7209619
37431720 5860871
37431723 5160528
37431729 1582345
37431730 1308465
37431734 9527989
37431735 9950838
37431736 3954830
33578157 2593558
33578158 10756068
37431741 3439313
37431744 886701
37431747 1423157
37431750 1039719
37431753 2853174
37431756 3439542
37431759 103956
37431762 5819306
37431765 3064148
37431766 1831172
37431769 4681089
37431772 3028333
37431773 1372998
37431776 10810917
37431777 15100
37431778 3638463
37431781 23867412
37431784 5969656
37431787 3214311
37431790 11647218
37431793 671053
37431796 5883010
37431800 2540733
37431802 2185421
37431803 3876474
37431812 364594
37431813 407532
37431816 1166354
37431817 2289529
37431819 1166350
37431822 1706326
37431824 383700
37431825 1431507
37431826 3311456
37431829 1340121
37431830 342674
37431833 3038476
37431836 3196396
37431839 1642158
37431842 3588356
37431843 1711441
37431846 44229
37431849 5997848
37431855 4121850
37431885 4676324
37431894 327900
37431897 6803340
37431898 4570031
37431899 4432158
37431900 363723
37431903 3064142
37431906 3504924
37431909 769082
37431912 5048158
37431915 2715960
37431917 2615013
37431920 1949457
37431923 6580167
37431926 2566751
37431927 5328200
37431931 1799156
37431934 901120
37431937 2649853
37431940 701627
37431943 1487258
37431946 6330757
37431952 6564787
37431955 802842
37431956 21482737
37431957 1651311
37431959 190793
37431962 3397964
37431974 4605172
37431989 7087552
37431992 314100
37431995 5567255
37431998 3633363
37432001 1721889
37432004 820093
37432007 1724790
37432009 3327664
37432012 1563523
37432015 2836911
37432016 4412083
37432017 2784949
37432018 332001
37432019 3967458
37432020 2786167
37432021 3243284
37432023 13484753
37432024 2108097
37432027 8501142
37432030 1025285
37432033 98963
37432036 1826360
37432039 2352019
37432042 2797317
37432048 5288424
37432051 940875
37432053 1799180
37432056 8627518
37432059 2539541
37432060 1437994
37432063 22008520
37432066 2989450
37432070 944632
37432073 1357139
37432076 952612
37432077 3330244
37432080 1548050
37432086 1799774
37432089 2825240
37432092 3390547
37432095 8518628
37432098 663148
37432099 7026450
37432102 1312876
37432108 2991141
37432111 444637
37432112 779539
37432115 902520
37432130 679233
37432131 1090787
37432134 345152
37432137 7077045
37432140 2848941
37432143 7222549
37432146 6668544
37432147 928058
37432150 2459714
37432151 342879
37432152 3473290
37432156 7047610
37432159 655568
37432162 1002617
37432163 2790500
37432164 1659835
37432171 1753295
37432175 3463063
37432178 296754
37432179 1867770
37432182 9868011
37432185 3484395
37432188 869185
37432191 9715952
37432194 1079074
37432197 286704
37432200 1620415
37432203 2010018
37432206 8993671
37432207 3113294
37432211 3201334
37432212 3038413
37432215 326954
37432218 1216219
37432219 659971
37432222 2649387
37432225 390885
37432228 619089
37432229 2874875
37432232 2460049
37432233 913109
37432236 5912586
37432240 2087064
37432243 1734868
37432246 3164688
37432247 5353790
37432248 664825
37432249 7231441
37432252 5343523
37432253 3842529
37432256 6950185
37432259 9134605
37432262 352280
37432265 792706
37432269 767441
37432270 1487914
37432273 699634
37432274 877235
37432277 2148251
37432278 3349492
37432279 6022026
37432282 946948
37432283 6908740
37432284 1216337
37432287 6696267
37432288 2338407
37432291 6179727
37432292 2295498
37432295 6446649
37432298 6062431
37432301 2231503
37432304 1153033
37432307 1710098
37432310 220576
37432313 607169
37432316 342799
37432319 827990
37432322 3049423
37432325 263924
37432328 242969
37432331 680890
37432334 1955130
37432337 1415941
37432340 858371
37432343 1431525
37432344 356153
37432347 5462368
37432350 1424190
37432353 2708273
37432356 416298
37432358 925155
37432359 320358
37432362 2841733
37432365 1179390
37432368 4194163
37432369 102309
37432372 703836
37432375 5725276
37432378 1756295
37432380 1407317
37432383 340473
37432384 767300
37432387 362927
37432388 556644
37432389 6811518
37432392 408580
37432395 10362530
37432398 6334333
37432401 7842334
37432404 2832096
37432407 3331759
37432410 1580165
37432411 410656
37432412 363243
37432415 19566
37432418 3364129
37432421 2324064
37432422 3434094
37432423 2276208
37432424 6379358
37432425 757040
37432426 1594494
37432427 5330122
37432430 7176645
37432433 8259985
37432436 1222778
37432439 1718419
37432442 7871939
37432446 927853
37432449 1216309
37432452 810670
37432453 1675875
37432459 2728461
37432460 205101
37432463 9094508
37432466 11648278
37432467 1016610
37432470 5266489
37432472 3596468
37432475 4300663
37432478 387201
37432481 2322681
37432484 944515
37432485 4255453
37432486 1907289
37432489 7703169
37432492 978898
37432495 3232374
37432496 1582610
37432499 1431256
37432500 1431237
37432501 912978
37432502 639261
37432505 5704377
37432508 1027095
37432509 1513917
37432512 953701
37432515 1596004
37432518 1680661
37432521 1753484
37432522 1756849
37432525 1686358
37432528 110972
37432529 107761
37432530 1024486
37432531 7762389
37432534 1275294
37432535 3137040
37432536 4906619
37432539 1659923
37432540 2440802
37432543 836661
37432544 4166965
37432545 3205736
37432546 630625
37432549 1117587
37432552 220206
37432555 224638
37432556 1609703
37432557 9733616
37432560 607167
37432563 1483611
37432564 9934122
37432565 4729355
37432568 2273180
37432569 5127865
37432570 988264
37432573 396820
37432574 1633870
37432577 3049245
37432580 1424211
37432583 1431449
37432586 1424234
37432587 5435706
37432590 1431489
37432593 370854
37432594 5581176
37432597 7417643
37432598 3535130
37432601 333283
37432604 2069993
37432608 1609781
37432611 5477456
37432612 361234
37432613 907593
37432616 4421172
37432619 1609788
37432622 810906
37432623 5189132
37432629 107651
37432632 2989789
37432635 6471696
37432636 1006747
37432639 2395851
37432642 1623802
37432645 5172743
37432650 842815
37432656 1637595
37432659 5934273
37432662 6751969
37432665 1034672
37432668 5061504
37432671 3070479
37432674 3645091
37432677 1498561
37432680 3967323
37432683 6150320
37432686 2654803
37432690 978817
37432693 2375314
37432694 517726
37432697 10362338
37432703 4746926
37432712 300599
37432727 2948315
37432730 4440711
37432733 1564674
37432737 912677
37432740 1708698
37432741 15578492
37432742 5684218
37432745 6819211
37432748 947571
37432752 3028688
37432755 22116177
37432758 500982
37432759 3409429
37432760 670591
37432763 10302269
37432764 3107606
37432765 10362545
37432768 1423893
37432769 3226970
37432772 295921
37432775 2380784
37432776 2294884
37432777 660430
37432778 4140274
37432779 6120201
37432782 3353676
37432783 1788624
1741435 660249
37432791 3296974
37432794 3357839
37513230 30676620
37602001 3686420
37626591 1584728
