236608 721731
4905764 4905808
4998328 4998373
9679302 9679314
2892305 3435596
118637 379907
9686973 9686983
9687784 9687788
81517 283040
3790498 4042126
964136 1803933
83722 287853
2892306 3435610
9688005 9688017
9688047 9688053
16239 83304
162942 513098
9690415 9690425
1974536 2746723
6061123 6061140
9694704 9694720
2465560 3144223
82161 284223
1584419 2442951
3046695 3547523
411484 1049212
112678 368558
2846799 3405237
2846799 3405238
9717035 9717050
9718154 9718161
83311 286720
9721690 9721694
9721692 9721699
9722024 9722028
84596 290615
368248 966700
117761 378123
368215 966574
9724121 9724127
283073 793747
9725218 9725224
117762 378147
967503 1806813
117763 378158
9730314 2003
9730328 9730336
1952 21278
3601203 3927067
9730607 9730614
1015521 1867104
4340515 4409683
117764 378174
1781633 2598364
9819625 9819645
9876990 9877004
9972876 9972889
9974024 9974037
112937 369319
7013644 7013691
138563 432340
950795 1781691
10671715 10671724
282252 792880
2442923 3124762
21039 117798
11030115 11030122
977035 1820219
11643524 11643534
2368097 3062396
8895941 4311349
11659268 11659280
1804 20465
84474 290013
116451 374969
1807416 2619017
12055779 12055785
12143736 12143743
16439 84399
116454 374998
368566 967404
12218541 12218550
12246501 12246508
81484 282857
20479 115948
20515 116115
9951196 9951212
13257226 13257233
20516 116136
3467951 3841566
1806404 2618263
16329 83728
13263257 13263263
4901752 4901769
112665 368522
115656 372867
236613 721772
116455 375015
13281623 13281635
794718 1584433
3435600 3813752
2825164 3390480
3841563 4080810
287842 802384
10661303 10661396
9819628 9819653
3287515 3719577
13307146 13307151
13307572 13307581
81485 282876
10661304 10661415
370919 970978
287844 802389
4991014 6733
290581 808820
13336351 13336355
13337596 13337605
3926980 4134154
117864 378489
13352287 13352292
1813 20707
13353633 13353636
21040 117821
13356647 13356659
20483 115992
20642 116616
4628583 3746703
793731 1583595
4173943 4301264
116459 375032
13364641 13364648
4822874 4822952
13365589 13365599
21289 119057
13374824 13374827
130515 416813
4995625 4995644
117766 13521
368893 968177
8328209 8328226
112526 368301
6655332 6655345
4024568 4197922
13411785 13411794
84477 290065
81520 283092
4990999 124310
281416 789857
13429380 13429384
117767 378199
1398131 2272228
13443741 13443752
789851 1576853
808103 1610263
13477818 13477827
13479943 13479955
112785 368822
4951145 4951190
13486036 13486044
38 281
968999 1808377
13495183 13495186
15756 81480
1496139 2361120
116468 375118
13502705 13502708
375364 978354
368439 967161
368440 967170
13506402 13506422
822348 1629717
20415 115670
967550 1806846
2204110 2942027
13523814 13523825
966444 1806424
966645 1806504
298332 822321
84552 290404
14392893 13523859
14765048 14765058
81564 283212
20485 116002
1583668 2441837
14778617 3427144
2934772 3469307
3985995 4172333
967646 1806885
117772 378217
60110 240883
1583581 2441762
371778 971883
14962308 14962311
14971045 14971049
14975003 14975007
14975579 14975582
14977700 14977704
14995208 1929
14995208 14995213
822313 1629663
14998169 14998173
1293100 2170788
1248277 1940580
20522 116183
15021312 13523838
2441763 3123646
368441 967189
15035587 15035590
15037638 930709
252 1922
15027343 15027355
15057696 15057700
15059599 15059606
15059891 15059895
15066495 15066498
982676 1825830
13362325 13362331
368218 966616
1583669 2441842
15093773 15093776
15106386 15106389
112698 368685
15107683 15107686
15109814 20665
15115694 15115698
254 1929
1248308 1940580
9991139 9991148
15142711 15142714
15148921 15148925
15159976 15159979
10661311 10661450
15173793 15173798
372856 974888
368666 967760
4999393 4999456
84572 290482
4991054 4991102
722669 1483397
441022 1088602
22500117 22500119
23665657 23665660
28229521 28229526
5297604 5297619
15758 81508
28362289 28362291
13292908 13292912
4118330 4262419
117818 378339
29029414 29029419
29031225 1556509
29031229 29031231
967488 1806793
982677 1825832
12352794 12352801
982678 1825840
29041316 29041321
15243034 15243040
29043045 29043050
29043152 29043155
113658 370916
117776 378241
3123746 3600661
12218557 12218604
1687 20223
793303 1583193
982683 1825854
967490 1806802
982684 1825857
29050024 29050028
982687 1825864
379802 985773
29051978 29052000
29052155 29052164
982689 1825871
28773987 2962000
28773983 28774020
10661312 10661456
793848 1583693
368254 966727
29608140 29608171
28773989 28774050
28774047 28774158
368442 967197
28773990 4086995
117778 378264
112514 368235
368219 966623
29607762 29607764
4999396 4999464
4988487 4988514
4174448 4301392
3988479 1564106
28774052 28774162
368255 966734
368670 967786
375043 978131
28773991 28774058
4301400 4383579
10661313 10661463
29608752 29608766
29608141 29608173
368443 787980
5530136 5530151
29608887 29608901
368579 967514
1583672 2441851
1583672 2441852
29607653 29607704
28773992 28774062
1584380 2067935
29609012 29609020
4173933 4301246
28773993 28774067
29607655 29607708
368220 966633
4999399 4999473
29607580 29607607
4174449 4301408
967234 1806679
29609339 29609357
29607656 29607711
1583673 2441853
1583674 2441860
368256 966745
368221 966638
29609340 29609361
10661316 10661467
15057290 15057300
14292535 14292546
10661317 10661472
1584381 2442889
21275 118764
10661318 10661477
10661319 10661481
4301374 4383565
29607581 29607615
28773984 28774026
5530147 5530165
29609630 29609634
4999401 4999475
4999402 4999481
368258 966768
29608963 29608973
13523816 13523825
368259 966775
1158 15669
1583675 2441863
10661322 2417093
375044 978141
29607657 29607716
29609786 29609797
29609641 29609646
368260 966778
368671 967793
4937185 1556644
117780 378282
5530148 5530172
28773994 28774073
368261 966782
29607658 29607718
29608934 29608942
1821435 2631231
10661324 10661485
368582 967535
13356654 13356659
258 1959
29609451 29609458
29609341 29609365
29609342 29609367
29609343 29609370
29609345 29609371
4999403 4999483
29609346 29609375
29607659 29607723
1584382 2442893
368222 966644
368223 966648
368262 966795
4999404 4999487
29607582 279478
1915 21265
28773995 28774078
10661374 10661550
4999405 4999490
4999406 4999495
4968016 3331701
29607660 29607729
29607661 2424162
29609925 29609929
29609934 84399
368444 967205
29607662 29607741
29607662 29607742
378271 982719
368264 966807
4937178 4937187
29607663 29607750
29608231 2631231
28773996 28774081
28774084 28774167
28773985 28774031
10661332 10661499
9894530 9894565
29608995 15027355
29607583 29607625
29609028 29609031
28773998 13755
259 1974
260 1980
117781 378292
29609747 29609758
29607664 29607759
10661504 10661510
29607584 29607628
261 1986
29607585 29607630
29609767 29609782
29607665 10392
29607666 29607764
29607667 29607767
967505 1806818
29609748 29609762
29608232 29608242
29609347 1556672
967506 1806821
29609749 29609764
29610076 29610079
29610081 29610086
369066 968351
369067 968351
29608590 29608612
368672 967806
29610088 966855
29610100 29610102
368445 967211
262 1992
4999407 4999499
4999408 4999500
29610105 29610106
3123622 3600597
29610113 29610117
29610114 29610117
29610115 29610118
29607586 29607631
29044423 29044426
368446 967216
368224 966653
29607668 29607769
29610120 29610124
29610121 29610124
29607669 29607771
29607670 29607777
29610134 29610143
29610135 29610143
117782 378296
29051030 29051049
29610153 29610160
29609554 29609560
263 2003
264 2008
29608592 29608615
29608593 29608616
368225 966655
29608754 29608774
29608755 29608776
29610170 29610176
29607671 29607780
4999409 4999503
29607672 29607783
29607673 29607785
29607674 954839
4999410 954839
29608977 954839
4999411 954839
29607675 29607787
29607676 29607789
29607677 29607790
4999412 4999508
29608978 2439403
4999413 2439403
4999414 4999514
29607678 29607792
29608636 29608653
29607679 29607793
4999415 4999516
4999416 4999519
29608756 29608778
4999417 535917
4999418 4999523
13523817 13523837
29608142 29608174
29608143 29608175
368265 966809
29608757 4563393
368266 966813
29608144 29608176
29609653 29609663
29608758 29608779
29608145 29608178
4999419 4999525
29607680 29607794
29607976 29607984
29608759 29608780
29608760 29608781
29608146 29608184
29608422 4396253
4999420 4471104
368226 966662
29608147 29608185
29608148 29608186
29608149 29608187
29608150 29608187
29608151 29608190
29608152 29608192
29608153 29608194
4999421 4999530
368267 966815
368268 966818
368270 966821
29051979 29052002
15005644 15005648
29608154 29608196
29608155 29608198
29608156 29608199
9894534 9894583
29608157 29608202
29608158 29608203
4999422 4999534
4999423 4999537
368271 966823
368272 966823
368273 966823
10605549 10605555
29610180 29608206
29608159 29608206
29608160 29608208
29610188 29610193
29610189 29610193
29051980 29052003
4999424 966828
4999425 966828
368274 966828
368275 966828
368276 966828
368277 966828
368278 966828
29608761 29608782
29608161 378282
29608423 378282
4999426 4999543
368279 966848
29608162 29608212
427288 1071391
368280 966850
4999427 4999546
29607977 29607985
29608424 29608434
368227 966665
29608762 29608784
368228 966668
29608163 29608215
29608164 29608217
29051981 29052006
4999428 4999549
368229 966673
29608165 598225
4999429 4999553
29051982 29052007
29608302 966623
29608303 966623
29608304 966623
29608763 29608795
4999430 4999554
4999431 4999558
29608166 29608220
29608167 29608223
29608168 29608225
4999432 4999560
4999433 4999560
4999434 4999563
29608169 29608227
29608935 29608945
29610195 29610198
29610196 29610198
368281 966854
13523818 13523838
29607681 29607796
29608002 29608009
368724 967883
10661334 10661522
28773999 28774092
4949721 4949727
29607587 29607636
29607917 29607925
29051031 3820765
29608103 29608108
29607683 29607625
29610206 967448
9991143 9991156
29610215 29610218
29610216 29610218
29610217 29610218
29610220 29610231
978341 978354
10661335 10661526
29610283 29610288
29609220 4543559
14392895 14392904
29610290 29610293
29610291 29610297
29610299 29610304
29607992 2234489
5530149 5530175
10661336 10661529
29608371 29608402
29608372 29608404
29610343 29610346
29610344 29610346
29610345 29610346
29607686 29607818
29607687 29607824
10661553 10661657
2476516 3151343
29610349 29610362
29610350 29610370
13394188 13394195
29607918 4445368
28774000 28774097
28774002 4602391
3601204 3927076
29607689 4017973
29610375 29610386
29610376 29610387
29607690 29607833
29607691 29607834
1583677 2441869
29608425 29608436
29610389 643534
29608104 29608111
29607692 29607836
29608643 29608660
1629656 2476532
368447 967224
29607693 29607843
112718 368730
1584384 2442900
29608071 29608089
29609926 29609930
1583678 2439403
1583679 2441883
29610154 29610166
29610460 29610468
4959735 4959745
4959741 4959756
81490 282909
1583680 2441888
81491 282917
13337598 13337612
29607694 29607625
29607695 29607847
28774004 4583858
29608073 3671263
1583681 2441892
29607696 29607852
29609348 29609380
368674 967814
29609224 29609229
4988491 43552
29610493 29610497
4999435 4999566
28774053 28774163
375045 978144
967507 1806827
2441861 3123750
1584386 1483163
29608375 29608409
1583682 378303
1583683 378303
29610591 29610593
29610602 29610612
29610695 11129
29610696 29610699
29608075 29608095
29610712 29610717
29610728 29610736
29610746 29610757
29610889 966848
29610904 1629663
29610913 29610915
29610940 29610944
81492 282925
21803568 21803582
21803581 21803595
29608170 29608228
4999436 4999570
29608856 29608871
3016000 3527001
10661658 10661722
29611091 29611095
29611133 29611135
14392897 14392904
9972885 9972910
1583684 2441896
368230 966680
368283 966855
29608686 29608693
29609396 29609415
28774006 28774119
10661355 10661545
173072 533923
28774007 28774120
29608259 29608285
29608687 29608699
28774008 28774122
29609631 29609639
1583685 2441902
29611189 29611202
4999437 4999571
4999438 8416
1583686 2441906
117783 378303
1629657 2476538
4999439 4999583
4999440 4999588
13523819 13523839
29611269 29611277
15015078 15015102
368284 966860
4999441 4999592
368231 966687
368285 966869
368286 966879
4968017 4968038
29607930 29607946
9894540 9894594
29609566 29609575
29043051 29043063
978139 1821652
10661385 10661579
29611072 29611073
28774010 28774127
280307 787980
28774012 28774132
28774012 28774133
2441758 3123632
29607562 29607575
1583687 2441911
29609349 29609383
15173795 3569362
29608324 29608353
29609350 29609391
1584389 2442931
29607951 29607961
81493 282931
13523820 13523859
29607697 29607860
265 2014
29609504 29609519
368449 967241
29051983 29052010
29608646 29608667
2825181 3390504
29051984 29052011
29610549 29610557
15712 15743
29611346 29611352
29051986 29052015
29608121 29608137
29051987 29052017
29051988 29052018
29051989 29052019
29051990 29052020
29051991 29052021
29051992 29052023
29051993 29052025
29051993 29052026
29051994 29052027
29051995 29052028
29051996 29052030
29051997 29052031
29608122 4052834
29611190 29611206
29608438 29608446
29611554 29611557
29609013 29609026
4228787 4337135
29051998 29052035
29611629 29611641
29609529 29609532
30298827 30298833
9597178 9597185
16458 84471
381840 990980
30569487 30569489
30745028 30745029
30755819 30755820
4995092 4995108
30773500 30773505
30776361 30776366
30776414 30776418
30779339 30779341
30811235 30811238
15217765 15217780
15682 81316
30880474 2618269
30880478 30880479
30880480 30880481
30880482 30880486
30880508 30880511
30880532 30880535
30880554 643534
30880556 30880557
30880627 30516607
30880629 30880632
30880706 30880709
30880710 30880716
30880748 30880752
30880786 30880789
30880796 30880799
4984856 2462436
30880800 30880804
30880806 30880808
30880814 30880816
30880817 30880821
1204953 2081464
30880835 30880839
13362326 13362334
30880852 30880854
30880852 30880855
30880883 30880886
283079 793765
30880939 2962077
30880948 30880954
30880966 3808705
30880980 2131003
30880986 30505982
30880992 30880995
30880996 4490647
30880998 30881001
30881138 30881140
30881141 1252267
30881159 30881162
30881165 30881169
30881174 30881177
30881182 30881185
30881186 30881185
30881188 30881185
30881190 30881185
30881191 535899
30881199 535454
30881176 31031
30881209 30881212
30881213 30881216
30881243 30881247
30881270 30881275
30881279 17415204
30881303 30881306
30881309 30881311
30881315 29344210
30881330 1044538
30881330 30881332
30881333 20665
30881335 30881337
30881338 30881339
30881340 30881344
30881348 1848
30881357 30881362
30881363 30881366
30881369 30881372
30881375 30881380
30881384 30881388
30881384 30881389
30881395 30881397
30881399 30881402
30881429 30881433
30881441 30881446
30881457 30881460
30881484 30881488
30881493 4592332
967527 1806836
30881557 30881562
30881563 30881565
30881566 30881568
2441850 3123743
30881579 4999583
30881581 4999583
30881583 4999583
30881585 4999583
30881587 30881590
30881591 30881593
30881599 30881604
30881625 30881630
30881649 4238394
30881658 30881663
30881694 30881695
14765052 14765073
30881715 30881718
30881724 30881727
30881728 30881730
30881736 30881739
29608893 29608913
30881746 30881747
30881748 30881750
30881758 30881760
31066322 29608194
31066323 31066324
31066325 31066326
31066327 31066328
31066329 31066333
31066334 31066337
31066347 31066348
31066355 31066357
31066358 3587180
31066363 31066364
31066376 31066378
31066379 31066381
31066382 31066381
31066384 31066386
31066387 31066389
31066390 31066386
31066392 31066378
31066404 31066405
31066406 31066408
31066409 378292
31066410 31066412
31066413 31066414
31066423 31066424
31066425 31066426
31066427 31066428
31066429 31066430
31066431 31066432
31066433 31066434
31066435 31066438
31066446 31066447
31066448 31066450
31066451 4569350
31066457 31066459
31066461 31066462
31066466 31066467
31066540 31066541
31066542 31066544
31066556 31066558
31066570 4189650
31066586 31066588
31066592 31066594
31066595 31066596
31066600 31066602
31066612 31066613
31066617 24950515
31066618 31066619
31066621 1125790
31066622 31066623
31066624 31066625
31066626 31066627
31066629 31066631
31066634 31066635
31066636 31066637
31066643 31066644
31066645 31066647
31066648 31066649
31066650 31066653
31066655 31066657
31066658 31066660
31066662 31066663
31066664 150979
31066665 31066666
31066668 31066669
31066676 31066677
31066678 11059466
31066679 3427455
31066680 31066681
31066682 31066683
31066684 31066685
29611638 29611642
31066686 4274792
31066687 31066688
31066692 2441869
31066693 31066694
31066695 31066696
31066697 25907147
31066702 31066705
31066709 31066710
31066713 31066714
31066715 31066716
31066719 31066720
31066730 31066731
31066732 31066733
31066734 31066735
31066737 31066738
31066745 31066669
31066746 3284896
31066747 31066748
31066766 31066768
31066769 31066771
31066774 31066775
31066776 31066777
31066778 31066779
31066780 31066738
31066781 4471127
31066783 31066784
31066785 1252397
31066786 15456033
31066787 1253313
31066788 31066789
31066790 4505704
31066791 22411680
31066819 29608199
31066820 2416867
31066821 31066823
31066827 31066829
31066830 31066831
31066832 1578037
31066834 31066835
31066837 31066840
31066842 31066844
31066845 31066849
31066850 31066852
31066853 31066855
31066856 31066857
31066860 30517135
31066862 31066863
31066864 31066866
31066867 31066868
31066869 31066870
31066871 30807659
31066873 31066883
31066891 31066892
31066893 31066895
31066896 31066897
31066898 31066899
31066903 31066904
31066908 31066910
31066911 31066912
31066915 31066916
31066917 31066916
31066928 31066930
31066931 31066930
31066932 31066933
31066934 31066935
31066936 31066937
31066938 31066939
31066940 31066942
31066943 31066944
31066945 31066946
31066948 31066949
31066952 31066957
31066960 31066962
31066963 31066965
31066969 31066970
31066971 31066973
31066979 31066980
31066982 31066984
31066990 31066991
31066994 31066995
31066996 31066998
31067002 30804873
31067004 31067008
31067009 31067010
31067011 31067012
31067020 31067022
31067023 31067024
31067032 31067033
31067036 18851417
31067048 966823
31067055 31067056
31067057 20665
31067061 31067062
31067074 31067076
31067082 31067084
31067085 27072339
31067086 31067087
31067093 31067095
31067099 31067100
31067101 31067103
31067104 30804873
31067105 31067106
31067107 30804873
31067108 260450
31067109 30518464
31067110 31067111
31067112 30804873
31067117 31067118
31067119 31067120
31067123 31067125
31067127 31067128
31067135 29607984
31067136 31067138
31067155 31067156
31067157 31067158
31067162 31067163
31067164 31067165
31067167 31067168
31067169 31067170
31067171 31067173
31067180 31067181
31067182 31067183
31067184 29608185
31067187 31067189
31067191 31067193
31067224 31067225
31067226 31067227
31067228 31067229
967146 12126
31067230 31067234
31067236 31067237
31067238 31067239
31067241 31067242
31067244 29611135
31067245 29045674
31067246 31067247
31067252 31067253
31067258 31067260
31067266 31067268
31067289 3329871
31067292 31067294
31067297 31067298
31067301 31067302
31067312 31067315
31067316 31067318
31067323 31067324
31067327 31067328
31067333 31067336
31067338 31067340
31067346 31067347
31067348 31067350
31067358 31067359
31067364 31067365
31067366 31067367
31067368 31067369
31067370 31067373
31067380 31067381
31067385 25067694
31067388 31067391
31067405 31067406
31067409 31067410
31067411 31067412
31067421 31067424
31067429 31067431
31067437 31066669
31067438 31066669
4999580 4999583
4999581 4999583
31067452 31067456
31067457 31067460
31067462 31067460
31067468 31067469
31067478 31067481
31067487 31067489
31067500 31067501
31067502 31067503
31067504 31067506
31067520 31067521
31067525 31067527
31067528 31067530
31067535 31067537
31067538 31067540
31067541 31067543
31067547 29608173
31067548 31067550
31067554 31067558
31067559 31067561
31067562 31067564
31067566 31067568
31067574 30507771
31067576 31067577
31067578 31067580
31067585 31067586
31067587 31067589
31067592 31067595
31067605 31067607
31067608 31067610
31067613 31067614
31067615 2094195
31067620 31067622
31067631 31067632
31067634 31067636
31067637 31067638
31067639 31067641
31067642 31067645
31067646 31067648
31067651 31067653
31067659 29607984
31067660 31067662
31067665 31067667
31067670 29608199
31067671 31067673
31067674 31067675
31067677 31067678
31067680 31067681
31067683 31067684
31067685 31067686
31067695 31067696
31067698 31067699
31067700 31067702
31067711 31067713
31067721 31067723
31067729 31067730
31067732 31067734
31067735 31067737
31067738 31067739
31067742 31067744
31067745 3751950
31067746 31067747
31067748 31067750
31067751 31067753
31067754 31067756
31067758 31067761
31067762 31067763
31067764 31067770
31067772 31067773
31067774 31067778
31067779 31067780
31067781 4602361
31067782 31067784
31067785 31067786
31067787 31067789
31067790 31067792
31067793 4669764
31067802 31067803
31067806 30516839
31067808 31067810
31067812 4640502
28774041 28774151
31067814 4657767
31067815 4657766
31067816 31066916
31067820 31067822
31067823 31067824
31067825 31067827
31067835 31067836
31067837 31067840
31067841 30804873
31067843 30804873
31067845 31067847
31067848 968177
31067850 31067847
31067851 31067853
31067861 31067862
31067863 31067864
31067865 31066916
31067866 29045674
31067867 31067869
31067876 31067878
31067882 31067886
31067887 31067889
31067890 31067892
31067907 30804873
31067908 30804873
31067909 30804873
31067911 31067912
31067913 31067914
31067915 26223475
31067919 29607984
31067920 30804873
31067921 31067922
31067923 31067803
31067924 31067925
31067927 30804873
31067928 30804873
31067930 30804873
31067931 30804873
31067932 30804873
31067933 976092
31067937 31067939
31067942 31067944
31067945 31067946
31067947 31067948
31067949 31067950
29610405 29610411
31067951 31067952
31067955 31067957
31067958 2836631
31067960 31067961
31067962 31067964
31067969 31067971
31067972 31067973
31067977 31067979
31067977 31067980
31067981 31067982
31067987 31067989
31067992 31067995
31067996 31067999
31068000 31068002
31068009 31067294
31068014 31068017
31068018 31068020
31068021 2399492
31068036 31068037
31068038 31068039
31068040 31068039
31068042 31068044
31068051 31067730
31068052 31068053
31068054 31068053
31068055 31068056
31068057 31068058
31068059 31068061
31068060 30514008
31068062 31068063
31068065 31068066
31068075 31068076
31068077 17747792
31068081 31068082
31068083 31068082
31068084 31068088
31068089 31068091
31068092 31068094
31068097 31068099
31068100 31068102
31068103 31068105
31068106 31068107
31068118 31068120
31068131 31068132
31068135 29045674
31068137 31067120
31068138 31068140
31068142 15148925
31068144 4531867
31068151 31068152
31068157 31068159
31068164 31068165
31068168 31068152
31068169 31068170
31068175 31068176
31068180 30531083
31068181 31068182
31068186 30531083
31068188 31068189
31068201 31068202
31068203 31068204
31068205 31068206
31068210 31068214
31068215 31068219
31068220 31068224
31068225 31068229
31068230 14369795
31068233 31068237
31068238 31068240
31068241 31068152
31068244 29610053
31068252 31068253
31068254 31068255
31068260 4932047
31068274 31067010
31068275 31068276
31068277 31068278
31068282 31068283
31068284 31068285
31068291 31066916
31068294 31068295
31068296 31068297
31068298 13307633
31068299 31068301
31068304 31068305
31068307 31068308
31068309 31068310
31068311 31068312
31068313 31068314
31068315 31068316
31068326 29611135
31068334 31068336
31068338 31068339
31068340 31068339
31068341 2439403
31068342 2439403
31068346 31068347
31068348 2439403
31068349 31068350
31068351 31066863
31068353 31068354
31068355 31068357
31068364 31068366
31068369 31068370
31068373 14899542
31068375 31068376
31068377 31068379
31068380 31068381
31068382 31068383
31068384 31068385
31068386 1790147
31068388 1790147
31068390 31068391
31068395 31068396
31068397 31068401
31068402 31068405
31068406 31068408
31068409 31066660
31068411 31068413
31068416 31068419
31068418 31068421
31068422 31068424
31068428 31068429
31068446 31068447
31068448 31068449
31068450 31068453
31068456 31068453
31068463 29608199
31068466 31068467
31068471 31068472
31068473 31068475
31068476 31068478
31068483 31068485
31068486 31068491
31068494 31068495
31068496 31068497
14292545 14292550
31068498 31068499
31068500 31068504
31068509 31068510
31068511 31068513
31068515 29607984
966838 1806526
31068519 31068520
31068521 31068522
31068523 7682189
31068524 31068526
31068540 31068541
31068542 31068546
31068554 31068556
31068557 31068558
31068559 701588
31068561 31068564
31068565 9722028
31068566 31068567
31068568 31068569
31068570 31068571
31068572 31068573
31068585 31068588
31068589 31068592
31068598 31068599
31068600 9785706
31068608 31068611
31068612 31068614
31068615 31068617
31068618 31068620
31068621 31068622
283081 793769
283081 793770
31068623 31068625
31068626 31068627
31068628 20665
31068631 31068632
31068641 31068643
31068644 31068643
31068645 31068643
31068647 31068643
31068649 31068643
31068651 31068643
31068653 31068643
31068655 31068656
31068657 31068658
31068659 31068660
31068662 31068664
31068667 3331958
31068668 31068669
31068670 31068671
31068672 31068673
31068675 31068676
31068680 31068682
31068683 31068685
31068686 31068688
31068689 31068690
31068692 31068693
31068695 20665
31068699 31068700
29607775 29607878
31068701 31068702
31068703 31068705
31068710 31068711
31068712 23817162
31068713 31068714
31068719 31068720
31068721 29611135
31068722 31068723
31068726 29611135
31068734 31068735
31068736 31068740
31068743 31068744
31068752 31068753
31068755 31068756
31068757 31068759
31068765 31068766
31068767 31068768
31068775 31068777
31068778 31068779
31068780 31068781
31068786 31068787
31068792 31068794
31068795 31068797
31068798 31068800
31068803 31068806
31068807 30517740
31068812 31068813
31068816 31068817
31068818 31068819
31068822 31068823
31068827 31068828
31068829 31068830
31068832 31068833
31068837 31068839
31068849 31068851
31068854 31068856
31068857 31068859
31068860 31068861
31068862 31068863
31068866 1848
31068900 31068902
31068905 31068909
31068911 31068909
31068915 31068917
31068920 31068921
31068924 3487723
31068926 31068928
31068929 31068930
31068948 31068950
31068953 29608199
31068954 31068955
31068956 31068957
31068962 31068963
31068964 31068965
31068967 31068969
31068970 31068972
31068976 31068978
31068979 31068980
31068993 31068997
31069003 31069004
31069005 514706
31069007 31069008
31069009 31069010
31069011 31069013
31069014 31069015
31069020 31069021
31069023 31069024
31069025 31069026
31069027 31069028
31069034 31069035
31069036 31069037
31069038 31069039
31069044 31069045
31069046 31069048
31069052 31069053
31069060 31069062
31069063 31069065
31069069 31069070
31069074 31069075
31069076 9900091
31069144 12341903
31069147 31069148
31069150 31069151
31069153 14273
31069154 31069156
31069155 31069157
31069158 31069159
31069160 31069162
31069163 31069164
31069165 31069166
31069172 31069173
31069175 31069010
31069176 31069177
31069178 31069180
31069183 31069184
31069185 31069186
31069190 31069192
31069193 12341903
31069200 24327158
31069204 31069205
31069208 31069209
31069212 31069213
31069217 31069218
31069223 31069218
31069224 3426879
31069228 31066831
31069229 31069230
31069231 31069232
31069233 31069235
31069236 31069237
31069239 31069237
31069245 31069247
31069201 4492926
31069254 30808223
29718952 29718954
31069258 31069260
31069262 31069263
31069264 31068283
31069265 3748453
31069266 31069267
31069268 31069269
31069271 15148265
31069272 31069218
31069276 15027355
31069290 31069291
31069294 31069295
31069298 31069299
31069301 31069302
31069303 31069305
31069306 2231275
31069307 31069308
31069319 3712540
31069323 31069324
31069325 31069326
31069328 5530151
31069331 31069156
31069332 31069333
31069334 5530151
31069335 31069336
31069337 31069339
31069340 31069342
31069343 31069342
31069345 31067586
31069346 920083
31069347 2878811
31069355 31069356
31069357 31069358
31069359 31069361
31069362 31069364
31069366 31069368
31069371 31069372
31069373 31069374
31069375 31069376
31069377 31069379
31069383 4490647
31069386 31069387
31069388 31069389
31069393 31067878
31069403 31069404
31069406 2417035
31069411 31069412
31069413 31069415
31069418 31069420
31069423 31069424
31069425 4492710
31069426 31069427
31069428 31069430
31069431 31069432
31069434 31069436
31069437 30516572
31069438 31069439
31069441 31069442
31069445 31069448
31069449 31069451
31069452 31069453
31069456 1039846
31069457 954839
31069458 31069460
31069461 31069462
31069464 31069465
31069472 31069473
31069474 30807796
31069475 1850588
31069478 31069480
31069487 31069488
31069489 31069490
31069491 31069488
31069492 31069488
31069494 31069495
4924224 4924237
31069499 31069500
31069501 30881488
31069511 31069513
31069514 31069516
31069519 31069521
31069527 31069529
31069536 31069537
31069543 26226216
31069544 31069545
31069550 31069552
31069557 31069558
31069563 29608223
31069571 31069572
31069573 31069575
31069582 31069584
31069590 31069591
31069592 31069545
31069593 31069595
31069596 31069598
31069606 31069608
31069609 31069611
31069614 31069615
31069618 31069626
31069647 31069649
31069659 31069660
31069662 31069660
31069663 31069665
31069666 31069667
31069668 31069670
31069676 31069677
31069678 31069680
31069699 31069701
31069702 3751855
31069705 31069707
31069708 31069710
31069712 31069714
31069718 31069720
31069721 31069723
31069730 31069731
31069732 31069734
31069741 31069743
31069744 31069747
31069748 31069749
31069753 31066831
31069768 31069769
31069770 31069771
31069774 31069776
31069777 31069779
31069803 31069805
31069808 31069809
31069810 12501
31069812 31069814
31069818 31069820
31069821 31069822
31069828 30243610
21981951 21981973
4583467 4595503
4992842 4992858
4383564 4279556
31858822 31858826
31863072 31863074
3603913 3928987
31901700 31901702
32658853 32658858
4473430 2132065
30881660 27718314
3135548 3610827
32683096 32683097
32689146 32689147
32693190 32693192
3601188 3927048
32695759 32695762
32695771 32695772
32695773 32695774
32702656 32702657
4939003 4939010
31839814 31839820
32800066 32800067
30780079 30780106
32818385 32818387
1204954 2081468
32826467 32826468
32826487 32826488
32832706 32832708
32837853 32837854
32872990 32872991
4995093 4995117
81222 282360
283496 794222
33034886 33034888
33038135 33038140
33039588 33039590
33040296 33040299
20802 117171
33041525 33041528
81319 282533
33042379 33042381
33043128 4628510
33043270 33043278
33043846 33043848
33043130 27213283
33044683 33044687
4925824 4925835
33044864 33044866
33045579 33045582
33046091 33046093
33046229 33046232
33046690 33046699
31068434 31068438
81541 283149
28774013 28774145
33047976 33047978
33049383 33049385
33049667 33049669
33049720 33049722
33051221 33051225
966922 1806550
33052410 33052416
33103892 33103894
4917680 4917688
33103893 406484
33143012 33143017
32765990 32765996
31069761 31069764
9894564 9894606
33165590 33165591
33166640 33166641
33166642 33166647
33166677 33166678
33166679 33166680
33166681 33166682
33170968 33170970
31067314 31067315
33173618 33173619
33185266 33185267
33239151 33239152
3601155 3927044
33239515 33239518
33239522 33239523
33239556 33239557
4972315 4972324
4367509 4429312
33239579 33239581
2409400 3097766
33239699 4584047
33239703 33239705
4429307 4473427
33252850 32856813
4429309 4473444
1629645 2417246
3123593 3600581
3600578 3926608
1071390 1933928
31069077 4086906
4276358 4366569
1926 21268
29610648 29610654
4995316 4995322
33993434 33993435
29609860 29609863
34018241 34018243
28774060 28774165
96 823
34220226 34220227
2874751 3424276
32804946 32804952
34322354 34322356
1583583 2441767
2001 21543
34359096 34359097
2874752 3424281
5371799 5371809
28773986 28774037
28773986 28774038
34403240 34403241
34455461 34455462
29608826 29608844
33050800 2910839
34494824 34494827
34494882 34494883
10661506 10661639
2942023 3474628
33044473 33044479
35063003 35063006
35071156 35071159
35072882 35072885
35076045 35076048
35076917 35076919
35077726 35077728
35080332 35080334
28317301 28317310
1248392 2126773
31068525 31068527
1078989 1940580
35406287 35406288
21261 118636
35407023 35407024
14569240 14569245
35407572 35407573
31068452 31068453
28774042 4531867
33033832 33033838
28307542 28307545
35408789 35408790
35408928 35408929
35408931 35408932
35408933 35408934
35408937 35408938
35409195 35409197
29607904 29607915
35411974 35411976
35412718 35412721
35412783 2417498
3123628 3600603
35413105 35413106
20529 4442
35511665 35511666
35511913 35511914
35511915 35511916
35511918 35511919
29051047 29051058
1583328 2441648
35542412 35542414
35542436 35542438
35542750 35542755
35542775 35542777
35542975 35542979
35543110 35543112
35543118 35543120
35543155 35543158
35543457 19036038
35543772 35543774
35543801 35543803
1483392 2350971
35544275 32850170
35544424 35544427
35544424 35544428
35544437 35544439
35544515 35544517
35544909 35544911
35544937 35544939
35544970 35544973
35545146 35545148
35545154 35545156
29607713 29607866
35772581 35772583
35772613 35772615
35772805 35772807
35773130 35773131
35773136 35773138
35773137 35773139
2996129 3511398
1819242 2629778
35773369 35773370
35789867 35789869
35793348 4999546
35798855 33052531
117476 377501
35807786 35807788
35808364 35808366
35812480 35812482
35817994 35817996
35819267 35819269
35821286 35821288
35829041 35829043
35830853 35830855
35833156 35833158
3123644 3600618
4273032 4363333
4133778 4273033
976151 1819239
29608330 29608356
373362 976157
9721697 9721700
36384789 36384790
36406327 36406328
1001984 1851317
593359 1328088
112638 368457
36658010 36658012
36757897 36757898
37852263 37852264
37930347 37930349
38021821 38021822
38022116 31068588
38022857 38022858
38022859 38022860
38023401 38023402
38023701 38023702
38023810 38023811
38023961 38023962
38023980 38023981
38024059 38024060
38024241 38024242
38024337 38024338
38024533 38024534
38025035 38025036
38025094 38025095
38025124 38025125
38025127 38025128
38025140 38025141
38025153 10661522
38025184 38025185
38025239 38025240
38025356 38025357
38025401 38025403
38025448 4329052
38025617 38025619
38025620 38025621
38025751 38025752
38025883 38025884
38025890 38025891
38025809 32142582
38026001 38026003
10574814 10574831
38026664 38026665
38027513 31069218
38027591 38027592
38028126 38028127
38028128 38028129
38028417 38028419
38028604 38028605
38028616 38028617
38028982 16587166
38029188 38029189
38029192 38029193
38029316 31066696
38070422 38070423
38108496 38108498
37659602 37659603
38777348 38777349
38823255 38823256
35408957 35408958
33239517 33239519
39352893 39352894
39697070 39697071
9721605 9721607
40623305 40623306
4139761 4277851
40623458 40623459
41486285 41486286
41487690 41487691
41698793 41698794
1392853 2266419
41731738 41731740
41731743 41731745
41731753 41731755
41731769 41731771
41830956 41830957
41831030 41831031
41831073 41831074
41831434 41831435
42215337 38637632
116579 375348
42215600 42215601
1576842 2130959
34057402 34057403
20538 116189
42503187 42503188
42503948 42503949
43235810 43235813
43449951 43449952
43464549 43464550
43482620 43482621
43498253 43498254
43585974 43585975
43615095 793587
43693827 43693829
43721714 43721715
43745574 43745575
43771014 43771015
43773798 43773799
44069634 44069635
44069636 44069637
44069886 44069887
44070054 31068856
44070816 44070817
44070879 44070880
44071534 44071535
1667444 2506770
45120588 45120589
45120590 45120591
45120592 45120593
45120594 45120595
45120596 45120597
45120601 45120602
45120603 45120604
45120605 45120606
45120607 45120608
45120609 45120610
45120611 2683673
45120612 2683673
45120613 45120614
45120615 45120616
45120617 45120618
45120619 45120620
45120623 45120624
45120625 45120626
45120627 45120628
45120629 12330541
45120629 45120630
45120631 45120632
45120633 45120634
45120635 45120636
45120637 45120638
45120640 45120641
45120642 45120643
45120644 45120645
45120646 45120647
45120648 45120649
45120650 45120651
45120652 45120653
45120654 27319563
45120655 45120656
45120657 45120658
45120659 45120660
45120661 45120662
45120663 45120664
45120665 45120666
45120667 45120668
45120669 45120670
45120671 45120672
45120673 45120674
45120675 45120676
45120677 45120678
45120679 45120680
45120681 45120682
45120683 45120684
45120685 45120686
45120687 45120688
45120689 45120690
45120691 45120692
45120693 45120694
45120695 45120696
45120697 45120698
45120700 28621345
45120703 45120704
45120705 45120706
45120707 45120708
45120709 45120710
45120711 45120712
45120713 45120714
45120715 45120716
45120717 45120718
45120719 45120720
45120721 45120722
45120723 45120724
45120725 45120726
45120727 45120728
45120729 45120730
45120731 45120732
45120733 45120734
45120733 45120735
45120736 45120737
45120738 45120739
45120740 45120741
45120742 45120741
45120743 45120744
45120745 45120746
45120749 1578037
45120752 45120753
45120754 7981372
45120756 45120757
45120758 45120759
45120760 45120761
45120762 45120763
45120764 45120765
45120766 45120767
45120768 45120769
45120770 45120771
45120772 31066583
45120773 45120774
45120775 45120776
45120777 45120778
45120779 45120780
45120781 45120782
45120783 45120784
45120785 45120786
45120787 45120788
45120789 45120790
45120791 45120792
45120793 45120794
45120795 45120796
45120797 45120798
45120799 34226666
45120800 45120801
45120802 45120803
45120804 45120805
45120807 45120808
45120809 45120810
45120811 45120812
45120813 45120814
45120815 45120816
45120817 45120818
45120819 45120820
45120821 45120822
45120823 45120824
45120825 45120826
45120827 1039846
45120828 45120829
45120830 45120831
45120833 45120834
45120835 45120836
45120837 32856813
45120838 45120839
45120840 45120841
45120842 45120843
45120844 577947
45120845 45120846
45120847 45120848
45120849 45120850
45120851 45120852
45120853 45120854
45120855 45120856
45120857 45120858
45120859 45120860
45120861 45120862
45120863 45120864
45120865 45120866
45120867 45120868
45120869 45120870
45120871 1252365
45120872 45120873
45120875 45120876
45120877 462171
45120878 45120879
45120880 45120881
45120882 45120883
45120884 45120883
45120885 45120886
45120887 45120888
45120889 45120890
45120891 45120892
45120893 45120894
45120895 45120896
45120897 45120898
45120899 45120900
45120901 45120902
45120903 45120904
45120905 45120906
45120907 45120908
45120909 45120910
45120911 45120912
45120913 45120914
45120915 45120916
45120917 45120918
45120919 30804873
45120920 34277174
45120921 45120922
45120923 45120924
45120925 45120926
45120927 45120928
45120929 45120930
45120931 45120932
45120933 45120934
45120935 45120936
45120937 45120938
45120939 45120940
45120941 45120942
45120943 4657673
45120944 45120945
45120946 45120947
45120948 45120949
45120950 45120951
45120952 45120953
45120954 45120955
45120956 45120957
45120958 45120959
45120960 45120961
45120962 45120963
45120964 45120965
371787 971887
45120966 45120967
45120969 45120970
45120971 45120972
45120973 45120974
45120975 45120976
45120977 45120978
45120980 45120981
45120982 45120983
45120984 45120985
45120986 45120987
45120988 45120989
45120990 45120991
45120993 45120994
45120995 45120996
45120998 45120999
3463837 3835924
45121000 45121001
45121002 45121003
45121004 45121005
45121006 30737386
45121007 4436332
45121008 45121009
45121010 45121011
32742847 32742851
45121012 45121013
45121014 45121015
45121016 45121017
45121018 30742012
45121019 45121020
45121021 45121022
45121023 45121024
45121025 45121026
45121027 33309194
45121028 30881388
38025103 38025104
45121029 45121030
45121031 45121032
45121033 45121034
45121035 969612
45121036 45121037
45121038 45121039
45121040 45121041
45121042 45121043
45121044 45121045
45121046 45121047
45121048 45121049
45121050 45121051
45121052 45121053
45121054 45121055
45121057 45121058
45121059 45121060
45121061 45121062
45121063 44071535
45121064 45121065
45121066 45121067
45121068 45121069
45121070 45121071
45121072 18491771
45121073 45121074
45121075 417487
45121076 45121077
45121078 3331457
45121079 45121080
45121081 45121082
45121083 29609657
45121084 45121085
45121086 45121087
45121088 45121089
45121090 45121091
45121092 45121093
45121094 45121095
45121096 45121097
45121098 15178285
45121100 45121101
45121102 45121103
45121104 45121105
45121106 31122
45121107 31122
45121108 45121109
45121110 45121111
45121112 45121113
45121114 45121115
45121116 45121117
45121118 45121119
45121120 34269416
45121121 45121122
45121123 45121124
45121125 45121126
45121127 45121128
45121129 45121130
45121131 45121132
45121133 45121134
45121135 45121136
45121137 45121138
45121140 4492944
45121141 45121142
45121143 45121144
45121145 45121146
45121148 45121149
45121150 45121151
45121152 45121153
45121154 45121155
45121156 45121157
45121158 23671027
45121159 45121160
45121161 45121162
45121163 45121164
45121165 45121166
45121167 45121168
45121169 45121170
45121171 45121172
45121173 45121174
45121175 45121176
45121177 45121178
45121179 4447157
45121180 45121181
45121182 45121183
45121185 45121186
45121188 45121189
45121190 45121191
45121192 45121193
45121194 45121195
45121196 45121197
45121198 45121199
45121200 40774917
45121201 45121202
45121203 45121204
45121205 45121206
45121207 24944105
45121208 45121209
45121210 23799838
45121211 45121212
45121213 45121214
45121215 45121216
45121217 45121218
45121219 45121220
45121221 45121222
45121223 45121224
45121225 45121226
45121227 45121228
45121229 45121230
45121231 45121232
45121235 45121236
45121237 45121238
45121239 45121240
45121241 45121242
45121243 45121244
45121245 45121246
45121247 45121248
45121249 45121250
45121251 45121252
45121253 45121254
45121255 45121256
45121257 45121258
45121259 45121260
45121261 45121262
45121263 45121264
45121265 45121266
45121267 34444555
45121268 45121269
45121270 30742299
45121271 45121272
45121273 4544451
45121274 45121275
45121276 45121277
45121278 45121279
45121281 45121282
45121283 45121284
45121285 45121286
45121287 45121288
45121289 28601801
45121290 45121291
45121292 45121293
45121294 45121295
45121296 45121297
45121298 45121299
45121300 45121301
45121302 45121303
45121304 45121305
45121306 45121307
45121308 45121309
45121310 45121311
45121312 45121313
45121314 45121315
45121316 45121317
45121318 45121319
45121320 45121321
45121322 45121323
45121324 45121325
45121326 45121327
45121328 45121329
45121330 45121331
45121332 45121333
45121334 45121335
45121337 2985315
45121339 45121340
45121341 45121342
45121343 28892044
45121344 45121345
45121346 45121347
45121348 45121349
45121350 45121351
45121352 45121353
45121354 45121355
45121356 45121357
45121358 45121359
45121360 45121361
45121362 45121363
45121364 45121365
45121366 45121367
45121368 45121369
45121370 45121371
45121372 34288339
45121373 45121374
45121375 45121376
45121377 45121378
45121379 45121380
45121381 45121382
45121383 45121384
45121385 45121386
45121387 45121388
45121389 45121390
45121391 45121392
45121393 45121394
45121396 45121397
45121398 45121399
31869003 31869004
45121400 45121401
45121402 45121403
45121404 45121405
45121406 45121407
45121408 45121409
45121410 45121411
45121412 45121413
45121414 45121415
45121416 29607836
45121417 45121418
45121419 45121420
45121421 45121422
45121423 45121424
45121425 45121426
45121427 45121428
45121429 45121430
45121431 45121432
45121433 45121434
45121435 45121436
45121437 2956398
45121438 45121439
45121440 45121441
45121442 45121443
45121444 45121445
45121446 45121447
45121449 45121450
45121451 45121452
45121453 45121454
45121455 45121456
45121457 45121458
45121459 45121460
45121461 45121462
45121463 45121464
45121465 45121466
45121467 45121468
45121469 45121470
45121472 30806960
45121473 45121474
45121475 4999499
45121476 45121477
45121478 34241451
45121479 45121480
45121481 45121482
45121483 45121484
45121485 45121486
45121487 45121488
45121489 45121490
45121491 45121492
45121493 45121494
45121495 45121496
45121497 45121498
45121499 45121500
45121501 45121502
45121503 45121504
45121505 45121506
45121507 45121508
45121510 45121511
45121512 45121513
45121514 45121515
45121516 45121517
45121518 45121519
45121520 45121521
45121522 45121523
45121524 4404371
45121525 45121526
45121527 45121528
45121529 31067950
45121530 45121531
45121532 45121533
45121534 34219023
45121535 45121536
45121537 45121538
45121539 40776244
45121540 40776244
45121541 35705188
45121542 45121543
45121544 45121545
45121546 45121547
45121548 33041915
45121549 45121550
45121552 45121553
45121554 45121555
45121556 1938621
45121558 45121559
45121560 45121561
45121562 45121563
45121564 45121565
45121566 45121567
45121569 45121570
45121571 45121572
45121583 45121584
45121585 45121586
45121587 45121588
45121589 45121590
45121591 45121592
45121593 45121594
45121595 45121594
45121596 45121597
45121599 45121600
45121601 45121602
45121603 45121604
45121605 45121606
45121607 45121608
45121609 45121610
45121611 45121612
45121613 45121614
45121615 45121616
45121617 45121618
45121619 45121620
45121621 45121622
45121623 45121624
45121625 45121626
45121627 45121628
45121629 45121630
45121631 45121632
45121633 45121634
45121635 45121636
45121637 45121638
45121640 45121641
45121642 45121643
45121644 45121645
45121646 45121647
45121648 45121649
45121650 45121651
45121652 45121653
45121654 45121655
45121656 45121657
45121658 45121659
45121661 37943490
45121663 45121664
45121666 45121667
45121668 45121669
45121670 45121671
45121673 45121674
45121675 45121676
45121677 45121678
45121679 45121680
45121681 45121682
45121683 45121684
45121685 45121686
45121687 29607792
45121689 45121690
45121691 45121692
45121694 45121695
45121697 45121698
45121700 45121701
45121702 45121703
45121704 45121705
45121706 45121707
45121708 45121709
45121710 45121711
45121712 45121713
45121714 45121715
45121716 40776182
45121717 45121718
45121720 45121721
45121722 45121723
45121724 41183723
45121726 41184220
45121728 4999553
45121729 45121730
45121731 45121732
45121733 45121734
45121736 45121737
45121738 45121739
45121740 45121741
45121742 45121743
45121744 45121745
45121746 41184813
45121748 45121749
45121752 45121753
45121754 31069075
45121755 31067824
45121756 45121757
45121758 45121759
45121760 45121761
45121762 45121763
45121764 45121765
45121766 45121767
45121768 45121769
45121770 45121771
45121772 45121773
45121774 45121775
45121776 45121777
45121778 45121779
45121781 45121782
45121783 45121784
45121786 4343584
45121787 45121788
45121789 45121790
45121791 45121792
45121793 45121794
45121795 45121796
45121798 45121799
45121800 45121801
45121802 45121803
45121804 45121805
45121807 45121808
45121809 45121810
45121811 45121812
45121813 45121814
45121816 45121817
45121819 45121820
45121821 45121822
45121823 45121824
45121825 45121826
45121827 45121828
45121829 45121830
45121831 45121832
45121833 45121834
45121835 45121836
45121837 45121838
45121840 45121841
45121842 45121843
45121845 45121846
45121847 45121848
45121849 45121850
45121851 45121852
45121853 45121854
45121855 45121856
45121858 45121859
45121860 45121861
45121863 45121864
45121865 45121866
45121867 45121868
45121869 45121870
45121871 45121872
45121873 45121874
45121875 45121876
45121878 26714802
