4131234 311675
649579 1390942
649579 778184
4433343 2711068
29040198 528964
29040198 465910
1100588 212527
1100588 47046
3194098 1660620
4156344 617367
3174358 2861650
3174358 587616
3174358 716420
33141400 497328
2513080 1463820
985544 1106476
985544 1034872
1832346 1971142
15024725 1497933
3079620 534095
446798 131889
9776624 518056
3811544 291134
4299731 468529
2459299 3138232
3767334 3342715
888603 709267
34394891 1100587
34394891 1390942
34402683 1187989
34428278 2108385
5793569 1390942
931418 518055
931418 1212095
34439003 1530931
34439003 711470
8214948 500290
1978696 1301203
1971144 76012
446833 1100659
3186713 1231185
3186713 3039075
34461883 463113
1100590 212527
1100590 1100587
4198283 843912
4198283 3956522
4198283 359982
1802233 500107
34477319 2004105
34481663 400307
29883644 2858023
34488592 2347673
34488592 484403
34488592 246531
34488706 1260320
2459300 500133
2459300 465677
4467465 2810685
4467465 2151796
4467465 1274436
3926444 3456675
3926444 230469
1971145 608835
1971145 1348675
305485 835459
305485 835460
1098976 1317234
35404395 466038
35404595 230469
1100591 500123
1100591 741473
30045695 497328
30045695 2079998
2884166 73622
2884166 1218085
1100751 55538
30952989 76754
30952989 2121397
3643787 1063406
3643787 1328963
3365428 1218085
3365428 1063340
3365428 1140811
4514920 250394
35410348 1202553
35410348 500133
35411570 4198200
35743534 46059
35743671 1566658
35743705 76012
35743784 3094345
28738712 1141044
28738712 1268588
2742878 741473
2742878 2742980
35743940 466038
35743940 1972979
35744015 747107
35744015 1973344
2954122 3034669
2954122 500107
3569395 1446722
35744038 524251
4439754 165085
29883561 500123
29883561 863020
10650961 432415
10650961 1274436
1100594 1970982
1100594 1130208
35744368 500314
4117525 2727536
9012920 482310
3468431 65909
13434407 1034871
2050772 165138
4315097 1319101
4315097 233907
3079601 587616
3137837 500336
4111640 1228816
2050773 165138
3961008 2701826
3961008 1555525
3961008 513855
8555844 170099
8555790 1955719
6621345 50031
3138236 3138232
3137838 3613257
3468439 65909
35744718 3406580
5793562 1555525
35745121 1977014
35745121 1328963
1100498 554565
3885184 4108627
33250122 415809
5911286 777970
5911286 2742979
5911286 76051
9012919 1348675
33246075 2906107
33246075 1605890
2743042 1127667
15917188 3034669
35745489 405625
7257834 3415886
7257834 1972259
25461189 73622
25461189 3721201
25461189 1999681
35745624 190942
10412846 3305810
35745851 405625
35743948 246531
35743948 1499754
35746023 517993
35746076 716420
35746166 432415
1100661 1971127
35746251 255270
33343045 1526412
35746474 230469
3899582 500106
35746526 863020
1971147 1052424
35746617 55538
35746674 2906107
8555763 500107
35747257 795570
33107745 4039767
35747305 2113494
35747367 1552162
35747413 76538
35747413 1643184
1100598 500106
2354322 1529500
14839466 1187989
14839466 1231612
35747823 250395
35747823 178966
4026982 1529500
4026982 1242511
35747992 716420
3420996 1218085
35744810 1660620
1920210 445718
705238 1463819
705238 1463820
3639785 3479913
6330277 1748866
6330277 3388692
35748349 3406580
35748423 554960
35748464 250339
35748491 76754
6330276 3479913
6330276 1228817
4156145 608835
29750901 3411332
33944371 3342715
4666829 844031
4666829 3723947
6719506 1343792
6719506 1977014
8043549 2352893
1343260 497932
2494957 1402528
3569037 418568
3954404 731661
30347590 1261719
3541938 131967
3651425 1660620
35743852 250395
35743852 178966
35748941 1919381
1832349 1106476
31971880 2229127
31971880 463113
8555765 1955719
11163949 524251
35748996 2362675
35749002 2362675
2810683 2810685
2810683 1643185
10607235 1748866
10607235 1662361
35749066 3411332
1100555 131889
34386130 1564450
2522614 746938
2522614 539206
1970922 1483064
35405183 1218128
35405183 2040538
24396031 2362675
35749310 1499754
35744857 190942
35749330 1100659
2062480 484403
3079604 1446722
8366501 255270
4026983 543089
34392155 1463820
35749389 1100659
11508455 165085
15634433 500134
15634433 76728
35749527 1074132
2050776 2810685
2050776 165138
35749536 2117819
35749536 1549279
35749570 1552162
34442967 709044
35749609 1413823
1100557 131889
35749718 482331
35749759 714904
3335633 2833850
21681898 2833850
21681898 3613257
2050777 1996410
35747474 2871805
35747474 1999681
35750030 400485
35750040 2833945
4514936 250394
2334103 76728
22050469 1643184
22050469 1549981
32186941 65982
7921485 2615222
29040203 465910
35750688 311541
35750709 180081
2799867 1999681
4293465 1319101
35751071 2496073
35751213 3138232
2526370 3039075
2526370 719183
35752081 2309067
34895425 2131542
3696844 50031
4111645 1228816
1971148 1319101
35752603 468529
35752758 4199634
35752758 2063535
29883593 500123
2944843 524817
2944843 246531
35752917 119565
35753051 2496073
5911278 1972923
670172 1413822
670172 1413823
35750810 1390942
35750810 1319101
35753422 228590
2459082 500336
4024919 2117819
4024919 2838465
35753486 3305810
35753505 311541
35748530 2833945
35753567 1634769
33359829 1919381
33359829 487147
35753638 468530
35743565 1478316
30572979 2121397
4362023 1564450
4362023 1236059
30122545 319384
33326751 76538
35753953 540941
3081530 1277972
14405989 131971
35754071 1319100
35754138 2121397
35754279 1457855
35754283 2000322
35754283 716421
1096010 487147
35747773 3094345
35747773 1972923
35754397 1656560
35754625 2352893
35754677 1102277
3758526 2833859
1654365 2496519
3067570 409887
4392634 2063535
4536554 778184
3643792 3956522
4153582 3956522
35755100 2727536
4501196 1552162
4501197 180081
4433642 2109650
4594295 487147
4233819 3456675
4233819 400485
3785776 1748866
3785776 4039767
35747165 2862688
1059478 500314
1059478 1526412
1832350 76728
4476866 2063535
35755787 2347673
35755808 1174666
35755831 1971142
35755831 2116988
35755831 255270
35755844 1402528
35755844 709044
1970859 934598
1970859 863889
1100603 1971029
1100603 131971
2050780 165138
3713118 524817
1100668 1971142
35755997 1127934
3642167 2137355
4547854 2372970
35756083 1070403
35750332 1446723
35750332 2742921
9776627 180081
4356869 4076795
8814174 708475
35756100 844031
1971242 55538
1971242 534152
11489159 524817
11489159 543089
4156345 273204
4156345 2744953
4156345 1971079
3079622 746938
3906353 554960
3542725 1231185
3542725 719183
4373116 2040538
4373116 1286829
35756121 747107
35756121 228591
4026985 418568
30997186 517994
28738704 1268588
4514940 2701826
35756130 2742979
3599181 253356
35756139 513855
3906387 2496075
3906387 1446723
22050489 1643184
22050489 2229127
22050489 1555525
1544263 851275
35756143 4039767
35756143 543089
4644061 228590
5911281 3096727
5911281 76051
35756175 233907
35756384 1656560
35756384 714904
35756384 3283172
4490193 1971127
1100605 1075383
32811189 1656560
32811189 1397231
3651429 131967
35757063 1314712
35757063 714904
3019423 1075381
14275414 4035454
14275414 1168651
30347596 1070403
35748531 2833945
35757331 3082518
35757331 778184
35757335 1127667
3956516 2111775
35757362 2423492
35757362 482331
35757383 1052424
3174360 311540
3174360 587616
35757424 1051661
35757478 1100659
4457789 3411332
8352000 523807
35757671 534199
35757681 1972979
14410469 1231185
14410469 500314
35757752 2822014
35755811 1174666
35757765 500571
12737936 2744953
1754710 518055
13946722 1174666
13946722 1130208
3540453 2871805
3540453 228591
1440532 1440531
4270048 119565
3079624 746938
3079624 528964
4233820 1155227
35758686 517994
35758712 319384
35758734 1187991
35758734 2822014
35758746 2362675
931420 1212095
35758842 4039767
4154143 851275
4154143 974481
24396036 228590
35758920 476187
35757337 1127667
11950536 4615005
3926440 500107
35758976 1662361
35759055 1242511
35759080 1497933
35759080 1286829
35759089 359982
4024921 4198200
4024921 2040538
4024922 2497443
1961894 500357
35759169 2861650
3216179 1549279
35759236 843912
33141885 4076795
3613282 731661
3613282 500357
35759386 1457855
686467 1440531
3899589 500106
13288518 1063340
35759478 1074177
1533112 1413823
35759568 3034669
3193792 2811959
35759649 4547853
35759764 2556881
35759774 1123117
9205895 2732543
9205895 1634769
35759953 3479913
33163085 1187989
35759999 1263345
35760043 2137355
4026987 418568
35760208 985784
35744719 3406580
3951089 1402528
35754250 1413822
35754250 934598
35760331 517994
35760445 974481
35750935 3723947
3925646 228590
3925646 253356
35760677 253356
35760702 518055
25461195 3342715
35760817 170099
34442983 709044
33998546 309519
35407544 1498852
35407544 709570
35761013 190942
35761069 2615222
3634694 846388
35379172 835460
35404530 468530
35761329 527687
35761329 2116850
35761388 55538
3889981 1034878
4026989 1529500
2732521 1937641
4664287 500571
3541947 131967
35761673 1260320
35761673 795570
24396048 1390942
3198746 381696
9776641 3723947
35761938 4039767
35761938 1242511
2871264 500105
2871264 228591
35761999 3283172
35762039 2790716
35762039 1549981
4356850 1127934
15634449 76728
3410919 2423492
3405550 3342715
826144 731661
826144 1236059
826144 1634769
35762305 552046
35762305 1140811
35762375 1075381
4124142 1971127
6330285 3479913
35760795 319384
35762455 731662
35762493 1070403
31953748 1564450
13935037 3096727
4476725 2109650
35762586 2496075
35762605 133649
35762605 255270
35762681 3349730
35762689 2131542
35762689 38970
35762719 11088437
35762719 1140811
35762758 2214971
35762758 1937641
29883587 863020
30710692 1972259
35762854 719183
35762854 554565
3604172 500290
35762887 587616
35762924 311114
35763011 1831946
35763021 1976844
35763073 2833850
35763073 1130208
35763090 1898380
35763090 2116988
11706003 3167582
1100671 1971127
8814187 2744953
35763285 2862688
35763285 549179
4233823 1155227
35745928 617367
35745928 1074132
6701846 1348675
5744480 540941
3062413 67209
35763475 250394
35763523 1413831
35763537 253356
2822425 1971029
2822425 2742919
2822425 3388692
35763618 500107
35763665 1228817
3138248 3138232
4122381 934598
35763707 2372970
35763707 4547853
35763727 2063535
35763764 500336
4299738 468529
35753168 494157
35763909 851275
35763938 1463819
1533120 442780
35763979 2822014
28486392 934598
35764000 1106476
35764000 513855
35764000 442780
34386132 534095
25461198 2496075
35764126 508877
35764182 2742920
35764239 2108385
33250022 65061
11722225 47046
11722225 500446
35764372 709582
3569039 415809
35764401 1634769
35764512 777970
35764529 3956522
35764665 1634769
11722229 500446
35764782 1549279
35764805 4198200
35764809 119565
35764809 1277972
3094816 415809
9776626 1102277
9776626 2711068
4481571 2861650
8644413 2117819
8644413 2838465
14622493 1070403
9012940 482310
3335567 863889
3986304 468529
35765057 3039075
35765084 554960
5911292 3096727
5911292 1274436
2055018 1218128
35765237 311675
29883601 863020
35765319 1034872
35765337 3415886
35765375 524161
35765402 1656560
35765402 528964
35765448 1656560
3181778 1564596
446821 47046
446821 1100587
2751963 617367
2751963 3342715
2751963 1544697
35765625 8940469
1100614 212527
1100614 1971079
35765679 1244610
35762870 2496073
35765890 178966
35765931 1996410
3292076 1446723
29040222 1348675
4026994 1463819
35766022 1074132
35766079 534199
35766079 131889
6839663 2742921
6839663 253356
4199586 1529500
35766126 381701
35766166 3125532
4547855 2372970
3138251 3138232
35766268 1168651
33248932 539206
35766286 1564596
35766335 1063340
35766418 418568
35766418 3702403
35766444 273204
35766535 2116988
35766598 524985
35766640 273204
3569460 497328
35761331 8940469
35761331 2116850
35761331 2262899
35750614 2811959
35766743 711470
9205887 500314
35766797 400307
3180129 1063406
4547856 1170881
35749018 3721201
35766980 746938
35766992 381701
35767011 709582
35767031 1483064
35767046 1971079
29870126 2111775
29870126 716421
1533122 1413831
35767177 2727536
35767198 409887
35767318 1218128
35767318 508877
35767318 513855
28738721 835459
35767413 2858023
35767421 1972979
35767421 421494
35767428 1919652
14923293 3702403
14923293 1564596
35767466 73622
35767488 1971029
35767488 1544697
34255605 3479913
35767744 2423492
35767744 133649
35767744 2309067
4026995 746906
2638582 127142
35767898 2838465
35767904 2834967
35768011 2000321
32588553 2133847
15042281 539206
3468457 65909
35768125 2108385
29585759 1976844
29585759 543089
35768204 1314712
35750619 3167582
35768222 1244610
35768264 1566658
35768264 778184
4276359 2744953
35768330 2108385
35764568 985784
35764568 3723947
4436465 1102277
4436465 1530931
35768424 1100587
3569461 534095
35768506 591023
2742880 2742979
35751772 2615222
35751772 500107
3811549 291134
35768833 165138
832532 1643184
832532 1643185
832532 311114
7921497 2615222
35768904 4547853
35756145 1499754
4021714 500105
5482518 3406580
5482518 1499754
3569041 497315
3569041 76728
35747826 1051661
35769177 1218128
35769184 716421
35769189 1317234
3358806 617367
11508464 165085
35769520 1996410
35751868 1244610
35769590 714904
4496712 2372970
4460646 1976844
35769657 1168651
1100771 55538
1100771 534152
4111658 1228816
35769749 1972259
2466342 415809
5911282 76051
1100772 55538
35770043 2109650
35770142 844499
35770159 73622
30045717 2079998
35770273 528964
30572981 3094345
30572981 1483064
33250123 1100587
4418516 1155227
35770363 1218085
35770366 524161
1100773 55538
7921498 2615222
35770495 8940469
35770579 1051661
35770588 2116850
35770588 4199634
2526373 3039075
25414709 2111775
606415 1343792
35770680 2822014
2430610 492564
33731770 731662
2050784 165138
35770891 3752539
35770897 255270
35743786 250395
35770909 4198200
30122552 3411332
35770960 587616
35770986 1413831
10552595 1530931
35771011 476187
35771023 1446723
35771030 2742919
35771064 1202553
35758074 795570
35771070 291134
35771083 716420
35771114 2496519
35771123 1051661
35771182 1526412
33135312 4198200
33135312 3388692
35771296 3454301
35771318 1236059
35771318 517993
12799696 131971
12799696 747107
1971042 1075383
35771355 518056
35771018 844031
1100507 863889
1100507 554565
35771391 2711068
35771420 1228817
35771420 1242511
35771550 1748866
35771606 539206
35771615 415809
15024857 1317234
3062421 67209
35762695 1970982
2742858 1319100
35771865 734784
35771870 65909
35771887 468529
35752812 1268588
3198748 1127690
4392616 2347673
3758510 1207598
35761197 405625
4199641 4199634
9195488 1244610
9195488 400307
9195488 1123117
3557097 67209
2309062 778184
35743793 492564
35743793 1530931
2430606 492564
2430606 2079998
35772127 500123
2217899 497932
3292077 133649
4174498 2000321
4174498 1242511
35772372 1070403
33359850 311114
35772410 1898380
34453370 8940469
34453370 1348675
5744450 540941
2732527 1549279
2732527 500357
3770815 1063340
35767013 230469
30572993 1483064
8555754 1955719
8555754 500107
1971049 2742979
1971049 2742980
4566197 1529500
25461199 3342715
8814175 2229127
3137844 524161
3137844 1463820
1970989 1971029
1970989 1656560
1970989 2043191
1970989 1972979
1970989 2742919
1970989 2742920
1970989 1244610
1970989 405625
1970989 1168651
1970989 1397231
1970989 1497933
1970989 1898380
1970989 400307
1970989 1634769
1970989 2742921
1970989 1440531
1970989 2113494
1970989 1971079
1970989 500290
1970989 1919381
1970989 846388
3643419 1463819
3643419 133649
10607250 2871805
2814407 497315
3569405 554960
36072697 1268588
3137856 500357
13946685 1549981
4198187 3082518
4198187 2497443
35749721 3349730
29883642 2858023
2494960 846388
33141403 497328
33141404 835459
4024930 127142
4024930 4108627
4198218 2838465
35759776 1123117
36072792 4035454
12799733 1127690
12799733 747107
3180131 2111775
3643793 1063406
3643793 311541
3180132 716420
3335596 1319100
35750333 1174666
35749098 524985
2871265 1242511
3758849 1440531
36072863 741473
36072864 1972979
1440536 2309067
4314919 1319101
4198197 2497443
36072957 1446722
36072958 1564450
36072968 1566658
36072986 1286829
36072987 1286829
35771552 1102277
4689126 2347673
4689126 418568
4689126 55538
36073041 3167582
36073072 835459
36073073 777970
4525214 4547853
35751496 1662361
35751479 311540
36073075 1971029
36073076 1141044
35750316 297617
35750303 297617
4418517 297617
36073078 1212095
36073079 1212095
36073045 2113494
36073053 2113494
3752424 1413822
3335614 1413822
36073081 165085
36073082 165085
36874544 746938
35744451 15055476
35744451 795570
35744451 1011489
35744451 6339466
35744451 35744453
37825749 430701
37825751 430701
37825752 430701
37825753 1075383
37825754 1075383
37825756 1075383
37825760 1075383
37825757 1075383
37825764 1075383
37825766 1075383
37825767 1937641
37825768 1937641
37825771 1937641
37825772 1937641
37825773 1564450
37825774 777970
37825776 777970
3730134 1187989
3730134 465677
37825777 1187989
37825778 1187989
33137813 2861650
33137813 500123
37825779 500123
37825782 500123
37825783 500123
37825786 500123
1899227 500123
1899227 2496519
37825787 1187991
37825787 1463820
37825790 1187991
37825790 3752539
37825793 1187991
37825797 1187991
37825798 1187991
37825799 3415886
3730189 3415886
14839489 3415886
37825801 3415886
37825802 1478316
4146036 1478316
4146036 1202553
37825805 1478316
35759010 1478316
35755846 1478316
4080971 1970982
4080971 524161
4322118 1970982
4322118 1498852
37825809 1970982
37825810 1970982
37825811 2362675
37825813 2362675
35759007 2362675
35759007 1301203
37825814 2362675
37825815 2362675
37825817 2496519
37825820 2496519
37825822 2496519
37825823 2496519
37825824 1971127
37825826 1971127
37825828 1971127
37825827 1971127
37825830 1971127
37825832 1971127
4266353 844031
37825834 844031
37825835 381701
35766085 381701
37825837 381701
37825843 250394
37825844 250394
35756132 2108385
35756132 2742979
35756132 2116850
37825846 2108385
37825847 127142
37825849 127142
37825850 127142
37825851 524251
37825852 524251
37825853 524251
37825854 524251
37825855 2372970
37825856 131971
35750179 1971029
35750179 131971
2459083 731661
4433565 731661
37825857 731661
37825859 731661
37825860 3082518
37825881 3082518
37825882 3082518
2751966 1301203
37825883 1301203
37825884 1301203
37825885 1301203
37825889 4547853
37825897 4547853
35759651 709582
35759651 4547853
4026997 46059
37825898 46059
37825899 46059
37825901 46059
37825903 46059
37825904 46059
3569401 1446722
3906356 1446722
37825906 1662361
37825907 1662361
37825908 1662361
37825909 421494
37825916 421494
37825917 421494
37825918 421494
37825919 421494
35745853 245679
3203291 245679
3203291 3167582
4154146 245679
37825920 245679
37825925 2347673
37825926 2347673
37825927 2347673
37825927 835460
37825930 2347673
37825935 518055
28739802 518055
28739802 246531
37825939 518055
37825941 518055
37825942 534199
35749722 534199
37825943 534199
37825944 534199
37825945 2352893
37825946 2352893
4539979 2352893
8043551 2352893
8043551 534095
37825948 2352893
35753078 3349730
37825949 3349730
37825950 3349730
9205937 466038
9205937 119565
37825951 466038
4008125 466038
37825953 466038
37825954 1231185
37825958 1231185
37825958 500314
37825961 1231185
37825963 1231185
2822401 415809
2822401 1231185
35749348 1566658
35749348 468529
35749348 3283172
4299743 468529
37825964 468529
30678686 3096727
37825965 3096727
37825966 50031
37825967 50031
1703321 2137355
37825969 2137355
37825970 2137355
37825971 2137355
37825973 2137355
37825975 2742920
37825977 2742920
37825978 2742920
37825979 2742920
35404597 843912
35404597 2109650
37825980 843912
37825984 843912
37825989 843912
37825990 843912
37825992 843912
37825992 1244610
35765681 1244610
35765681 400307
37825995 1244610
37825996 1244610
37825997 1244610
37825998 2109650
37825999 2109650
37826001 2109650
37826002 2109650
4150543 1402528
37826003 1402528
3634724 1402528
37826004 1402528
37826005 1317234
37826006 1317234
37826006 3075320
1967152 1317234
37826009 1317234
37826010 1317234
2736195 1317234
37826011 1971142
37826013 1971142
37826018 1971142
37826019 1971142
37826020 524161
33108158 524161
37826021 1544697
37826026 1544697
37826027 1544697
33242813 1544697
33242813 1140811
37826028 4615005
37825985 4615005
37826031 4615005
37826032 1976844
37826035 1976844
37826038 1976844
35753802 5940650
35753803 5940650
35753803 1977014
37826040 5940650
37826043 5940650
37826044 5940650
37826045 5940650
37826046 5940650
37826047 527687
4040648 527687
37826049 527687
37826051 527687
37826053 3406580
37826056 3406580
37826057 3406580
3138272 3406580
3138272 1440531
3599185 2496075
37826058 2496075
37826058 1063340
12763625 2496075
37826060 1063406
35753228 1063406
37826061 1063406
3542731 3039075
37826064 3039075
37826065 3039075
37826068 1919652
37826071 1919652
35771453 2117819
35771453 1919652
37826073 1919652
3835109 2117819
3835109 1919652
37826074 4035454
3779791 4035454
37826077 4035454
37826078 4035454
30997193 528964
3079630 528964
3079630 1188047
3956957 528964
3956201 528964
37826079 1463819
37826080 1463819
35762626 1463819
37826081 1463819
35763013 1831946
29720871 1831946
37826082 1831946
37826083 1831946
35768547 2615222
1802236 2615222
37826087 747107
37825886 747107
37825886 1973344
37826088 11088437
37826088 250395
37826097 11088437
37826097 2834967
37826106 11088437
37826107 11088437
37826108 11088437
32915986 11088437
30104864 1034871
30104864 1457855
30104864 409887
37826109 1457855
37826110 1457855
37826111 1034872
37826113 1034872
37826114 1034872
37826115 1955719
37826117 1955719
35750939 1955719
37826118 1463820
37826120 1463820
37826121 131889
37826122 131889
37826123 131889
37826124 2833945
37826125 2833945
37826127 2833945
37826128 2742979
37826134 1034871
37826137 1034871
37826138 1034871
37826139 1034871
37826139 465677
37826144 1034878
37826145 1034878
37826147 1034878
37826148 1034878
37826149 1034878
37826150 1034878
37826150 1277972
37826152 1643184
37826154 2000321
37826154 1643184
37826156 405625
37826158 405625
37826159 405625
37826162 1446723
37826165 418568
37826167 418568
3292078 133649
37826175 133649
37826177 133649
35752086 2309067
35752083 2309067
37826178 2309067
37826179 2309067
33248934 524985
2392765 524985
37826180 524985
37826180 1319100
7172138 1996410
37826183 1996410
37826184 1996410
37826185 1996410
15592340 381696
15592337 381696
15592337 844499
37826186 381696
37826187 381696
37826188 476187
37826195 476187
37826200 476187
30122553 476187
30122553 319384
37826202 1127690
37826204 1127690
37826205 1127690
37826208 1127690
4263966 934598
4263966 3456675
37826209 934598
37826210 934598
37826211 934598
35766024 1074132
3743135 1074132
3743135 524817
35766025 1074132
37826212 1074177
37826213 1074177
37826214 1074177
37826217 2116850
37826218 76012
37826218 1973344
37826222 76012
37826224 76012
37826225 76012
37826226 76012
13946682 1549981
35764953 1549981
37826227 1549981
3569463 2111775
37826228 2111775
37826229 65061
37826230 65061
33250143 65061
3899594 2727536
37826231 482310
37826234 482310
37826235 482310
37826237 482310
37826238 482310
9012943 482310
12799697 3342715
37826242 3342715
37826243 3342715
37826244 3456675
37826245 3456675
37826246 3456675
4263967 3456675
37826247 2790716
37826248 2790716
2742893 2790716
37826251 2790716
37826252 468530
37826253 468530
37826254 3721201
3743136 3721201
37826257 3721201
37826259 3721201
37826260 1106476
37826262 1106476
37826263 230469
37826265 230469
37826266 1999681
37826267 1999681
37826268 3411332
37826269 3411332
37826270 3411332
37826272 1972979
37826273 1972979
37826276 1972979
37826274 1972979
37826277 2833850
37826278 2833850
37826279 734784
3365431 734784
3365431 1218085
3365431 253356
37826280 734784
37826281 734784
28425533 2742919
37826282 2742919
37826283 2742919
37826286 3479913
37826288 3479913
33242814 2862688
33242814 549179
11438189 2862688
11438189 863020
37826289 2862688
37826290 2862688
37826291 2862688
3186722 719183
37826292 719183
37826293 1343792
37826295 1343792
3644717 1343792
3644717 482331
2373348 76776
37826296 76776
10607240 76776
37826298 76776
37826299 2151796
37826300 2151796
37826302 2151796
37826302 311675
37826322 2151796
37826324 2151796
30678683 2151796
30678683 1498852
37826325 2151796
37826327 170099
35759011 170099
35759011 714904
34843054 170099
37826328 170099
35754285 170099
37826329 170099
3953358 311540
37826333 311540
37826334 311540
37826338 311540
37826339 2133847
37826341 2133847
37826342 2133847
37826344 2133847
37826345 2133847
37826346 2133847
37826346 1703334
37826349 835459
37826349 835460
35748274 835459
35748275 835459
37826351 835459
37826352 835459
37826353 708475
37826354 708475
37826356 708475
37826358 708475
37826359 708475
37826360 708475
37826361 119565
37826365 119565
2123517 119565
37826368 119565
37826369 119565
37826370 1277972
37826372 1277972
37826373 1277972
37826377 4198200
37826378 4198200
37826378 2116988
37826382 1973344
37826385 1973344
37826386 2229127
22050476 2229127
37826394 2229127
37826396 2229127
31971882 2229127
31971882 463113
37826398 4039767
37826399 4039767
35749073 4039767
37826400 3723947
35758075 1260320
2789840 1260320
37826401 1260320
37826407 1260320
37826408 1260320
37826409 4150231
37826411 4150231
37826413 4150231
35767860 4150231
12077619 4150231
37826415 4150231
37826416 1498852
3388760 1498852
37826419 1498852
37826420 2871805
37826421 2871805
37826422 2871805
37826423 2871805
3062425 67209
3062426 67209
37826424 67209
3557198 67209
37826425 608835
3557098 608835
37826426 608835
37826429 608835
37826430 608835
37826431 497932
37826432 497932
3193793 2811959
37826433 2811959
37826434 2811959
37826435 2811959
35754073 1127934
35754073 1397231
37826436 1127934
37826438 1127934
37826439 1127934
35751333 1127934
35751333 2834967
37826440 1168651
37826443 1168651
37826445 1168651
37826446 65982
37826447 65982
15244692 65982
37826452 65982
37826454 65982
37826456 500105
37826458 500105
37826461 500105
37826462 1141044
37826463 1141044
35743597 1268588
37826466 1268588
37826468 1268588
37826469 741473
37826470 1566658
37826470 741473
37826476 741473
2404468 851275
2404468 711470
37826477 851275
37826478 851275
37826479 1263345
35769257 1263345
37826481 1263345
37826482 1263345
35766868 508877
35766868 844499
37826483 508877
37826484 508877
36238233 1261719
2486185 1261719
14622497 1261719
4356860 1261719
37826485 1261719
37826487 1261719
4024952 1261719
35746124 297617
35746112 297617
35769651 1231612
35769651 76051
35764178 1231612
35764178 4439750
37826488 1231612
37826494 1231612
37826494 4439750
37826495 1231612
37826496 1231612
37826497 1314712
37826498 1314712
37826501 1314712
2486186 1314712
37826503 1314712
33242815 1314712
35766869 2732543
3961013 2732543
37826504 2732543
4651677 2732543
1961896 2732543
4420995 1397231
37826506 1397231
37826507 1397231
37826508 1397231
37826509 1397231
37826510 2744953
37826512 2744953
37826513 2744953
37826514 2744953
37826515 1413823
37826516 1413823
37826518 1413823
37826518 180081
29927774 1413823
37826524 1413823
37826525 1413823
37826519 180081
9776631 180081
35768357 180081
35768357 518056
37826526 180081
30952982 76754
30952982 2121397
25414734 76754
35749099 76754
37826527 2040538
37826528 513522
37826528 2040538
2743056 2040538
37826533 2040538
37826534 2497443
4024932 2497443
37826536 2497443
37826537 1070403
37826538 1070403
37826541 1070403
37826543 554960
37826544 554960
37826545 554960
37826547 539206
37826548 539206
37826553 539206
2386574 539206
3613280 2496073
37826554 712473
37826557 712473
37826561 712473
37826562 712473
37826563 712473
37826564 712473
37826565 712473
37826566 712473
37826571 1971029
37826572 1971029
37826573 1497933
37826574 1497933
37826575 1497933
37826575 1286829
3161271 1898380
37826576 1898380
25414713 1898380
25414739 1898380
37826577 1898380
25414740 1898380
37826580 3305810
37826582 3305810
4672533 3305810
37826584 3305810
37826586 3305810
37826587 3305810
37826588 835460
37826589 835460
37826590 835460
37826590 3956522
2743014 709570
2743014 1440531
37826596 709570
37826597 709570
37826597 1123117
37826600 709570
37826601 709570
4152887 709570
37826602 709570
37826604 400307
2797999 400307
37826605 400307
37826606 400307
37826607 2556881
37826608 2556881
37826614 2556881
37826616 2556881
37826617 2556881
37826618 3138232
3138255 3138232
37826619 2822014
37826622 2822014
37826624 2822014
37826626 2822014
37826627 497315
37826631 497315
37826633 497315
3569042 497315
3569042 844499
37826636 497315
37826637 497315
37826638 714904
37826639 714904
37826641 714904
37826640 714904
37826642 2004105
37826644 2004105
37826647 2004105
37826660 2004105
37826661 2004105
37826662 1100659
37826664 1052424
37826664 500290
37826667 1052424
37826669 1052424
37826670 1052424
37826672 1052424
37826673 1052424
37826674 2131542
37826675 2131542
37826677 2131542
35762693 2131542
35757621 1977014
35757621 1328963
35763284 1977014
37826678 1977014
37826679 1977014
37826679 1328963
37826683 2858023
37826686 2858023
37826687 731662
33731754 731662
37826688 985784
37826688 731662
37826695 731662
4076378 731662
37826696 1605890
37826189 1605890
33163078 1605890
35764374 1605890
37826315 1605890
37826698 1605890
37826699 1605890
37826700 1102277
37826702 1102277
37826549 1102277
37826549 3613257
37826704 1236059
4362027 1236059
35770416 1236059
37826709 1236059
37826710 1972259
37826712 1972259
37826714 1972259
37826715 1972259
37826717 1188047
37826719 1188047
37826720 273204
37826720 1188047
37826720 465910
37826723 1188047
37826723 190942
37826726 1188047
37826732 1188047
37826733 1188047
35642459 3613257
37826734 3613257
37826735 3613257
37826737 484403
37826738 484403
37826739 484403
37826740 484403
37826750 484403
3953135 484403
37826751 484403
37826752 552046
37826753 552046
37826755 552046
37826754 552046
37826760 552046
37826761 552046
1100774 55538
37826763 55538
37826764 492564
37826766 492564
37826767 492564
2742992 1530931
37826768 1530931
37826770 1530931
37826771 1530931
37826774 1530931
37826772 1530931
37826775 3034669
4154168 3034669
37826779 3034669
37826781 3034669
37826782 617367
37826787 617367
37826788 617367
37826789 1656560
37826790 1656560
1971109 212527
37826791 273204
37826792 273204
37826793 4076795
37826795 1566658
12799698 1566658
7921503 1127667
37826796 1127667
37826797 1127667
37826798 2214971
37826799 2214971
3935604 2214971
37826801 2214971
37826802 2214971
37826803 709582
35748933 709582
35748933 253356
11438196 709582
12799747 1202553
37826805 1202553
37826806 513522
37826809 513522
37826813 513522
37826814 513522
37826814 1971079
37826819 513522
37826820 513522
37826821 513522
37826822 513522
37826823 415809
10607292 1748866
37826824 1748866
37826826 1748866
37826827 1748866
5911293 2810685
37826828 2810685
37826830 2810685
37826831 2810685
37826832 2810685
3062427 2043191
37826833 2043191
3557168 2043191
35749988 2043191
3557169 2043191
37826834 2043191
37826836 2043191
37826838 2043191
37826839 2043191
37826840 494157
37826841 494157
37826843 494157
37826844 494157
28739823 494157
37826845 2423492
37826847 2423492
37826848 2423492
37826852 2423492
35404510 2861650
37826854 2861650
37826856 2861650
37826856 228591
37826859 3125532
37826860 3125532
35760485 3125532
37826865 3125532
37826866 3125532
37826867 409887
3421003 409887
37826869 409887
37826873 409887
37826874 409887
34498886 409887
37826875 1555525
37826878 1555525
4120876 1555525
22050502 1555525
22050503 1555525
37826880 1555525
37826888 1555525
37826889 1555525
37826890 524817
37826893 524817
37826894 524817
37826896 1643185
37826898 1643185
37826899 1643185
37826901 1643185
37826903 1643185
37826905 3388692
37826907 3388692
37826909 3388692
37826910 3388692
37826911 3388692
30994595 482331
37826912 482331
35410359 500133
3138273 500133
37826920 534095
35767758 534095
37826921 534095
37826922 311114
37826923 311114
37826924 311114
37826925 311114
35758076 795570
37826926 795570
37826927 795570
37826928 4439750
37826929 4439750
37826930 4439750
37826931 4439750
37826932 4439750
37826933 513855
3899595 500106
37826935 500106
4116355 500106
1533127 1413831
670175 1413831
2391713 1413831
37826936 1413831
37826937 1413831
1533128 1413831
1533129 1413831
2638575 1634769
37826939 76051
37826941 76051
5911249 76051
1832357 500314
37826942 500314
9205896 500314
37826943 500314
37826943 442780
9205897 500314
13946725 1174666
37826948 1174666
37826949 1174666
37826950 1174666
3580794 2742980
37826952 2742980
2742924 2742980
37826953 2742980
37826954 2742980
37826955 844499
3569043 844499
35758452 432415
34392156 432415
37826956 432415
3743137 1549279
35767647 1549279
3599186 228590
37826957 228590
37826958 228590
1058272 500134
8912606 500134
37826959 1228816
37826960 1228816
37826962 1228816
37826963 1228816
37826964 76728
37826965 76728
37826967 76728
37826970 76728
35765405 445718
37826972 445718
37826974 445718
37826975 445718
37826976 445718
37826978 1972923
37826979 1972923
35761201 1972923
14964009 1972923
37826980 2742921
37826983 2742921
37826984 253356
37826985 253356
37826986 253356
37826987 291134
37826988 291134
37826989 291134
37826990 1440531
37826991 1440531
15024797 709044
3322881 709044
2732529 709044
37826993 709044
12481573 2121397
37826994 2121397
35743961 246531
37826996 246531
37826997 246531
33107757 1212095
37827005 1212095
37827008 1212095
37827009 1155227
4233826 1155227
37827010 1228817
29883595 1228817
37827011 1170881
37827014 1170881
4421771 1170881
4421771 517994
37827016 1170881
37827017 1170881
1100775 534152
37827018 534152
37827019 534152
37827020 47046
37827021 47046
37827022 270981
37827026 270981
37827023 270981
33242827 270981
37827028 270981
37827043 1100587
37827045 1100587
37827047 1100587
37827050 1100587
30104863 863020
29883570 863020
37827054 1348675
35768408 1348675
2742806 863889
1970854 863889
2742803 863889
37827056 863889
22050515 863889
22050486 863889
37825890 2113494
35747307 2113494
35747308 2113494
11722248 2113494
37827058 2113494
37827059 1011489
37827060 1011489
15402812 1011489
37827061 1011489
37827064 1011489
37827064 3454301
30122560 1011489
37827066 1011489
37827067 319384
37827068 319384
37827069 319384
2742906 1971079
5744473 540941
37827070 540941
33137825 500290
37827071 500290
37827072 746938
37827073 746938
37827076 746938
37827077 746938
3569436 746938
35747051 1919381
37827079 1919381
3770830 1919381
37827080 2838465
35408532 2838465
35408532 1207598
37827081 463113
37827082 463113
37827083 463113
35771480 463113
37827085 2116988
37827085 500446
37826379 2116988
37827089 2116988
37827090 8940469
37827091 8940469
37827092 8940469
37827093 1328963
37827094 1328963
37827096 1328963
37827097 1328963
37827098 3956522
37827099 4199634
4026998 4199634
3138274 465677
35752813 465677
37827100 465677
37827101 465677
12077629 228591
37827106 228591
37827108 3454301
3688298 3454301
37827109 3454301
37827109 1564596
37827111 3454301
24396049 1390942
37827112 1390942
33326754 3752539
37827113 3752539
3335803 3752539
37827114 190942
3799810 190942
35749599 190942
37827115 190942
37827116 359982
37827118 359982
37827130 359982
37827131 359982
37827133 1274436
32602223 1274436
37827136 1274436
3799811 1529500
37827142 1529500
37827143 1529500
37827144 1529500
37827145 3702403
3644707 3702403
37827146 3702403
37827148 3702403
3262152 3702403
37827149 3702403
37827150 465910
35757758 465910
37827154 465910
37827155 465910
37827157 255270
37827158 255270
37827160 500446
37827163 500446
37827164 500446
37827165 1063340
3430576 73622
2884182 73622
37827166 73622
35754103 73622
3810801 73622
30045703 497328
30045703 2079998
33107340 497328
36072636 497328
37826168 3075320
37827167 3075320
37827168 3075320
37827171 3075320
37826489 1051661
37827173 1051661
37827174 311675
37827137 311675
37827175 3167582
35771430 523807
37827176 523807
37827177 523807
37827178 523807
8352010 523807
37827179 1130208
37827180 1130208
13946726 1130208
7921504 500571
37827181 500571
33957307 500571
37827182 500571
37827183 1242511
37827184 1207598
37827187 1207598
37827189 1207598
37827190 1207598
37827192 1123117
37827200 1123117
37827202 1123117
37827201 1123117
35753229 309519
37827209 309519
37827210 309519
3743138 309519
37827211 1564596
37827213 1564596
37827214 1564596
4288739 1564596
3482184 500107
37827215 500107
37827216 500107
3528959 1075381
37827217 1075381
35753827 1286829
37827218 1286829
31078069 2833859
37827220 2833859
31078074 2833859
37827222 2833859
37827223 2833859
37827224 487147
37827226 487147
35767529 487147
35767529 716421
37827228 2117819
37827230 2117819
37827232 2117819
37827233 3094345
3161272 3094345
37827235 3094345
37827237 1140811
3770816 1140811
37827239 1140811
37827240 3283172
5911294 3283172
37827242 1703334
37827244 1703334
37827246 1703334
37827247 1703334
35066320 1703334
35066320 709267
888605 1703334
888605 709267
1703322 709267
1703323 709267
35764667 709267
37827248 709267
37827249 709267
37827250 778184
37827251 711470
37827253 711470
37827254 711470
37827255 711470
37827256 65909
37827257 2906107
12077630 2906107
37827259 2906107
37827260 1499754
37827261 554565
37827262 554565
34498887 2000322
37827263 2000322
37827265 2000322
37827266 2000322
37827267 2000322
37827270 543089
37827271 543089
37827273 543089
1188110 543089
37827274 974481
37827276 974481
37827278 974481
37827279 974481
37827280 974481
37827281 974481
37827282 500336
37827286 500336
37827287 500336
4559336 500336
37827288 2711068
37827289 2711068
37827291 2262899
3569044 2262899
35766870 2262899
4693080 2262899
37827292 2262899
37827293 985784
37826756 985784
37827294 985784
37827295 985784
37827296 2063535
37827299 2063535
37827300 442780
37827301 442780
35767491 442780
37827303 442780
37827304 442780
35757260 250339
15527901 250339
37827305 250339
37827306 250339
35757261 250339
4447030 4108627
35767943 4108627
37827308 4108627
37827309 4108627
37827310 38970
11489160 38970
37827312 38970
37827317 38970
37827318 38970
35758782 76538
3906381 76538
37827319 76538
37827320 76538
37827321 2701826
37827322 2701826
37827323 2701826
37827324 2701826
37827325 1552162
37827328 1552162
37827329 1552162
37827330 1483064
37827333 1483064
37827335 1483064
37827336 591023
37827338 591023
37827341 591023
37827342 591023
4015468 500357
37827343 500357
37827344 500357
37827345 500357
1533130 1413822
37827346 1413822
37827347 1413822
37827348 250395
37827349 250395
37827350 131967
3541948 131967
37827351 131967
35756097 131967
37827353 131967
37827354 1660620
37827356 1660620
37827359 1660620
37827360 1660620
3651431 1660620
37827361 2834967
37827362 2834967
8043532 2834967
37827363 2834967
37827368 311541
37827369 311541
37827375 846388
37827377 846388
3634696 846388
37827378 2079998
37827379 2079998
37827381 1319100
4421001 1319100
35758834 587616
37827385 587616
37827387 1319101
37827388 2000321
37827389 2000321
37827390 1128717
37827392 1128717
37827394 1128717
37827393 1128717
2050786 165138
37827395 165138
2050787 165138
37827396 518056
37827397 518056
37827399 1218128
37826196 549179
37827400 549179
35757911 549179
37827401 549179
35743862 178966
11163961 178966
4233827 400485
4233828 400485
4233829 400485
4233830 400485
4233831 400485
37827402 400485
37827403 400485
37827408 400485
37827409 400485
37827410 165085
37827411 517993
37827413 517993
37827416 517993
37827418 1218085
37827419 1526412
37827420 1526412
37827424 517994
30997194 517994
37827427 517994
37827428 746906
4026999 746906
4027000 746906
4027001 746906
4199637 746906
4027002 746906
37827430 746906
4199598 746906
37827431 716420
35751973 716420
2033953 716420
37827433 233907
35768171 233907
35765596 233907
37827435 233907
37827437 233907
37827439 716421
35768804 716421
