117071 376582
11030115 11030123
11785704 11785711
3933655 4139751
84474 290010
84474 290016
84474 290017
11860070 11860074
822310 1629637
822310 1629638
12153520 12153526
368566 967408
13322956 60298
20640 116587
117077 376612
1812 20647
13360226 13360234
10002340 10002357
13381945 55498
13387278 13387286
1164 15715
112526 368253
6655332 6655340
368250 966719
13413518 13413521
13413638 13413643
84477 290051
84478 290092
4990999 124311
13425490 13425496
13436548 13436562
13436548 13436563
13436548 13436564
13437114 13437120
13438065 13438072
13440392 13440396
13442624 13442629
112679 368585
13443741 13443748
117079 376633
808103 1610260
13322958 13322980
13477818 13477826
112653 368485
368569 967442
112785 368816
13487970 13487978
13493641 13493644
15756 81478
1496139 2361111
375364 978345
13506402 3799906
13506436 13506441
13510649 13510653
13511103 13511110
13511500 13511505
13523814 13523823
966444 1806418
14926357 14926361
368572 967474
14965098 14965102
14461887 10163727
116599 116611
15007647 15007651
368664 967753
15010034 15010041
10661310 10661439
15050291 15050298
15100397 15100404
15105824 15105827
112698 368683
14978208 14978215
15148861 15148867
15155706 3371531
15174026 15174032
15175589 15175594
15180285 15180289
13356651 4212462
22000091 22000098
28317520 28317528
368578 967494
982698 1825912
808109 1576851
29044735 29044739
808110 1610295
378171 378170
982682 1825845
29046130 29046137
117777 378254
4932292 106441
28307677 28307687
4979437 4979495
29050888 29050891
29052212 29052214
982690 1825877
29607561 29607566
29607963 29607969
793848 1583692
29608119 29608127
29608230 29608236
29608437 29608441
28774047 28774157
29608455 29608459
29608500 29608523
3988479 4174453
29608727 4174453
29051025 29051036
368579 967511
29608922 29608926
29608962 29608966
29608976 29608980
10605465 10605552
794701 1584397
29609012 29609016
29609085 29609087
29609123 29609126
29609130 29609133
29609150 29609151
29609155 29609157
29609162 1044930
29609170 9676391
29609178 29609181
29609185 29609188
29609192 29609199
29609392 29609403
29609450 29609454
2635007 378237
29609468 29609476
29609625 28774024
29609652 29609656
29609711 29609714
29609746 29609753
29609766 29609773
368582 967534
29609846 29609849
368583 967545
29609869 29609871
29609887 29609890
29609896 29609901
29609933 29609946
29609257 29609281
10661333 10661511
29610012 21957740
29610019 29610022
29610034 29610037
29610049 29610052
29610067 29610070
29610145 29610146
29610153 29610159
28773999 28774091
29610205 29610207
29610221 29610244
29610332 28774091
29610349 29610361
29610374 28774334
368338 966926
29610459 29610464
4959735 2043957
28774005 28774115
1629625 2476464
29610727 29610732
29610797 29610801
29610808 29610801
29610993 29610998
29608686 29608694
29611187 29611192
29608456 29608466
29611268 29611272
1825866 1825870
29611366 29611370
112538 368321
29611379 10140276
29611404 29611407
29610237 29610264
29611628 29611631
86438 295094
112789 368899
30488677 30488687
30758308 30758313
30766435 30766440
30368652 30368659
30774919 30774924
30780015 30780020
30780624 30780629
81318 282522
368584 967559
15217765 15217774
1806726 2618444
30881270 30881276
31066572 31066573
31066952 31066956
31067507 31067515
31068320 31068321
4924224 4924236
368426 967147
31758739 8102552
31848468 31848469
283673 794518
82057 283855
13438068 13438086
31898905 31898908
32657871 32657873
3135548 3610824
4932293 4932318
29610730 29610741
33033746 33033748
33033796 4285393
33033802 33033805
33033847 33033850
33033880 33033882
33033901 33033904
33033914 33033917
33033939 33033944
33033984 33033986
33033989 33033991
793197 1583159
33034051 33034054
368587 967570
33034080 33034083
33034080 33034084
33034194 33034196
33034203 33034206
33034214 33034217
33034226 33034229
33034232 33034235
33034238 33034241
33034257 33034261
33034264 33034267
33034270 33034273
33034276 10149227
33034289 33034292
33034295 33034299
33034302 33034304
33034308 33034311
33034317 33034320
33034324 33034329
33034333 33034336
33034339 33034344
33034346 33034349
33034359 33034362
33034385 33034389
33034394 33034397
33034413 33034416
33034421 33034424
33034421 33034425
33034427 33034429
33034433 33034435
33034477 1440553
33034489 33034492
33034500 33034504
33034509 33034512
33034514 33034516
33034519 33034521
33034556 32040166
33034587 33034589
33034615 33034617
33034681 33034689
30381446 30381453
33034700 33034704
33034707 33034710
33034739 33034741
33034766 33034770
33034792 33034795
33034808 33034811
33034823 33034825
33034864 33034866
33034886 33034889
33034904 33034907
33034916 33034918
33034932 33034935
33034989 33034991
33034994 33034998
29050638 29050647
33035009 33035012
33035015 9752685
33035041 33035045
33035050 33035053
33035073 2962815
33035086 33035089
33035097 33035099
33035108 33035110
33035113 33035116
368481 967273
33035139 33035142
33035153 33035156
33035161 33035165
33035168 33035171
33035176 33035179
33035184 33035187
33035192 4421958
33035200 60167
33035211 33035214
33035242 10144841
33035264 33035267
33035279 33035281
33035331 33035334
33035355 33035360
33035415 33035417
33035421 33035424
33035444 33035450
33035535 33035537
33035558 33035561
1806755 1806758
10559820 10559846
33035725 33035728
33035739 33035742
33035751 33035754
33035758 33035761
33035768 33035771
33035775 33035777
33035816 33035819
33035821 33035823
33035838 33035840
33035889 33035891
33035894 33035896
33035900 33035903
33035907 33035911
33035955 33035957
33036004 33036007
33036070 33036073
10661626 10661680
33036095 33036098
33036157 33036160
33036211 33036214
368588 967578
33036250 33036254
33036259 33036261
33036264 33036268
33036276 33036279
33036287 33036290
112601 368420
33036312 33036314
789831 1576843
33036377 33036382
33036386 33036389
33036412 33036415
33036420 33036424
33036429 33036432
33036434 33036441
33036482 33036484
33036494 33036496
33036501 10130969
33036516 33036519
368589 967589
33036609 33036612
33036687 33036690
33034440 33034447
33036779 33036782
368735 967910
368735 967915
33036853 33036862
33036872 33036875
33036904 33036908
33036925 33036927
33036175 1299504
33037005 33037009
33037064 9749957
28317521 28317533
33037069 33037072
33037084 33037087
368312 966905
33037108 33037110
368590 967594
33037129 33037131
33037149 33037151
33037154 33037157
33037160 33037162
33037165 33037167
33037170 33037173
33037176 33037178
33037182 33037184
33037187 33037189
33037192 33037194
33037197 33037201
33037204 33037206
33037208 33037210
33037214 33037217
33037225 33037227
33037229 33037231
33037234 33037236
33037239 33037241
33037244 33037246
33037249 33037251
33037254 33037256
33037259 33037261
33037264 33037266
33037269 33037271
33037276 33037279
33037282 10141508
33037288 33037290
33037293 33037295
33037298 33037300
33037303 33037306
33037309 33037311
33037314 33037316
33037319 33037321
33037324 33037326
33037330 33037332
33037335 33037337
33037340 33037342
33037345 33037348
33037351 33037353
33037356 33037358
33037361 33037364
33037368 33037371
33037379 33037385
33037402 33037404
33037407 33037410
33037413 33037415
33037417 33037419
33037422 33037424
33037427 33037429
33037432 33037434
33037437 33037439
33037442 33037445
33037448 33037450
33037454 33037456
33037459 33037461
33037465 33037468
33037473 33037475
33037478 33037480
33037483 33037485
33037487 33037489
33037492 33037494
33037499 33037502
1610339 2460243
33037716 33037719
33037742 33037746
33037812 33037814
368591 967601
33037850 33037853
33037858 33037865
33037869 33037871
33037874 9750855
33037879 33037883
33037892 33037895
33037899 33037903
33037906 33037909
33037913 33037916
33037919 29021576
33037996 33037999
33038015 10136121
33038053 33038058
33038078 33038081
33038108 33038112
33038159 33038161
33038183 33038186
33038191 33038195
15021447 15021454
33038323 33038327
33038372 33038376
33038396 33038399
33038404 33038407
33038424 33038427
29052240 29052246
33038498 33038500
33038502 33038506
33038510 33038513
368592 967607
33038518 28298949
33038536 33038540
112618 368430
33038547 33038549
33038557 33038560
33038565 33038567
33038570 33038574
33038578 3014132
33038589 33038592
33038595 33038597
33038600 33038603
33038608 33038613
33038617 33038619
33038624 2551254
33038629 33038631
33038636 33038638
33038643 33038646
33038650 33038655
33038660 33038662
33038677 33038680
33038685 33038688
33038691 33038693
33038697 33038700
33038703 33038705
33038706 33038709
33038713 33038715
33038720 33038722
33038725 33038727
33038733 33038736
33038739 33038741
33038744 33038746
33038748 33038750
33038754 33038756
33038760 33038763
33038767 33038770
33038773 33038775
33038779 33038781
33038784 33038786
33038790 33038793
33038800 33038803
33038808 33038810
33038819 33038821
33038826 33038828
33038831 33038835
33038838 33038841
33038843 28827831
368594 967619
33038849 33038852
33038855 33038859
33038865 33038868
33038871 33038873
33038876 33038878
33038881 33038884
33038888 33038891
33038894 33038896
33038899 33038901
33038905 30396179
33038909 33038911
33034747 33034758
33038914 33038917
33038969 33038971
33039057 33039059
33039061 33039064
33039152 33039155
33039214 33039216
33039219 33039222
29718250 29718254
33039271 33039283
33039310 33039312
33039317 33039321
33039348 10133010
32723699 32723714
33039484 33039489
33039532 33039535
33034558 33034569
33039571 33039576
33039644 33039646
13387281 13387301
33039684 33039690
31860550 31860551
33039726 32158090
33039754 33039757
33039759 33039762
33039792 33039794
33039795 33039797
33039820 33039822
10559825 10559884
33039834 33039837
33039868 33039871
33039896 33039899
33039912 33039915
33039994 33039997
33040012 33040014
2619509 3248354
2619509 3248363
33040021 33040024
33040076 33040079
112790 368910
369091 968443
33040168 10137387
33040183 33040186
33040191 33040195
33040232 33040234
33040273 33040275
33040353 33040358
33040445 33040448
33040482 33040485
33040585 33040587
33040643 33040646
112791 120316
33040758 33040760
33040793 33040795
20801 117165
33040853 33040855
368921 968188
33040885 33040887
33040952 33040955
33040998 33041003
33041092 33041095
33041142 33041145
33041182 33041186
33041308 33041312
33041384 33041387
33041389 33041392
29611193 29611209
33041467 33041470
31865425 31865429
33041490 33041493
33041532 33041534
33041610 33041614
33041681 33041683
33039573 33039581
33041765 33041768
33041802 33041804
33041831 33041834
33041878 33041887
33041895 33041902
33041964 33041968
33041973 33041975
33041983 33041987
30888731 30888738
33042087 33042089
33042094 33042096
33042113 33042116
33042157 33042159
33042203 33042205
33042214 4528253
33042276 33042279
28843717 28843733
33042338 11842790
3247538 3247537
33042379 33042383
33042393 33042396
33042439 33042442
33042451 33042456
33042465 33042468
33042472 33042474
33042472 33042475
31758740 31758755
33042637 33042639
33042697 33042700
33042711 33042713
368595 967627
33042734 33042737
33042751 33042756
33042759 4567616
33042780 33042783
33042824 33042826
33042847 33042850
33042902 33042905
33042928 33042932
368596 967636
33042959 1372465
33042982 33042987
33043104 33043106
33043268 33043272
33040023 33040029
33043320 33043324
33043328 10155704
30381447 30381461
33043449 33043452
33043553 33043557
33043603 33043605
33043638 33043641
33043664 33043666
33043697 33043700
33043728 33043730
33043764 33043766
33043771 33043773
33043776 33043779
33043782 33043784
33043786 33043790
33043803 33043805
33043826 33043828
21889313 4567661
33043896 33043899
33043902 33043907
33044045 33044049
33044057 33044062
33044120 33044124
33044133 33044135
33044150 33044154
33044178 33044180
33044218 2577075
33044251 28927570
33044259 33044261
368597 967642
33044270 33044272
33044275 33044278
33044282 33044284
33044310 33044313
33044327 33044329
33044332 33044335
33044341 33044343
33044391 33044393
967860 1807031
33044399 1682301
33044604 33044607
33044619 33044624
33044644 33044646
33044648 33044650
33044657 31068139
4925824 4925829
33044731 33044734
33044773 15935
33044781 33044783
33044796 33044801
33044903 33044906
33044916 33044920
33044916 33044921
33044929 33044933
33044950 33044955
33044959 33044961
33044968 15286509
33045078 33045081
33045128 33045134
33045182 33045185
33045192 33045195
33045198 33045201
33038023 1234624
33045398 33045404
806536 1606225
33045431 5799532
33045492 33045495
33045500 33045503
4960362 4960369
33045657 33045662
33045708 33045710
33045762 33045765
33045769 33045772
29608822 29608828
28366251 28366260
33045968 33045973
33045977 33045979
33046054 33046056
30585206 30585213
33046191 33046194
33046207 33046210
33046240 33046243
33046281 33046286
33046331 33046333
33046365 33046367
33046385 33046388
33046398 33046404
33039734 33039738
33046446 33046448
2835639 3396693
33046558 33046562
33046715 33046719
33046738 33046741
33046746 22448166
33046800 33046803
33046829 33046832
33046884 33046887
29609203 29609209
33046959 33046962
33046965 33046967
30779151 10166946
33047080 33047085
22277444 22277456
33047136 33047139
1838 1847
1838 20805
33047177 33047180
33047228 33047232
33047252 9715719
33047258 33047264
290098 808269
33047290 33047296
33047337 33047339
33047365 29018343
33047370 33047373
33047400 33047402
33047413 33047417
33047425 33047427
33047497 33047499
33047509 33047511
33047523 33047525
33047582 33047584
33047711 33047713
33047742 33047744
33047792 324842
33047810 13266227
33047859 33047862
4917314 4917341
33047895 33047902
33047927 33047930
33047988 33047992
33048066 33048069
33048081 33048083
33048087 33048089
33048167 33048169
33048178 33048180
33048200 33048202
33048374 33048381
33048400 33048402
33048433 33048437
33048458 33048460
33048464 33048466
33048482 33048486
33048516 33048518
33048522 33048524
375385 978371
978457 1822006
33048583 33048586
112735 368742
33048590 33048592
33048627 33048631
33048644 33048646
33048656 33048660
33048674 33048678
33048694 33048698
33037381 33037391
33048721 33048723
2476475 3151319
13387295 13387306
33048810 33048812
4917315 4917351
33048826 33048832
33048848 33048857
33048860 33048866
33048900 33048903
15373654 15373661
33048918 33048921
33048930 33048933
33048961 33048964
33049016 33049018
33049135 33049142
33049135 33049143
33049135 33049144
33049156 10155745
33049288 33049292
33049332 33049334
33049339 33049341
33049383 33049387
33049435 33049437
30293635 30293643
33049476 33049480
33049487 33049489
33049513 33049516
33049525 33049527
33049620 33049623
33049750 33049753
33049790 33049793
33049874 33049876
33049888 33049890
33049903 33049905
33049914 33049917
33050000 33050002
33050016 33050019
33050025 33050028
33050053 33050056
33050159 33050163
368599 967653
33050169 33050174
33050315 33050317
33048695 1471998
33050335 33050337
33050340 33035424
33050343 33050346
33050384 33050386
1806842 2618514
33050418 33050421
33050443 33050446
33050512 33050515
33050519 33050522
29609568 29609584
33050528 33050531
33050539 33050541
4970743 4970750
33050544 33050546
33050549 33050551
33050559 33050561
33050564 33050567
33050570 33050574
33050582 33050584
1807027 2618670
33050588 33050591
33050594 33050596
33050599 33050601
33050605 33034445
33050611 33050614
33050618 33050621
33050626 33050628
33050632 33050634
33050636 33050638
33050642 33050645
33044401 9719161
33050649 33050652
33050657 33050659
4903723 4903729
33050662 33050664
33050666 33050671
33050674 33050676
33050679 31894172
15092794 15092804
33050694 33050698
33050708 33050712
33050757 3520928
33050798 2667365
32742842 32742846
33050818 33050820
29608824 29608836
33050829 33050831
33050835 33050843
33050852 31067335
368794 968015
33050870 31860396
33050991 33050993
33050996 33050998
33051005 33051009
33051042 33051044
33051050 33051053
33051067 33051070
33051124 33051128
974875 1817535
33051131 33051133
33051161 33051166
33051182 33051185
33051221 33051227
33051229 33051227
33051230 33051232
33051235 33051238
33051242 33051246
33051458 2665753
33051463 33051467
33051474 33051477
33051487 31861805
33051492 33051495
33051498 33051501
33051515 33051518
31066576 10139326
33051571 33051575
33051618 33051621
33049792 33049796
33051625 33051630
33051642 33051646
33051662 33051666
33051662 33051667
33051705 33051708
33051740 33051742
33051757 33051759
33051816 11661023
33051845 33051847
33043788 33043796
33051912 33051914
33051946 33051949
28311824 28311831
33052052 33052056
33052068 33052070
33052075 33052078
33052081 33052083
112575 368341
33052153 33052159
31066800 31066813
290169 808332
33052226 33052229
33052239 33052241
33052245 33052249
33052269 33052271
33052295 33052305
33052330 33052332
33052350 33052352
10844586 10844590
33052410 33052414
33050197 33050208
33052425 33052427
33052432 33052435
33052580 33052583
33052607 33052615
33052607 33052616
33052607 33052617
33052622 33052626
33558915 33558917
33661373 33661375
33829468 33829472
33857607 33857609
33867989 33867991
33993702 33993704
33993702 33993705
34009346 34009348
34036478 34036479
34097068 34097072
34359512 34359513
34359525 34359528
4959737 1417227
34994283 34994285
34994373 34994380
33036781 33036787
34994415 34994416
34994459 34994462
34994493 34994497
34994519 34994521
34994534 34994535
4696822 4700567
34994651 34994652
34994673 34994675
34994693 34994695
34994699 34994702
34994743 34994745
34994763 34994765
34994767 34994769
34994774 34994776
34994779 34994781
34994786 34994789
34994818 34994820
34994883 34994885
34994887 34994889
34994907 34994909
34994916 13309968
34994930 34994931
34994957 34994958
34994961 34994963
34994966 34994967
34994972 34994973
34994976 34994978
34994998 34995000
34995038 34995039
15965123 15965130
4947197 4947198
34995179 34995181
34995210 34995215
28372025 28372036
28372025 28372037
34995430 34995431
34995450 34995454
35017576 35017580
116586 375353
13347072 13347079
29609265 29609299
3258963 3700759
35542222 35542226
35542975 35542978
35544719 35544724
35544890 35544892
35783822 35783825
35783828 1825912
33037744 33037753
33050779 1480063
35788173 35788175
35788987 35788990
35793896 35793899
35799767 35799769
35803098 35803101
35804062 35804064
35806960 35806963
35807643 35807645
35809452 35809456
35815951 35815953
35818291 35818293
35818363 35818365
35818597 35818599
35820647 31911498
35821174 35821176
35821528 35821531
35823096 35823098
35827856 35827858
4663071 4669019
35834771 35834773
35835280 28952536
35835445 35835447
34994873 34994878
38025409 38025410
38026138 2364940
38026390 38026398
38026417 31796780
38026554 38026555
33558904 3692620
38026986 38026988
38026991 38026993
38027876 38027877
38027881 38027882
38028304 38028305
38028682 38028683
38028690 38028692
38029218 38029220
39352778 39352779
39352801 39352802
39352862 39352863
39352957 39352958
39353037 39353038
39353180 39353181
39353333 39353335
39353414 39353415
39353474 39353475
39353532 39353533
41487725 31881480
41487739 41487741
41487842 41487844
41487847 41487849
41487867 41487869
41487966 30778927
41488030 41488032
41826521 41826522
41827087 41827089
41827891 41827892
41827944 41827945
41827991 41827992
41828101 41828103
41828163 41828164
41828168 41828170
41828195 41828196
41828314 41828316
41829356 41829357
41830287 41830288
41830779 41830780
41830818 41830819
41830827 41830828
41830917 41830918
41830941 41830942
41830956 41830959
41831080 41831081
41831172 41831173
41831234 41831236
41831238 41831240
41831268 41831269
41831290 10138918
41831306 41831307
41831516 41831517
41831723 13307634
41831725 41831726
42216029 42216030
44070987 44070988
44071057 44071058
45217373 45217374
45240798 45240799
45240802 45240803
45240806 45240807
