165895 351435
2651197 1488841
7185026 17967
1459042 158339
2789375 433119
33013912 302126
7124956 180832
35354832 17123
35354836 100050
7550827 35961
35354914 197434
35354966 77957
35354983 94441
3144201 226588
5614741 54525
35355058 122644
35355119 820593
35355121 5161
39221959 144659
766412 351435
40162404 37190
7052582 284144
226420 55532
12713570 213509
15379836 132493
6671763 51523
10874825 149406
2265487 337567
28306842 97406
9430891 121809
5626960 76285
15518625 316876
6779173 333207
14351100 120860
43683564 149326
43755536 238003
43772542 3924
45885526 5469
45885528 42322
45885530 142065
45885532 327667
45885534 218110
45885536 95476
45885538 299643
45885540 66148
45885542 2731
45885544 374496
45885546 238233
45885548 97966
45885550 94513
45885552 64945
45885554 99520
45885556 126905
45885558 119556
45885560 429253
45885562 240514
45885564 93116
45885566 355631
45885568 55339
45885570 267323
45885572 188743
45885574 270892
45885576 36178
45885578 312772
45885580 41541
45885582 260843
45885584 339675
45885586 112008
45885588 70616
45885590 62372
45885592 93763
45885594 34680
45885596 75157
45885598 102227
45885600 97967
45885602 67461
45885604 471927
45885606 131191
45885608 128023
45885610 320856
45885612 172287
45885614 42323
45885616 361646
45885618 654165
35532270 524081
45885620 65891
45885622 230942
45885624 299760
45885626 66234
45885628 324174
45885630 96101
45885632 125121
45885634 98597
45885636 1403
45885638 330879
45885640 537634
45885642 110313
45885644 310730
45885646 41577
45885648 52443
45885650 75544
45885652 312773
45885654 181904
45885656 137390
45885658 93660
45885660 98990
45885662 142164
45885664 17122
45885666 87869
45885668 112353
45885670 252442
45885672 1621
45885674 97968
45885676 109872
45885678 95420
45885680 53912
45885682 137994
45885684 77299
45885686 2051
45885688 189083
45885690 362064
45885692 53309
45885694 94379
45885696 100173
45885698 220047
45885700 192467
45885702 128627
45885704 907401
45885706 265798
45885708 416660
45885710 134384
45885712 102869
45885714 307295
45885716 272747
45885718 170776
45885720 112766
45885722 325865
45885724 109136
45885726 101773
45885728 352627
45885730 137091
45885732 253506
45885734 867739
45885736 1394
45885738 53112
45885740 104318
45885742 280588
45885744 107816
45885746 181952
45885748 340407
45885750 1489902
45885752 157139
45885754 100865
45885756 98894
45885758 124601
45885760 227326
45885762 190414
45885764 233355
45885766 218350
45885768 63684
45885770 392706
45885772 81079
45885774 53235
45885776 121061
45885778 65259
45885780 36140
45885782 104605
45885784 1404
45885786 16954
45885788 105228
45885790 54271
45885792 654
45885794 92648
45885796 54483
45885798 77324
45885800 45764
45885802 95422
45885804 89888
45885806 50514
45885808 1339
45885810 67999
45885812 42219
45885814 58039
45885816 130949
45885818 72676
45885820 218112
45885822 134679
45885824 79193
45885826 100677
45885828 16994
45885830 215784
45885832 60164
45885834 63515
45885836 653
45885838 117470
45885840 117648
45885842 98796
45885844 124131
45885846 93764
45885848 48888
45885850 54314
45885852 44907
45885854 67174
45885856 153674
45885858 248621
45885860 76395
45885862 220722
45885864 79283
45885866 141402
45885868 213165
45885870 54186
45885871 17120
45885873 37053
45885875 231113
45885877 64126
45885879 105473
45885881 226888
36723827 51429
45885883 44865
45885885 333822
45885887 51519
45885889 46272
45885891 91103
45885893 17050
45885895 104743
45885897 28898
45885899 154403
45885901 105418
45885903 43404
45885905 40039
45885907 142914
45885909 64173
45885911 60455
45885913 466085
45885915 102870
45885917 104229
45885919 65703
45885921 95100
45885923 22826
45885925 59525
45885927 247334
45885929 96570
45885931 170726
45885933 95103
45885935 215666
45885937 47040
45885939 281986
45885941 77552
45885943 135079
45885945 178308
45885947 43405
45885949 19415
45885951 23039
45885953 1413
45885955 5466
45885957 51643
45885959 287360
45885961 34875
45885963 218065
45885965 60295
45885967 96827
45885969 104678
45885971 290225
45885973 54865
45885975 78274
45885977 44178
45885979 62429
45885981 276394
45885983 17881
45885985 22248
45885987 263436
45885989 112305
45885991 135432
45885993 164078
45885995 5597
45885997 121189
45885999 43100
45886001 72284
45886003 36474
45886005 50033
45886007 100270
45886009 144456
45886011 126730
45886013 5160
45886015 1407
45886017 84855
45886019 94643
45886021 43950
45886023 142276
45886025 314744
45886027 240412
45886029 237605
45886031 240413
45886033 128344
45886035 17961
45886037 51648
45886039 199191
45886041 56781
45886043 52395
45886045 51277
45886047 51520
45886049 72376
45886051 72377
45886053 57299
45886055 72378
45886057 72379
45886059 72380
45886061 72375
45886063 84112
45886065 51187
45886067 369673
45886069 109955
45886071 249565
45886073 72843
45886075 52189
45886077 1248774
45886079 238997
45886081 51717
45886083 225522
45886085 157427
45886087 135244
45886089 57066
45886091 189085
45886093 21710
45886095 146736
45886097 35679
45886099 396895
45886101 48506
45886103 60040
45886105 128473
45886107 104829
45886109 129480
45886111 28899
45886113 218436
45886115 330581
45886117 249707
45886119 71955
45886121 116944
45886123 73819
45886125 132286
45886127 72285
45886129 92138
45886131 109741
45886133 139147
45886135 91464
45886137 91462
45886139 51996
45886141 91465
45886143 66524
45886145 19408
45886147 5828
45886149 4412
45886151 78076
45886153 94380
45886155 54559
45886157 43834
45886159 192828
45886161 281607
45886163 44159
45886165 98162
45886167 20887
45886169 657922
45886171 194270
45886173 5545
45886175 38439
45886177 43717
45886179 42504
45886181 50508
45886183 226585
45886185 149816
45886187 139708
45886189 236759
45886191 55923
45886193 16182
45886195 15333
45886197 22249
45886199 37672
45886201 56376
45886203 46217
45886205 54415
45886207 146805
45886209 1409
45886211 144278
45886213 140106
45886215 152034
45886217 37582
45886219 10098
45886221 37294
45886223 22245
45886225 100133
45886227 101602
45886229 95098
45886231 46681
45886233 201485
45886235 102299
45886237 42805
45886239 21167
45886241 104607
45886243 46167
45886245 12037
45886247 52190
45886249 68554
45886251 204475
45886253 322788
45886255 261451
45886257 101444
45886259 42613
45886261 94105
45886263 187513
45886265 187524
45886267 76284
45886269 102223
45886271 1401
45886273 51078
45886275 17882
45886277 51910
45886279 80515
45886281 2142
45886283 36588
45886285 294887
45886287 14967
45886289 137996
45886291 99523
45886293 79168
45886295 51079
45886297 104463
45886299 597428
45886301 80303
45886303 360804
45886305 37361
45886307 50519
45886309 36679
45886311 168670
45886313 152377
45886315 52923
45886317 1516
45886319 144988
45886321 338860
45886323 54406
45886325 218291
45886327 233106
45886329 54792
45886331 219628
45886333 181422
45886335 19587
45886337 324240
45886339 288413
45886341 219935
45886343 98092
45886345 54826
45886347 215182
45886349 36680
45886351 218797
45886353 330818
45886355 149474
45886357 104404
45886359 423710
45886361 148382
45886363 144989
45886365 198874
45886367 54660
45886369 144987
45886371 150039
45886373 234127
45886375 224633
45886377 83634
45886379 445147
45886381 225052
45886383 336722
45886385 100776
45886387 651676
45886389 651
45886391 180683
45886393 110841
45886395 18252
45886397 36477
45886399 144131
45886401 120745
45886403 162832
45886405 78187
45886407 155437
45886409 119439
45886411 312775
45886413 35463
45886415 5748
45886417 92198
45886419 156164
45886421 98444
45886423 208330
45886425 18045
45886427 56307
45886429 141977
45886431 50953
45886433 104224
45886435 54269
45886437 94516
45886439 387913
45886441 91515
45886443 50846
45886445 186701
45886447 209912
45886449 99330
45886451 54526
45886453 176863
45886455 22824
45886457 46497
45886459 86013
45886461 150755
45886463 209388
45886465 160657
45886467 1630
45886469 56308
45886471 16635
45886473 687554
45886475 35779
45886477 22782
45886479 351808
45886481 213366
45886483 97306
45886485 37362
45886487 240646
45886489 290916
45886491 219936
45886493 218185
45886495 93546
45886497 90495
45886499 98720
45886501 327597
45886503 209342
45886505 288091
45886507 153344
45886509 133317
45886511 36589
45886513 67201
45886515 75957
45886517 93594
45886519 37622
45886521 89007
45886523 56237
45886525 231641
45886527 94517
45886529 132379
45886531 224515
45886533 228940
45886535 96438
45886537 38525
45886539 36067
45886541 52566
45886543 164775
45886545 55177
45886547 173966
45886549 308519
45886551 189310
45886553 105326
45886555 1631
45886557 44313
45886559 169267
45886561 39291
45886563 39293
45886565 39294
45886567 39295
45886569 39297
45886571 39298
45886573 103377
45886575 52567
45886577 214371
45886579 54866
45886581 142862
45886583 47365
45886585 187665
45886587 1411
45886589 163884
45886591 43407
45886593 180835
45886595 204540
45886597 180836
45886599 18888
45886601 5598
45886603 60116
45886605 104402
45886607 108436
45886609 234767
45886611 85001
45886613 119009
45886615 182040
45886617 132685
45886619 53190
45886621 484370
45886623 107619
45886625 35921
45886627 199398
45886629 47126
45886631 16633
45886633 200308
45886635 88202
45886637 276154
45886639 5159
45886641 80893
45886643 35962
45886645 322951
45886647 85522
45886649 54014
45886651 52568
45886653 62878
45886655 110840
45886657 54560
45886659 470580
45886661 608579
45886663 58289
45886665 36005
45886667 52666
45886669 153227
45886671 84325
45886673 117483
45886675 144230
45886677 121059
45886679 72775
45886681 189268
45886683 189168
45886685 117044
45886687 76396
45886689 75379
45886691 365151
45886693 117555
45886695 54527
45886697 102963
45886699 95947
45886701 219479
45886703 43033
45886705 62880
45886707 49102
45886709 110130
45886711 49394
45886714 49453
45886716 403728
45886718 96571
45886720 105860
45886722 51430
45886724 51188
45886726 74792
45886728 305811
45886730 327613
45886732 92718
45886734 280773
45886736 48996
45886738 190353
45886740 109099
45886742 105189
45886744 237960
45886746 331028
45886748 63609
45886750 82054
45886752 138393
45886754 86005
45886756 73593
45886758 225053
45886760 214574
45886762 233431
45886764 373264
45886766 51719
45886768 434445
45886770 43804
45886772 177027
45886774 36248
45886776 43643
45886778 116952
45886780 51431
45886782 43216
45886784 185072
45886786 219109
45886788 620537
45886790 54315
45886792 40899
45886794 93664
45886796 127229
45886798 154866
45886800 211750
45886802 130283
45886804 1402
45886806 207727
45886808 129322
45886810 51524
45886812 40834
45886814 95154
45886816 391910
45886818 110845
45886820 336586
45886822 153672
45886824 96823
45886826 150268
45886828 107608
45886830 16409
45886832 1607
45886834 51069
45886836 146125
45886838 144350
45886840 145107
45886842 46436
45886844 147167
45886846 135706
45886848 83931
45886850 154625
45886852 50850
45886854 257215
45886856 328780
45886858 241643
45886860 177127
45886862 177264
45886864 179588
45886866 2856
45886868 218290
45886870 18042
45886872 95375
45886874 41921
45886876 222322
45886878 80421
45886880 148448
45886882 99642
45886884 54585
45886886 233492
45886888 216942
45886890 218115
45886892 102919
45886894 193101
45886896 133348
45886898 217838
45886900 202406
45886902 332712
45886904 92865
45886906 213157
45886908 554805
45886910 17878
45886912 41906
45886914 52832
45886916 104679
45886918 1932
45886920 178581
45886922 76693
45886924 83547
45886926 121135
45886928 220555
45886930 54189
45886932 345850
45886934 76810
45886936 551986
45886938 57676
45886940 123905
45886942 37238
45886944 179708
45886946 118039
45886948 400123
45886950 226593
45886952 223921
45886954 18112
45886956 119440
45886958 36921
45886960 164839
45886962 255374
45886964 192373
45886966 86649
45886968 76850
45886970 359418
45886972 23130
45886974 238362
45886976 120746
45886978 353764
45886980 141377
45886982 45502
45886984 179738
45886986 93320
45886988 517901
45886990 58192
45886992 52840
45886994 660797
45886996 228656
45886998 82978
45887000 80423
45887002 71288
45887004 44232
45887006 215091
45887008 237895
45887010 96241
45887012 360550
45887014 105278
45887016 307580
45887018 98041
45887020 130350
45887022 54618
45887024 19011
45887026 172689
45887028 332250
45887030 58260
45887032 138391
45887034 338369
45887036 152252
45887038 41923
45887040 293393
45887042 226290
45887044 62428
45887046 36767
45887048 333654
45887050 162976
45887052 95426
45887054 139148
45887056 52570
45887058 164511
45887060 196376
45887062 85429
45887064 17883
45887066 72602
45887068 189212
45887070 288536
45887072 280821
45887074 165133
45887076 84327
45887078 99583
45887080 901052
45887082 38064
45887084 18476
45887086 192376
45887088 37923
45887090 36179
45887092 449796
45887094 297209
45887096 35464
45887098 112617
45887100 21893
45887102 46169
45887104 312624
45887106 220544
45887108 36989
45887110 212417
45887112 326800
45887114 157952
45887116 580659
45887118 99584
45887120 101384
45887122 94298
45887124 22251
45887126 173571
45887128 297380
45887130 43218
45887132 180837
45887134 554795
45887136 121325
45887138 152411
45887140 364998
45887142 63648
45887144 52404
45887146 93376
45887148 53473
45887150 103482
45887152 170839
45887154 221226
45887156 361706
45887158 142067
45887160 361228
45887162 51522
45887164 21713
45887166 5468
45887168 271960
45887170 92099
45887172 104746
45887174 40952
45887176 98759
45887178 117096
45887180 311447
45887182 56377
45887184 338371
45887186 45765
45887188 148093
45887190 43408
45887192 17968
45887194 103861
45887196 40040
45887198 284693
45887200 506914
45887202 291989
45887204 50954
45887206 157312
45887208 366605
45887210 138264
45887212 17121
45887214 109095
45887216 50393
45887218 75546
45887220 218887
45887222 121324
45887224 150245
45887226 269786
45887228 307149
45887230 99519
45887232 339405
45887234 50035
45887236 110789
45887238 101893
45887240 54827
45887242 68705
45887244 109556
45887246 369672
45887248 452492
45887250 233078
45887252 135340
45887254 5794
45887256 65063
45887258 97847
45887260 47364
45887262 34683
45887264 171917
45887266 363402
45887268 40042
45887270 2050
45887272 90336
45887274 94446
45887276 157102
45887278 134123
45887280 22252
45887282 126396
45887284 34779
45887286 227537
45887288 51065
45887290 156940
45887292 213367
45887294 334562
45887296 219894
45887298 96482
45887300 217719
45887302 642640
45887304 47366
45887306 134124
45887308 41910
45887310 139149
45887312 48345
45887314 157454
45887316 196319
45887318 340925
45887320 121381
45887322 50520
45887324 95247
45887326 50088
45887328 123299
45887330 69002
45887332 222476
45887334 38019
45887336 17290
45887338 149960
45887340 140187
45887342 217868
45887344 47367
45887346 41925
45887348 43952
45887350 86015
45887352 97972
45887354 115588
45887356 361305
45887358 127421
45887360 218119
45887362 330745
45887364 98664
45887366 70134
45887368 201816
45887370 201856
45887372 92649
45887374 37051
45887376 142877
45887378 236895
45887380 137823
45887382 104465
45887384 40953
45887386 96243
45887388 57570
45887390 38479
45887392 186204
45887394 363403
45887396 112085
45887398 363944
45887400 99707
45887402 99901
45887404 22169
45887406 67340
45887408 156941
45887410 827715
45887412 120910
45887414 242693
45887416 99403
45887418 149714
45887420 213940
45887422 343183
45887424 163482
45887426 121586
45887428 607514
45887430 103631
45887432 94447
45887434 217005
45887436 362393
45887438 151190
45887440 424751
45887442 152146
45887444 193264
45887446 62851
45887448 48010
45887450 54895
45887452 232959
45887454 191090
45887456 150832
45887458 218186
45887460 6351
45887462 314876
45887464 40984
45887466 124625
45887468 284569
45887470 43324
45887472 41911
45887474 93168
45887476 305554
45887478 151020
45887480 90055
45887482 46359
45887484 68199
45887486 17884
45887488 361649
45887490 191879
45887492 126148
45887494 41515
45887496 104232
45887498 98992
45887500 91625
45887502 101653
45887504 91018
45887506 52332
45887508 309694
45887510 108414
45887512 17879
45887514 55627
45887516 350628
45887518 103242
45887520 345527
45887522 142654
45887524 66403
45887526 832
45887528 1136801
45887530 52287
45887532 53520
45887534 542367
45887536 100177
45887538 171614
45887540 528987
45887542 74327
45887544 176652
45887546 102231
45887548 51594
45887550 75652
45887552 216474
45887554 124602
45887556 43894
45887558 62962
45887560 117506
45887562 70251
45887564 342244
45887566 109248
45887568 95895
45887570 235921
45887572 202483
45887574 102748
45887576 196282
45887578 213280
45887580 1634
45887582 94102
45887584 72832
45887586 216359
45887588 339583
45887590 74931
45887592 453904
45887594 130413
45887596 6243
45887598 135883
45887600 50137
45887602 117407
45887604 282560
45887606 338572
45887608 545420
45887610 56033
45887612 464494
45887614 230856
45887616 230921
45887618 40038
45887620 109599
45887622 56115
45887624 251737
45887626 246283
45887628 319683
45887630 141257
45887632 177174
45887634 99780
45887636 393094
45887638 43409
45887640 259952
45887642 319308
45887644 76676
45887646 112307
45887648 62332
45887650 222336
45887652 433119
45887654 118312
45887656 420073
