1057787 1919640
169864 523820
1919437 2696452
140976 442817
728450 1497962
1787090 2603390
1787090 2603391
5336074 5336091
728451 1498000
5352759 5352787
5366182 5366204
462885 1127744
3805433 4051694
2389788 3082558
2389788 3082559
2084765 2838531
45145 190986
2078241 2833899
3661942 3965684
3661942 3965685
542385 1264186
5426702 5426729
5438044 5438098
5454634 5454662
5494696 5494714
728454 1498204
957346 1789396
173126 534128
2117940 2865425
5526525 5526551
5526525 5526552
230549 708497
1498827 2363446
5534554 5534575
5557757 5557775
5559628 5559671
5591482 5591497
5595718 5595752
5595718 5595753
5609078 5609100
8848 65942
76679 273217
2362682 3058614
750559 1530958
691694 1446755
691694 1446756
5655189 5655221
2881825 3429005
4201872 4317440
3730693 4008413
1980142 2753589
200176 599984
5699768 5699805
5713704 5713728
5717226 5717259
5722284 5722298
8849 66007
5728265 5728288
462828 1127639
2336423 3037236
5744087 5744116
5752683 5752710
5752683 5752711
3759133 4025683
5765283 5765305
284749 795588
21556 119589
728466 1498883
1127592 1999660
5776306 5776329
233345 714926
5787938 5787959
1550531 2410569
1550531 2410570
5793000 5793035
5819777 5819813
5824553 5824583
2078242 2833967
5854749 5854775
5865120 5865143
5871820 5871850
5893433 5893469
5900055 5900090
5902767 5902785
5902767 5902786
65865 253381
3536937 3886462
3379730 3778543
5920097 5920122
5921394 5921424
749449 1529809
5922177 5922202
848192 1662378
5940639 5940664
974192 1816684
5963104 5963139
5985005 5985020
1561365 2421117
5986884 5986905
4559415 4575211
6015134 6015150
6024949 6024974
2859182 3412010
6037841 6037864
6039518 6039533
6041851 6041885
5525613 5525659
6067375 6067390
585092 1314740
6086850 6086867
6089196 6089212
55997 230502
6107969 6107992
6121496 6121519
6121496 6121520
6137858 6137887
6138241 6138274
5631289 5631330
586218 1317266
6158666 6158706
6164842 6164869
6166500 6166526
728476 1499240
545442 1268266
545442 1268267
6171764 6171792
419648 1059355
419648 1059356
3049854 3549499
2690852 3290276
6189497 6189511
6199549 6199571
6207276 6207299
6216823 6216837
2891953 3435365
6222514 6222543
1091331 1955738
6228273 6228290
2108426 2858034
4308661 4388060
3554597 3897988
6246290 6246319
6246687 6246717
3909317 4122576
1973165 2745426
985428 1832038
170554 526580
545685 1268615
6287721 6287750
6287756 6287800
2916982 3457078
728478 1499322
513823 1212128
6318684 6318696
3568334 3905798
6329202 6329211
6329287 6329317
6339415 6339433
6339437 6339463
6379382 6379399
6379382 6379400
6380532 6380548
6384306 6384312
3085862 3573613
6401424 6401449
6427268 6427287
6429680 6429714
6457140 6457170
4882186 4882213
6469594 6469610
6472581 6472586
337670 926916
6478783 6478804
173128 534230
6485600 6485617
6502875 6502896
6525581 6525604
6534677 6534709
990629 1836289
6254228 6254274
6550138 6550153
40194 165112
151169 476207
6561696 6561730
6567468 6567498
728484 1499519
6570257 6570279
2803725 3375558
6587626 6587645
235234 719194
6600147 6600161
1691665 2526020
6604761 6604797
6606284 6606298
6607685 6607708
6608232 6608249
498934 1185604
6620115 6620138
6624289 6624303
63273 245706
43156 178978
6641595 6641625
1252906 2131558
6648674 6648689
2124203 2872091
6658707 6658725
6662259 6662273
6684686 6684704
6686118 6686138
5851073 5851117
6742799 6742820
158155 497945
1935908 2711095
6774428 6774447
6776530 6776551
6782209 6782239
6783179 6783199
6783322 6783334
6783361 6783385
13550 76713
466056 1132669
4701464 4704538
6832691 6832704
1127593 1999679
2118342 2865762
3407914 3798228
1256597 2133861
6877912 6877935
4399188 4451536
411346 1049061
6900771 6900777
6914913 6914930
6914931 6914953
6919542 6919564
2696214 3294320
1341856 2215009
6950527 6950551
1461129 2331265
2363418 3058740
7011850 7011873
7012858 7012875
7022429 7022452
7024875 7024895
7033934 7033946
4175996 4302462
7040619 7040636
3429746 3810307
141421 445745
4578156 4591346
7061459 7061481
7064495 7064513
7065652 7065684
3100196 3584296
122265 400496
422506 1063419
1204090 2079926
1123296 1995054
2799752 3372923
4235707 4341719
7091882 7091909
7100242 7100260
7103924 7103942
7108135 7108158
7108160 7108180
2138973 2884363
7125789 7125812
7126533 7126550
4398255 4450936
7146767 7146782
7164812 7164827
7170464 7170488
7173543 7173558
7175423 7175443
7192810 7192843
7194181 7194192
7215038 7215047
7215181 7215209
7215181 7215210
13551 76741
7219435 7219453
7223350 7223366
7226016 7226030
7228821 7228842
7228821 7228843
7233421 7233438
7233851 7233868
7233993 7234016
7239767 7239773
1908095 2686675
7263417 7263443
540070 1260340
7269431 7269450
13294 76030
7300025 7300040
148592 468546
148592 468547
7316951 7316968
7321079 7321090
7343599 7343616
7354671 7354692
7367975 7367991
5031222 5031237
7383703 7383726
7383863 7383882
5595720 5595768
7394247 7394264
7405721 7405746
1919447 2696495
3434628 3813079
3434628 3813080
7445592 7445605
7447883 7447900
7461066 7461076
7468409 7468419
7468580 7468596
7468580 7468597
7484003 7484017
7484095 7484115
7484222 7484236
400394 1011503
400394 1011504
7484558 7484577
501906 1190877
5741002 5741039
13552 76762
7485604 7485608
7485899 7485916
7486479 7486492
7486493 7486509
7488738 7488752
7492921 7492939
7499148 7499163
7503960 7503975
7510755 7510770
7512416 7512435
7513001 7513024
7513037 7513052
7513587 7513603
7513606 7513626
7515949 7515962
159365 500116
1486246 2353790
7517356 7517370
2023595 2787950
7518500 7518517
2626283 3253707
7518610 7518627
5111836 5111867
156348 494177
7520798 7520817
7523001 7523013
7523645 7523660
1102559 1973358
7527031 7527044
7527986 7527999
7530197 7530213
43287 180089
7531500 7531516
1168538 2040549
7534799 7534816
7534885 7534889
7535128 7535140
7535731 7535747
7540466 7540480
1925519 2701734
7545066 7545080
7545088 7545105
7546107 7546121
30341 131902
7550217 7550222
7550307 7550322
7550677 7550685
2364270 3059441
7552002 7552016
3844639 4082998
7553367 7553387
7554414 7554427
2117549 2865055
7554949 7554954
1935892 2711027
2383151 3074966
7560262 7560278
2697399 3295202
7562530 7562541
7562813 7562825
7563399 7563419
1206300 2082930
7565066 7565079
7565818 7565830
7566938 7566952
7567066 7567072
7570694 7570708
7592199 7592211
3647406 3958369
7634630 7634647
7643369 7643379
3737566 4011736
7658716 7658733
7659067 7659090
7663670 7663689
7679929 7679943
7683730 7683739
7683845 7683860
7687204 7687219
7688055 7688059
7694892 7694910
516123 1215186
7703160 7703175
7715505 7715523
7717247 7717263
4323780 4398252
7728640 7728648
7750982 7750990
7764001 7764016
7770559 7770585
1535330 2393345
1535330 2393346
7779830 7779841
7790671 7790694
7795275 7795292
7811905 7811919
7819722 7819732
7822000 7822006
2178089 2916400
7822334 7822349
7822640 7822658
7822728 7822739
7823358 7823367
7823863 7823873
7826380 7826387
2465165 3144011
2208133 2944676
4108178 4256581
7835082 7835085
7836301 7836315
7837200 7837209
7837231 7837243
7837398 7837411
7837760 7837766
7838438 7838451
7839442 7839455
6536848 6536873
7842571 7842578
7844946 7844959
7847340 7847358
7848679 7848690
7848731 7848753
7849991 7850010
7850948 7850961
5680690 5680720
7852087 7852100
7852565 7852588
7852910 7852921
1100739 1971230
7856062 7856078
7856488 7856500
7856633 7856649
1102311 1972938
3396582 3790411
4468967 4503251
7859663 7859679
7860601 7860605
7861386 7861402
7861715 7861731
7862086 7862105
7863041 7863054
7864152 7864165
4271877 4362685
7865589 7865604
7408754 7408801
7866457 7866467
7868210 7868230
5565686 5565711
2691866 3291295
7893153 7893168
7925585 7925602
7931654 7931667
1301197 2180716
7971142 7971156
8130094 8130105
2062506 2821954
8176598 8176623
2634117 3258327
2952137 3480661
8245098 8245109
8252599 8252612
8254231 8254238
3402642 3794596
8290555 8290566
8310570 8310582
8320095 8320122
4369403 4431103
8330319 8330327
8331304 8331324
3437811 3814979
2393247 3085758
8341602 8341619
8381137 8381147
8382917 8382930
2106912 2856655
8435290 8435302
1057788 1919664
8450031 8450041
8483679 8483688
2220966 2953116
8502100 8502110
8505615 8505626
3566968 3904999
8537492 8537506
8544807 8544818
1324418 2195254
8562847 8562866
8565661 8565669
8586732 8586750
8596938 8596944
8599331 8599348
5020563 5020593
4578271 4591495
8816881 8816904
8843225 8843242
2835346 3396554
512304 1207608
8872220 8872235
8898421 8898427
8910726 8910736
8912332 8912346
8940465 8940475
517982 1218062
9057155 9057178
607974 1344716
1286823 2164910
9109543 9109555
9120800 9120813
155869 492585
9186126 9186134
9212654 9212667
9214069 9214079
9219287 9219299
9273166 9273177
9276587 9276600
4297833 4380510
3189370 3648165
9382828 9382845
9461301 9461318
2090993 2843960
516121 1215158
9560686 9560701
9561630 9561641
9627326 9627335
9645232 9645250
9655074 9655088
9821101 9821105
1275497 2152376
2443954 3125818
256921 752063
10018105 10018125
1170949 2043209
10026486 10026496
10033715 10033733
55591 228607
55591 228608
10096269 10096285
571819 1286835
310048 843921
528687 1237690
9685791 9685805
10096312 10096319
471061 1140820
273099 777997
430912 1075708
419558 1059253
212520 647688
2339749 3039082
929517 1748872
10096410 10096425
1564585 2423665
2111312 2860549
2917188 3457259
1210830 2086552
4050384 4212430
10096451 10096454
10096467 10096475
490616 1170889
10096493 10096500
4849576 4849674
728494 1499794
159381 500479
2821979 3388439
212524 647700
1920925 2697715
10176619 10176635
269197 771616
355273 950744
10178208 10178220
500303 1188051
1188876 2063056
10178423 10178439
1935802 2710950
4254150 4350915
400379 1011445
10181739 10181750
146713 463117
1230885 2109658
280644 788328
10184384 10184401
728511 1500075
85031 291143
1233471 2113212
10294996 10295014
3769771 4030421
10673254 10673259
10677436 10677443
10685377 10685387
10688259 10688265
2064714 2823394
16600 85404
10700990 10701004
10704330 10704335
10704893 10704900
10706150 10706160
10714024 10714034
10715707 10715719
9600411 9600446
10717906 10717914
1087226 1949506
10718294 10718302
10718482 10718493
10742009 10742016
10742009 10742017
1102354 1973098
10747843 10747849
2066215 2824567
1956002 2727545
10838564 10838573
10849111 10849118
10864660 10864667
10865716 10865724
10870960 10870968
7535733 7535756
10874573 10874580
10875769 10875779
10877432 10877440
10884653 10884658
10885984 10885994
10887934 10887941
10890494 10890503
10894979 10894984
10899079 10899093
10901287 10901293
10915585 10915595
10929221 10929227
65055 250400
1339506 2211211
10946789 10946804
10949677 10949692
10951596 10951603
3388401 3785730
10969960 10969967
10992937 10992952
3602520 3927782
11012756 11012771
11021602 11021618
11022109 11022117
7100244 7100270
1497908 2362681
11038702 11038708
11040799 11040808
11041819 11041829
11042255 11042268
11042395 11042413
2004096 2771932
11044286 11044298
1034942 1898395
11045596 11045604
3294458 3723801
11048412 11048419
9724307 9724328
11048995 11049005
11049553 11049562
231167 709577
11050369 11050381
11050382 11050393
11051983 11051991
11052127 11052137
11054033 11054038
11056886 11056898
11059121 11059132
11060607 11060620
11061075 11061083
11061573 11061588
91421 311680
11062259 11062266
213854 650322
11063028 11063036
11063274 11063286
1575888 2435266
319862 863892
11063941 11063947
11063976 11063981
11064247 11064262
422449 1063356
11069460 11069468
11070439 11070447
11070587 11070597
11070904 11070909
502643 1191851
11071916 11071924
1104912 1976850
11072407 11072415
4001037 4183779
163412 513864
11074866 11074873
11075928 11075939
11077887 11077892
2858816 3411725
551191 1274440
11078837 11078849
11080248 11080260
10403434 10403448
11084192 11084211
4022304 4196894
11085560 11085568
11088431 11088442
11089866 11089880
11090699 11090715
778863 1565197
11090747 11090755
2858190 3411338
11094341 11094352
11096593 11096607
479959 1155238
11097039 11097059
11097407 11097419
11098528 11098534
11099548 11099555
11099657 11099670
11101430 11101444
11102405 11102411
11103221 11103227
11103961 11103969
11105255 11105260
3388420 3785758
11123995 11124011
11130432 11130446
11140861 11140865
3836106 4076808
11141651 11141657
11151630 11151640
11158685 11158698
169945 524259
3065040 3558898
11165650 11165659
11173000 11173009
11179229 11179238
11203148 11203163
11206247 11206257
11206258 11206270
11210219 11210226
11211724 11211733
11213588 11213593
11218801 11218805
11226322 11226329
11227451 11227457
11229558 11229574
11231417 11231431
11232637 11232641
11236362 11236371
2696339 3294448
11243408 11243422
11254702 11254715
11263456 11263462
11265665 11265676
11265802 11265813
11270257 11270265
11273343 11273348
11292805 11292815
11307679 11307688
11313961 11313974
11315999 11316005
11318933 11318939
253337 746912
11343595 11343599
1497910 2362702
11352487 11352497
11368267 11368278
11370787 11370799
11371631 11371644
11376981 11376992
5205532 5205567
11378114 11378128
11380292 11380306
11385048 11385059
11395352 11395365
11405802 11405806
11412254 11412259
11417296 11417305
11427445 11427458
11433234 11433241
11436033 11436045
11436251 11436261
11438854 11438859
11448021 11448032
11458882 11458887
11460170 11460176
11464024 11464036
11466547 11466557
11466892 11466898
11467546 11467554
11471005 11471021
11474051 11474061
11478149 11478155
11481007 11481018
11482433 11482446
11483470 11483476
11486111 11486121
11494360 11494373
4801252 4801431
11499710 11499721
11502367 11502375
11502461 11502470
11504607 11504620
11506724 11506730
11512374 11512380
11517281 11517295
11519873 11519883
11522882 11522894
11523400 11523411
11527124 11527129
540930 1261717
11317264 11317283
11548442 11548453
11550395 11550403
11552683 11552692
11557778 11557791
11560120 11560133
11565609 11565619
11568562 11568570
11569456 11569461
11569529 11569544
11572296 11572301
11582293 11582301
11592080 11592091
11592141 11592149
165069 517950
11615513 11615529
11618741 11618754
11619898 11619903
11634239 11634250
11634319 11634336
11635324 11635348
7323860 7323896
3909244 4122542
11640279 11640290
2094662 2847345
11654379 11654390
11655423 11655431
11657564 11657570
11567069 11567085
1111403 1983302
11672787 11672797
11681476 11681483
3957488 4154388
6339440 6339469
3375541 3776781
3164251 3633445
11703746 11703750
11716036 11716040
1564397 2423525
11751841 11751850
11767020 11767026
11768533 11768539
11768533 11768540
3810962 4055273
11794984 11794988
11794989 11794994
11795477 11795482
11796447 11796454
11797612 11797615
11799347 11799354
3753507 4022194
11804337 11804341
11807710 11807715
1102316 1972990
11808260 11808263
11809228 11809234
11810191 11810199
11810191 11810200
1238166 2116993
1632165 2477979
3337125 3753519
11855914 11855922
3075382 3565276
11909772 11909777
273271 778187
11957096 11957100
11992065 11992070
1132422 2004095
12000470 12000473
12159202 12159207
12172137 12172143
12180136 12180141
12181547 12181554
12191567 12191570
12248163 12248168
12257771 12257778
12263164 12263167
12272059 12272067
12272072 12272077
4798240 4798449
12282444 12282448
12290420 12290433
12300387 12300391
12300640 12300643
12303706 12303712
1920721 2697515
12306106 12306110
12318026 12318031
12328632 12328636
12335831 12335838
12335839 12335845
12344963 12344969
12344985 12344988
12344999 12345004
12345005 12345013
12345039 12345043
12345044 12345047
12345048 12345051
12360498 12360509
12481033 12481036
12481113 12481123
5022057 5022065
12482802 12482809
12482894 12482898
12483467 12483471
12484284 12484290
12484625 12484635
12484943 12484947
1510239 2372979
12487407 12487411
12488424 12488429
2759947 3348294
12490421 12490425
3853673 4087594
524055 1229818
602326 1339501
2111410 2860671
12491758 12491763
12492195 12492199
12492585 12492596
12492735 12492743
12496675 12496679
12497742 12497746
11083842 11083855
12499014 12499019
2119254 2866632
1233709 2113499
3810831 4055135
12502432 12502436
3886429 4109345
1242547 2121245
12504987 12504991
12505050 12505054
12505193 12505200
12505453 12505457
554853 1277979
12506329 12506337
12506379 12506386
2865406 3415890
12506405 12506414
2344748 3042996
12506441 12506451
493034 1175334
2507621 3175899
1106940 1979153
12506483 12506491
12506500 12506511
12507171 12507176
11776301 11776318
12513824 12513829
12516214 12516221
2015305 2781060
12516470 12516476
12518525 12518529
600278 1336869
12527835 12527839
12527835 12527840
12533827 12533837
314691 851278
12535435 12535440
12559696 12559699
12564092 12564097
12567182 12567186
12572833 12572840
12575406 12575410
12577051 12577055
12580507 12580512
12582403 12582411
12586858 12586864
12592202 12592208
2689546 3289323
12607393 12607400
12621983 12621987
3400012 3792998
12645893 12645898
12660950 12660957
12662700 12662704
12728422 12728430
12733364 12733368
12733827 12733831
12733917 12733921
12734614 12734619
12735553 12735557
2753182 3343733
12736651 12736655
1919361 2696337
3753686 4022302
12271952 12271969
3660438 3964869
12751006 12751013
4989037 4989085
12775756 12775765
12776857 12776861
12777243 12777254
12809839 12809850
12916962 12916970
12920608 12920618
1286825 2164921
12968227 12968231
1079990 1941301
12982712 12982718
1286826 2164932
13013041 13013045
13015397 13015407
13022895 13022899
13023480 13023483
13089582 13089587
13092810 13092814
13098608 13098614
13109561 13109570
13114561 13114572
13118933 13118937
13125906 13125910
13130022 13130032
1919425 2696427
1786134 2602632
13142063 13142068
13142820 13142824
13143757 13143766
13209745 13209751
2124077 2871808
2745095 3337252
13215300 13215304
13354274 13354277
647680 1388730
14243123 14243126
14244073 14244080
14247264 14247269
14250025 14250028
14258303 14258306
14315991 14315998
14451408 14451415
646036 1386890
14575385 14575388
3753539 4022212
14589203 14589207
14594937 14594944
14673180 14673188
14713480 14713485
154297 487149
2363791 3058978
125676 409893
15282437 15282442
5824587 5824593
15299518 15299521
15302946 15302951
13625521 13625528
15335101 15335104
15364267 15364270
12629096 12629125
15437963 15437968
14342480 14342489
15471689 15471692
15486444 15486450
15498987 15498990
15531152 15531157
15544877 15544881
15556452 15556458
15556606 15556610
15616331 15616334
15621097 15621100
15634082 15634085
15639269 15639273
15644597 15644601
15645551 15645555
15652745 15652748
15652749 15652752
15653116 15653119
15653205 15653208
15654638 15654641
15663653 15663656
15665559 15665563
23735105 23735109
23757318 23757321
23759218 23759222
12238863 12238867
24348322 24348324
24412193 24412196
25408191 25408195
25408367 25408369
25409900 25409902
25410423 25410425
25420806 25420810
25422419 25422421
25426791 25426793
25434993 25434997
25454323 25454325
25459413 25459415
25460181 25460184
2848825 3406582
25462250 25462252
25463278 25463280
28298801 28298803
28299077 28299079
28299615 28299617
28299692 28299694
28299770 28299773
28300620 28300622
28301499 28301501
28301715 28301718
28301778 28301780
2745188 3337351
28746738 28746739
29000297 29000299
29005379 29005381
29025624 29025626
29025730 29025731
29027321 29027323
6684696 6684707
30349389 30349390
30405998 30406001
30724137 30724140
30758872 30758875
30761109 30761111
13406042 13406045
30767268 30767270
30772012 30772014
30773682 30773686
1238899 2117822
523597 1228601
30787938 30787940
30788076 30788078
2114130 2862689
761447 1544731
31075934 31075935
31076251 31076253
11776334 11776340
31077011 31077012
31077370 31077371
31078252 31078254
11489840 11489849
11489840 11489850
11489840 11489851
31085228 31085229
31085654 31085655
31103390 31103391
31104273 31104275
31105407 31105408
31106007 31106008
31106172 31106173
10976557 10976571
31108081 31108084
31110675 31110677
2113146 2862167
31113653 31113654
31117281 31117283
31125768 31125771
31126416 31126417
2152342 2895461
2118775 2866220
31128928 31128930
31138977 31138979
119560 381704
31153728 394936
31165353 31165354
31171582 31171583
31174536 31174537
3669091 3970278
32934903 32934904
1274962 2151799
33007189 33007190
471218 1141047
1898322 2680452
4970779 4970785
33008138 33008139
33008138 33008140
1214271 2090228
33112662 33112663
33112668 33112670
33112678 33112679
33114071 33114073
33117368 33117369
33117549 33117550
33117563 33117564
33117601 33117602
33117656 33117657
4050172 4212309
12629099 12629127
1979283 2752549
3950564 4150235
33120630 33120631
33122131 33122135
33122675 33122677
33123175 33123176
33123562 33123566
29775433 29775436
202767 608836
1263772 2140945
10096863 10096874
33135714 33135715
33172201 33172203
9998229 9998234
33220020 33220021
33226349 33226351
33238429 33238432
33250229 33250231
33253169 33253171
33576548 33576550
33944333 33944334
31169755 31169762
34350881 34350884
34358621 34358624
3283175 3716895
34411085 34411086
11064639 11064651
34422942 34422945
34439701 34439702
34450928 34450930
3716890 4001061
34717950 34717951
34718352 34718354
34718391 34718392
34718449 34718450
34718870 34718871
34720817 34720819
34721730 34721731
34721738 34721739
34721742 34721743
34721851 34721852
34723757 34723758
34724868 34724869
34731058 34731059
34731157 34731158
34731169 34731170
34731489 34731490
2096819 2849290
34731861 34731863
34731875 34731876
34731899 34731900
34732077 34732078
34735108 34735110
34735324 34735326
34735358 34735359
34735363 34735364
34755713 34755714
34755723 34755724
34755773 34755774
34755803 34755804
34755890 34755891
34778505 34778506
34778663 34778664
34778952 34778953
34779061 34779062
34779193 34779194
34779199 34779200
34779385 34779386
1127620 1999683
34780971 34780972
34781826 34781827
34782420 34782421
34782672 34782673
34783327 34783328
34783444 34783446
34783670 34783671
34783737 34783738
34783902 34783903
34783906 34783907
34783969 34783970
34784104 34784106
34784778 34784779
34784873 34784874
34784875 34784877
34785038 34785039
34785285 34785286
34785294 34785295
34785438 34785440
34785492 34785493
1264162 2141349
34792324 34792325
34792347 34792349
4004757 4186009
34792819 34792820
34792858 34792859
34793329 34793330
34793555 34793556
34793764 34793766
34793800 34793801
34793815 34793816
34793831 34793832
34793842 34793843
34793875 34793876
34793983 34793984
34794011 34794012
34794302 34794303
34794316 34794317
34794395 34794396
12629103 12629129
34794547 34794548
2107352 2857183
34794742 34794743
34794883 34794885
34795017 34795018
34795146 34795147
34795206 34795207
34795315 34795316
34795414 34795415
34795464 34795465
34795467 34795468
34795583 34795584
34795779 34795780
34795884 34795885
34796616 34796618
34796976 34796977
34797492 34797493
34797731 34797732
34797999 34798000
34798778 34798779
34799529 34799530
1859331 2659654
34799621 34799622
34799722 34799723
34800808 34800809
34800810 34800811
3716891 4001063
34940583 34940584
9998216 9998225
34940680 34940682
33569541 33569542
35004834 35004835
35004840 35004841
35004847 35004848
35004854 35004855
35004861 35004862
35044973 35044975
35386059 35386061
35389319 35389321
12629105 12629132
37665122 37665123
147482 465678
12629110 12629133
12629112 12629134
12629119 12629136
2744968 3337183
12629120 12629137
4577115 4590376
39430858 39430860
39436927 39436929
40093018 40093020
40093639 40093641
40103337 40103339
1034882 1898324
40107238 40107239
1106542 1978557
40109353 40109355
40109735 40109736
3916750 4128075
40111062 40111063
40112981 40112983
40113101 40113102
40116973 40116974
40117237 40117239
40121685 40121686
40121692 40121693
40121695 40121696
40121702 40121703
40121918 40121919
40123340 40123341
40124763 40124764
40127044 40127045
40133986 40133987
40135484 40135485
40136796 40136797
40137387 40137388
40141249 40141251
40141404 40141405
35045709 35045711
40146313 40146314
40147249 40147250
40155523 40155525
40156873 40156874
40158984 40158985
36610054 36610057
40165291 40165292
40165368 40165369
40166277 40166278
40172793 40172794
40173450 40173451
40173876 40173877
40173878 40173879
40175073 40175074
40179458 40179459
40181644 40181646
11799706 11799707
40181841 40181842
40182007 40182008
40187074 40187075
40190028 40190029
5111 46061
40194588 40194589
40195436 40195437
40199983 40199984
40200249 40200251
34792843 34792845
40201965 40201966
3337344 3753690
40206520 40206521
40207574 40207575
40213986 40213988
2690188 3289733
40220933 40220934
40220952 40220953
40222743 40222744
40227840 40227842
40229986 40229987
40632099 40632101
11052134 11052139
3882054 4106720
3624091 3944490
1999684 2768622
40659629 40659630
40659652 40659653
40659652 40659654
40659657 40659659
43674271 43674272
45206505 45206507
46084533 46084534
46120099 46120100
46120532 46120533
46120610 46120611
46120984 46120985
46121069 46121070
46121091 46121092
46121153 46121154
46121515 46121516
46121529 46121530
46121705 46121706
46124621 46124622
46126407 46126408
46128802 46128803
46138960 46138961
46375956 46375957
46375961 46375962
46375983 46375984
46375988 46375989
46376022 46376023
46376024 46376025
46376040 46376041
46376152 46376153
46376164 46376165
46376180 46376181
46376234 46376235
46376237 46376238
46376478 46376479
46376494 46376495
46376500 46376501
46376593 46376594
46376633 46376634
46376662 46376663
46376721 46376722
46376761 46376762
46376771 46376772
46376810 46376811
45616373 45616375
46376831 46376832
46376883 46376884
46376886 46376887
46376915 46376916
46376921 46376922
46376925 46376926
46377032 46377033
46377060 46377061
46377074 46377075
46377258 46377259
46377265 46377266
46377274 46377275
46377301 46377302
46923330 46923331
46923332 46923333
46923334 46923335
46923336 46923337
46923338 46923339
46923340 46923341
46923342 46923343
46923344 46923345
46923346 46923347
46923348 46923349
46923350 46923351
46923352 46923353
46923354 46923355
46923356 46923357
46923358 46923359
46923360 46923361
46923362 46923363
46923364 46923365
46923366 46923367
46923368 46923369
