5035457 868538
815610 737770
4074194 1911107
5157543 2507
815968 1578154
742726 332347
5215721 178648
5289729 393646
354534 949513
4807376 74175
5359148 107691
5367107 396849
294963 815992
5381937 1030815
3530440 336189
225404 698007
425012 236378
222663 687553
358111 955936
223492 680579
5447574 91378
111284 358424
5450440 466624
228273 391960
685129 62807
5466856 106917
568385 366224
5478971 959732
5479402 960271
5480537 5480558
5483474 879616
3206219 552773
141006 164249
998812 155304
5500562 458863
5510226 907117
5523072 2324007
5531918 964830
5543757 148029
838000 913265
111292 321096
5553378 1686191
2604113 895100
341642 708469
5564317 596693
520338 1222488
5511556 330513
5587308 1694730
2332186 341432
4719280 99944
5613156 228371
34273 135880
223505 691930
7931 63518
5661823 2122687
5673146 1641962
777068 671605
2919624 790487
588083 224937
5334159 394471
2741775 920045
5715937 394146
65525 186416
5746916 260700
5756028 213501
5761525 2466634
687509 60764
956340 751624
59769 240649
5527322 792313
5779821 607423
5786265 784026
2653210 629407
5803268 118655
5819777 151282
294644 340834
5262181 168934
5801418 1106878
5840284 1677571
223485 691003
995949 689032
5855130 865424
5865233 189679
2929121 1139456
1446142 262197
5885894 1427223
1686181 689971
1315371 789732
5901954 2509140
5924730 318539
5928496 93236
140893 190928
5515558 862936
225416 101823
1399373 355109
87564 297861
332171 94286
1844889 1006910
2417548 102839
2422710 423650
6051771 473646
45175 192886
5027057 152049
45177 133350
6103143 19936
6119377 344754
6125301 354666
583999 1311327
6138343 131951
6152869 157757
6158982 347651
6178692 1047616
3896281 861512
2452613 289222
1632344 920918
6257946 894475
6258184 101379
6262693 6262711
1098663 343368
6266445 543369
6272197 697252
119799 382264
815104 285856
4996060 853581
6320836 860248
928891 1094408
6325272 2382320
1516671 2085024
6348729 1405305
6361242 215433
6363876 637775
6366879 3026646
585577 383532
520451 722736
1327033 464789
6410387 329653
585665 100513
6432929 1069246
6433932 1489534
6446747 895034
6462087 256675
110669 356072
6473974 998838
724695 469882
6476942 1012835
6481458 135880
3047081 1241320
6502103 51646
6507084 54086
6520743 213281
2847300 743426
3882417 393645
2060592 233787
5229881 70130
2572860 652417
25330 127905
2993759 96707
6587365 614315
6590402 1185496
2186579 1081239
1186229 189084
6629438 457900
6631672 96102
6652074 223005
6659396 338368
6672133 344034
4963967 1711080
4115629 791605
6704239 2789805
6728644 1135017
262154 388653
6750259 386067
6752270 1663746
6752445 11711
6758735 21886
6770050 379277
6772311 606764
422159 640881
6780597 512898
6783413 825191
6788651 404714
6789539 190928
6809411 528921
4417237 122449
588042 42615
3479784 245933
6864696 275802
3261255 214078
6898836 2398094
39065 159431
2350299 361805
3688854 36068
6934547 909330
5704114 164042
6950460 709884
3164664 209945
6958788 634278
6988373 1581447
6994830 709869
4476633 454255
6994832 659233
7025305 224940
588084 756340
7036402 219663
7042974 861177
7052564 128949
6809820 5749
7076560 945130
7077985 381075
184229 366224
7082690 163614
7105977 350373
1067634 154331
380225 119639
7139981 892211
7144661 707887
743560 1519376
7208452 355957
7218133 3913197
7230888 220478
7231530 336716
5536284 582575
7248751 341432
7286120 1307692
4963826 353794
4260542 64949
3457972 1187106
2183527 351961
7339039 916537
7354587 390995
1297181 97166
7396345 546856
1945129 882544
7403778 1360814
3047976 893148
2186582 163053
7433393 373263
5909218 1120655
4352014 404804
584749 1313383
7479240 1843675
7481035 770952
2595854 123242
7511628 7511635
7523112 388789
2186583 1306674
7589960 788484
6716416 1678260
7606061 117456
798968 538643
7613290 157367
7632860 397612
7645703 346626
3977163 87156
978677 725666
2503922 1218431
7687866 1693224
4960065 396453
7695441 471927
7704729 340476
7705997 42273
3311512 26979
7711805 1760311
7714661 624141
7725685 1020747
743393 922297
7730422 496818
7459354 308517
7740429 1095204
3212918 288716
7748391 1818339
7755818 789282
6399846 373324
7755969 327309
7771821 4659598
7771905 687453
7774374 496081
7774416 300538
7774477 308217
7783797 386687
7787485 1331990
7812542 224125
7815318 2049588
7820033 240706
4964000 922299
7836869 313190
7839542 290588
2062641 1007963
7645705 53306
7876936 341074
4963982 598804
7886309 911938
703799 391960
1489881 99945
3644738 347173
7936093 673588
7941551 248271
7949488 1538631
7956327 286734
7963889 366445
118317 155202
1315388 778419
7991998 2231381
8018693 860610
8029052 109043
935806 216324
8052229 92426
8071084 8727
8098772 392674
8103784 389506
724770 83425
8135873 305812
8147186 322953
8157240 389936
2062506 384675
2628668 342728
3882299 142913
8172446 29819
815110 919543
8250743 325648
8251390 95372
8260733 1744215
8316278 445495
8338434 294529
2186584 369871
3229755 109137
8423332 98322
8473896 532586
3790845 296379
8506836 814986
8518785 348100
8530734 1471375
8554899 617046
8562734 910748
8563554 580974
8565585 1795018
8566307 1183942
4255654 161799
8594731 909002
8608414 323372
2186585 230165
8625480 216935
8645747 979702
8646496 299346
8648362 293528
8648444 874197
8655024 844222
3969524 4162283
8686665 2570106
8708914 323878
8717104 193310
8717471 2314999
8719998 646974
7903626 199356
8723265 332003
8734175 1255414
8736362 637878
5823512 897019
8745706 1925362
8748776 52721
8760871 257658
8791283 276032
2742104 932753
8812537 907880
8812704 648680
8823818 16162
4255666 173059
4419631 710511
8855513 228395
110672 356143
5105740 486481
8920003 345070
8933768 1011628
8972675 461792
8994278 653263
8997499 482475
9008946 664781
6127630 100678
9014582 685833
9022004 403792
324192 628799
9050425 151818
9063132 369891
4287082 174443
9077453 395512
9096443 1180049
8301545 995346
9105508 1426853
1940768 261961
5229892 42383
380257 988262
5229922 237811
9180952 327779
9197503 790894
9203818 1433120
9216506 1756083
9220694 301954
9223861 242892
9225700 161357
9228064 233772
9233052 1004678
9241669 335733
2186587 687059
9245611 787100
9246376 1643107
9247133 436503
4536224 504252
4963827 363061
9248724 1418581
9250014 863876
9250546 1071066
4106877 98598
9258482 708044
4963927 248544
4351958 4417232
9266115 959509
9268432 361038
9290782 101006
9304804 1694751
9310735 254360
9318516 697909
9359411 35117
3882304 53375
9381765 209123
2186589 513117
9425137 898171
9451716 171918
1455100 2324568
9484884 664351
9485301 326796
9561915 772273
3554679 754241
9600846 17048
9670215 4718689
9671061 190850
128189 157976
1589864 664446
958546 329030
3882390 362570
1676313 649183
445453 322262
1188000 2062346
577028 1293247
187195 577033
197209 593140
1097441 1184628
413858 72563
9695556 683305
51043 83348
9696762 395918
9696832 55922
48082 206275
2572861 1385731
125365 409041
9701224 212287
80823 280898
1188957 893708
9710676 390356
1540360 1114887
9721275 35358
500402 1188088
9721509 2037887
9739619 712558
724007 92948
3833665 1063220
9743525 1801619
9746710 20034
16802 86551
9750821 343078
54152 221396
9756220 369671
9756468 516764
2084472 832630
5823514 862066
9849138 185848
353345 943608
50243 212532
1188440 353386
10096525 358774
728494 932223
779996 628732
159379 489647
10096557 906762
10096822 2067475
10096828 440973
1188642 95329
10096842 1788796
13894 77581
973241 1815104
123553 405109
1824473 388653
814384 1617088
892 7494
3253674 1849471
38581 157976
1543272 395715
1188741 1033108
500590 295184
500591 1188670
159381 500438
1583886 411138
500592 670100
4026028 944599
4816078 1249406
500408 53773
10146849 145499
10146861 8898
780015 904795
779997 1566280
4816193 1249406
500594 227238
500412 1188227
240625 442970
274814 174182
1188403 329458
581043 901168
728505 1188670
159390 320894
500547 10439
274815 216931
1499769 91017
2950999 960474
2062464 220263
1188262 2062577
1188876 35764
2062555 340290
3785759 765631
10180734 89846
577888 112006
2963255 522718
159392 500617
269201 771648
274817 780040
274818 780052
169916 478279
90987 309533
15530 80692
25331 127984
10192197 209187
2360 4038
43373 180722
1080289 893125
22193 121292
169314 522783
10274154 1478995
10283381 601094
1319927 888313
10283766 54482
10288500 682366
2648191 874109
10299922 2700963
1915248 122037
10307302 296394
10361768 397612
8708949 746593
10365780 56165
6197 56515
10404329 100514
76042 270992
147863 391908
1570346 719997
10404798 323413
10404819 52143
80394 279687
3002 37237
10408486 1053920
16597 85240
10440294 1973829
5587310 1694730
10661839 1657721
10667268 346741
10675963 710246
9746821 217865
10681834 158138
4433501 231150
38003 155488
6750261 662981
37270 150170
10691040 922797
3366764 1000742
10693029 333787
10695182 1037837
10698114 215183
10699461 74093
4255655 847579
2062774 637877
10706414 2073764
10708106 1931317
2186591 319355
1930534 655447
10732597 330744
10734707 1286331
10736804 257737
10746444 340414
10825719 173143
10866439 106800
10946869 496562
10960689 1723252
2821933 652076
2625356 196253
10976377 594903
2895468 617657
1105703 440972
11033219 988786
11039864 424518
11041988 710127
8396225 286677
2363782 2550735
11070921 342603
11071615 218121
3898176 304606
6325316 675266
4419643 932236
3479796 392048
11081458 1261496
11083190 63933
11085401 612244
1312403 1560242
11094777 2432305
11099641 1658207
11105195 953611
240629 596550
11117817 96281
11132517 1331430
11142541 679486
11155956 572647
6884937 299644
5018469 1306132
11181677 444699
11190791 487239
11191767 825765
11206662 1538631
11224935 1427399
11235232 1704303
11235551 1311329
11239407 890774
11248400 915564
11253027 528050
11254924 500883
2186597 386611
2186598 923863
2186599 2069671
876286 628799
11310440 321762
11196660 648294
11315421 1002550
3759424 944599
11330257 53472
11338359 106700
11339517 598962
9905979 208261
11375242 593388
11384335 830891
11072562 136261
11441401 308124
413862 1052628
11500846 911451
11516190 70439
11540834 188442
11562615 409628
11568281 1476048
11571811 1311327
11588053 318900
11600186 257338
11606161 261783
127881 102349
585579 41913
272067 373573
103316 335257
191000 95719
1188540 945110
1315469 15541
2478424 712558
11646804 297207
413809 1052487
127882 413873
11658191 697354
2492280 145499
11663221 11663223
2891663 359078
1499771 295568
987774 382051
5105384 922797
10698117 52003
1317307 134292
11956686 1740435
4465355 792149
7481715 460448
12008350 228736
12015557 890447
12071225 47542
12202946 388745
118328 379419
4798240 824632
110675 356143
3554878 1612208
3388422 922053
3554868 131194
3898200 1628733
500419 687447
12504135 1261496
3554869 123474
12508139 1188954
12541468 253564
12580783 40133
745144 487390
2624041 528961
188742 225654
1500061 692002
12767176 924181
8714961 1965110
13068365 619125
13142362 333883
25336 128056
13179916 1021521
13190299 204325
13194899 76675
251445 437996
13233664 715389
13235501 919690
191855 586535
13253297 344363
765792 395715
13258259 220184
1052439 188805
13263046 434201
5695372 2130364
15532 80784
2062681 260141
3547743 923218
9670217 890209
6208 56965
5777994 224048
445470 1096639
37865 154331
22208 121785
25338 128078
25339 128123
8499976 388653
2188238 1097009
832498 133241
1857252 917700
5719552 1007435
8949356 1667789
2733388 151282
13292834 328832
1540261 1039080
593137 325202
6731341 402828
95578 322454
1628678 686175
1789675 134907
191267 34874
1347423 880512
13306384 141845
13307628 908977
2492321 401791
4526597 43215
1617085 202363
413811 698586
203043 79527
280529 788147
13328635 384046
144330 94746
500552 860726
118559 8725
703806 391960
413866 130755
764523 393322
13335155 339007
13336401 404804
46109 198445
2575651 607853
995941 1843675
5786270 54617
3191751 508684
3108392 397612
90419 307632
496977 223858
13356309 1008398
4858428 928811
539743 347117
13361967 312627
15533 80806
146344 461821
13364191 758426
13369259 2205912
37449 151676
2539327 417138
1462151 343490
13377691 2313074
13377694 2274653
2118464 891659
13382200 623712
2096788 2409325
701255 1087048
279269 201482
13399758 1004585
13400146 321342
13408269 1096639
252481 487390
5260483 844662
280904 15541
149162 470735
1319902 779264
56957 234169
13482480 198605
13486064 391309
4811117 320857
13514718 218158
780039 316182
697991 698007
3212880 773659
14033961 3859845
1489886 51595
263164 591305
1188578 1444116
500609 678955
500553 110842
3888259 50793
14338136 907275
14356680 19582
1315400 20886
14484348 364371
7420 62168
14722081 324965
14746080 849955
4317178 792364
14761534 98322
6809891 1038876
5056745 294632
14768415 318470
500554 255347
25345 128182
14769590 1389156
14771667 393322
14775236 511953
5018471 1306132
14881796 576801
14814088 400914
500610 35764
500611 1626
761574 78210
7272746 490291
2363791 1967875
14989798 897018
14998120 2067475
1803128 630506
4811119 98856
4791561 1659677
15106796 321342
4760980 98711
2264955 470082
15299385 692313
15311074 52143
15354915 15354918
15376205 836926
15520657 923721
15543772 220957
5018505 5018524
15575668 441876
6476862 1135597
2924440 95005
15650004 789313
15662639 1491067
4500650 1136772
250326 316182
1189072 1066806
129131 333606
15831497 922456
297851 209945
765793 1441840
992 15541
8812712 333370
23664491 23664493
23664638 662918
11092495 392181
23665193 1428792
131696 418448
10101782 1043924
10793854 105377
80685 280498
28198755 345892
244041 217867
28305179 897831
8349934 376752
8908782 316131
12314293 19968
28317165 952601
4107018 42452
28361972 50515
28364499 1606972
3680540 87156
1550091 1070618
8559473 1096639
28378353 1607
28383833 662979
192884 587941
28421067 84324
2324567 1898462
193034 588081
1315417 221400
28448179 242750
2190876 2031039
28449577 509454
1320069 445148
3882422 1325888
8708984 395548
128033 414048
1766576 404804
28501155 366153
192885 404804
2924323 404804
2924183 404804
193035 144780
7433429 2031039
2924392 404804
4106976 404804
28592724 1823
14573849 477937
2929127 15332
28656916 882142
28658772 759564
28669999 107163
14715166 6428
28740749 384047
2895355 360989
28762177 365384
3438747 318470
28774351 213281
28777195 1229097
1188228 195778
4115635 665568
4320246 98034
4354655 155122
4509890 454255
3021209 1240557
4509891 450366
10723149 185447
2508899 598790
29781059 708044
29795327 682761
453422 374266
29903244 424318
15625660 673857
14740482 51073
3405411 1691221
155440 490955
42904 93877
30066776 305941
9198919 94963
30135096 292846
463598 188937
30182032 551500
204957 228291
703821 861991
30315366 664375
2692710 844222
2186623 1456276
8442579 190193
7771918 687453
30383388 1798927
30485013 404191
30722175 109196
30724931 612317
30736030 815278
30736329 672384
30741643 108270
3470311 243864
30761915 56929
30774253 532586
28452815 442970
12508143 2001988
587942 158138
588080 209945
1188632 809749
31074926 440863
31107600 360574
31108617 161229
10178376 324927
31112524 291954
31118392 807203
31118464 418567
31119604 393091
31119606 305872
500622 107121
2356628 444374
500623 1188954
31129486 1597049
31133826 759916
31144341 110790
31147100 729059
31152312 1073373
1188722 385925
31158307 418567
31158311 217532
31167934 287045
31169548 534084
31773610 1149511
31860875 437554
3059165 431947
32655668 73059
32671733 357859
7422385 393646
32675037 332060
1096490 1962340
32676129 318470
5020093 433482
32687412 110599
395427 322454
32697757 157100
32699458 1165171
32702621 325202
32947720 1448030
33055867 50299
11235276 357822
2322891 155361
3848869 744211
3898030 255620
1499779 1967875
33108324 41685
33134790 35767
1188550 172043
33135753 666063
647683 348205
647695 39292
33136400 1536616
263166 107619
33139786 873677
33140607 1668841
33142161 1174468
2062468 231401
14429314 3268508
33159774 477141
33162525 1653341
33164435 81080
33220001 332289
1471172 1802543
33220013 332289
33221177 659191
33226296 152109
33226302 98711
33226363 898591
33226381 1433492
33226394 221968
33226435 124626
33226443 262260
33226453 1617088
1188122 15711
33226482 353424
33226526 355957
33226533 299823
33226534 754823
33226551 1668841
33226566 86648
33226568 418567
33226569 347520
33226579 359538
33226621 1346287
33226626 912888
33249868 19968
358437 347251
1105735 123378
8146417 1843675
222507 390551
34394876 493698
5919435 61714
11152362 199329
3230922 916096
3230923 123242
34774647 144985
4000303 147703
34775466 43322
34775472 87156
34776923 325104
34795556 123242
34947603 219822
34970583 441876
34976101 1520094
34976102 1545638
34976177 35763
34976183 1397676
34976199 2736243
34976205 684777
34991309 363583
8686674 222329
728537 888453
35046577 95001
35046861 332003
35061871 110599
35065287 554624
35065688 128056
10572 70820
35069629 369088
35076337 389454
35080183 27371
13239229 1689416
35082082 650610
35086013 326040
35091865 959900
35092155 1136772
13486066 901138
35094804 871485
35099825 879763
35100557 711023
6233481 853623
35354791 35354792
35354793 99837
35354794 289052
35354795 479467
35354796 1581433
35354796 21715
35354798 21715
35354799 278860
35354801 417138
35354803 127777
35354804 1274255
35354805 366316
780004 1566289
1554374 405109
35354807 745998
35354808 192886
35354809 849955
35354810 849955
80713 280523
35354812 128056
35354813 128056
35354816 128056
35354817 97124
28661888 97124
35354819 134292
35354821 911828
35354823 228291
35354824 228291
7124956 201482
35354826 961552
35354828 220957
35354830 1458272
35354832 1481241
35354834 35354835
35354836 815130
35354840 642563
35354841 140562
35354843 848933
35354844 1149511
35354846 878633
7550827 878633
35354847 52867
35354848 429336
30932902 429336
4856471 413873
35354849 801241
35354850 34874
35354852 572691
10404821 52143
35354853 339070
35354854 987356
1518278 470118
35354857 470118
35354858 784897
35354859 1659677
35354861 17044
35354862 737766
35354864 341220
35354867 53807
35354868 577033
35354870 345070
35354871 354568
35354872 473646
35354874 932236
35354875 928811
35354877 348632
35354878 35354879
35354881 35354882
35354884 1028769
1915278 1028769
35354885 128182
35354887 108270
35354889 27371
35354891 35354892
128057 391992
35354893 391992
35354895 340094
35354896 340094
35354898 659889
35354899 581132
35354900 127984
35354901 101645
31940148 780040
11538522 353348
35354902 353348
35354903 853623
35354904 929449
35354906 572763
15559314 1753183
1849005 1314048
35354907 393420
35354909 865279
35354910 224944
35354911 327309
35354912 102669
35354913 772305
35354914 1668841
35354917 369088
35354919 449153
35354921 654166
35354922 98599
35354923 98599
35354924 98599
35354926 102839
35354927 102839
35354928 1439914
35354929 19968
35354931 603098
35354933 603098
35354935 773387
35354936 1027282
35354937 1240557
1141403 1718140
35354938 206275
1096642 357441
35354940 1345276
35354943 35354944
35354945 35354946
35354949 1433492
35354950 1963150
35354952 743115
35354955 160290
35354957 2781056
35354959 612297
35354961 97774
35354963 1753121
32660621 809749
35354964 35354965
35354966 217867
35354968 217867
30768580 217867
35354969 124626
35354970 418567
35354972 291863
35354973 1039080
35354974 689508
35354977 1973829
35354978 1305508
33955922 109024
35354979 328727
35354980 828046
35354982 1261496
35354983 1000742
35354985 636143
3144201 636143
33653783 293449
35354986 98377
35354987 1566223
35354988 935303
15071696 685757
35354989 736849
4351983 332003
35354990 148234
35354991 51273
35354992 547116
35354993 199329
35354995 199329
35354997 199329
35354999 199329
35355001 726726
35355003 1617088
35355005 1788796
35355006 27883
35355008 355491
35355010 233797
5614741 358070
35355012 1150433
35355014 1057880
35355016 1057880
35355017 995340
11340678 2570106
35355018 1079567
35355019 2502261
35355021 2502261
35355023 2502261
35355025 193214
35355035 653682
35355036 1043924
35355038 2282050
35355039 95845
35355040 345072
377245 889582
35355041 853539
4183385 853539
423115 770068
35355042 2344966
35355043 2344966
35355044 839576
4774650 3268508
35355046 1849471
35355048 1849471
35355049 358483
35355050 943103
35355052 296464
35355053 470735
35355054 911451
35355056 4162283
35355058 306687
35355062 1269990
35355063 464199
35355065 312627
35355066 710410
127995 414007
35355067 190928
35355068 437554
35355069 419351
35355070 995775
35355072 995775
4811120 261784
35355073 389368
35355074 1694730
35355078 209914
35355079 358954
35355080 323414
35355081 326857
35355082 1096639
35355084 1096639
35355085 2301596
35355087 2301596
35355089 502910
35355091 1429416
35355093 228736
35355094 109362
35355096 35355097
35355098 35355097
35355099 35355097
35355100 35355097
35355101 35355102
35355104 135880
35355106 1538631
35355108 2081168
35355110 863765
35355111 1023222
35355112 1208063
35355114 15541
35355117 15541
35355119 598790
35355121 16723537
