21 38
6784827 5988278
8353580 582913
18680 100436
9872420 9872429
3049409 3187633
11148987 1835590
338424 928567
10826186 821178
11805526 1279743
556958 585878
139532 38967
698875 37337
698875 1455114
698875 500931
13131106 54387
302989 832376
195185 589899
52534 183017
338845 338844
436221 16527
191410 585878
173607 536421
19540 18511
557056 73849
1185813 559741
101694 333332
9380893 518064
733964 1505349
38870 12055
4923063 4923100
2545885 500931
224711 696950
358469 191406
358469 956343
252400 745081
903489 143569
13348867 44034
570838 46261
570838 1286151
568638 73849
3351589 333332
1532646 2391167
1285015 2163189
339185 36816
38871 158767
222454 687222
5840119 19520
338847 36816
359161 698960
54390 118590
54390 223399
372058 973151
98427 327795
35336 22704
93419 318353
223354 689558
603412 689558
11730315 1114409
11730315 2452925
21801 120340
21801 120342
252401 745081
669876 118590
669876 223399
12027716 74388
109863 353839
109863 353840
7025601 7025613
7025601 7025618
252481 745147
2571843 1539300
905505 777662
2622585 3250572
1491090 2357639
277787 64606
50485 191795
251343 191797
54391 6664
193687 327994
237984 2837
604317 1341570
678122 945394
474987 37332
3510320 36458
13510617 5016708
13510617 36446
9233502 1279740
4740 14945
346283 518064
346283 555585
12665390 1989223
14723626 39873
190832 585060
52539 218555
683573 223436
67952 914
14951041 120043
14958136 14958138
2422943 2391167
11040508 4342063
390034 120043
245655 556
10906189 140894
15047545 120342
15047795 120342
5082720 116301
5082720 87086
15053258 914
4230719 191274
15057436 2537826
222457 223436
1759916 2579996
98150 120043
110879 120043
110879 356837
52540 120342
1559095 2419264
15139102 556121
1635065 22704
7933540 7933549
15148595 5000393
15158842 15158844
912504 1722804
14280904 120340
15226988 15181083
3986764 4172803
4382287 4172803
15244138 15244153
15283411 1550531
140425 440220
4164087 106571
106481 106571
1591233 2448009
66514 255248
25435793 25435795
1489897 697691
10842870 1468254
25445009 1581499
342488 20211
25453489 231231
25453491 231231
11035536 263053
3193761 3651219
6848513 6848526
6330426 4385486
28191870 2982012
3988878 1504685
2183791 1242148
1309950 1242148
14225875 1242148
11930530 1242148
28193663 4004932
28193663 945394
3253631 1475182
8114699 8114711
11179514 11179518
1531918 2390371
25409088 14463086
25461377 14463086
11242076 11242081
776383 1561529
6672090 1561529
5668476 5668495
15609181 15609183
6230790 6230807
10673606 2461823
15669609 318916
93814 318916
7501286 2881886
14718313 196316
28219882 28219883
101813 180366
385368 180366
28222378 180366
58903 180366
1531920 2390375
4373791 2390375
28228820 67122
28230263 2982012
28268845 1530416
678837 14945
13445893 5064
10390948 2434797
28269645 28269646
14299455 420246
28271235 1053738
255912 20211
28272036 2982012
776501 180120
3907666 833322
3570983 833322
8932401 2982012
8557167 2982012
28275447 2982012
893907 543274
28276873 2982012
2796021 2982012
5668477 185744
25407591 2982012
11343387 2982012
2402015 705430
947262 1777252
101486 333010
4014813 19837
752069 966
28303954 966
28303967 966
12771428 2601729
3086912 205845
1310643 134570
28304068 966
28304069 966
12893848 4360215
12893848 12893858
1313218 221587
822907 1630813
251258 16569
21228 118304
4981804 3879802
976996 1820086
1966788 985264
28307026 3620957
11184987 11184990
339644 929877
5018900 3879802
295145 513003
14410137 2165822
6766101 3529777
5860042 3697997
3255181 3697997
28310721 252288
1517705 2358935
1517705 1094168
1520093 985264
1824552 116209
1103164 985264
22807151 985264
193515 966
28313744 966
28313745 966
7665476 966
12057765 966
196111 966
1206080 2837
192525 587470
28313902 23659424
2325214 3029078
2468545 985264
28315674 7775
5402531 290894
6766022 3879802
379449 985264
3032699 3538292
444373 1094524
116036 116301
115869 87086
116037 116301
1105774 985264
331420 219339
365526 320063
1686246 1581530
567891 561883
510119 1204688
190651 221587
1299892 2179599
5529289 1630813
5234337 5234505
1299893 742492
673890 219339
988614 1834385
988614 1834386
385633 22704
28368442 2358935
9650738 966
1933035 124564
1933035 124574
28369165 28369166
384361 120048
3275729 3713069
815458 985264
3086441 2358
1618132 985264
1618734 985264
1618734 2468200
386507 22704
28371761 329972
6785656 2365919
5664476 1619530
2933636 1521281
8192986 745081
11966009 124564
11966009 2681638
8806043 2515920
28372570 28372571
1812466 2624110
28372607 291041
28372608 291041
28372609 777662
28372609 3560873
12315696 2515920
3071715 777662
3071715 3562528
28372687 777662
28372687 3562528
815128 449663
14395826 1521281
1517876 21225
1437294 377439
3068945 3561070
955709 1786615
9884730 9884731
67825 966
389157 999793
1313978 2185896
9992588 956336
1491739 985264
3071568 985266
3252893 3696781
8624073 4927674
52919 219339
9794204 141861
4147871 194910
3559554 826472
252769 745417
252962 966
252661 50611
12958716 498512
5234338 4365650
28385066 221587
28385606 290894
28385606 975638
6845397 966
16700 966
251452 966
251452 743359
28377516 966
28385995 966
28385996 966
28385997 966
28385998 966
28385999 966
51517 966
28386441 1322744
8037695 561880
974264 704621
6528548 6528555
46871 202087
2327892 2355
9099010 2355
1743696 1539300
4846304 966
28387577 9793723
28387581 966
28387582 966
28387583 966
28387598 966
28387605 966
28387621 966
28387966 28387967
28388015 28388016
23659415 23659424
6315042 6315071
5260209 36415
28399110 12549854
28399112 13221141
28399113 13146386
28399115 3633361
28399116 13234043
9207507 9207515
9207507 5001980
10622122 10622156
3654908 3962944
9656546 2203481
9656546 3962944
7467794 7467803
6281469 931374
28399117 13218048
28399117 931374
341070 931374
1720383 397965
909685 397965
120904 397965
9558217 4293221
9558217 9558224
565774 1280560
557653 1280560
28399119 28399120
1306642 2993
2452696 2993
252857 2993
252857 345916
1599501 2993
3961289 4156599
556307 585878
556307 37766
4157710 4289661
4157710 4183353
12976175 10038962
12976175 12976181
28399123 13469094
4059224 2391167
3235963 2391167
1833738 2391167
7391968 2391167
7901863 2391167
3250800 2391167
11971664 2391167
2603858 2391167
2603872 2391167
1532647 2391167
1833739 2391167
74401 268401
1103166 1274645
1000901 297434
4304274 4385486
4304274 4385487
3468240 3841740
8010600 7756364
7756361 7756364
6454861 6454867
14857170 4908573
28399124 28399125
2629009 3251820
28372745 3251820
3696523 3251820
4356084 1619525
8610 65510
2735203 65510
2332091 65510
16983 79033
816159 1620693
9562870 9562871
28399130 13756578
28399131 1848054
1538938 171161
2591390 1774877
944226 1774877
3203082 1774877
1103167 86499
379176 135789
379176 135854
379176 984940
2481487 3155866
9272600 3155866
15929865 9099029
9099011 9099029
28385429 770409
423150 770409
28399133 770409
3735581 4010829
28399135 28399136
331941 903563
331941 903564
331941 903565
6013628 6013637
28399137 28399138
9587307 962669
364064 962669
1583121 20429
3453883 93925
93925 319044
2586473 1771697
28399150 191728
28399152 191728
905071 6186
358627 6186
28399154 14301788
7444364 7444375
28399156 28399157
5647828 5647846
6511001 6511015
9773765 9773773
1765797 2582230
28399158 28399159
28399160 28399161
3130121 3606376
52558 556
28399162 556
28399163 556
28399164 556
5475627 556
118787 556
190788 556
405168 556
28399165 14642284
1515895 2376234
11983366 348859
11983366 11983372
5938630 5938649
5938630 5938650
4709222 4711867
190931 39401
6398891 512955
162828 512955
162829 512955
2458926 3137264
2458926 3137265
5279125 5279131
28399166 28399167
2163781 2904821
5334327 5334358
266376 765932
3069132 765932
28399169 28399170
28399171 6500
4836443 6500
28399172 6500
28399173 6500
9637632 6500
28399174 6500
4289455 4299470
28399175 28399176
93716 318767
95542 318767
2163782 2904823
2313625 3022752
12276338 2982012
12276338 9155
12276338 3345374
295040 410028
28399180 28399181
3926520 276729
4424437 4468809
28399184 28399185
4301184 4383433
4467030 3774267
346295 934497
556968 1279836
556968 656477
556968 1279837
9870683 9870684
28399187 9870684
12220782 9870684
3201102 3659872
156886 495390
3627808 3946885
12736322 12736327
252662 745281
252663 745281
28399188 745281
28399190 745281
13106063 13106064
13106063 13106066
8978538 8978548
8978538 8978549
28399191 2169699
28399192 2169699
28399193 2169699
28399194 2169699
28399195 2169699
28399196 2169699
3909638 2169699
3323828 2169699
3573985 2169699
102226 334133
2366396 1205810
28399197 13763815
11832278 11832286
5321807 360438
28399199 15703786
6787159 6037248
28399200 28399201
28399212 14348355
5426788 5426809
15755565 10623279
28399213 10623279
15816988 10623279
9380902 9380937
225593 95578
605619 95578
297799 756502
4732152 756502
1162246 756502
2395644 756502
986626 1833448
988762 1833448
2300549 2557173
1722222 2557173
28399214 4426440
1399009 2273939
4920770 4920896
2916507 3456750
1496531 14096
510352 34517
100355 34517
100355 2466
12289260 10038739
12289260 44102
12289260 12289266
12289260 12289267
12289260 12289268
9128109 9128115
1313617 98541
15178121 98541
28399215 98541
5724477 5724490
28399217 8962406
28399218 2483849
51907 34516
51907 138775
51907 136802
51907 119892
28399219 4765667
28399219 940510
28399222 1439701
28399223 286354
191017 286354
28399224 28399225
28399230 3132359
96884 2468
2125935 2874096
28399231 2376161
1518247 2376161
1515525 2376161
792363 1582834
28399232 329692
6647896 6647900
28399233 1594908
802839 1594908
28399234 28399235
28399239 28399240
51772 217245
28399241 3912941
6602010 672583
2500034 3169265
9567918 1771337
9567918 9567942
6647879 6647899
9914937 1578140
2572137 1578140
73676 156249
9187804 9187809
28399243 9894617
5611087 5611108
136227 12851
75378 12851
164491 12851
28399245 2727558
28399251 4960677
9618421 3290863
28399252 28399253
28399253 2429567
28399254 15790178
119606 87685
1820243 87685
117092 252854
252858 58729
436178 298055
436178 1084038
772498 449611
2727999 449611
1835815 449611
1981787 449611
1956755 449611
1842941 449611
28399256 449611
28399257 449611
2321636 449611
7946362 449611
28399258 449611
7875513 449611
28399261 449611
1981788 449611
142837 449611
28399263 449611
28399265 449611
772499 449611
772500 449611
28399268 449611
443077 449611
568646 1285232
557589 38873
941261 1772538
28399271 1772538
28399272 28399273
69171 258164
15769144 14387383
28399276 14387383
9820373 9820380
28399277 12213732
366385 964189
8795440 8795444
8828029 8342812
8342809 8342812
109419 63406
1563101 2422305
690284 1445174
1084213 299910
7765561 299910
7765562 299910
28399278 299910
28399279 28399280
1535759 777820
273049 777820
28399284 28399285
28399284 4272300
7097412 7097424
364745 105904
14705596 14705600
28399287 7205798
1794024 1207939
346354 934594
678132 934597
678132 1421183
903696 1714606
10021309 3228241
10329962 10329972
12240090 10630542
28399288 10630542
11634022 1770707
28399289 1712441
28399289 4125760
3838301 4078193
14215456 3551068
350594 936813
350594 936814
28399290 12227872
2545936 3197877
1317683 2188600
341361 931526
8652422 815263
4837352 2466
1079175 2466
218590 2466
35351 140627
35351 2466
364502 2466
52559 2466
28399291 2466
5136753 5136787
935965 83890
7904737 752244
257204 752244
7092588 3027402
28399292 484657
28399292 28399293
28399294 10637335
360446 116818
6600008 116818
8733395 996
14665782 38
14665782 14665804
784125 1570573
366223 964072
2608051 964072
1684 20208
5517643 441499
5517643 4009463
381835 990973
28399295 28399296
14662548 1445065
6807758 111268
808874 111268
19577 111268
4981456 111268
867850 111268
2540193 111268
907978 111268
6148368 111268
4981805 111268
4617590 111268
4147882 111268
4981806 111268
6766023 6766053
144069 454236
28399297 175793
28399298 175793
28399299 28399300
28399301 28399300
28399304 28399300
28399305 13226479
28399307 28399308
4174120 4301277
1394740 2268602
3019844 412899
3019844 3529777
3019844 3529778
3019844 3529779
4388480 3529778
695260 1450326
695260 1450327
695260 1450328
6766024 6766055
5200214 5200270
5867558 5200270
6766025 5200270
4147872 3879802
3526176 3879802
28399310 3879802
5282111 5282154
9391847 704621
9391847 8114711
743827 61732
743827 1521280
743827 1521281
743827 985264
743828 1521281
1538901 1056035
28399311 15308260
28399313 7958437
28399314 20211
28399314 28399315
974265 1816818
14128269 14128276
28399321 772474
2415452 772474
1681832 772474
772501 772474
1161190 772474
1215100 772474
2003127 772474
2003128 772474
28399322 772474
8893880 705949
8893880 2333310
5081829 4503765
2333067 3035036
12063668 6767658
570553 47924
2629106 310210
2629106 2358935
4061359 9149
28399324 180197
28399324 1483798
28399324 531301
28399324 750637
28399324 28399325
28399324 28399326
28399324 28399327
3206888 3663230
2330717 3033059
767117 42524
1911995 2689542
1774457 42526
3654657 42526
5688290 42526
9927888 9927891
28399331 4264834
7722020 6048607
6048592 6048607
28399332 694945
28399333 153009
277795 153009
102458 153009
911178 1722376
9798602 9798604
3130368 3606570
28399334 73840
9127603 73840
768066 73840
555593 73840
272195 73840
4158319 4289980
2422514 3108336
6506767 6506771
2379984 3070920
2906973 3446731
4922728 4922737
2393974 3086444
2689429 3289278
9245320 9245328
10023537 9245328
3561022 3901348
7718695 3901348
28399335 3901348
2926697 3463588
1563478 2422512
1314647 2186254
1535760 2394008
7099471 7099505
7467795 7467804
1281222 73918
566304 73918
277796 73918
28399336 2196600
2212997 2196600
3033050 3538601
1314648 2186255
898705 16743
28399338 16743
1814994 16743
277797 12056
1714243 2544018
1774656 191567
9978641 191567
28399339 744371
28399339 191567
12030296 12030313
555644 36559
2545368 3197791
2819359 298064
8885628 4141884
1516183 2376252
28399340 28399341
10972221 357503
251477 743439
1523727 2381009
251735 743890
5656625 5656636
5928468 5928476
12912100 5928476
510326 1204832
28399343 1204832
28399344 11732264
28399345 768443
28399345 28399346
28399345 28399347
13305101 8991962
5714115 5714120
5866928 5866930
2580030 832376
6629326 137405
6629326 6629340
5499157 5499164
5499158 5499164
1517761 2376939
1517762 2376939
28399349 2376939
5671608 2164163
12009716 12009719
28399350 12009719
63219 245654
251283 742908
251284 742909
5677069 5677073
8950703 5677073
5707487 5677073
5728483 5677073
12319905 12319919
1083970 1945797
1599027 2315551
1599027 2452611
5145185 5145190
28399352 5145190
5452601 5452627
9578639 9578647
22503527 22503531
807684 1609267
4046341 4210190
1285260 2163523
272631 777094
28399353 13463011
5616107 5616110
555997 1279331
565892 1283845
2904107 3444741
28399355 28399356
28399355 28399357
28399360 11683805
28399360 3817655
28399360 13252877
191425 585883
225442 698956
14210679 14210686
9206167 9206173
1284954 42527
28399361 42527
564242 42527
28399362 296690
28399363 360874
28399364 28316013
14458058 2741905
174929 4355
28399367 28399368
28399367 28399369
3093649 10788
28378254 13462753
28378254 28378255
28378254 28378256
28378254 3961238
28378254 28378257
28378254 28378258
7230507 7230511
7230507 7230512
28399371 28399372
694433 1449544
28399373 28399374
15242603 15242609
28399377 28399378
2467163 3145101
12236303 12236310
4923150 4923270
28399379 1097365
28399383 1538918
6127575 6127582
28399384 77692
28399384 9566229
2782195 3362604
28399385 1263208
5795900 4499070
28399387 4499070
7657581 4499070
4499071 4499070
21884880 21884888
6907834 6907839
6907834 6907840
895081 1707429
1776380 2592951
28399388 1581530
28399389 28399390
3482533 185747
944514 1775102
6850126 6850137
9846398 9846404
8819090 4263523
1396161 2269940
2591076 3226511
519959 1221637
1490454 1221637
1534800 1221637
1619793 1221637
1619794 1221637
5973311 1221637
1842638 1221637
8452522 1221637
5046646 1221637
773384 1221637
911285 1722484
28399392 1722484
28399393 1722484
793319 1583200
7172059 444325
894146 444325
3078061 3567726
3078061 973958
6524880 6524908
9045015 897460
944185 1774821
214669 653258
911179 1722377
893654 970381
28399394 28399395
28399397 970590
692669 1447807
815197 2837
1103168 2837
251162 2837
328347 2837
3263263 2837
3263263 3704819
2858 2837
2376973 2837
6831598 2837
190654 2837
446119 2837
3562427 2837
1524180 2837
449668 2837
5566579 2837
1564146 2837
2060055 2837
251125 2837
1620119 2837
1620119 286735
3123285 2837
1814562 2837
1814562 1800825
142591 2837
962000 2837
294679 2837
251544 2837
12254464 12254469
1842724 2648189
1696002 956336
28399400 956336
28399401 956336
28399402 956336
6114303 956336
3397333 956336
358423 956336
242973 5146
7065335 551955
9589231 329767
9589231 551955
9589231 2389100
28399404 963935
365966 963935
28399405 963935
3145407 216244
3145407 3235589
568400 216244
568400 871060
6595894 185748
3532963 2317054
67955 256548
13138338 5258420
12967756 8557914
28399406 28399407
1513703 2375380
28399409 28399410
5524587 5524592
28399414 2372841
28399414 28399415
821473 821532
28399417 821532
297865 821532
5718537 2569532
28399418 2569532
12661037 2569532
6299359 2569532
3200374 1922980
28399419 9896483
2316792 651207
9547966 651207
13517429 13517431
9040831 7195305
9040831 589502
15719511 10693517
15719511 4962419
4081922 3575295
4081923 3575295
4081924 3575295
3843115 3575295
4081925 3575295
28399421 3453883
28399443 3453883
9500019 3217006
10857787 3217006
14671409 3929117
28399465 1571302
294680 374009
1642735 2485563
1642735 2485565
28399466 28399467
4127973 4269069
558517 1281160
9064594 1532694
8036097 8036108
5958290 5958300
28399469 28399470
28399472 15709231
28399474 28399475
1192301 116301
1192301 87086
1192302 87086
1192302 977834
8751321 87086
282800 87086
6310190 87086
28399477 87086
509498 116301
509498 87086
509498 373124
87091 87086
1821662 87086
28399479 87086
12967757 87086
28399480 87086
87092 87086
28399481 13474918
909686 1720384
28399483 1952254
28399485 1952254
2059763 358059
66084 253660
7441716 7441721
7772766 7441721
6156829 6156845
28399487 3601746
4059101 3340471
1583283 1590718
4476369 4509725
10330441 857405
4357902 4421711
3220480 2469927
207726 619330
28399488 619330
28399489 1720388
1563651 272897
1563651 2422746
694434 37033
28399491 28399492
28399494 28399492
5468696 1911996
1517877 115805
5613076 115805
752070 1533046
4925459 4925649
4002356 4184474
28399495 7494290
28399495 1510141
28399495 28399496
7494276 7494290
53234 53213
101817 53213
9623276 53213
363834 53213
28399505 53213
28399506 53213
1845383 53213
28399507 53213
939246 53213
107848 53213
1406870 53213
101277 53213
94511 53213
104739 53213
979193 1823042
9083965 9083969
195242 41202
700145 2780
83422 2780
25412011 25412014
1766016 116301
374698 116301
28375510 116301
28399508 116301
15617488 116301
7238667 116301
28399509 116301
9568256 116301
12198739 116301
119661 116301
511234 116301
28399511 116301
28399512 116301
381720 116301
28399515 116301
991062 116301
4637295 116301
510066 116301
1590665 116301
370822 116301
28399517 116301
509828 116301
1518618 116301
15106827 116301
5923093 116301
28399519 116301
1518248 116301
295114 116301
6149121 116301
28399521 116301
28399522 116301
28399524 116301
6315878 116301
28399527 116301
28399529 116301
28399531 116301
12950864 116301
28399533 116301
8557297 116301
28399535 116301
28399537 116301
510228 116301
511244 116301
511244 381343
286703 116301
295115 116301
115923 116301
510289 116301
1620928 116301
283893 118111
359224 118111
5416366 118111
373426 118111
1035053 77513
3406927 77513
28399539 10038731
28399539 15109208
28399540 511242
7532122 7532126
11004859 8874
11004859 1546174
13329 8874
6891576 6891584
28399541 2648371
1284955 40000
3247286 4746
191018 245449
193031 154832
28399542 1899
193782 1899
252770 1899
260782 756682
28399543 11698275
28399543 756682
5941194 8707
28399544 3952867
28399544 832377
28399544 8707
28399545 28216648
28399547 28216648
28399549 1504665
7944533 3482976
7944533 137860
170774 67127
170775 67127
526963 67127
51070 120483
857685 120483
21881 120483
9189680 4988098
6297240 4988098
5655740 5655744
405570 22704
84109 22704
2133 22704
84110 22704
301354 22704
12750712 22704
104946 22704
2134 22704
82680 22704
1606375 22704
97239 22704
104824 22704
301464 22704
97240 22704
35352 22704
2135 22704
1635104 22704
387076 22704
22765 22704
104825 22704
885265 22704
35353 22704
376425 22704
301355 22704
2136 22704
2137 22704
1068925 902028
5538631 2640208
1833740 2640208
2603875 2640208
8414292 2640208
2603876 2640208
2333100 228717
13229098 13229104
2452931 956343
28399550 484603
28399554 484603
358864 484603
50633 201765
605740 201765
11015009 11015020
8291539 421467
946863 339824
570085 1285774
5205134 5205140
28399555 3818972
28399555 28399556
28399557 1354084
470270 1138942
6009411 6009415
7517729 7517734
7517729 5864796
28399558 2938578
2200403 2938578
858862 1673733
5973312 2359560
1493857 2359560
5484773 2359560
28399559 2359560
28399560 2359560
8750372 2359560
9036132 2359560
9144527 2359560
28399566 2359560
1814428 2625230
15447589 823224
15447589 2625230
5834188 2625230
1516213 251256
252522 251256
28399567 742668
28399567 251256
7850026 125340
1517763 2376941
8154725 3897393
28399568 3897393
1820883 196613
9850727 127267
28399569 4267416
28399569 3470406
12816287 1324194
12816287 2151709
910184 1720736
28399570 7919303
1521570 2379777
28399572 12079424
28399574 12079424
28399576 12079424
4158748 39999
7678374 39999
867234 1681550
380030 986386
12351406 251753
12351406 12351413
28399579 28193565
28399581 28193565
1666069 2505656
225443 698960
14923769 4419993
7926841 2452441
7926841 656477
1937770 2712906
2589927 3225993
800967 1592573
227100 223436
54410 223436
695804 223436
655683 223436
2305864 223436
603906 223436
54411 223436
1089398 1953570
28399582 4053571
191732 272962
193869 231589
188956 581472
188956 188950
188956 82605
9865354 188950
1094205 188950
59371 239839
586163 1317045
8213942 8213945
5855893 402048
4761625 4762613
28399583 4762613
944376 1775012
2376997 3068894
801240 1592746
7919723 7919725
14267228 2647710
1842201 2647710
190411 19376
3254334 3697549
28399586 28399587
561916 1282170
5869658 5869693
556969 1279839
1761625 2580938
1761625 2580939
1761625 586208
16453 84441
813299 84441
265992 84441
94376 84441
6493954 6667
438336 6667
947657 6667
23750885 6667
903502 6667
28399590 718742
2080498 138775
5750973 5750975
252631 105138
2215222 50368
2215404 50368
2286853 50368
28399591 512216
28399593 512216
9916097 285110
1318830 2190025
8956031 231482
1103169 231482
252211 298801
1324626 298801
987167 298801
28399595 11676244
5203582 5203599
5677592 5677594
977354 1323229
28399596 1323229
793188 1323229
590641 1323229
4716836 1323229
28399598 9197926
113493 370179
272632 370179
379495 550767
28399599 28399600
2851847 2158662
6737364 6737370
1317810 1974158
28399602 1515629
1513353 449040
142592 449040
14642596 449040
116312 19837
509551 19837
193516 196316
193516 357759
193516 420671
253183 196316
253183 357759
253183 746570
253183 420671
253183 746571
253183 746572
253183 746573
253183 746574
253183 746575
253183 746576
3106240 357759
590874 357759
28399604 357759
28399606 357759
3106241 357759
3106242 357759
3106243 357759
1710891 420671
590803 420672
9599396 9599410
9054590 9054593
9307037 2155337
6354312 231631
6354312 152369
5172997 10646
5172997 3441627
231689 37440
28399608 28399609
1465729 2335318
28399610 2335318
1620666 2335318
54412 223479
11956013 11956023
11956013 11956024
102965 334782
365967 334782
1517580 745417
745120 745417
1523852 745417
1517802 2376979
28399611 2376979
1519856 1298782
581297 1298782
28399613 1298782
28399614 1298782
28399620 1298782
6692248 1298782
1521092 2378764
689660 1444835
28399625 1444835
9342969 2439817
1580901 2439817
7121954 84604
4121919 1544556
5175403 4026479
28399626 930329
931104 272127
931104 340822
1599960 689661
28399627 1565131
995702 1565131
9962097 9962098
3254286 3437232
3817524 3441721
2649274 2397150
28399628 252495
28399628 87702
28399628 86712
28399629 28399630
954133 189545
5898110 2458
28399632 2458
136135 2458
4994906 3482976
565242 1283319
28399633 1283319
5062977 5062982
4918106 4918107
5368153 5368166
1794325 2180520
28399634 28158414
2286958 3007987
195243 87694
650894 1393473
945209 8469
135799 330083
135799 189747
395768 1005512
2870710 7579
28399635 28399636
251453 743389
28399637 743389
23756583 87750
251285 144067
1491801 144067
28399639 28399640
28399646 28399647
28399648 28399647
28399648 28399649
5046631 5046642
6349566 36458
4758494 4759245
11890043 3108626
28399650 2162634
28399651 929446
12936809 191409
343129 85899
8936151 337684
358482 140081
570753 260006
1592897 1592895
5938631 807833
10320604 807833
11890044 832377
752071 832377
4962946 4962980
3647789 3958692
3259225 79970
562580 1282414
5473980 12061
371994 73654
73677 73654
28399653 76467
1090748 272882
693825 590065
195333 590065
5648767 590065
252664 590065
28399654 590065
5232883 231231
5232883 413150
943741 207009
943741 37494
28399656 207009
562539 1282380
28399659 557237
2720015 2720008
2720015 2720009
2720015 3311802
2720015 3311803
904208 500931
904208 566684
904208 1281077
904208 912136
5128753 5128770
555594 1279075
28399660 192954
11594616 19535
11594616 11594611
11594616 9457702
28399661 158767
28399663 158767
943261 1774268
943261 93423
4228990 172225
11777949 11777956
28399664 4982303
4233920 3902685
4379709 4437949
9941017 4437949
12230903 12230906
1952300 926822
5413719 926822
1516894 380179
251521 380179
118788 380179
28399665 380179
118789 380179
28399670 69145
7659198 354338
7659198 327795
7659198 7659214
7659198 7659215
8774044 8774051
537147 111325
537147 1256083
10759857 10759865
8136464 1583579
7258358 7258398
6614465 5049123
7001324 7001327
7001324 7001328
28399672 9550062
439106 1086187
3521290 1086187
374652 371394
374042 371394
1208496 371394
5458422 5458469
5458422 183018
8356764 117473
8880116 117473
251885 117473
8768478 117473
28399674 117473
251225 117473
251225 742660
2164087 117473
7091135 117473
742661 117473
742661 742660
28399675 28399676
4962995 181721
195072 181721
9537775 202013
46799 202013
4983943 202013
285184 202013
5312695 5312701
1622616 207060
1489820 534623
3923588 534623
11220242 534623
11220242 721166
4920771 4920898
28399678 13227006
14410634 14410637
28399679 5601339
5601318 5601339
2356049 3052969
1317320 2188263
5898164 939
733769 939
132628 939
11170656 136808
1634996 2480564
28399680 13619936
8893881 8088307
829615 51061
17213 51061
7880798 51061
4600655 51061
105685 51061
1663771 51061
94888 51061
606518 51061
46800 51061
3880449 51061
365767 51061
875861 51061
21882 51061
393421 51061
52834 51061
93926 51061
331650 51061
270402 163956
6198443 6198452
7205756 7205765
5147221 5147227
28399681 28399682
1799581 2613668
5140632 5140642
3528121 3881052
28399687 14274725
1515926 721166
295448 721166
14337382 721166
28399689 28399690
28399689 12732144
28399689 12732149
674087 111992
195244 129710
987420 129710
28399693 9286
289219 806829
3193451 113507
2316345 3024086
4296721 4379598
7487917 7487930
5840874 424091
391137 45681
270403 12862
8428387 1061866
2156191 1061866
9252422 2921654
2183818 2921654
28399696 176949
728075 44928
6315979 41879
351433 41879
5958605 41879
1390378 41879
5030178 41879
5752724 41879
696760 41879
2156031 41879
1400931 41879
3243742 41879
2872843 41879
1814301 41879
2947273 41879
4016688 41879
2060776 41879
5215330 41879
5218256 41879
363284 41879
2523440 41879
2641414 41879
5077089 41879
917036 41879
1455802 41879
3584564 41879
3917512 41879
760285 41879
2295175 41879
5106737 41879
1186712 41879
698754 41879
12933974 41879
1785122 41879
5794706 41879
4233983 41879
3536877 41879
1947905 41879
2541308 41879
4907562 4907658
360084 959187
441172 959187
2318122 959187
4159130 37097
28399698 28399699
1592898 2450257
13061042 10749015
1842639 2648186
15604217 1592138
5853830 1592138
2448864 1592138
2626887 1592138
800323 1592138
615613 1353864
28369975 1391941
28399702 7044540
5692581 2925366
3224506 939443
28399703 1937146
5128311 3440205
28399705 3304682
8763299 291125
7469850 6866633
28399709 28399710
2138 22711
4920772 768441
194956 589682
194956 589683
4835910 4835968
8980860 8980861
28399711 612218
1449906 589360
194663 589360
7111229 7111243
1527459 747267
28399712 3693857
2681700 1090584
10748801 75366
10748801 1090584
319816 329338
6713832 329338
6713832 816343
99518 329338
2163369 2904479
2163369 2904481
28399713 28399714
3896685 4115028
28399715 1723826
913810 1723826
4429130 473951
3251259 2165822
12289838 2165822
28359103 2165822
2048108 854195
3145408 3619966
104740 337169
193912 38587
449191 766773
615614 1353866
299224 824116
28399716 28399717
14213625 6704220
1959874 2730870
1192303 2067068
93927 92899
28399721 28399722
28399729 370465
55291 40159
55291 228250
55291 228251
812924 228250
4959224 1492839
5227493 3254952
2628408 3254952
7418828 6575287
7418828 7418836
7418828 7418837
3887541 3538388
28399730 28399731
28399733 15240612
96550 324621
8341114 5508758
28399734 9139641
28399735 9139641
5214841 5214847
9208005 1316557
442762 1091531
853463 1667958
588620 1320503
28399737 274924
11280715 171804
17118 88123
1510140 2372830
28399738 23664327
28399740 23664327
28399739 23664327
28399741 23664327
1358440 16555
96885 318800
93760 318800
3627474 162815
800159 162815
1746077 2572727
28399742 160167
28399742 2138648
7511746 7511757
28399743 1275129
115870 373112
339920 930257
28399745 28399746
28399745 28399747
142593 449045
4962765 4962797
28399754 28399755
1515107 2376040
582576 332470
101278 332470
101279 332470
261265 10646
5305102 10646
28399756 10646
252190 10646
5220005 10646
252191 10646
28399757 28399758
10277963 43376
14543518 43376
28399761 43376
7296277 7296283
7523211 16527
7523211 7523254
735535 1506867
7008610 87646
272633 43779
12539468 43779
11890045 11890072
3155862 3627094
14433130 14433136
28399763 28399764
1517997 8870
28399766 705949
28399767 15703804
28399768 15703804
28399769 15703804
5399373 5399378
5909834 3098557
104401 336565
556970 40159
6633197 6633203
193517 588480
11777950 11777957
3690061 3984411
1631329 2477549
28399770 15698696
28399772 28362833
3897554 3261328
2637598 3261328
9646903 6630708
5098548 3232704
3086062 16598
191876 586574
2545862 37696
904793 37696
10533752 216132
28399773 216132
51183 216132
9529241 36748
28399774 15798277
9789152 2193331
5546253 37766
557730 37766
7727427 2423185
2904549 3445172
2627190 1809955
970620 1809955
28399775 28399776
252308 36812
28399777 11996498
19578 111329
2080499 2835310
85918 8324
4297129 8324
1598366 8324
348987 8324
1747299 8324
2398033 8324
28399779 1074416
73678 251445
9500020 251445
3276455 2477644
191733 586208
971058 1810370
9657296 9657322
10643688 2796019
10643688 10643690
3110598 3592202
3110598 1917734
3156049 3137264
12109689 3137264
1209334 2085615
8680776 8680791
569906 1285711
28399780 1609576
28399781 1609576
28399782 1609576
359592 609647
3659491 3964337
14858366 1945211
15573931 1945211
15573932 1945211
1563479 2422515
364580 466553
8647709 8647733
28399785 13246110
28399786 11144827
3283662 13899
436038 1084026
99704 329972
28399788 11672662
8957376 5375505
12334074 1285730
12334074 5375505
12334074 1174
28399789 14719978
28399791 138921
280722 284756
28399792 3835643
28399792 28399793
9810999 3248391
9763633 3248391
9547116 3248391
8600168 3248391
6136533 3248391
28399800 31910
3200362 31910
2060150 1594802
6048959 6048971
9262045 6048971
6055689 6048971
6055690 6048971
6055691 6048971
28399801 16009
3051794 1581693
2327741 3030600
8164182 3030600
1462459 2332431
5941690 1911918
9769921 1911918
6046362 6046366
509552 967790
7538498 7415205
272860 777369
2915869 2375278
2268473 2375278
1513548 2375278
13184606 2375278
12181906 2375278
7285120 231231
3460688 231231
8054098 231231
12304359 231231
21669158 231231
5888679 231231
28399802 231231
10031825 231231
11144828 231231
12304350 231231
8054079 231231
5888668 231231
28399803 231231
28399804 231231
28399805 231231
11144837 231231
3834045 231231
21669153 231231
28399806 231231
1816185 231231
11034501 231231
23353764 231231
750716 231231
5370851 2993753
28399807 2993753
6940345 6940350
777289 1563414
195503 590143
195503 393736
28399808 6738434
2790101 2900442
28399811 12285005
28399811 14633834
28399811 28399812
12976176 248783
11956014 2572728
1746078 2572728
5909835 36816
191426 36816
101163 36816
1282415 36816
5546297 36816
562581 36816
562581 561883
562581 441499
1283033 2160611
28399815 3742224
251990 215995
251990 744369
8680777 8680792
12775553 561625
251736 561625
28399817 9934516
564176 1282788
7948 63607
268048 769882
569854 1285703
5402899 281433
5402899 5402951
28399819 3035031
28399821 35095
4913739 4913776
252955 294823
28399823 139451
109596 139451
16844 1324
9408450 1324
1579872 2438742
1103170 777662
9042770 777662
9042770 9042782
1522990 777662
1813380 777662
3068488 777662
3068488 3560873
371995 777662
1487702 777662
1814563 777662
3068489 777662
28399824 28399825
28399826 2894307
2625177 291041
2625177 2624110
2825180 2624110
9917598 2624110
1813381 2624110
28399827 2624110
1820566 291041
1820566 2624110
2637213 2624110
116313 374523
894349 970383
6576377 6576472
99772 330083
166630 330083
67826 256457
1931859 443056
1931859 772863
1931859 2707490
1931859 1931856
1931859 1956564
1931859 2707491
1931859 270269
3098558 3583350
3098558 3583351
4437190 4479561
10830358 10830366
28399828 15706373
28399829 15706373
5424515 1560885
776052 1560885
1749419 1560885
1853239 1560885
2313338 3022698
256572 175283
28399830 175283
1642668 2485540
7317351 2485540
135179 285021
5996625 3697997
5342978 3697997
3250793 3694991
28399831 3694991
28399833 3694991
7381480 3694991
15451834 3694991
3261350 3694991
3706449 3995192
7646861 961026
944951 961026
362320 961026
8160984 961026
3206923 3663249
5030012 5030014
1189242 2063800
28399835 28399836
28399846 3592684
3590910 1256083
3590910 586213
14666021 1256083
252082 191796
195073 191796
191734 191796
191734 586211
1523016 2380599
1513847 2375418
54524 216544
3745538 44191
28399847 3774258
28399851 3774258
704071 1462443
1484171 1462443
1484172 1462443
356462 952409
28399852 82673
28399853 28399854
1317684 2188601
195730 590330
379471 65418
28399856 585592
6228781 6228784
1209002 971161
371102 971161
5788793 5788799
7099584 7099595
28399858 28399859
28399861 13651225
28399861 28399862
8533444 8533471
28399863 5506074
5506025 5506074
9965226 9965228
2399327 1448209
693271 1448209
1611147 1448209
2309418 3019852
12366708 121469
28399864 121469
194957 589685
1637778 2481490
3155714 1692103
1049703 1911885
10846335 1003866
13041599 13041620
13041599 13041621
3149364 35750
3252868 35750
1954281 35750
1814273 35750
172309 35750
251226 50611
251226 35750
4040529 35750
4040529 116209
3213583 35750
2467994 35750
1089658 35750
5675503 35750
1523056 35750
1515231 35750
28399865 35750
2423196 35750
1460082 35750
7803595 35750
2590656 35750
1324295 35750
1515638 35750
252907 35750
988559 35750
2467890 35750
3456498 35750
3456498 594045
3456498 373481
3456498 3832013
2477391 35750
446120 35750
982775 35750
371898 35750
2467959 35750
15627171 35750
5330267 35750
28399866 35750
188986 35750
251163 35750
1814020 35750
583158 247160
443078 247160
28399868 962
28399869 962
28399871 962
28399874 962
28399879 962
28399883 962
28399889 962
28399891 962
28399893 962
28399896 962
28399899 962
28399902 962
28399905 962
28399907 962
28399909 962
28399912 962
28399917 962
28399924 962
28399926 962
28399927 962
28399929 962
28399931 962
28399934 962
28399939 962
28399941 962
28399945 962
28399947 962
28399951 962
28399955 962
28399958 962
28399960 962
28399961 962
28399964 962
28399971 962
28399973 962
28399975 962
28399977 962
28399979 962
28399980 962
28399983 962
28399986 962
28399989 962
28399990 962
28399991 962
28399993 962
28399995 962
28399997 962
28400001 962
28400003 962
28399999 962
28400006 962
28400007 962
28400010 962
12715430 12715439
28400012 13796551
28400012 28400013
9810080 9810084
13585959 13585962
191145 173419
191145 428890
28400016 4176809
16984 87640
446341 87640
28400017 11874011
190412 146474
1866486 2665698
28400020 13575043
510017 50813
510017 54715
28400021 30001
277798 30001
84271 56285
28400022 463501
28400023 13220274
28400023 13434560
189813 77864
189813 64046
107011 36969
743829 101138
743829 191797
2059798 191797
2059798 2819195
979194 191797
1493295 191797
9785379 191797
22531462 191797
9052268 191797
23563916 191797
8004843 191797
28400024 191797
252200 191797
9584333 198616
2164088 2904964
10753247 56957
364105 360276
364105 962692
1054912 151361
117093 116835
8324253 36754
28385981 36754
28385981 1455096
28400025 15708425
28400027 28400028
193032 87667
101548 44506
1571861 379885
4913740 4913777
190655 584730
3117646 584730
5419481 5419504
143317 80876
1452171 51819
1256101 51819
1911898 2689398
8300719 256228
1820884 372983
5470644 5470665
28400029 101699
9631954 9631977
28400031 6198
28400032 2627158
219038 15178
564837 15178
767743 15178
38890 15178
759423 15178
159796 15178
897528 1709116
7660458 1585719
894592 704621
28400033 704621
28400035 3663234
693168 1448162
944325 1774906
989840 1835590
35354 140634
690907 140634
4689630 140634
28400037 1440731
6496259 203112
6496259 6496268
6123668 4052
28400038 3628394
28400038 826472
28400038 28400039
369308 969305
196156 590591
979003 1822495
28400041 3253187
2625632 3253187
3910509 4123689
2308492 3018818
590875 1323490
14393953 14393958
901667 871060
8172970 8172981
284727 795544
6048960 795544
2161980 2902527
28400042 2902527
3086457 2902527
5030510 611164
894147 543450
3254287 1816209
3968819 119427
6091389 1837631
28400043 1315411
9044998 1210176
12956881 816603
1326158 2197713
28400045 2197713
6127576 6127584
14132694 6127584
3506335 3862218
3157056 3628394
3157056 83099
3157056 3628395
28400047 28400048
14128270 14128277
28400050 28400051
28400050 28400052
28400050 28400053
28400050 113563
28400062 28400063
1283250 2160760
28400066 4157676
28400067 1399088
988700 16571
5087176 5087181
3460267 821571
195074 586130
510081 381343
510082 381343
119414 381343
2467960 381343
2467960 441499
509553 381343
510938 381343
2378222 381343
22532797 381343
8538402 381343
1621564 381343
3104697 381343
511206 381343
1312980 381343
6589647 381343
9277645 3970304
12236304 3961238
6127577 3961238
441931 443056
441931 270269
441931 1008878
10808502 270269
1715194 216243
1715194 500931
6463544 2400988
1541278 2400988
1738366 2400988
6920842 589686
194958 589686
28400069 589686
2553005 133323
28400070 133323
6541551 133323
28400071 6583928
28400071 28400072
194770 556250
693593 82377
10017748 82377
5267117 82377
5267117 5267131
5267117 5267132
4837353 429560
7670068 2164009
28400074 3371234
28400075 28305235
4943404 4943408
67027 255438
28400077 11752698
6496280 6496296
28400079 15681243
28400080 15681243
28400081 15681243
28400082 15681243
28400083 762562
28400085 762562
1925581 762562
347778 344635
8611 65633
1208809 2084950
23756726 1444792
5837024 3338460
4923090 56955
28400089 77689
28400091 77689
28400093 77689
28400095 77689
1517878 2376989
9093858 9093863
1313798 221952
1206081 221952
359834 958885
7455982 958885
7455982 7456030
8050363 8050369
295116 816343
15320420 12225695
5322030 5322035
5293254 191795
4038978 191795
2193283 191795
3463800 191795
3385865 191795
6048798 191795
28400096 191795
5566070 191795
4397272 191795
911180 191795
7607653 191795
1599961 191795
2163783 191795
331822 191795
905940 191795
28400097 28400098
28400099 28400100
21883 17034
5542568 5542579
5542568 5542580
28400101 203112
28400101 28267483
4837354 4837391
1302741 6190
2156134 6190
28400102 6190
139278 433819
28400104 7477502
7477493 7477502
28400109 5018534
28400110 5018534
28361737 5018534
28400111 5018534
5018507 5018534
677776 1420984
8226197 1420984
1320103 1420984
1765427 1445843
690662 1445843
109194 353219
10321827 10321830
2265276 25344
28400112 25344
2155989 2897946
562540 1282381
346139 36815
196113 590581
9326809 9326820
12222 74641
28400114 74641
6712301 172304
749852 172304
6008658 5339149
3423557 3806581
300122 38202
5477352 5477359
28400116 28400117
567847 148365
28400119 28400120
360509 959605
2528356 3187630
5419046 3187630
8543880 3187630
11723645 11723649
5601319 5601340
5601319 5601341
109293 46407
13244344 4542690
28400123 13576205
136001 426187
136001 426188
1753409 340822
567825 5147
344757 5147
1305667 5147
4163550 4293356
135875 34310
1398 18511
1399 18511
19579 18511
28400124 18511
426157 135854
3913403 2933334
13109882 13109887
28400126 2961117
28400126 28400127
28400126 12988973
2230478 2961117
2727769 3318592
28400129 3747562
28400130 28400131
2922507 1204227
2747107 1204227
22825115 1204227
14524975 1204227
509554 1204227
2197241 2933820
4161729 2933820
28400134 2933820
3250556 398513
28400135 2442
4517847 2186256
1314649 2186256
28400136 28400137
1515405 691706
12182123 189491
251195 742585
251259 742585
2178393 2916746
14338901 2916746
5632804 2916746
3880783 39733
3880783 50610
3880783 21248
35355 39733
94377 116758
4382303 116758
9059029 752114
9059029 9059033
28400138 2429567
28400139 2429567
28400141 2429567
28400143 2429567
28400145 2429567
28400147 2429567
28400149 2429567
28400151 2429567
28400153 2429567
28400155 2429567
5334398 411682
3030595 3536627
923117 1731870
28400157 1731870
1518914 2377576
1515927 1515928
5034450 1907545
2872736 1090512
1563832 1090512
441875 1090512
652621 977547
28400159 172310
28400161 28400162
14214844 252334
101164 332189
8370251 8370253
7313528 7313531
7126733 7126738
2558076 512139
28400164 28400165
272828 113512
193518 79835
28400167 1078024
28400174 28400175
7441717 7441722
172311 164703
172311 251404
172311 73657
5274363 164703
5274363 251404
5274363 73657
988615 251404
28313282 15701872
9188037 9188049
5329284 261701
1413904 261701
670219 261701
8098929 757350
11181483 11181485
28400176 28400177
557132 1280098
9964834 9964841
28400180 3920533
1942216 2715900
28400181 1082004
28400182 499430
28400183 4394240
375373 101138
28400184 2033660
8487271 8487281
6958836 6958844
6958836 6958845
756339 1538910
4237596 100040
4380201 4438406
4482951 1583929
1515199 1583929
4383726 1583929
1515406 2376149
1515406 2376150
1749381 2573727
28400185 11695325
36766 146452
1482836 1343152
693246 1343152
605741 1343152
5612924 1343152
7129561 7129590
7129562 7129590
10286535 10286536
28400186 388899
8810136 8810142
2558020 3203154
28400187 14641166
28400188 2335
4618053 4627361
2689512 471563
3068199 799201
7323494 799201
6078465 6078472
5795508 5795529
28400190 10266818
358952 80685
28400191 6447298
28400192 9277592
28400192 28400193
319751 863712
28400201 863712
818361 1624759
28400202 7583134
28400204 28400205
8600733 8600739
5069294 5069302
28400210 5069302
3117598 2435389
1576096 2435389
3117638 2435389
191584 213137
9388967 213137
1619970 2378867
2467995 2378867
2467891 2378867
1523583 2378867
2378868 2378867
5475624 5475625
5529290 5529307
12618959 556121
563287 556121
1517764 2376942
28400211 974162
9488864 974162
6097027 544262
2591569 3226848
70845 261184
10875538 10875544
1518466 68954
72114 2444
5628684 5628795
28400212 13220526
4438089 4480273
4438090 4480274
10025378 4480274
911450 1722494
13184544 194090
28400213 5008891
3929807 2448810
3536383 2448810
3213755 2448810
3030389 2448810
1592099 2448810
28400214 28400215
1515108 2376053
569927 745081
569927 1285730
28400216 1285730
28400216 7133679
7133675 1285730
7133675 7133679
7035318 7035323
28400217 28400218
911181 1722391
28400223 28400224
975440 34514
6611915 34514
1394627 34514
1525855 34514
1284860 2163149
11977409 11977418
93761 318806
28400227 124574
984932 124564
984932 124574
28388404 124564
28388404 124574
7572157 124564
7572157 124574
1496454 124564
1496454 124574
441274 124574
2681304 124564
2681304 124574
2681701 124564
2681701 124574
28385074 124564
28385074 124574
28362115 124564
28362115 124574
28400229 124564
28400229 124574
800400 1592189
2622598 3250578
5574573 5574613
2548686 656565
9021767 16890
87093 16890
6874539 6874544
28400230 1555411
772502 1555411
28400232 9020668
6545956 5629185
2313685 2949502
2216004 2949502
7722748 5352695
5352688 5352695
28400233 5352695
1738367 2569970
3396750 3790530
28400234 893084
3201656 893084
6598657 893084
901553 893084
28400235 893084
1851778 893084
10027332 893084
28400236 893084
1847047 893084
28400237 893084
9033264 893084
329501 893084
28400238 893084
906914 893084
28400239 893084
28400240 893084
28400241 893084
3982714 893084
28400242 893084
6663102 6663108
5233603 5233968
5233604 5233976
63791 941
10561755 4015884
191146 585454
5408929 5408966
25427576 4279649
7994692 7994695
143102 450067
28400243 15689773
28400245 13919
2063777 176012
28400246 705830
28400249 28400250
28400252 372652
7668303 4448987
791496 913810
974433 1816910
16701 86305
1494068 221587
28400255 221587
28400256 221587
743252 221587
28400257 221587
190656 221587
1518409 221587
28400258 221587
510120 221587
251645 221587
2476362 221587
28400259 221587
1313240 2185163
1313240 221587
252484 221587
1517932 221587
12496789 221587
1513680 221587
8333682 221587
23324660 221587
28400260 221587
28400261 221587
1312971 221587
3461643 221587
28368513 221587
23522463 221587
2476363 221587
28400262 221587
54185 221587
190657 221587
3607433 3931533
7270611 2120714
28400264 2120714
28400265 2120714
28400267 2120714
28400269 2120714
3248850 1808205
8884452 8884465
569855 37223
3587165 37223
28400272 2203481
815346 1618373
28400274 28400275
12044688 12044695
28400277 1867248
28400279 28400280
28400281 15852708
5730747 5730758
28400283 28400284
28400287 28400288
28400290 28400291
11248578 3106864
3213839 3668208
251765 561883
251765 744104
6301352 6301358
899175 1709945
28400297 28218746
28400300 7000019
28400301 7000019
28400302 7000019
28400304 7000019
28400305 7000019
4552831 4569785
194842 45233
28400307 220460
53308 220460
2396726 70000
755995 70000
755995 1538684
28400308 70000
28400309 70000
28400310 70000
1774657 116209
4258017 116209
5818671 116209
252161 116209
252247 116209
743965 116209
8664160 116209
7517730 116209
28400313 116209
818272 116209
191955 116209
251286 116209
978392 116209
5492133 116209
252550 116209
743966 116209
5652781 116209
28400314 116209
815386 116209
7822216 222710
2089662 2842992
11721887 11721898
28400316 8831525
28400317 28400318
7197932 48001
9224633 48001
28400320 28400321
10337941 10337949
10337941 1259874
4861998 2354075
28400324 7504678
28400325 7504678
28400326 10643685
10643683 10643685
340404 65850
340405 65850
8722 65850
28400327 65850
3064345 65850
5374729 5374732
3312104 2556472
28400329 28216647
28400330 28400331
28400334 28400331
2087676 2058534
331772 80799
381836 551294
359042 957751
693169 957751
5612343 5612350
5616652 5612350
28400336 118311
1965562 118311
21229 118311
5877909 5877914
9049418 5877914
9049418 2537825
9049418 8003284
28400337 12031100
6766026 546423
28400338 143755
2296099 2304518
2176122 34426
28400340 1546174
772503 1546174
772504 1546174
28400341 1546174
28400343 1546174
772505 1546174
3130122 1546174
28400345 1546174
762780 1546174
28400346 1899268
816266 1620821
13133473 12230860
13133478 12230860
25426476 14439022
28400348 14439022
28400349 3090518
14191477 1291902
381837 79972
28400350 14346631
703967 228277
195921 590493
3242328 3689055
4978122 2053415
28400351 2053415
1180850 2053415
512752 1208152
3068177 160167
8913328 160167
11425179 160167
11377726 160167
28400353 13465739
28400354 13465739
28400355 13465739
28400356 13465739
28400357 13465739
28400358 28400359
3024205 3532992
10898846 10898857
28400362 161906
28399561 28399563
28400363 2198502
28400364 414047
5652782 5652795
28400366 4241841
28400367 4241841
28400368 4241841
4094441 4241841
28400369 28400370
28400371 28400370
5027763 37443
25443771 25443775
1208534 80178
191427 585885
1487460 585885
28400372 28400373
5408504 5408506
251959 744291
1998611 4363
6452754 6452789
28400374 557231
14999924 14999940
126601 412091
1314094 2185930
252665 117439
67956 213615
10558865 10558866
4812638 50611
379355 50611
189280 50611
1321623 50611
28400375 50611
28400376 50611
986711 50611
987378 50611
2190091 50611
986627 50611
251260 50611
28400377 50611
510248 50611
7104668 50611
1493958 50611
50634 50611
251566 50611
12247795 50611
1619795 50611
580154 50611
8410196 50611
441524 16527
441524 50611
190658 50611
2933632 50611
3669400 1749368
28400379 28400380
243053 681033
85919 85900
8680778 8680793
8680778 6000536
331577 18532
319371 18532
28400381 18532
830115 18532
28400382 18532
28400383 18532
28400384 18532
28400385 18532
28400386 18532
1400 18532
93928 18532
96044 18532
28400387 18532
670831 18532
28400388 18532
28400389 18532
28400390 18532
28400391 18532
1814021 172549
2580280 3219263
2580280 3219264
4213481 115859
509519 115859
1599502 46104
455564 46104
439271 543595
272634 18871
28400392 8192600
28400396 8192600
28400397 8192600
28400398 8192600
28400399 8192600
28400400 8192600
28400401 8192600
28400402 8192600
28400403 8192600
28400404 8192600
3910637 3575530
28400405 3575530
28400406 3575530
1963228 927173
28400407 28400408
28400410 4933222
28400412 4487845
193519 12202
4036698 12202
289220 12202
5100698 143570
5504382 479667
28400413 6558564
1493296 1162733
2410247 583278
2719931 1946280
28400416 28400417
5360044 37359
28400418 3029348
2325767 3029348
18972 106571
3674055 106571
9401725 106571
1737978 2569909
5456969 5457007
5456969 5457008
5456970 5457007
2528357 3187633
4118137 3187633
2528358 3187633
3049414 3187633
28400419 3187633
7077375 2613672
1799595 2613672
3988038 1214818
9504898 9504922
22852530 15706610
252378 581209
4967758 581209
1394821 581209
1324296 581209
2187386 581209
2720016 3311805
2720016 3311806
5162139 5162156
5162140 5162156
28400420 5162156
1948851 207010
331907 903462
2918648 3458171
28400421 28400422
11868145 11868164
5049894 5049902
944227 911182
911183 911182
944245 911182
911477 911182
4146717 671764
15591812 671764
3642819 729337
95889 323225
9824161 323225
743967 1521540
1487898 2355081
8000395 2355081
3929887 1931918
10296927 1931918
1068933 1931918
2995167 2995159
8805154 120342
14283698 120342
28400425 120342
28400427 120340
28400427 120342
28400435 120342
28400437 120342
28400439 120342
28400441 120342
28400443 120342
28400445 120342
28400447 120342
28400449 120342
28400451 120342
28400453 120342
28400455 120342
28400457 120342
5370852 2430501
28400459 28400460
1312463 449663
28400461 3180174
9989401 584769
14454014 584769
190659 584769
28400463 656811
28400464 656811
28400465 13229346
28400466 13229346
28400467 28400468
72115 264151
1611148 2461165
273043 777809
97038 326422
28400479 319371
28400480 4172803
28400481 4172803
28400482 4172803
28400483 4172803
28400484 4172803
28400485 4172803
28400486 4172803
28400487 4172803
28400488 4172803
28400489 4382286
15220901 15220928
8680925 8680933
28400490 28400491
895427 1707665
28400497 28382723
28400500 11954112
3611538 3934702
10314012 10314017
9003738 8014076
5212585 5212594
5934116 5212594
14422745 2637713
3882860 2637713
11633235 2637713
28400501 2637713
5751012 2637713
5531766 2637713
28400503 2637713
2060228 2637713
5751013 2637713
1831422 2637713
3076939 2018884
28400504 28400505
2557013 2901050
5234139 2308642
5234139 4511703
1598451 2452452
28400507 28400508
28400510 12193494
28400511 28400512
4265833 4021516
4265833 4358062
28400517 28400518
28400521 28400518
28400523 28400524
1184790 2057856
28400525 28400526
54659 224339
658850 224339
288088 803335
14203431 14203434
358628 957044
11749728 3356198
5700472 5700503
1180701 2053291
3316525 2625354
1814547 2625352
1814547 2625354
28362500 2625354
28400529 991782
350193 37963
4215750 905
3060330 3555373
1103171 1974554
10294097 10281843
566943 46261
2161257 2901933
28400531 2983728
172312 531972
653354 531972
5066739 1820835
28400532 28400533
3113075 3593915
6275123 3593915
607257 1344076
28400534 15335122
28400534 8493390
590331 153487
28400535 28400536
6165345 929877
28400542 2627250
360085 959190
693736 959190
2436057 959190
2627008 3253988
28400545 13566300
28400546 194910
28400551 1560481
1792113 20998
9045016 1483798
6189598 90531
359835 90531
746840 1526392
10292737 10292743
28400552 10292743
14538803 10292743
5426155 5426168
1611149 2461167
1954282 206952
1954283 206952
6514011 6514034
7764784 2184559
2993794 900
2993794 3509648
2993794 2184559
1312297 2184559
1312298 2184559
1606656 2456533
14624386 3616694
14624386 14624393
28400553 28400554
105859 338167
28400557 11842115
28400558 28400559
267305 768971
7702891 7702898
28400560 28400561
7289592 7289597
3674103 3972929
28400564 3972929
1530926 2389028
3387481 3785172
6712302 6712311
6712303 6712313
28400565 28400566
96551 324623
28400568 28400569
11424437 255704
3302736 3728632
12277651 12277660
12650604 12650611
28400573 15687610
11693263 11693267
28400574 15693478
28400575 15693478
1624725 447101
5432429 5432437
1093989 1959972
28400576 1959972
251227 742664
251227 742665
28400577 28400578
5085451 5085478
9832231 9832232
10314013 10314018
9270989 9271009
11972025 1716395
28400579 1716395
9505895 295437
28400581 28400582
381838 970382
9895948 9895956
28400583 543827
2155868 172893
905941 1717907
28400585 373113
116855 373113
115871 373113
28400586 11107434
28400590 3686796
28400591 3686796
653601 1396561
776424 1561599
894279 1561599
8852986 1561599
8852986 3651347
374653 977834
3146188 977834
2750937 977834
28400592 4207505
10043229 10043234
2631830 3256608
28400593 3592586
2640531 3263530
509555 1204228
28400594 28400595
28400597 28400598
28400600 28400598
6451655 1777984
948228 1777984
5625012 1777984
6451656 1777984
11875232 1777984
28400601 1777984
2898212 3440606
28400602 329502
9830098 9830109
28400603 28400604
28400606 28400607
14439373 3120728
7456073 7456103
13117427 13117436
697124 1453052
5408407 5408429
934644 1760418
8944247 8944274
7764785 7764814
129063 415437
6057175 178168
194543 178168
191956 51167
2465467 46666
1522967 46666
28400609 1096301
15344392 7384
5371031 5371040
2477059 268042
379431 16861
743188 16861
1460433 1866713
3920121 1866713
5175380 1866713
1517706 296735
2591663 3226896
28400611 228732
28400612 1503247
28400613 1501213
28400615 1501213
1747656 2461823
4726783 2461823
1634910 2461823
28400616 3651347
4186621 1531267
28400617 1531267
4228991 687222
12359238 687222
4121819 687222
1772164 687222
801138 656858
28400618 28366379
3655364 146723
10643482 10643485
1530927 55600
9824109 55600
10817390 55600
1809397 55600
4554764 55600
3193452 55600
28400619 55600
1054403 55600
195504 55600
115542 55600
9808699 9808708
974434 372688
12191255 5613404
555595 131237
3946639 2707047
3946639 4148037
9631955 9631978
3093866 3580125
1312962 744371
251991 744371
1313299 561883
251211 561883
2411104 561883
5219916 561883
251414 561883
251414 743240
251832 561883
1516550 190653
102038 333903
2381998 3072856
272635 38951
5824795 561880
5824795 5824807
5824795 5824808
9408451 5824808
28400620 5799382
28400621 28400622
2452932 3132570
28400626 556034
5367442 556034
1339762 1501394
556308 285552
1279560 285552
28400628 10037244
5528991 3356199
28400629 3356199
99637 329767
3083829 329767
28400631 28400632
28400641 6336839
7737860 264545
3587550 7432
73679 102520
2379519 102520
36586 145334
8640949 3743894
28400645 2407
746274 1525503
28400646 355206
28400647 28305338
71327 263061
73680 266580
828127 112326
2932259 3467056
14659110 13680217
28400649 3575570
28400650 3575570
28400651 3575570
5626167 5626193
3571193 1187858
14723937 8854667
8854610 8854667
3163222 71078
28400652 71078
889440 61978
9563950 9260335
3684498 86712
1634997 186943
1555774 34284
1667832 2507260
39604 162311
12561409 1161638
28400653 28400654
1814548 193022
28276453 193022
173630 193022
3223653 1676051
5029972 4123898
1356426 261050
252162 261050
142594 261050
70565 261050
28400666 11803137
206932 164703
5233350 5233925
1449871 2320041
190063 583368
6537213 6537218
1314650 2186257
4482501 4514809
194771 589498
9808700 9808710
1209335 2085617
5233444 551231
28400667 2317106
6148369 2317106
4141308 2317106
7992482 2317106
2580965 3219680
28400668 2701861
28400672 2701861
3268040 3707928
6198240 3707928
6920843 6920892
28400675 4365607
52560 218597
101375 218597
897574 1709135
28400676 1050093
4478452 2443813
294681 81355
28400677 81355
28363686 105132
28400678 6981687
12275897 967839
1320594 967839
802751 1594878
9467815 926811
9773754 9773758
5175381 2443814
3909960 586213
191735 586213
14612336 8044732
8044724 8044732
7247527 272032
3027738 272032
5232884 116792
4988637 116792
1515909 51505
194664 51505
5466991 51505
1618789 51505
1452582 354637
4351404 354637
4351405 354637
15256830 44152
9388968 139325
2611031 139325
807609 139325
2602871 139325
3319733 139325
4986833 139325
5230452 139325
3729246 139325
15340111 139325
8271000 139325
5739388 139325
5749585 139325
5109506 139325
28400685 190630
28400686 195232
1738456 2569991
28400687 28311310
28400688 11909717
10335382 800448
11890031 1282824
3684516 1282824
3684516 3979972
28400689 28400690
8359717 6252563
28400693 446416
28400694 446416
28400695 446416
28400696 446416
28400697 446416
1298290 1619531
907909 6208
28400698 446417
28400699 446417
28400700 446417
28400702 446417
28400703 446417
28400704 446417
28400705 9275437
509556 373121
191957 373121
509520 373121
365216 373121
190191 373121
294682 373121
4913741 373121
115872 373121
118790 373121
28400708 6345976
1930097 2706599
582577 84652
28400709 28400710
653550 1396555
28400712 12611736
28400713 547158
115873 373123
116800 373123
9402016 373123
28400714 5011070
28400715 5011070
1514852 903415
1514852 2375964
9811443 2375964
8927336 8927372
28400716 8927372
28400716 28400717
372547 973958
944537 973958
2385327 973958
801355 973958
801356 973958
944560 973958
28400718 973958
1829981 2636948
2542303 3196039
67957 50476
5138380 50476
2473680 271915
9808882 765339
8040344 2710287
9103923 9103929
28400719 28400720
971063 1810372
194470 359574
28400722 28400723
14209692 14209696
1867615 2666945
5218735 2666945
28400725 216239
3813544 2988883
15362698 3902640
15457390 9042782
6635405 2323703
99328 329184
28400727 28400728
4977458 4977457
4977458 4803192
5115071 5115081
28400733 28400734
28400737 3747535
28400738 14963107
3910351 4123647
1518088 2377111
21915588 21915606
28400739 28400740
28400747 13676482
28400748 125666
4933690 125666
1759917 2580007
28400749 3529777
28400750 7478892
9659796 1100894
5869659 223399
894666 1707226
28400751 1521280
7574906 1521280
28400752 37045
12745035 37045
5041084 50922
12707292 3204390
815277 2822
190932 2822
1186076 2822
4763554 2503802
28400755 12348457
28400756 12348457
28400758 12348457
28400760 12348457
294683 252034
193913 411879
11943946 5739869
28400761 28400762
28400772 28400773
28400775 28400776
28400780 28400781
28400784 28400781
28400786 28400781
28400787 28400781
28400789 28400781
28400791 28400781
28400793 28400781
28400795 28400781
28400797 28400781
379605 985585
28400798 3696781
14676047 14676051
92097 2989
28400799 449724
8950492 3597120
3117643 3597120
21884 120523
2747018 3338601
3920283 3529770
2909241 903415
331773 903415
28400800 28400801
315073 148834
6268213 4297
750133 411933
28400804 3984807
12326539 3984807
3690686 3984807
3470464 1327274
2933519 1327274
28400806 1327274
28400807 1538684
28400808 1538684
28400809 1538684
28400810 1538684
28400811 1538684
28400812 1538684
28400813 1538684
28400814 1538684
28400815 1538684
28400816 1538684
28400817 1538684
28400818 1538684
28400819 1538684
28400820 1538684
28400821 1538684
28400822 1538684
28400823 1538684
28400824 1538684
28400825 1538684
28400826 1538684
28400827 1538684
28400828 1538684
28400829 1538684
28400830 1538684
28400831 1538684
28400832 1538684
28400833 1538684
28400834 1538684
28400835 1538684
28400836 1538684
28400837 1538684
28400838 1538684
28400839 1538684
28400840 1538684
28400841 1538684
28400842 1538684
28400843 1538684
28400844 1538684
28400845 1538684
28400846 1538684
28400847 1538684
28400848 1538684
28400849 1538684
28400850 1538684
28400851 1538684
28400852 1538684
28400853 1538684
28400854 28400855
2468719 252021
363285 252021
28400859 3561273
3069109 3561273
28400861 136796
28400862 136796
28400863 136796
28400864 136796
28400865 136796
8965699 136796
28400866 136796
28400867 136796
28400868 136796
14505699 136796
28400869 136796
28400870 136796
358253 38588
9314917 216248
553020 469498
28400871 28400872
375335 978285
22611444 978285
28400875 7254362
28400876 28400877
28400876 28400878
1515669 440220
5958606 440220
1496354 440220
1513463 440220
345889 180366
1642775 180366
28400881 180366
7583818 180366
191019 160064
294980 816119
3852636 2128110
1250466 2128110
28400883 137737
5503816 5503833
5503816 5503834
970206 534618
3254288 180197
28400885 28400886
2393467 146169
902422 65823
28400887 71110
8604923 8604945
2586474 368104
8245781 8245787
3130123 3606380
650747 476530
9117720 7157401
4385393 216252
3086458 216252
193702 588657
251454 743392
2313403 2189385
553034 552080
14713959 552080
28400888 552080
28400890 552080
28400893 6536211
15657433 132997
28400894 87702
28400895 87702
2377091 87702
6637445 6637459
301465 253182
190847 253182
28400896 966
28400896 252853
729909 1501414
7674305 246058
564977 497808
3657487 221951
358629 16969
5874185 231215
1693083 2527309
1191740 2066464
28400897 2066464
3572536 148835
28400898 28230076
3069110 3561275
28364268 3561275
253167 746527
5619412 985264
5619412 746527
28400900 746527
7991768 7991775
28400901 899
73681 899
1523270 899
1496402 207035
28400902 207035
1963229 2733714
28400903 455711
28400903 138529
9307367 1398821
9307367 9307374
28400904 15069578
6188961 399417
1521387 50619
194665 50619
987692 50619
2163975 50619
1818454 50619
14407689 3778474
28400905 28400906
28400910 28312868
3984407 961936
2613624 961936
363001 961936
7065458 7065465
28400911 28400912
6638343 6638347
14391069 14391072
28400914 14391072
1844705 2603321
1312734 1312987
15193450 7500742
15193431 7500742
15193490 7500742
7500734 7500742
28400916 7500742
28400919 28400920
808875 535822
28400926 37705
14214845 14214849
2639837 3263098
2639838 3263098
2528493 10232
10335473 10232
28400927 10232
75176 10232
28400933 10232
28400936 10232
2157765 164294
9833957 9833965
28400937 15847579
195195 369833
986755 125211
28400938 35336
4012726 4190551
4012726 4190552
359645 160090
2545627 160090
28400939 160090
1687326 2523522
6325879 2523522
10773421 2523522
28400940 496642
28400941 496642
28400942 496642
28400943 496642
28400944 496642
28400945 496642
28400946 3984365
28400947 28267432
28400949 28267432
22788297 11680666
28400950 19520
1599203 19520
28400951 19520
28400952 19520
102039 19520
28400953 19520
28400954 19520
2545369 19520
392883 19520
28400955 19520
1784423 19520
2176303 19520
357227 19520
2548606 19520
162830 19520
800401 251207
15325332 203115
28400956 341213
7152992 203112
12060075 12060081
6192561 6192572
6192561 6192573
4932661 1891
14432737 14432743
28400957 28400958
143103 450068
8128381 43990
11221057 11221069
191020 251446
252666 251446
248788 73837
7008076 73837
28400960 28400961
28400964 28400961
1634998 2419264
4111695 894918
25461378 3339080
4291600 2653752
28400982 13228531
9466201 675760
8214792 675760
790927 675760
4310145 1181591
28400985 1398846
656519 1398846
4923065 1398846
4047409 1940066
277799 44990
272792 44990
28401048 7784
2544165 3197428
3253204 972488
15655659 43317
53774 120340
28401049 120340
28401050 120340
98933 120340
21885 120340
324082 120340
248789 39205
2640588 2381281
1524181 2381281
22714553 2381281
1524182 2381281
1063369 12832
1063369 1925592
28401051 4113182
3893282 4113182
8003279 8003284
28401052 8003284
28401053 8003284
12236305 77692
4191037 3876591
146482 462290
961809 462290
868151 462290
12236306 12236313
28401054 12236313
28401055 1008878
28401056 4210354
4046593 4210354
22712000 77688
2681074 77688
10864347 77688
1709449 2540174
28387018 7531736
12148700 12148706
5051672 5051686
193520 45231
28401057 28401058
28401061 140894
1514071 140894
28401062 2394629
28401063 7616225
28401067 12236307
28401070 12236307
28401072 898017
28401074 898017
28401075 28401076
28401080 189970
45282 196183
23125 125616
69172 125616
14663692 14663696
5358177 2635855
5357489 2635855
5357490 2635855
7296278 2635855
3387402 2635855
6456727 2635855
28401081 73838
28401082 73838
11139099 73838
104602 93047
193703 93047
1636799 93047
6633093 124564
6633093 2681638
1900117 124564
1900117 2681638
28401083 793919
193521 113511
5258144 124564
5258144 165634
7505122 251640
5191318 251640
5924107 251640
585365 251640
375374 978362
4922729 285037
2443784 285037
28401084 10249
28401085 28401086
28401089 28401090
28401093 10658730
28401094 8370261
608690 137436
2081334 2835505
2708340 2467244
28401095 69986
3620320 3942424
276869 783669
7872378 7872381
329571 893333
28401097 893333
28401098 893333
9318621 906390
28401099 906390
2545937 489043
28401014 4923100
4923056 4923100
4923497 4923100
28401100 4923100
28401102 4923100
4923283 4923100
4923287 4923100
28401105 4923100
28401107 4923100
28401110 4923100
28401112 4923100
28401114 4923100
1137491 2009157
28401116 28268810
28401118 28401119
14233972 4962798
4962766 4962798
28401125 4962798
28401126 4962798
5043220 1724976
917012 1724976
3072818 1724976
1942217 1724976
955677 1786604
8097454 8097488
8097454 8097489
28401127 28401128
5145260 251117
8736601 656929
251287 742912
28401131 28401132
3130124 3606382
28401136 28401137
3553874 3553870
28401140 3553870
3584008 3916791
28401141 4368854
28401142 4368854
7099494 7099514
3107385 958
395769 256438
299348 824236
5941789 5941795
903453 1714242
194843 589559
7883770 7883771
651294 338844
2547766 338844
904261 338844
1663672 2503858
28401146 34519
769531 73858
2742603 21256
743968 15940
15479297 216268
28401150 342857
1680285 2515947
9650300 9650325
287977 346698
6135525 50812
1826589 50812
5248435 19836
225444 19836
744860 1523435
1520161 2378286
50635 214668
303042 214668
28401152 582913
189595 582913
189595 50615
511238 50615
693826 50615
693826 1448863
379356 50615
379432 50615
15200500 13457739
14474794 5382596
28401153 316574
5479870 5391083
3555447 1186573
3145437 1186573
499132 1186573
1826729 2635764
4054250 4214626
28401154 4214626
28401156 4214626
28401158 4214626
28401160 4214626
28401162 4214626
28401164 4214626
28401166 4214626
28401168 4214626
28401170 4214626
28401172 4214626
28401174 4214626
28401176 4214626
28401178 4214626
28401180 4214626
28401182 4214626
28401184 4214626
28401186 4214626
28401188 4214626
4790539 1298785
28401190 1298785
12287341 1298785
581298 1298785
28401192 1298785
2932768 1298785
28401193 1298785
1519857 1298785
28401194 1298785
3117647 1298785
28401195 1298785
28401196 1298785
1951100 190388
1950835 190388
1842040 190388
50636 214672
4263121 214672
196114 590582
12500340 12500344
4552807 4569776
14370908 7244474
14475366 7244474
535632 513003
162831 513003
653823 513003
743830 21225
743830 1448863
1103172 1448863
1827384 21225
1827384 1448863
28401197 28401198
28401206 28401207
107612 352044
325168 352044
107613 352044
194471 118590
10550334 118590
1343076 118590
5569785 118590
140752 118590
6175864 118590
28401210 118590
653551 118590
54313 118590
9626164 1341570
9626164 118590
13168840 13168845
1192304 291041
1192304 1094168
1522870 291041
1814593 291041
372062 291041
443680 291041
1814549 291041
979195 291041
28401211 1630813
8399532 1818596
975669 1818596
28401212 2483847
2286959 2483847
1827238 1675664
986628 50614
807610 50614
429884 50614
975462 21225
1312948 21225
1103173 21225
50637 21225
1523252 21225
815347 21225
3695432 21225
21230 21225
510327 21225
2747108 21225
14475367 21225
28401213 21225
1312576 21225
21231 21225
832393 21225
1095657 1535943
6610432 975638
7441718 975638
7841912 975638
28401215 975638
373153 975638
6574334 975638
6504422 975638
2328225 975638
358305 290894
5407716 290894
6459103 290894
358306 290894
2276630 290894
23185191 7244470
28401217 2637236
14345727 7217341
28401219 5590621
8810993 8811009
5924440 1591280
28401220 1591280
7637079 1717913
905970 1717913
7002710 1717913
12277652 1717913
5079329 1717913
6834370 815874
374275 815874
14609801 815874
294885 815874
509904 815874
28401221 815874
2080390 815874
8020115 815874
977216 815874
7401625 815874
5050373 6827
278637 162804
509670 1204339
856722 943869
28401223 943869
353474 943869
1671753 943869
28401224 943869
1635480 943869
252523 742442
384362 995978
3595650 3923640
7868156 3923640
28401225 28401226
4059148 4216600
3734712 4010438
3734713 4010440
28401230 28401231
4378348 4166298
3734714 4010441
9425195 9425199
9011725 9011740
9656412 337685
28401233 14393959
14393954 14393959
1514654 2375876
28401234 15684910
1315971 2187041
191147 585455
28401236 13546257
28401237 13546257
28401238 13546257
28401239 13546257
28401240 13546257
28401241 13546257
28401242 13546257
14435520 3809167
3427679 3809167
307986 840488
987525 1833886
22639624 1833886
28401243 1833886
28401245 1833886
1313799 1204688
1314095 1519752
5478722 5478738
28401246 11665873
14228504 14228517
6640143 6640162
28401248 28401249
104826 337373
822908 1630821
988719 1630821
251646 743835
5620462 5620469
252083 744644
1413905 2286824
4956015 4956022
4956015 817127
105799 120043
46801 120043
99580 120043
52920 120043
96825 120043
51773 120043
21708 120043
52921 120043
383704 120043
93762 120043
389332 120043
2648518 120043
330817 120043
1254967 120043
338098 120043
338099 120043
338100 120043
318469 120043
2512121 120043
2512122 120043
892174 120043
1843539 120043
22241074 120043
98716 120043
105800 120043
94512 120043
390289 120043
110885 120043
383858 120043
1673720 120043
9428956 120043
995820 120043
14445206 13449784
6744749 1535761
7575568 7575572
28401254 28401255
1345494 2220490
3644640 3956926
6682605 6682612
28401257 6050551
3713366 3999088
14241988 3999088
9211690 4121788
5407686 149058
9380088 2367796
9380079 2367796
28401259 28401260
6392462 903416
3886263 903416
331774 903416
1530928 1920545
3761030 4026858
3761030 4026859
3761030 4026860
28401263 2816786
1523095 2200414
11344531 11344533
9593801 3699740
2503077 3171809
28401265 28401266
28401268 28401269
8503067 8503071
28401275 28401276
6637460 6637468
12275615 9962341
6170265 6170319
9171723 9171732
3027739 3534983
28401277 3671651
924177 1732830
924441 1732830
7101358 387857
5773461 5773475
8823375 8823378
28401279 28401280
252293 744872
987038 744872
768361 46343
28401282 121632
20431 81695
28401287 81695
28401289 1607584
807201 1607584
1314651 495742
10641880 307458
14277301 592899
28401290 592899
8600169 1471940
6037876 191560
7945565 191560
3086481 191560
4922730 191560
5031668 191560
10622123 357661
3746174 2422172
2381231 3072269
1765067 2582133
374630 977795
9500346 9500349
9171073 3235393
28401292 1539300
28401307 28401308
28401311 7713519
16931 87378
28401312 2180513
5549167 6187
911999 111413
19580 111413
28401313 111413
9930703 2168464
295041 16527
193914 16527
441173 16527
294856 87723
654990 21248
2081429 21248
777210 21248
195075 59367
251164 88156
28401314 88156
1790773 103442
28401316 53363
142595 449049
251165 449049
5077988 5000730
6224491 5000730
888580 193122
1963768 215985
2994555 215985
8509697 52135
1497776 2362365
28401317 28401318
2183531 348672
1911899 2689400
194913 589637
4215742 4326338
28401321 28401322
28401324 1342560
605620 1342560
28401325 1342560
28401326 1342560
28401327 28401328
28401332 590494
28401333 590494
195922 590494
408959 1045567
28401334 28401335
4663058 4668982
5332553 5332571
51184 216136
3939821 4144113
6614466 6614478
6154730 6154740
215486 654687
22823217 15695708
5134804 73657
565127 43780
14514460 14514464
14514478 14514464
6129898 6129905
5112678 546142
69173 258166
903697 1714607
871879 974425
28401339 28401340
5489390 357517
689662 1065755
946120 1776527
9807025 1179487
886546 120048
21709 120048
28401343 120048
28401344 12020877
693827 1448872
251373 743077
5226031 5226035
1519858 2377946
3025031 3533333
11842060 3533333
5685666 3533333
4688697 4692712
191021 194227
1971585 2743433
28401345 2617767
28401346 28401347
379276 985152
3086445 205748
2393975 205748
5551380 205749
7447789 1353511
6059288 615184
28401348 205843
3679512 58549
6664622 205786
6289039 205787
329503 893086
3920122 596846
4011390 615067
3574165 426655
897338 1070358
28401349 1301430
1284956 229582
28385940 23118892
28401350 252315
28401350 742474
4505715 2727569
2294439 3012635
28401351 3012635
28401352 1436892
1611175 2461184
28401353 3384239
194472 589253
5775825 3151199
2476364 3151199
1312299 1312296
28401354 1312296
2163784 308085
9808701 9808711
7832163 7832166
940276 1771513
411998 1049742
411998 1049743
10972568 1833599
2545794 3197870
1844429 2649251
35356 140640
1523147 985264
1103174 985264
379450 985264
1493745 985264
1617613 985264
22800168 985264
9408452 985264
28401355 985264
28401356 985264
9130165 985264
1488805 985264
1523040 441499
1523040 985264
1356427 985264
379831 985777
1312972 2184979
5770062 252288
744861 252288
1619248 252288
2452212 2918860
1513848 856792
191958 586679
1518238 2377214
4571743 3921937
556359 557877
785784 1572157
28401358 1093794
1518089 2377114
194666 589364
374678 977856
770480 147241
15515099 15515102
358254 251338
5039949 3233217
567546 74201
772506 148829
2026595 934597
4927702 934597
28401361 934597
346355 934597
1513454 2375269
136002 426191
294684 815697
3677057 3974540
28401362 8833756
772507 311817
5319999 5319999
28401367 28401368
9407860 9407865
1911997 2689547
1259058 1551222
7088168 7088173
3268295 232709
28401369 28401370
28401373 141861
28401375 141861
118596 141861
10893352 141861
28401376 28401377
28401380 28401377
1798568 2613019
28401381 13514897
4212366 1563611
12952686 9625360
11973175 9625360
4771021 379195
191585 586089
191586 586089
5701245 586089
2163462 477822
1748412 2573059
28401383 28401384
28401386 28401387
1830503 2637195
9317188 2437125
11128549 4811117
28401390 28401391
28303810 28303817
28303810 28303818
28303817 28303810
28303818 28303810
28401393 3898679
28303819 13615822
28401395 28401396
52561 218601
73682 233048
3027740 601985
5458423 5264677
28401399 234608
191736 44034
191877 4379
191877 44034
251697 44034
384280 44034
28401401 44034
1320890 16811
28314606 2378738
28401402 2378738
1521017 2378738
5864787 5864796
14546525 13552330
253233 746654
28401403 15696657
936739 328337
8975939 328337
1515808 1205915
6067172 6067179
8612360 479668
14360982 479668
28401404 13244801
251212 160168
172313 160168
28401407 160168
341483 13188
6158066 7793
252832 745474
4441995 4483491
28401408 7107503
28401412 28401413
898121 1709471
28401415 191278
3468081 191278
5126770 5126777
690663 197779
3840648 4080050
28401416 477821
3317620 477821
8927337 216233
8852966 1117305
8852966 1468254
8852966 1989223
8852966 1468201
9985477 1989223
5050804 5050829
2381232 745191
252524 745191
8874631 8874638
351807 940510
1772487 940510
941262 940510
28401419 940510
203130 127790
8852987 1468254
770481 157486
3180030 372651
1831641 2637983
28401420 28401421
28401425 512211
510753 512211
977163 512211
1704409 512211
1322743 512211
253078 512211
315751 512211
253079 512211
162414 512211
13423542 512211
1046322 512211
2630805 512211
13434718 512211
346222 895349
28401426 28401427
15190680 15190685
9384212 9384219
986712 1833504
3117644 3597123
10830933 9166453
9166447 9166453
373513 373514
23123803 23123805
28401429 23123805
613440 1351660
6126089 1282360
28401432 2377948
1519859 2377948
5187522 2377948
5187523 2377948
5147222 2377948
28401433 2377948
6171673 6171683
28401434 28401435
28401438 28401439
301466 826164
4989301 4989350
12052175 4989350
5610093 5610101
7172123 5610101
28401444 28401445
28401444 28401446
28401444 28401447
28401451 28401445
28401451 28401446
28401451 28401447
28401452 28401453
1952894 2724867
21827471 21827484
11930531 11930533
289221 806833
28401454 9548819
343676 44062
251288 742916
1526089 2384474
251289 742939
509886 742939
251374 742939
272937 777539
9491684 9491704
2625666 2624037
28401455 785834
13565695 13565707
9285196 9285202
3157226 3628431
15784614 350593
106483 350593
85920 293894
1714861 2544942
4235664 4341666
10329963 4341666
14411971 6862221
8752376 8752384
10878875 10878882
1831447 1707522
1831447 2537907
11801791 11801799
1609985 2460150
1312973 561880
1312973 584771
190660 561880
190660 584771
1312653 561880
1312653 584771
251415 561880
251415 584771
28401459 561880
28401459 14358900
22665414 561880
22665414 14335931
14412413 561880
14412413 14335931
1518208 561880
1518208 2377190
2377013 561880
2377013 3068898
28401460 28401461
28401462 28195446
9475521 9475523
3145409 3619968
261308 70914
14417563 14417566
28401463 28401464
15721825 6990466
28401470 28401471
28401472 28401473
28401475 28401476
28401478 28401476
28401479 28401476
28401480 28401481
28401483 28401484
7194379 6445476
345890 594646
23276481 23276484
100611 330974
28401486 2156600
28401486 102452
698807 1455096
195076 589858
28401487 224089
28401488 224089
3025251 224089
28401489 224089
28401492 224089
28401493 224089
28401494 224089
224260 224089
28401495 224089
1449930 224089
3025252 224089
1449907 224089
54616 224089
1449908 224089
603138 224089
28401496 28401497
974435 1816914
1816916 1816914
13474347 1816914
28401499 1816914
12994981 264360
9634318 264360
8785043 264360
6116302 264360
11921151 451601
6728324 6728336
8480062 372365
4086164 1561665
776499 1561665
28401501 28196157
28401501 28401502
2547019 3198067
2546199 157636
2546199 319676
2546200 157636
2546200 319676
11025358 11025362
4515523 272849
1752950 2575126
8476836 8476869
1523397 2203192
3070670 3561874
3070672 3561874
6111031 180111
3223691 180111
1321044 2191823
203131 65093
7172442 7172451
28401504 7782440
28401505 1080586
1609868 50122
14635964 14635969
5233605 176579
2637790 3261467
28401506 28401507
28401508 28401509
28317648 28317650
1816186 180120
345891 180120
1274448 180120
25406684 180120
985230 180120
9044964 180120
895457 1707672
28401510 487106
4994907 4057642
7416685 4057642
25441118 4057642
7332362 7332375
12806226 7332375
3844329 4082872
28401513 28401514
9442637 9442663
1201435 2077106
28401517 780114
1069763 780114
10774616 10774621
1816142 1120797
28401519 28401520
4989184 4989172
4989160 4989172
3592704 3921972
28401524 25435954
1514853 745616
252859 745616
28401525 28401526
28401528 28401529
28401536 28399357
28401537 28399357
28401538 28399357
28401539 28401540
28401543 28401544
28401546 37178
28401547 1279741
193704 588659
6091254 6091272
773013 443060
7875537 443060
3101587 443060
3101588 443060
2728000 443060
1555461 443060
35357 140643
988541 742660
8258681 742660
252860 742660
15607139 742660
28401548 742660
251228 742660
603169 1340463
4542998 911538
9373016 236042
191022 413908
801401 1592850
11793066 11793071
9025369 9025375
8859385 144481
8028223 4520169
6170266 6170320
6170267 6170320
9106974 149805
28401549 5267132
28375735 15686897
5793478 35142
28401550 28401551
28401555 1182364
116038 373607
509887 373607
28401556 509992
8095926 1050096
5976163 1050096
373154 975640
17119 86776
194473 86776
391642 1002280
2321774 228076
5856578 5856590
50638 214674
11127791 11127802
1827944 2636736
3263134 3704724
10657488 10657566
3057836 3554073
3057836 3554074
1844356 2649249
7074787 2377012
1517901 2377012
28401557 9921676
1599204 2452435
1598367 2452435
28401558 14193
28401558 196316
7484517 3790786
14365557 2138966
28401559 1566436
28401560 4927621
1842942 455847
772508 455847
28401561 380308
587006 380308
118791 380308
28401562 14338374
28401566 28401567
28401571 28401567
28401572 28401573
102530 334339
102531 334339
4980168 334339
907910 334339
3504419 334339
8760611 334339
945484 334339
4980231 334339
28401576 334339
4980225 334339
28401577 334339
21656733 334339
28401578 334339
2503293 334339
12205852 334339
3214051 3668407
651359 1393750
28401579 1393750
1620075 1617913
5803868 1617913
28401582 1617913
3146111 1617913
4991065 1617913
3146129 1617913
2467403 1617913
23149758 1617913
815198 1617913
3146112 1617913
28401583 1617913
28401586 1617913
28401587 1617913
28401588 1617913
28401589 1617913
28401593 1617913
28401594 1617913
28401595 1617913
28401596 1617913
28401597 1617913
28401598 1617913
28401599 1617913
28401600 1617913
6739165 1617913
28401604 1617913
28401605 1617913
7693726 1617913
5806278 39873
164492 39873
270025 39873
8835326 39873
3531247 39873
40202 39873
136228 39873
164493 39873
270026 39873
3071540 1831442
3151733 1814893
1967597 983743
1762122 983743
8473010 983743
378675 983743
117094 376668
28401606 28401607
3194048 3651416
28401610 28401611
12165792 13918
28364070 13918
153605 13918
5674347 5674355
28401615 28401616
28401620 28401621
28401626 8085162
28401628 4160626
9422159 9422181
28401629 13159990
28401631 7788792
140753 441154
3098823 548098
7448656 548098
51185 201687
698808 1455098
28401632 28401633
1245569 696934
4958627 696950
1208618 2084853
6548226 2878485
4263122 16750
28401640 966
28401640 12544
6690931 5019436
6690931 6690945
4980444 4980649
272522 34528
5234116 43862
12342711 3561070
536368 1253864
7375130 119522
193307 487496
1540179 2399868
73683 266584
3850537 4085967
12758111 8932419
8932403 8932419
5784533 5784539
557331 499
270871 499
2545516 1144627
3113019 1786615
12076865 12076880
498951 73847
267306 73847
767950 73847
28401645 15682903
411999 1049745
133004 420753
28377217 28377218
9609670 1959947
690285 260566
1800228 2613947
118191 6056
28401646 28401647
5602124 5602135
28401649 28401650
8647710 575599
195196 589908
28401655 589908
28401657 28401658
3654927 3962946
9811801 9811807
3685702 192635
3091044 3578348
9548503 5450936
8420878 5450936
16759 84376
140754 441156
1672589 2511220
772509 243410
28401660 3689310
28401662 118772
28401664 5239654
28401665 5239654
5519490 5239654
2286960 3007990
2449029 3907
134207 3907
443079 3907
1814632 822837
28401666 822837
7184090 229823
1227981 169377
1313538 272079
28401667 113563
73684 266586
772510 40943
5952751 40943
78753 277125
8360794 8360808
84045 288459
10294912 4237124
1518056 2377099
3659293 3964172
28401671 544751
28401673 933
70566 933
1598590 2372841
374211 373124
2461203 373124
115874 373124
509499 373124
7246479 31925
944448 1775017
28401674 613745
1501730 2365919
28401675 28401676
19842 112386
103322 134390
8957696 8957705
8957696 3599264
9982125 9982128
21741828 21741834
8617302 219339
73685 263888
28401680 133722
28401681 28401682
28401686 2191361
28401687 28401688
1842725 1810258
970937 1810258
9449000 164704
28401689 14612709
28401690 111327
28401690 28401691
2085676 2839482
28401692 2839482
28401693 2839482
1562773 1478819
9659797 9659847
16702 86307
28401694 28401695
28306615 28306617
28401702 1632561
15219968 1632561
586648 1317964
3060331 179787
12135649 181664
11766219 4401001
6445102 4956123
2328316 1398821
328348 257555
5485003 257555
1534801 257555
266069 257555
6504397 257555
191587 257555
3317489 257555
5342087 257555
4457865 257555
28401703 28401704
1282864 286039
357438 954042
28401707 28401708
28401710 15690806
4164091 4164081
816562 203108
1356463 203108
1784424 1096438
28401712 28401713
357439 954043
23126 125619
698809 125619
28401715 212115
363002 961944
442055 1090679
2080500 1090679
28401716 28401717
6575160 6575203
2795490 745243
28401722 745243
28401723 745243
252632 745243
224630 696635
302928 832319
28401724 13581337
587729 125620
23127 125620
23128 125623
8072566 8072573
1819438 2629990
28401726 71918
28401729 557402
698883 73841
698883 1279500
693170 1279500
28401730 4234864
28401731 28401732
10843791 10843794
22823884 3620440
9886689 3620440
3146233 3620440
2589941 146859
28401734 28401735
28401737 13732693
16845 86946
2327742 3030602
10049742 10049746
10049742 10049747
6126025 6126027
3152922 3624667
4195396 4313139
944505 1775087
2320702 1775087
2309386 559352
4648658 745081
2164023 745081
7528672 745081
3916557 745081
9383696 9383722
816563 181638
15759 81510
28401738 4922246
186971 576559
54729 223486
54413 223486
194772 589500
15668877 589502
12298433 589502
1413999 589502
2300550 589502
28401740 589502
4902045 589502
1340420 589502
2294375 589502
194773 589502
8609241 8609248
28401741 28401742
5354990 2126556
531964 116314
687261 1441827
691138 1446033
5022576 8851
28401743 8851
5035280 5035301
252485 745152
252124 744733
11280716 2571980
28401744 28401745
28401747 28401748
101280 332477
28401751 28401752
12652303 12652322
959582 18022
2959419 203116
5504646 203116
2272040 203116
28401755 23735763
10674 71060
28401756 28401757
537035 1255983
10829869 10829874
1771365 120828
3674056 120828
1313384 591630
191588 519185
2188973 519185
3925819 5420
2742567 3335305
10022351 10022353
194152 588913
67827 256460
2193366 2930590
28401761 1468564
3338583 3428059
28401763 216274
5976164 24300
470271 1138943
340406 930535
28401766 593933
251145 742463
1313539 2185374
832394 61732
14336521 14336525
10654995 10655007
11928474 9308422
191282 398286
1618735 2468201
9293851 5802549
5802542 5802549
6691927 5802549
5222629 5222633
14718314 5222633
28401768 28401769
5988406 1282096
4240438 4344690
28389739 817127
295449 817127
9553613 817127
28401773 817127
7314841 7314849
119662 381929
3262368 3702456
94440 44932
28401775 44932
39496 92898
28401776 28225892
2796282 3370632
373155 975643
979196 1823046
1958319 1823046
2379730 3070674
28401777 13161991
6118734 1562989
7844543 7844549
10337886 183889
96552 324628
3896166 1204455
297763 821389
7294303 308574
5126108 295520
1673331 858228
16703 86308
757351 2349
50639 214677
172314 214677
8711619 214677
871135 826472
925209 826472
301783 826472
582578 1300400
3213756 174817
28401778 157081
516814 157081
7755058 157081
28401780 157081
1068358 157081
180870 157081
28401781 157081
189409 298955
1620133 298955
4786093 298955
87736 298955
6521855 298955
1619796 298955
22626560 298955
172315 298955
1103175 298955
360233 959272
7822306 959272
2686927 3191341
2534734 3191341
587672 1319202
14371596 742492
251166 742492
28401782 742856
251261 742856
11117371 11117379
3708179 3996133
5716619 5716644
5929533 5929538
3756066 4023354
1685913 2522087
7458569 5824807
8298115 8298126
28401783 8298126
28401784 8298126
4438091 1515506
960213 1797245
2351008 73652
73686 73652
15241550 15241552
28401785 370604
28401786 28401787
28401786 28401788
21807650 21807655
10979893 10979901
12076375 10979901
5164635 2926288
5164636 2926288
6900784 2926288
3629129 3948004
28401792 28275733
28401794 28275733
944211 1774831
944211 1774832
7745740 7745748
28401797 28401798
4123521 4265524
2639600 586092
191589 586092
903503 1714413
2063778 2822884
1059614 2423
6478678 6478682
9045027 238974
8647730 8647734
413775 274114
357440 73653
3858687 73653
28401805 28401806
28401809 4427346
22688286 4427346
8566647 4427346
905942 1717911
5276949 538831
3539687 3888567
1844525 2649299
5349170 5349183
986682 1833479
1685914 1833479
1492324 1833479
23451894 1833479
1522849 1833479
6437742 1833479
988520 1833479
3684499 1833479
23047735 1833479
23631373 1833479
986713 1833479
1522043 1833479
987182 1833479
3263045 1833479
28401810 1833479
987945 766999
14614232 14614241
94378 320063
392843 320063
95000 320063
98717 328006
8269762 328006
328349 891845
1763874 2581806
13585 77114
2546881 39036
28401812 966
28401814 966
28401815 966
28401816 966
28401818 966
28401819 966
28401820 966
28401821 966
28401822 966
5662377 966
28401823 966
4111696 750832
28401824 28401825
1516440 7775
2629107 2358935
5563053 2358935
5563053 1094168
1492772 2358935
5382577 5382588
7815111 5382588
1838616 192018
8711730 16748
2083952 2837850
28401828 11748854
877766 1695139
5800619 444213
28401830 1100896
28401831 9356708
7441719 7441724
6575161 548277
28401832 67532
8535025 4905672
28401834 28401835
2929346 426277
28401839 426277
537036 34513
28401840 34513
4480077 4512960
4515007 3790542
441275 75365
28401841 4474426
1513464 2375274
3268067 204271
3838237 4078178
28401842 512752
28401845 28401846
14250884 20211
9925635 20211
970600 20211
1685 20211
2627409 20211
5123052 20211
4397571 20211
3604404 20211
585456 20211
191148 20211
974414 20211
3660451 20211
743969 20211
3934899 4141033
962826 1800825
288089 803337
28401848 1959934
4477726 3627759
14663693 391126
28401850 391126
1100852 322605
569907 1285714
28401852 418558
8352244 433111
767402 745089
252405 745089
2571917 191406
1598591 191406
650748 191406
277800 784797
28401855 13140318
28401856 11960234
28401858 282445
676438 41870
2607610 41870
28401859 28401860
135876 426047
9162562 1115066
4636335 1701723
1704022 1701723
886547 1701723
3180031 3643752
28401866 441499
1280945 441499
2159842 441499
1520523 441499
294685 441499
2922913 441499
379468 441499
2627121 974232
9985792 212300
894897 735006
3083807 154293
8896267 154293
28401867 154293
213583 226708
28401868 151360
28401869 2995961
1814865 973151
1523278 973151
28401870 1822499
28401870 13234285
153606 484660
172316 124564
28316394 124564
1317811 124564
28313557 124564
7462826 124564
28401871 124564
28313056 124564
1070024 124564
28401872 124564
1932891 124564
1932892 124564
28401873 124564
9914071 124564
28401874 124564
28311772 124564
3531039 124564
28401875 124564
7473125 124564
12160257 124564
28303222 124564
28401876 124564
28384638 124564
28306188 124564
28401877 124564
28401878 124564
28401879 124564
28401880 124564
28311709 124564
9464804 124564
6366464 124564
28401881 124564
28401882 124564
2467245 124564
8633006 124564
3733291 124564
28401883 124564
3070343 124564
28401884 124564
5276548 124564
28401885 124564
28314601 124564
28401886 124564
28401887 124564
6882245 124564
28312140 124564
2708729 124564
28306194 124564
28401888 124564
28365686 124564
7902305 124564
6533454 124564
28401889 124564
28401890 124564
6263557 124564
28401891 124564
28303122 124564
28401892 124564
9572183 124564
1932194 124564
7956667 124564
28303051 124564
28401893 124564
28401894 124564
28401895 124564
28303119 124564
28374105 124564
28317580 124564
28401896 124564
28312861 124564
3729157 124564
28401897 124564
28401898 124564
28401899 124564
28401900 124564
28401901 124564
14407898 124564
28401902 124564
28401903 124564
28401904 124564
28401905 124564
28401906 124564
28401907 124564
28401908 124564
28401909 124564
28401910 124564
28401911 124564
28401912 124564
28401913 124564
28401914 124564
28401915 124564
28401916 124564
28401917 124564
28401918 124564
28401919 124564
28401920 124564
28401921 124564
28401922 124564
3070577 124564
3754634 124564
2681491 124564
4829978 124564
984933 124564
2354458 124564
1069696 124564
8887577 124564
6096048 124564
3741002 124564
8231166 124564
1932893 124564
2188956 124564
28401923 124564
28374066 124564
28401927 124564
28401928 124564
28378064 124564
8957402 124564
28401929 124564
11966985 124564
28383850 124564
3895737 124564
28401930 124564
28305430 124564
28374890 124564
3914790 124564
1900170 124564
14314211 124564
28305616 124564
6434345 124564
15576182 124564
28371896 124564
28382391 124564
28373176 124564
12160939 124564
14407899 124564
28401932 124564
4183972 124564
6958492 124564
14315824 124564
8801432 124564
28401933 124564
28305428 124564
28401934 124564
28303124 124564
28317582 124564
28305669 124564
1900171 124564
28384540 124564
4795548 124564
28374856 124564
371899 124564
1069697 124564
995075 124564
1079176 227271
28401935 227271
73687 160063
8860352 251206
28401936 251206
28385232 28385235
974399 372676
2033605 1388242
12929856 1388242
7089432 562384
3385835 116864
9365234 116864
28401937 2753719
251229 742668
28401938 12365044
1254284 919
14671253 14671260
14671254 14671260
12784490 1771337
331775 903417
4169040 411654
191959 411654
28401939 910
8030052 593765
1591018 593765
14221378 2333233
3908536 1468201
1707328 734806
193033 588078
28401941 1398979
3972416 1398979
772511 1398979
102348 2470
28401943 2470
987183 298627
987879 298627
12784913 298627
8476837 314292
28401945 28401946
28401950 38
214266 652306
2187694 652306
28401951 652306
1534802 652306
2559545 379884
22467324 6556663
537037 378795
987608 1833936
28401952 1833936
5305403 462625
1446374 2315145
2627191 930258
339921 930258
5234140 4989352
11626886 771726
1545598 771726
28401954 771726
28401955 771726
28401956 771726
979004 1822497
11701544 1822497
4662198 1822497
6961643 925
559471 1281364
5460371 4074211
8758116 3817655
3608581 3817655
9043797 2378001
1519946 2378001
2473917 1822499
979005 1822499
28401957 4426439
12100109 4339511
4232823 4339511
5304668 373955
1622711 2470209
9460173 9460214
943684 184882
1522003 14943
28401958 14943
1642869 14943
250510 45873
28401959 14945
4275112 14945
2930591 5064
379451 985266
449669 985266
28401960 985266
1626139 985266
28401961 985266
1626149 985266
3071334 985266
28401962 985266
1954445 985266
28401963 28401964
3529772 902897
2542304 902897
12747894 152370
1920473 2697249
66866 255416
6836305 36892
28401969 15614192
28401970 113564
3253862 2627001
28401971 28401972
1549481 166932
252163 744815
3069111 561880
5140766 561880
1313636 561880
22951616 561880
28401974 561880
14446031 561880
13767959 561880
251833 561880
23403059 561880
23207850 561880
28401975 561880
23174180 561880
23162720 561880
28401976 561880
1620125 561880
28401977 561880
22951617 561880
28401978 561880
28401979 561880
2377336 561880
28401980 561880
23181828 561880
2358151 561880
28401981 561880
28401982 561880
28401983 561880
28401984 561880
28401985 561880
2468321 561880
28401986 561880
7155793 561880
28401987 561880
28401988 561880
3054777 561880
3054777 955610
1487377 561880
2185396 561880
28401989 561880
1313300 561880
2376998 561880
28401990 561880
3052965 561880
9072729 561880
28401991 561880
28401992 561880
5062285 561880
28401993 561880
28401994 561880
6587521 561880
28401995 561880
28401996 561880
28401997 561880
2356050 561880
28401998 561880
28401999 561880
28402000 561880
28402001 561880
28402002 561880
28402003 561880
28402004 561880
28402005 561880
28402006 561880
28402007 561880
28402008 561880
28402009 561880
28402010 561880
28402011 561880
2922801 561880
1489116 561880
28402012 561880
28402013 561880
28402014 561880
2356051 561880
1494069 561880
357967 561880
357967 955610
1517902 561880
7348278 561880
1312974 561880
955611 561880
28402015 561880
2922802 561880
1488970 561880
1488970 955610
2922803 561880
296048 561880
9045017 2637828
4763648 1770890
736270 63859
28402017 63859
28402019 28402020
28402023 20226
28402025 2380818
1523398 2380818
23306392 2380818
28402026 14387224
28402028 14387224
28402030 14387224
28402032 14387224
12675762 1913614
8088607 8088616
28402034 28402035
4746205 149099
48504 196316
2429444 196316
28402037 1538702
3745846 1538702
755996 1538702
119415 380309
28402038 380309
118792 380309
977355 380309
28402039 21688
28402040 28402041
13193874 255905
195077 589861
10788501 10788504
689663 6664
28402044 1148279
11549631 36891
28402045 36891
28402046 36891
1749420 36891
28402047 36891
8689878 36891
8420934 36891
28402048 36891
28402049 36891
28402050 36891
5374658 36891
1745687 36891
4512043 36891
28402051 36891
28402052 36891
28402053 36891
28402054 36891
28402055 36891
28402056 36891
28402057 36891
28402058 36891
28402059 36891
28402060 36891
28402061 36891
28402062 36891
28402063 36891
28402064 14404669
28402065 28402066
28402073 1809697
12922741 3899064
7178132 3899064
28402075 13739960
5203258 5203268
1103176 251115
1420906 2296222
191737 137405
6960825 3934701
28402076 3934701
6870846 3604415
1831448 1120753
7419752 1120753
7419753 1120753
28402077 28402078
3637026 117440
1519860 117440
1518467 117440
1513470 117440
28402079 117440
1519861 117440
13165735 117440
7247528 246056
28402081 260254
1562663 260254
73107 265662
28402106 626
21774437 626
1634999 626
1908 21252
15207266 21252
28303820 21252
10957772 973243
28402107 124565
28402108 124565
8301953 124565
28402109 124565
28402110 124565
28402111 124565
28402112 124565
28402113 124565
28402114 124565
28402115 124565
28364071 124565
28402116 124565
28383911 124565
28402117 124565
28402118 124565
28402119 124565
28402120 124565
28402121 124565
28402122 124565
28402123 124565
28402124 124565
28402125 124565
28402126 124565
28402127 124565
28402128 124565
28402129 124565
28402130 124565
28375990 124565
1900172 124565
28402131 124565
28402132 124565
28371676 124565
28402133 124565
8647212 124565
28402134 124565
28402135 124565
28402136 124565
28402137 124565
28402138 124565
28402139 124565
28402140 124565
9601557 124565
28402142 124565
2681608 124565
897708 1709243
772512 62217
3624582 3944752
1007266 74595
99035 74595
6195536 726752
373570 976460
39439 115875
28402143 1553306
5289659 5289674
509557 1204229
3458935 3022696
2313302 3022696
829262 1641274
5504857 36672
1054632 12055
1765397 676439
1514403 73841
28402144 73841
85921 73841
11242352 4927674
28402145 4927674
1484173 17960
7066919 17960
4518517 17960
28402146 17960
28402147 17960
14454722 10926188
14522684 10926188
28402148 10008406
28402149 10008406
28402151 10008406
28402153 10008406
10008402 10008406
28402154 10008406
28402155 10008406
28402157 10008406
28402158 10008406
103860 336004
350595 936809
690286 936809
2060672 936809
