1326559 1854709
1396314 678086
1396314 678097
1396314 678098
1396314 678099
1396314 2270292
1396314 1854710
1396314 1094689
1396314 680467
1396314 2270293
1003942 678086
1003942 678098
1003942 1854709
1003942 1854710
1003942 1854711
1396315 678086
1396315 678097
1396315 678098
1396315 678099
1396315 1854709
1396315 1094689
1396315 680467
2989956 2935202
2989956 678086
2989956 2656581
2989956 678097
2989956 678098
2989956 678099
2989956 1094689
2989956 680467
1960597 678086
1713585 678098
1713585 678099
1713585 1094689
2271130 678086
2271130 678098
2271130 678099
680489 1433199
680489 1433203
592189 678086
592189 678098
14672145 1854788
2543639 793700
2543639 1854857
2543639 678086
2543639 2198304
2543639 1094689
1325879 678086
1325879 678097
1325879 678098
1325879 678099
1325879 680467
1854874 1854848
1003947 1854788
1326357 678098
1326357 678099
2271132 2656581
2270944 678097
2270944 678098
2270944 678099
2270944 1094689
2270944 2992161
1326587 1433199
1326587 1854824
1326587 793700
1326587 2198262
1326587 2198210
1326587 678086
1326587 2198264
1326587 2198239
1326587 678097
1326587 678098
1326587 678099
1326587 680467
14671187 1854857
15141867 1854857
15141867 678086
15141867 678097
15141867 678098
15141867 678099
15141867 1854709
15141867 1094689
15141867 2992161
15141867 680467
3925511 2990999
3468778 1854857
3468778 2198210
3468778 678086
3468778 678097
3468778 678098
3468778 678099
3468778 1854709
3468778 1854848
3468778 680467
21725725 3509062
3034225 131696
21792914 1433290
1964949 1854871
4093168 1854857
4093168 678099
2270635 2990978
1003951 1433199
1003951 1854802
1577147 680467
680574 1433290
1422447 2297653
2989422 678086
2989422 678097
2989422 678098
2989422 678099
2989422 2270292
2989422 1854710
2989422 1094689
2989422 680467
2989422 2270293
3504376 678086
3504376 678097
3504376 678098
3504376 678099
3504376 2270292
3504376 1854710
3504376 1094689
3504376 680467
3504376 2270293
28731414 2656423
28731414 3507691
28731414 1094689
28731414 949453
28731492 680467
4241252 678086
4241252 2198264
4241252 1094689
2439292 1854824
28732523 678086
28732523 678097
28732523 678098
28732523 1854709
28732523 1854710
28732636 678097
28732636 678098
28732636 678099
28732636 1854709
28732636 680467
28732637 678097
28732637 678098
28732637 678099
28732637 1854709
28732637 680467
28732932 678098
28732932 1854709
28732932 1854711
2991820 793700
2991820 678097
2991821 678086
2991821 2656581
2991821 678097
2991821 1854709
2991821 1433290
2270806 678086
2270806 2656581
2270806 678097
2270806 1854709
2270806 1433290
2991822 678097
28733315 678098
28733315 678099
28733315 2992161
28733317 1433290
2270205 1433199
2270205 1854824
2270205 2198264
2270205 678097
2270205 678098
2270205 1854871
2270205 1854710
2270205 1094689
2270205 949453
2989402 1854824
2989402 678086
2989402 678097
2989402 678098
2989402 678099
2989402 2270292
2989402 1854710
2989402 1094689
2989402 680467
2989402 2270293
2270206 678086
2270206 678097
2270206 678098
2270206 678099
2270206 2270292
2270206 1854710
2270206 1094689
2270206 680467
2270206 2270293
2989423 678086
2989423 678097
2989423 678098
2989423 678099
2989423 2270292
2989423 1854710
2989423 1094689
2989423 680467
2989423 2270293
2989424 678086
2989424 678097
2989424 678098
2989424 678099
2989424 2270292
2989424 1854710
2989424 1094689
2989424 680467
2989424 2270293
220309 678086
2271139 1433199
2271139 1854824
2271139 678086
2271139 678097
2271139 678098
2271139 678099
2271139 1730354
2271139 2934958
2271139 1094689
2271139 2993156
3119870 3598729
2656582 793700
3274436 3712444
2197412 1433199
2197412 1854824
2197412 2198210
2197412 678086
2197412 678097
2197412 678098
2197412 678099
2197412 1854709
2197412 1094689
2197412 1854848
2197412 680467
2197413 678086
2197413 678097
2197413 678098
2197413 678099
2197413 1854709
2197413 680467
2989418 678086
2989418 678097
2989418 678098
2989418 678099
2989418 2270292
2989418 1854710
2989418 1094689
2989418 680467
2989418 2270293
3507257 678086
3507257 2656581
3507257 678097
3507257 1854709
3507257 1433290
3504271 678086
3504271 2656581
3504271 678097
3504271 1854709
3504271 1433290
2271140 793700
2271140 678086
2271140 2656581
2271140 678097
2271140 678099
2271140 1854709
2271140 1433290
2656418 1433199
2656418 1854824
2656418 2656421
2656418 2198346
2656418 2198239
28734621 678098
28734621 678099
28734621 1854709
2270210 678097
2270210 678098
2270210 678099
2270210 2270292
2270210 1854710
2270210 1094689
2270210 2270293
2437827 1433199
2437827 1854857
2437827 678086
2437827 678097
2437827 1854811
2437827 678098
2437827 680467
28735629 1094689
28735682 793700
28735682 2198210
28735682 680467
2990186 678086
2990186 678097
2990186 678098
2990186 678099
2990186 1854709
2990186 680467
2270743 678097
2270743 678098
2270743 678099
2270743 1854709
2270743 1094689
2992351 3269786
2992351 678086
2992351 678098
2992351 1854710
2992351 1094689
3507258 678097
3507258 1433290
28736071 1854857
2934045 678097
2934045 678098
2934045 678099
2934045 1854709
2934045 680467
4092694 2935202
1326590 678098
1326590 678099
1326590 2198288
3321922 3509062
3508974 1961289
2993239 1433199
2993239 1854824
2993239 1854857
2993239 678086
2992352 3269786
3507656 3269786
3507665 678097
3507665 678098
3507665 678099
3507665 1854710
3507666 678097
3507666 678098
3507666 678099
2992353 678098
2992353 678099
3507259 678098
1854653 678086
1854653 678098
1854653 1854709
1854653 1854710
3274257 2198264
3274257 949453
28737110 2935202
28737111 2935202
28737111 680467
28737194 2198304
28737195 678086
28737195 2198304
28737195 678098
28737195 680467
28737197 678086
28737197 2198304
28737197 678098
28737197 680467
1003952 1854811
2934494 678086
2934494 678097
2934494 678098
2934494 678099
1326301 1854811
2935050 793700
2935050 2198210
2935050 2198264
2935050 2992161
2935050 949453
28738054 678086
28738054 678097
28738054 678098
28738055 1433199
28738055 10097087
28738055 678086
28738055 2656581
28738055 678097
28738055 678098
28738055 678099
28738055 2270292
28738055 1854710
28738055 1094689
28738055 680467
28738055 2270293
1554380 678098
1554380 678099
2270311 1854857
2270311 2656581
2270311 678097
2270311 1854811
2270311 678098
2270311 678099
2270311 680467
2935051 2198305
2270211 678086
2270211 678097
2270211 678098
2270211 678099
2270211 2270292
2270211 1854710
2270211 1094689
2270211 680467
2270211 2270293
2989426 678086
2989426 678097
2989426 678098
2989426 678099
2989426 2270292
2989426 1854710
2989426 1094689
2989426 680467
2989426 2270293
28759447 678097
28759447 1854709
28759447 1433290
28759506 1854863
28759448 2198264
28759448 949453
220311 678086
220311 678097
220311 678098
220311 678099
28759449 678098
1326541 1854710
15230891 680467
29028114 678098
29028114 678099
29028114 1854709
354476 949453
28733237 1854863
1326567 1433199
1326567 1854824
1326567 1854857
1326567 2198210
1326567 678086
1326567 678098
1326567 678099
1326567 1730354
1326567 1094689
1326567 2198211
1326567 680467
2934495 678086
2934495 678097
2934495 678098
28760951 2656423
28760951 678098
28760951 678099
2993172 678098
2993172 678099
1960662 678097
29704129 678098
29704129 678099
29704136 678086
29704136 678097
29704136 678098
29704136 678099
29704136 2270292
29704136 1854710
29704136 1094689
29704136 680467
29704136 2270293
3505408 2935202
3505408 678086
3505408 2656581
3505408 678097
3505408 678098
3505408 678099
3505408 1094689
29704146 1854857
2993258 678086
2271143 678097
2271143 1854709
2271143 1433290
2271143 1854711
29704170 793700
29704170 678097
29704171 2198304
29704171 2198240
29704171 3507691
29704171 2742092
29704171 2992161
29704174 678097
29704174 678098
29704174 678099
29704174 1854709
29704174 1854710
29704175 1433290
29704175 2934958
29704175 1094689
29704175 949453
2270515 678086
2270515 678097
2270515 678098
2270515 678099
2270515 1854709
2270515 1854710
2270515 1854711
29704178 1854863
29704184 2935202
29704184 678098
29704184 678099
29704184 2934958
29704184 1094689
29704184 1854711
29704184 2992161
2270218 678086
2270218 678097
2270218 678098
2270218 678099
2270218 680467
29704207 678098
29704207 678099
29704207 2989562
29704219 1854871
2271145 678086
2271145 2198304
2271145 678097
2271145 678098
2271145 678099
2271145 1433290
2271145 1094689
2271145 1854848
2271145 2198211
29704245 678097
29704245 1854709
29704245 1433290
29704245 680467
2989427 678086
2989427 678097
2989427 678098
2989427 678099
2989427 2270292
2989427 1854710
2989427 1094689
2989427 680467
2989427 2270293
2991533 678098
2991533 678099
2991533 1854709
2991533 1854710
2991533 1094689
1970175 678098
29704259 1730354
3507699 678086
3507699 678097
3507699 678098
3507699 1433290
3507699 1094689
29704271 678097
29704271 678098
29704271 678099
29704271 1854709
29704271 680467
29704277 2742092
2197414 678097
2197414 678098
2197414 678099
2197414 1854709
2197414 680467
29704294 1433199
29704294 2543646
2989569 678086
2989569 678097
2989569 678098
2989569 2270292
2989569 1854710
2989569 1094689
2989569 680467
2989569 2270293
29704332 2935202
29704332 680467
2993240 2990978
29704362 2198239
29704377 1433199
29704377 1854824
29704377 2656421
29704377 2198210
29704377 678097
29704377 678098
29704377 678099
29704377 2270292
29704377 1854710
29704377 1094689
29704377 680467
4241091 2990978
29704398 1854711
29704399 1854824
29704399 678098
29704399 678099
29704399 2270292
29704399 1094689
29704405 2198210
29704405 2198239
29704405 2992161
29704405 680467
2271146 678098
2271146 678099
2271146 1730354
29704416 678098
29704416 678099
29704416 1854709
3509055 3509062
3509055 678098
3509055 678099
3509055 2989562
29704424 1854871
29704427 2989562
29704428 3509062
29704428 678098
29704428 678099
29704428 2989562
29704130 678097
29704130 678098
29704130 678099
29704130 1730354
29704452 678098
29704452 678099
29704452 680467
29704454 1433290
29704458 678086
29704458 678097
29704458 678098
29704458 678099
29704458 2270292
29704458 1854710
29704458 680467
29704458 2270293
2270636 678098
2270636 678099
2270636 680467
29704462 2656581
29704462 678097
29704462 2742089
29704462 678098
29704462 1854709
2993266 678098
2993266 678099
2993266 2989562
29704466 1854863
29704472 678086
29704472 678097
29704472 678098
29704472 678099
29704472 2270292
29704472 1854710
29704472 1094689
29704472 680467
29704472 2270293
29704478 678086
29704478 678097
29704478 678098
29704478 678099
29704480 3507691
29704480 678098
29704488 3269786
29704488 678086
29704488 678098
29704488 1854710
29704488 1094689
2989570 678086
2989570 678097
2989570 678098
2989570 678099
2989570 2270292
2989570 1854710
2989570 1094689
2989570 680467
2989570 2270293
2270223 2989562
29704505 678097
4241093 1433290
29704510 678097
29704512 678086
29704512 678097
29704512 678098
29704512 2270292
29704512 1094689
29704512 680467
29704512 2270293
2271147 678098
2271147 678099
29704521 2656581
2270313 1433199
2270313 1854824
2270313 1961289
2270313 1854857
2270313 2935202
2270313 2198210
2270313 678086
2270313 2198304
2270313 678097
2270313 1854811
2270313 678098
2270313 1094689
2270313 680467
29704536 1854811
29704541 2198239
29704541 678098
29704541 678099
29704541 2992161
29704541 680467
4092628 2198264
4092628 4241097
4092628 2990978
4092628 1433290
4092628 1094689
4092628 2992161
29704549 1433199
29704549 1854824
29704549 2198210
29704549 678097
29704549 678098
29704549 678099
29704549 1854709
29704557 1854824
29704557 2935202
29704557 2198210
29704557 678086
29704557 1094689
2271148 2198210
2271148 678097
2271148 678098
2271148 678099
2271148 1730354
2271148 1094689
29704577 2543646
29704578 1433199
29704578 1854857
29704578 2935202
29704578 2198210
29704578 2198239
29704578 678098
29704578 680467
29704588 2935202
2992356 678086
2992356 680467
2443044 1854824
2443044 2198346
2443044 2198210
2443044 678086
2443044 2198264
2443044 2198239
2443044 678098
2443044 1433290
2443044 1094689
2443044 2990999
2443044 2198211
2443044 2993156
2443044 2992161
2443044 680467
29704589 678086
29704589 2656581
29704589 678097
29704589 1433290
29704599 678098
29704599 678099
2989428 678086
2989428 678097
2989428 678098
2989428 678099
2989428 2270292
2989428 1854710
2989428 1094689
2989428 680467
2989428 2270293
29704607 1854857
29704607 678086
29704607 678097
29704607 678098
29704607 678099
29704607 2270292
29704607 1730354
29704607 1094689
29704607 2270293
29704609 678097
29704609 678098
29704609 678099
29704609 1094689
2271151 678097
2271151 678098
2271151 678099
2271151 1854709
2271151 1854710
29704621 1854863
29704522 1433199
29704634 678086
29704634 678097
29704634 678098
29704634 678099
29704634 2270292
29704634 1854710
29704634 1730354
29704634 1094689
29704634 680467
29704639 1854871
29704642 1854857
29704642 678086
29704642 678097
29704642 678098
29704642 678099
29704642 2270292
29704642 1854710
29704642 1730354
29704642 1094689
29704642 2270293
29704643 2198304
29704643 678097
29704643 678098
29704643 678099
2989429 678086
2989429 678097
2989429 678098
2989429 678099
2989429 2270292
2989429 1854710
2989429 1094689
2989429 680467
2989429 2270293
2934053 678097
2934053 678098
2934053 678099
2934053 1854709
2934053 680467
29704646 678097
29704646 678098
29704646 678099
29704646 1854710
29704646 1094689
29704647 2742092
2990187 678097
2990187 678098
2990187 678099
2990187 1854709
2542671 2935202
2542671 678098
2542671 678099
2542671 680467
29704658 1961289
29704658 680467
29704662 2935202
29704662 678097
29704662 678098
29704662 678099
29704662 2270292
29704662 1854710
29704662 1094689
29704662 2270293
3862849 678097
29704668 678097
29704668 678098
29704683 1433199
29704683 1854824
29704683 2656421
29704683 678086
29704683 2198264
29704683 678097
29704683 678098
29704683 678099
29704683 1854709
29704683 2934958
29704683 1094689
29704684 1730354
29704685 678097
29704685 678098
29704685 678099
29704685 1854709
29704685 680467
29704689 678098
29704689 678099
29704689 2989562
29704700 678086
29704700 678097
29704700 678098
29704700 678099
29704700 2270292
29704700 1854710
29704700 1094689
29704700 680467
29704700 2270293
29704702 678097
3507260 793700
3507260 2656581
3507260 678097
3507260 678099
3507260 1854709
3507260 1433290
29704711 1854857
29704711 2198305
29704722 678086
29704722 678097
29704722 678098
29704722 678099
29704722 2270292
29704722 1854710
29704722 1094689
29704722 680467
29704722 2270293
29704728 2656581
3507673 678099
29704737 1433199
29704737 1854824
29704737 1854857
29704737 678086
29704737 678097
29704737 678098
29704737 678099
29704737 1433290
29704737 1094689
29704737 949453
29704742 1433290
29704742 1094689
29704742 2992161
11335625 2198346
29704756 2990999
29704759 2990978
29704761 678098
29704761 678099
29704761 1854709
29704766 678098
29704766 678099
29704766 1854710
29704771 1854857
29704776 2198210
1996274 678098
1996274 678099
29704801 3269786
29704801 2934958
2270315 678086
2270315 678097
2270315 678098
2270315 678099
2270315 680467
2993281 2656421
2993281 678097
2993281 1433290
2993281 1094689
29704808 678086
29704808 680467
29704817 678098
29704817 678099
3505547 1433199
3505547 1961289
3505547 2198210
3505547 2198264
3505547 680467
29704825 4241097
29704825 1094689
2991621 678097
2991621 678098
29704830 1433199
3861372 1854788
29704523 2656581
29704839 678086
29704839 678097
29704839 678098
29704839 678099
29704839 2270292
29704839 1854710
29704839 1094689
29704839 680467
29704839 2270293
29704848 678086
29704848 2656581
29704848 678097
29704848 1433290
29704862 2198210
29704862 2198264
29704862 2198239
29704862 678098
29704862 1433290
29704862 680467
29704864 1433199
29704864 1854824
29704872 678097
29704872 4241097
29704872 678098
29704872 678099
29704872 2270292
29704872 1094689
29704872 3598729
29704872 680467
29704612 2935202
29704909 678098
29704909 678099
29704918 29704484
29704918 678097
29704918 678098
29704918 678099
29704922 678098
29704922 678099
29704922 680467
29704524 2656581
29704950 678097
29704950 678098
29704950 678099
29704950 1094689
29704955 678097
29704955 678098
29704955 678099
29704955 1094689
29704955 680467
29704965 678098
29704965 678099
3507444 678086
3507444 678097
3507444 678098
3507444 678099
3507444 1854709
3507444 1094689
3507444 680467
29704973 1433199
29704973 678098
29704973 678099
29704973 680467
29704974 678098
29704974 678099
29705003 2198304
29705010 2198239
29705013 678097
29705013 678098
29705013 678099
29705013 1854709
29705023 1433290
29705026 1433199
29705026 678097
29705026 678098
29705026 678099
29705026 1854709
29705026 680467
29704767 678098
29704767 678099
3863675 678098
3863675 678099
3863675 1854710
2270316 678086
2270316 678097
2270316 678098
2270316 678099
2270316 1854709
2270316 680467
29705062 678097
29705062 678098
29705062 678099
29705062 1854709
29705062 680467
3504242 678086
3504242 678097
3504242 678098
3504242 678099
3504242 2270292
3504242 1854710
3504242 1094689
3504242 680467
3504242 2270293
3862850 678097
3862850 678098
3862850 678099
3504379 1854824
3504379 2198210
3504379 2198304
3504379 678097
3504379 678098
3504379 678099
3504379 2270292
3504379 1854710
3504379 1094689
3504379 680467
29705093 2198210
29705093 29704484
29705093 678097
29705093 678098
29705093 678099
29705093 1854709
29705093 1094689
29705093 2992161
29705093 680467
2270225 1433199
2270225 1854824
2270225 2198210
2270225 2198264
2270225 678097
2270225 678098
2270225 678099
2270225 1094689
3124979 2198210
3507686 2935202
3507686 678086
3507686 2656581
3507686 678097
3507686 678098
3507686 678099
3507686 1094689
3507686 680467
29705150 1730354
29705155 3507691
29705155 1094689
2270748 1854857
2270748 2198210
2270748 1433290
2270748 1094689
29705180 1433290
2991845 1854824
2991845 1854857
2991845 678097
2991845 678098
2991845 678099
2991845 1094689
2991845 680467
2991845 949453
2934047 1433290
2270317 678097
2270317 678098
2270317 680467
29705223 1854857
29705223 2935202
29705223 1094689
29705231 678098
29705231 678099
29705231 1854709
29705231 1094689
29705231 680467
2989680 2656581
2989680 1854788
2989680 1730354
29705239 678086
29705239 678097
29705239 678098
29705239 680467
29704272 678097
29704272 678098
29704272 678099
29704272 680467
29705256 2198210
29705263 2198210
3508926 678098
3508926 678099
3508926 1854710
4093133 678098
4093133 678099
4093133 1854710
29705281 9723189
29705281 678098
29705281 678099
29705281 1854709
29705281 1854710
29705287 678098
29705287 678099
29705287 2989562
29705294 2935202
29705294 680467
29705303 1433199
29705303 1854824
29705303 2656421
29705303 678097
29705303 678098
29705303 678099
29705303 1854710
29705303 1094689
29705309 2198262
29705309 2198210
29705309 1433290
29705312 678098
29705312 678099
29705312 2270292
29705312 1854709
29705312 1094689
2197415 678097
2197415 678098
2197415 678099
2197415 1094689
2197415 680467
2990656 678086
2990656 678097
2990656 678098
2990656 678099
2990656 1854709
2990656 1854710
29705334 1854871
29705344 2543646
29705351 678098
29705351 678099
29705353 2198239
3861233 678086
3861233 678097
3861233 678098
3861233 678099
3861233 680467
29705368 29704484
29705368 680467
2270226 1854824
2270226 2198210
2270226 678086
2270226 678097
2270226 678098
2270226 678099
2270226 2270292
2270226 1854710
2270226 1094689
2270226 680467
2270226 2270293
29705394 1854857
29705414 1433199
29705414 1854824
29705414 2543646
2990188 678086
2990188 678097
2990188 678098
2990188 678099
2990188 1854709
2990188 1094689
2990188 680467
29705424 1854709
29705425 2198210
3505411 2935202
3505411 678086
3505411 2656581
3505411 678097
3505411 678098
3505411 678099
3505411 1094689
29705433 1433290
2990657 2934958
29705447 1433199
29705447 1854824
29705447 2656421
29705447 2543646
2993267 678098
2993267 678099
2993267 2989562
29705459 1730354
29704565 2198305
2990140 1433199
2990140 1854857
2990140 2198304
2990140 678098
2990140 678099
2990140 1094689
2990140 2992161
2990140 680467
29705473 1433199
29705473 2198210
2271154 1854857
2271154 2935202
2271154 2198210
2271154 2198239
2991826 678086
2991826 2656581
2991826 678097
2991826 1854709
2991826 1433290
2991827 678086
2991827 2656581
2991827 678097
2991827 1854709
2991827 1433290
29705493 1433199
29705493 1854824
29705493 2198210
2271155 678086
2271155 2990978
2271155 678098
29705501 1854824
29705501 1961289
29705501 609520
29705501 1854857
29705501 2198239
29705501 678098
29705501 678099
29705501 680467
29705501 2543646
29705506 3509062
29705506 678098
29705506 678099
29705506 2989562
29705508 1854710
2993270 3509062
2993270 678098
2993270 678099
2993270 2989562
3506938 678098
3506938 678099
3506938 1854709
3506938 1854710
3506938 1094689
2270641 1854857
2270641 678098
2270641 2990999
29705522 678086
29705522 678097
29705522 678098
29705522 678099
29705527 678097
29705527 678098
29705527 678099
29705527 1854709
29705527 680467
29705541 2198346
29705541 949453
2990141 680467
29705548 609511
29705548 793700
29705548 678086
29705548 678097
29705548 678098
29705548 1854709
29705548 1094689
29705558 2198240
2934048 678097
2934048 678098
2934048 678099
2934048 1854709
2934048 680467
29704558 1854857
29705568 793700
29705568 678086
29705568 678097
29705568 678098
29705568 1094689
3862851 2198346
3862851 678097
3862851 678098
29705570 678086
29705570 2198304
29705570 678097
29705570 678098
29705570 678099
29705570 1433290
29705570 1094689
29705570 1854848
29705570 2198211
29705573 1433199
29705573 1854857
29705573 678086
29705573 678098
29705573 1854710
29705573 680467
29705185 2198305
2271156 678086
2271156 678097
2271156 678098
2271156 678099
2271156 1854710
2271156 1094689
2271156 680467
2271156 2270293
2992359 1854824
2992359 678086
2992359 2198304
2992359 678097
2992359 3507691
2992359 1854811
2992359 2990978
2992359 678098
2992359 1094689
29705583 678086
29705583 678097
29705583 678098
29705583 678099
29705583 2270292
29705583 1854710
29705583 1094689
2990658 2198346
2990658 678086
2990658 678097
2990658 678098
2990658 678099
2990658 1854709
29705586 678098
29705586 678099
29705586 1854711
2271159 678098
2271159 678099
2271159 2989562
29705596 1094689
29705596 1854848
29705606 1433290
2992153 678097
2992153 678098
2992153 678099
2992153 1094689
2992153 2992161
29705619 9723189
29705619 678097
29705619 678098
29705619 678099
29705619 1854710
29705619 680467
29705625 2989562
29705627 678097
29705627 678098
29705627 678099
29705627 1854709
29705627 680467
29705634 678097
29705634 678098
29705634 678099
29705634 2270292
29705634 1854710
29705634 1094689
29705634 680467
29705634 2270293
2993069 2656581
2993069 1094689
29705641 2989562
29705647 2198210
29705647 678097
29705647 678098
29705647 678099
29705647 1094689
29705648 1433199
29705648 1854824
29705648 1854857
29705648 678086
29705648 678097
29705648 678098
29705648 678099
29705648 1433290
29705648 1094689
29705648 949453
29705655 678097
29705655 678098
29705655 678099
29705655 1854709
29705655 680467
29704616 1854824
29704616 2198346
29704616 2198210
29704616 680467
3862577 678086
3862577 678097
3862577 678098
3862577 678099
3862577 2270292
3862577 1854710
3862577 1094689
3862577 680467
3862577 2270293
29705649 1433199
29705649 1854824
29705649 1854857
29705649 678086
29705649 678097
29705649 678098
29705649 678099
29705649 1433290
29705649 1094689
29705649 1854711
29705649 1854883
29705649 949453
29705667 678086
29705667 678098
29705667 678099
29705667 1854710
28737112 1433199
28737112 2198346
28737112 678086
28737112 2198304
28737112 2198239
28737112 678097
28737112 678098
28737112 680467
29705700 678097
29705700 678098
29705700 678099
29705700 1854709
29705700 680467
29705702 678097
29705702 678098
29705702 678099
29705702 1854709
29705702 680467
29704559 1433199
29704559 1854824
29704559 1854857
29704559 2198210
29704559 2656213
29704559 2198304
29704559 678098
29704559 1094689
29704559 680467
2270727 678098
2270727 1094689
2270727 1854848
2993250 678097
2993250 678098
2993250 678099
29705757 678086
29705757 678097
29705757 678098
29705757 678099
29705757 2270292
29705757 1854710
29705757 1094689
29705757 680467
29705757 2270293
29705763 1730354
29705764 678086
29705764 1094689
29704482 29704484
29704482 2742092
29704482 678098
29704482 678099
29704482 1094689
29705779 2198264
29705779 1854788
29705779 1094689
9008542 1854857
9008542 678099
9008542 2198305
29705839 678097
29705839 678098
29705839 678099
29705839 1854709
29705839 680467
29705848 678097
29705848 678098
29705848 678099
29705848 1854709
29705848 680467
2989571 678086
2989571 2198304
2989571 678097
2989571 678098
2989571 678099
2989571 2270292
2989571 1854710
2989571 680467
2989571 2270293
2197416 678097
2197416 678098
2197416 678099
2197416 1854709
2197416 680467
29704483 1433199
29704483 1854824
29704483 2198346
2271161 1433199
2271161 1854824
2993232 2656421
2993232 1854857
2993232 2935202
2993232 2198210
2993232 2198264
2993232 2198304
29705885 1854824
29705885 2198210
29705885 678086
29705885 678098
29705885 680467
29705895 1433290
29705895 1094689
29705906 1094689
2993225 678098
29705915 678097
29705915 1854709
29705915 1854711
29705915 2543646
29705927 678097
29705927 678098
29705927 678099
29705927 1854709
29705927 680467
2934049 1433199
2934049 1854824
2934049 2198210
2934049 2198239
2934049 678097
2934049 678098
2934049 678099
2934049 1854709
2934049 1094689
2934049 680467
29704222 678097
29704222 678098
29704222 678099
29704222 2270292
29704222 1854710
29704222 1094689
29704222 680467
29704222 2270293
2989652 678086
2989652 678097
2989652 678098
2989652 678099
2989652 2270292
2989652 1854710
2989652 1094689
2989652 680467
2989652 2270293
3504862 678086
3504862 678097
3504862 678098
3504862 678099
3504862 2270292
3504862 1854710
3504862 1094689
3504862 680467
3504862 2270293
2270646 678086
2270646 678098
2270646 678099
2270646 1854710
29705963 678086
29705963 678097
29705963 678098
29705963 678099
29705963 2270292
29705963 1854710
29705963 1094689
29705963 680467
13413202 1433199
13413202 1854824
13413202 1854857
13413202 2198262
13413202 2198210
13413202 678086
13413202 2198264
13413202 2656581
13413202 2198304
13413202 678097
13413202 678098
13413202 1730354
13413202 2934958
13413202 680467
13413202 949453
13413209 1854824
13413209 1854857
13413209 2198304
13413209 1854871
13413209 680467
3325644 3744791
3325645 2656421
3325645 2750416
3325645 678097
1964934 678098
1964934 2198305
1964936 678098
3325646 1854811
220560 609511
220560 609515
220560 609520
220560 680467
681750 678086
681750 678097
681750 678098
681750 678099
29711120 793700
2912324 1854857
29711186 2735956
29711918 1854857
2270812 678098
2270812 678099
2270812 2989562
29711952 2656581
29711952 678098
29711952 678099
2270813 678086
2270813 678097
2270813 678098
2270813 678099
2270813 2270292
2270813 1854710
2270813 1094689
2270813 680467
2270813 2270293
2270815 678086
2270815 678097
2270815 678098
2270815 678099
2270815 1854709
2270815 680467
2270816 678097
2270816 678098
2270816 678099
2270816 1730354
2270816 1094689
29711955 678097
29711955 678098
29711955 1854709
29711955 680467
29712190 1676261
921943 1730354
2992362 1854824
2992362 2198210
2992362 678086
2992362 678098
29712528 793700
29712528 678086
29712528 2656581
29712528 678097
29712528 678099
29712528 1854709
29712528 1433290
29712528 949453
29712948 2198304
29713118 1961289
29713118 1854863
29713118 678098
29713118 680467
4105026 678098
4105026 678099
4105026 2934958
4105026 680467
29713678 1433290
2734896 1854709
3322175 3742675
6482509 2198210
6482509 678098
6482509 1433290
6482509 680467
29715268 678086
29715268 678098
29715268 678099
29715268 1854709
29715283 1854857
29715283 678086
29715283 678097
29715283 678098
29715283 1730354
29715286 678086
29715286 678098
29715286 680467
29715861 1854883
3120996 1581003
3624133 3944518
3624133 3944519
3624133 2656581
3624133 3944520
3624133 3944521
29716597 1433199
29716597 678086
29716597 2656423
29716597 678097
29716597 678098
29716597 1854709
29716597 1854710
1535019 678086
1535019 678097
1535019 678098
29716682 1854857
29716682 678086
29716682 678097
29716682 678098
3085542 1854857
3085542 678086
3085542 678097
3085542 678098
29716694 1854857
29716694 678086
29716694 678097
29716694 678098
29716694 678099
29716694 1730354
29717417 678086
29717417 678097
29717417 678098
29717417 678099
29717937 678086
29717937 678098
29717937 678099
29717937 1094689
29717937 2992161
29717946 1433199
29717946 1854824
29717946 678086
29717954 678086
29717954 678097
29717954 678098
29717954 678099
29717954 2270292
29717954 1854710
29717954 1094689
29717954 680467
29717995 678097
29717995 678098
29717995 1854710
29717995 1094689
29717963 1854709
2198347 2198239
29719054 29704484
29719060 1854857
29719060 2198210
29719060 678086
29719060 678097
29719060 678098
29719060 1094689
29719060 680467
1326593 1854857
1326593 2198264
1326593 2198304
1326593 678098
1326593 678099
1326593 1094689
1326593 2198305
1326593 949453
29719063 1433199
29719063 678086
29719063 2656423
29719063 2198240
29719063 678097
29719063 678099
29719063 1854709
1854852 2656421
1854852 2198346
29719087 678086
29719087 678097
29719087 678098
29719087 1854709
29719087 1854710
3712432 678086
3712432 678097
3712432 678098
3712432 1854709
2437834 2198210
29719119 678097
29719119 678098
29719119 678099
29719120 29719129
29719190 1433290
29719190 1094689
2198282 2198239
29719221 678098
29719221 678099
29719223 1730354
29719227 678086
29719227 678097
29719227 678098
29719227 678099
29719227 1854709
29719232 3507691
29719239 678098
29719239 678099
29719239 2198288
13876471 1433199
13876471 2934958
13876471 680467
2198316 1854824
29719249 2656581
29719249 2198304
29719249 678097
29719249 1854788
29719249 678098
29719249 678099
29719249 1854709
29719249 2992161
1854798 1433199
1854798 1854824
1854798 793700
1854798 1854857
1854798 2198304
1854798 2198239
1854770 2656213
1854770 1854788
29719275 678086
29719275 678097
29719275 678098
29719275 1854711
790781 678086
29719302 1730354
29719306 2742092
29719321 678086
29719321 678098
29719321 678099
29719346 1854710
29719388 1433290
3469026 678098
29719407 1854857
29719407 678086
29719407 678097
29719407 1854811
29719407 678098
29719407 678099
29719407 1854709
29719407 1854710
29719407 680467
2198185 678086
2198185 678097
2198185 678098
2198185 678099
2198185 1854709
29719416 2656581
29719416 1730354
1854867 1854788
2934496 678086
2934496 678097
2934496 678098
2934496 678099
29719424 2935202
29719424 2198304
29719424 678098
29719424 678099
29719424 1854709
1326595 1854857
1326595 2198262
1326595 2198210
1326595 678086
1421109 678086
1421109 678097
1421109 678098
1421109 678099
1326596 678086
1326596 1854709
1326596 1854710
29719446 678097
29719446 678098
29719446 678099
29719446 1854709
2198222 1433199
2198222 1854709
2198222 2934958
2934724 678086
2934724 678097
2934724 678098
3998625 2198304
3998625 1094689
3998625 2992161
29719466 678099
29719466 2992161
29719476 678097
29719476 678098
29719488 3509062
29719493 2198239
1854877 1433199
1854877 678098
1854877 678099
1854877 2198288
29719495 2198346
29719495 678086
29719495 678097
29719495 678098
29719495 1854709
29719477 678097
29719477 678098
29719512 2198264
1854771 1854788
1326597 2198239
29719522 3598729
2934315 1433199
2934315 678097
2934315 678098
2934315 678099
2934315 1854709
2934315 1094689
29719527 678097
29719527 678098
29719527 678099
29719527 1854709
29719547 2198304
29719547 1094689
2198152 678097
2198152 678098
29719553 1094689
29719561 2656581
29719562 1433199
29719566 1433199
29719566 1854824
29719566 2198210
29719566 678086
29719566 680467
2198204 1433199
2198204 1854824
2198204 678098
1326599 1433199
1326599 1854824
1326599 1730354
2437836 678086
2437836 678097
2437836 678098
2437836 678099
2437836 1854709
14662119 1854857
29719579 2198210
29719579 1094689
29719587 678098
29719587 678099
29719587 2989562
2934668 2656581
2198236 1433290
29719121 678086
29719121 1094689
29719600 2993156
29719608 2198304
29719609 2198346
29719609 678086
29719609 678097
29719609 678098
29719609 1854709
29719613 1730354
3598727 3598729
29719633 1854871
2198323 1854871
11028733 2198210
2198349 2198346
2198349 678098
2198349 678099
2198349 1854709
2198349 1854710
2198349 1094689
29719639 2198304
29719639 678097
29719639 678098
29719639 678099
29719639 1094689
2198312 2656421
2198312 1854857
2198312 2198210
2198312 2198239
2198312 680467
29719649 678097
29719649 678098
29719649 678099
29719649 2270292
29719649 1094689
29719649 680467
29719649 2270293
1326601 678086
1326601 678098
29719653 678098
29719653 678099
29719657 678086
29719657 678097
29719657 678098
29719669 678098
29719669 678099
29719669 1854710
3274431 1433199
3274431 678098
3274431 678099
29719682 678097
29719682 678098
29719682 1854709
29719682 1854710
29719684 678098
29719575 1094689
29719693 678086
29719693 678098
29719693 678099
29719693 1854709
29719699 1433199
29719699 678086
29719699 678097
29719699 678098
29719699 1094689
29719708 2198210
29719708 2198304
29719708 678098
29719708 680467
29719712 2198210
29719712 1094689
29719714 1433199
29719714 1854824
29719714 2656421
29719714 5933141
29719714 1730354
29719715 1433199
1854879 678086
1854879 2198264
1854879 2656581
1854879 1854788
1854879 1854871
1854879 1094689
29719717 3712444
1854828 1433199
1854828 1854824
29719718 678086
29719718 678097
29719718 678098
29719064 4241097
29719203 678086
29719203 1854710
29719720 678086
29719720 1854709
29719720 1854710
1854829 1433199
1854829 1854824
1854829 2656421
1854829 2198346
1854829 2198239
1854829 2656423
29719723 678098
29719723 678099
29719228 678086
29719228 678097
29719228 678098
29719228 678099
29719228 1854709
29719728 678098
29719728 1854709
1854658 678086
29719732 2198210
2934430 678086
2934430 678097
2934430 678098
2934430 678099
2934430 1854709
2934430 1854710
1854855 2198210
1854855 680467
2198283 2935202
2198283 2198210
1854659 678086
1854659 678098
1854659 1854709
1854659 1854710
1854659 1854711
29719742 2198304
29719742 2742092
29719675 678097
29719675 4241097
29719675 678099
29719675 1854709
29719675 1094689
29719770 678086
29719770 678097
29719770 678098
29719770 678099
29719770 1854709
29719770 1854710
29719772 1854871
29719774 1433199
29719774 1854824
29719774 1854857
29719777 678097
29719777 2742089
29719777 678098
29719777 1730354
29719777 1094689
28818027 678097
28818027 678098
28818027 678099
28818027 1854709
28818027 1854710
2655754 678098
2655754 678099
2655754 1854709
3119885 2198304
29719806 678097
29719806 678098
29719806 678099
29719806 1854709
2934718 678086
2934718 678097
2934718 678098
2934718 678099
2934719 678086
2934719 678097
2934719 678098
2934719 678099
1579434 1854857
1579434 1854871
29719849 678097
29719849 678098
29719849 678099
29719849 1854709
2198224 2198210
2656579 678097
2656579 678098
2656579 678099
2656579 1854709
2656579 1094689
2437838 678097
2437838 678098
2437838 678099
2437838 1854709
2437838 1854710
2656365 1433199
2656365 1854824
2656365 1854857
2656365 678086
2656365 678098
2656365 3274226
2656365 680467
29719911 1433199
29719911 2934958
29719918 1433290
29719946 678098
29719946 678099
29719946 1730354
29719953 1854857
29719953 678086
2198205 678098
2198205 678099
2198205 1854709
2198205 1094689
2198205 1854848
29719061 2935202
29719970 2935511
29719970 1854857
29719970 678098
29719970 1094689
1713589 678086
1713589 2543646
2656419 2656581
2656419 1854788
29720004 2543646
29720011 678099
3119844 1854857
3119844 678086
3119844 1854811
3119844 678098
29720024 1433290
29720033 1730354
2934703 678098
2934703 1854709
2934703 2543646
29720111 2992161
1854880 1854883
1854880 2198288
2437839 2198304
3196940 2198262
3196940 2198264
3196940 2198304
29720119 1854857
29720119 2198210
29720119 678099
29720119 2934958
29719971 2198262
29720153 678097
29720153 678099
29720153 1094689
29720153 2992161
29720153 680467
28818033 678097
28818033 678098
28818033 678099
28818033 1854709
28818033 1854710
29720208 678098
29720208 678099
29720213 2992161
29719124 1094689
29720218 678098
29720218 678099
29720218 1854709
29720218 1854710
29720221 1730354
29720221 2992161
29720233 678098
29720247 1433290
29720265 3509062
29720267 678097
29720267 3507691
29720267 1854709
29720267 1094689
2198226 1854857
2198226 2198210
29720295 1433290
29720301 1433199
29720301 1854824
29720301 1854857
29720301 2935202
29720301 680467
29720308 678098
29720308 678099
29720322 678086
29720322 678097
29720322 678098
29720322 678099
29720322 1854709
29720322 1854710
29720322 680467
3998627 1854857
29720328 678097
29720328 678098
29720328 678099
29720328 1854709
678080 678097
678080 678098
29720349 678097
29720349 678098
29720349 678099
29720349 1854709
29720352 2198305
2198238 678097
2437841 1433199
2437841 2198346
2437841 2198239
1421103 678098
29719214 678098
29719214 1854709
29719215 1854883
29720374 678098
29720374 678099
29720375 1854709
29720377 678098
29720377 1854709
29719211 1854811
22064054 678098
22064054 678099
22064054 1854709
22064054 1854710
1003955 678086
1003955 678098
1003955 678099
1003955 1854710
1003955 1854711
29720420 678098
29720460 678098
29720481 1854788
29720483 678086
29720483 678097
29720483 678098
29720483 678099
29720483 680467
29720486 2198239
2198217 2656421
2198217 1854848
29719212 1433199
29719212 1854824
29720489 1854871
29720490 1854863
29720492 1433290
29720522 1094689
29720552 1854857
29720552 1433290
29720552 1730354
29720552 680467
29719480 1854857
29719610 2198210
29719610 678086
29719610 2198304
29719610 678098
29720624 678086
29720624 678098
29720624 1854709
29720624 1854710
29720624 1854711
29720626 1433290
1326570 2198210
1326570 1854709
1326363 678086
1326363 678098
1326363 680467
1003956 1433199
1003956 1854824
2934955 678097
2934955 678098
2934955 678099
1003957 1433290
29720706 3507691
29720724 1433199
2198325 1433199
29720747 678086
29720747 678097
29720747 678098
29720747 678099
29720747 1854709
29720749 678086
29720749 678097
29720749 678098
29720749 1854709
29720749 1854710
29720749 680467
29720750 678086
29720750 678097
29720750 678098
29720750 1854709
29720750 1854710
29720750 680467
29720323 678086
29720323 678097
29720323 678098
29720323 1854709
29720323 1854710
29720323 680467
29720751 678086
29720751 678097
29720751 678098
29720751 1854709
29720751 1854710
29720751 680467
2934669 678097
2934669 678098
2934669 678099
28965333 1433290
29719125 2198304
29719125 1094689
3712414 2198304
3712414 1094689
29717167 2198262
29717167 2935202
29717167 2198210
29717167 2198264
29717167 2656213
29717167 1854848
29717167 680467
29717167 2543646
1854665 2198240
1003958 1854848
29720841 29704484
29720841 4241097
29720841 678098
29720841 1094689
29720850 678086
29720850 678097
29720850 678098
29720850 678099
3712442 1433290
2198231 678097
2198231 678098
2198231 678099
29720880 678098
678083 678086
678083 678097
678083 678098
678083 678099
29720885 29719129
2656420 678097
2656420 678098
2656420 678099
2656420 1854709
2198273 2656421
2198273 793700
2198273 1854857
2198273 2198210
2198273 2198264
2198273 2198239
2198273 1094689
2198273 680467
2198273 2543646
29719478 678086
29719478 678097
29719478 678098
29719479 678097
29719479 678098
29720966 1854710
29716993 3051491
29720989 1854710
29721004 1433290
29721050 1433290
29721068 1854857
29721068 2198210
29721068 1854848
29721082 2198346
29721082 680467
29721083 1730354
29719615 2198239
29719615 2934958
29721106 678086
29721106 678098
29721177 1854857
29721177 678086
29721177 678097
29721177 678098
29721177 1854710
1003960 1854857
1854881 1433199
1854881 1854824
1854881 678086
1854881 2198264
1854881 2198304
1854881 1094689
29721198 1433290
29721206 1433290
29721208 678086
29721208 678098
29721208 678099
29721234 1854857
29721234 2198210
29721234 678086
29721234 678097
29721234 678098
29721234 678099
29721234 1854709
29721234 1094689
29721282 1730354
29721318 1433199
2198317 678086
2198317 1094689
7754171 2198346
29721337 678098
29721337 1094689
29721396 678086
29721396 678097
29721396 678098
29719209 678086
29719209 1854710
29719209 1854711
29721408 1854857
29721408 678097
29721408 678098
29721408 1094689
2198299 1730354
29721464 1433199
29721464 1854824
29721464 793700
29721464 2198210
29721464 2656213
29721464 2198304
29721464 2198239
29721464 1094689
29721464 2992161
29721464 680467
2935520 1854857
2935520 678098
2935520 1854871
2935520 1094689
1003961 1854863
1003962 1854871
1326571 678098
1326571 678099
1326571 680467
2198284 678086
2198284 678098
2198284 1854709
2198284 1854710
1003963 1854883
2198232 1433199
2198232 1433290
3469439 678086
3469439 678097
3469439 678098
3469439 678099
3469439 1854709
3469439 1854710
3469439 1854711
29721470 1854857
29721470 2198210
29721470 678086
29721470 2198264
29721470 678098
29721475 1433290
2656570 1433199
2198089 2198240
3469410 678097
3469410 678098
3469410 1094689
29721481 678097
29721481 678098
29721481 1854709
29721481 1854710
1854780 678097
1854780 1433290
1326572 2198239
1326572 2198240
29721489 678098
1713590 678097
1713590 678098
1713590 678099
29721228 1433199
29721228 793700
29721228 678097
29721228 678098
29721228 678099
29721228 2992161
29721228 680467
1326609 1433199
1326609 1854824
1326609 2198346
29721514 1433290
29719616 9723189
29719616 678086
29719616 678097
29719616 678098
29719616 1854710
30353342 678098
30353342 678099
30357103 2656581
30357103 678098
30405494 1854857
30405494 678086
30405494 678098
30405494 678099
30813000 1094689
1970259 2742080
31082564 1094689
9430597 680467
33109052 6357115
33785802 2656581
34347638 678098
34349655 678098
28735546 1854824
28735546 1854857
28735546 678086
28735546 3507691
28735546 3509062
28735546 678098
28735546 1854709
34387361 678098
1587642 678097
30357105 678098
34424048 678098
28759451 1854857
444530 1094689
1960665 2198304
1960669 1094689
1960671 1094689
31857527 678086
31857527 2656581
31857527 678098
31857527 678099
31857527 1854709
35360783 1094689
35361691 1854857
35361691 678097
35361691 678098
35361691 678099
35361691 1854709
13413223 1854824
13413223 2198210
13413223 2198304
13413223 678098
13413223 1854848
13413223 680467
13413224 1433199
13413224 1854824
13413224 1854857
13413224 2198210
13413224 678086
13413224 2656581
13413224 2198304
13413224 678098
13413224 678099
13413224 1730354
13413224 1854848
13413224 680467
13413224 949453
3504378 2198210
35365684 3944518
35365684 3944519
35365684 3944520
35366730 1854824
15550144 1854857
15550144 678086
15550144 678097
15550144 678098
15550144 678099
15550144 1854709
15550144 1854710
35368786 678086
35368786 678098
35368786 678099
35368786 1094689
35368786 680467
35370093 1854824
35370093 1854857
35370093 678086
35370093 2198304
35370093 1854863
35370093 678098
35370093 678099
35370093 1854709
35370093 680467
2271167 1854863
35370700 2656581
3534742 1854824
3534742 131696
3534742 1854857
3534742 2198210
3534742 2656581
3534742 2198304
3534742 1854863
3534742 678098
3534742 1433290
3534742 1094689
3534742 1854848
3534742 680467
3534742 949453
28731430 1854824
28731430 2742092
28731430 2990978
28731430 1094689
28731431 2656581
28731431 1094689
35374514 1854824
35374514 1854857
35374514 2198264
35374514 1854848
28731432 1433199
28731432 2198304
28731432 1094689
28731433 3509062
28731433 1094689
28731433 2543646
3861182 2198262
35377561 1961289
10576073 678098
10576073 1094689
10576074 678098
10576074 1094689
10576074 1854883
4646168 1961289
4646168 4653435
4646168 678098
35378328 949453
29025430 678086
29025430 678097
29025430 678098
29025430 678099
29025430 1854709
29025430 1854710
1970272 1854871
1970280 678086
1970281 793700
1970281 2198210
1970281 2742089
1970284 1094689
1970288 2198304
1970291 2742092
1970296 2198346
1970297 678086
1970301 2198346
30357123 678098
30357119 678098
30357120 678098
30357120 680467
30357107 2656581
30357107 678098
35384833 680467
35406786 678086
35406786 2198304
35406786 678097
35406786 678098
35406786 678099
35406786 1433290
35406786 1094689
15241206 678099
3504381 1854824
3504381 793700
3504381 2198210
3504381 678097
3504381 678098
3504381 2270292
3504381 1854710
3504381 1094689
3504381 680467
3504381 2270293
35539770 678098
35539770 1094689
35541125 678086
35541125 2198304
35541125 678097
35541125 678098
35541125 678099
35541125 1433290
35541125 1094689
35541125 1854848
35541125 2198211
35541627 2935202
35864925 678097
35864925 4241097
35864925 678098
35864925 678099
35864925 1854709
35864925 1094689
35864925 680467
14662117 1854857
41502240 41502241
41502242 1433199
1960681 1854824
1960681 1094689
41502243 5933141
41502244 1854710
41502245 1433290
41502246 1433290
