6043980 6044003
7475804 7475822
10199685 10199690
4432425 4475704
198153 594674
10199718 10199726
3588546 3919361
10199742 10199748
10199811 10199820
10199850 10199855
10199889 10199893
10199914 4761569
7475805 7475836
2339764 3039096
719878 1479639
4509057 4535505
10199931 10199935
10199944 10199947
10199951 10199954
10199959 10199964
10199973 10199978
7475806 7475847
3076099 3566139
10199999 10200002
10200012 10200016
10200046 10200049
720863 1480802
10200064 10200067
10200077 9843074
2042038 2804168
10200082 10200086
10200095 10200099
10200103 10200108
720864 1480816
10200159 10200163
10200174 10200178
10200278 10200281
10200422 10200426
10200438 10200441
10200445 10200448
10200452 10200457
10200473 10200476
10200481 10200486
10200491 10200500
7475830 7475858
10200545 10200551
3808678 4053949
10200587 10200590
10200625 10200629
10200646 10200651
10200683 10200689
10200706 10200713
4208962 4322072
10200771 10200777
4206574 4320411
4550682 4567983
10200792 10200794
10200798 10200802
601978 1338969
10200813 10200818
10200561 10200577
2030622 2792915
10200848 10200852
10200867 10200871
10200884 10200890
10200938 10200940
8333893 8333902
10200943 10200947
10200953 10200959
594689 1329634
10200980 10200985
10201014 10201019
1645374 2487908
10201028 10201030
10201036 10201041
57481 235750
36814 146684
10201076 10201080
10201107 10201112
10201160 10201163
10201167 10201171
2955532 3483543
4529646 4550671
4397030 4450184
10201182 10201186
10201197 10201201
10201219 10201222
10201226 10201231
10201246 10201251
10201277 10201279
10201286 10201288
1128009 1999890
10201293 3853279
10201301 10201304
10201309 10201314
10201318 10201322
10200497 10200512
236177 720844
10201349 10201354
10200323 10200344
10201387 10201390
10201399 10201402
10201415 10201418
10201421 10201423
10201427 10201430
10201461 10201466
10201477 10201482
10200547 10200557
10201500 10201505
10201525 10201530
10201566 10201571
10201665 10201669
10201673 10201676
2493855 3165715
10201680 10201685
10201698 10201705
6158071 6158086
10201728 10201731
4555781 4572551
2346338 3044072
10201741 10201744
10201748 10201751
10201755 10201760
4040246 4206554
10201788 10201793
10201815 10201818
1808565 2620367
10200708 10200720
10201821 10201824
10201830 10201835
9623990 9624004
10201852 10201856
10201862 655716
10201867 10201872
10201891 10201896
4397063 4450217
601979 1338984
8012295 8012322
4397053 4450208
10201947 10201954
10202005 10202008
10202013 10202017
10202020 5956641
10202095 10202101
720927 1480842
7177070 7177082
10202179 10202184
3045643 3546494
198154 594685
10202213 10202216
10202223 10202226
10202232 10202234
10202238 10202242
10202263 10202268
10202291 10202296
10202339 10202343
296203 818454
10202347 10202351
10202354 10202358
4568006 4582768
4943294 4943336
10200509 10200527
10202365 10202367
10202370 10202374
10202379 10202382
10202386 10202391
10200589 10200604
10202436 10202440
4943251 4943307
2823347 3389268
10202471 10202475
3115911 3595951
4562469 4577981
10202521 10202525
10202582 10202586
10202591 10202596
10201869 10201879
10202618 10202623
3546999 3892304
1348346 2223117
10202635 10202638
10202641 10202644
10202648 10202652
10202708 10202713
10202710 10202718
10202730 10202732
10202738 10202742
1190722 2065389
4943252 4943316
1315334 2186462
2224219 2955539
10202753 10202759
3631119 3949110
10202780 10202785
10202804 10202806
10202809 10202814
10202828 10202831
305543 835554
749057 1529317
720956 1480864
10202843 10202850
7475856 7475872
10202861 10202867
10202923 10202927
10202952 10202956
4371682 4432436
4160180 4291437
1171564 2043787
10202964 10202969
4053944 4214458
4129647 4270214
10202995 10203001
10203058 10203066
10203108 10203111
10203116 10203120
712370 1471054
10203133 10203137
10203144 10203149
10203166 10203168
10202656 10202671
10199975 10199985
4567980 4582745
2494215 3166040
10203172 10203177
10203193 10203197
3165812 3634366
10203200 2424716
10203225 10203229
3540381 3888928
4509058 4535515
10203249 10203252
10203256 10203263
10203284 10203288
236133 720794
10218797 10218802
10219044 10219049
39993 163692
1651430 2494220
307813 840109
90411 307392
90412 307414
17947 90452
90414 307440
6193 56429
56425 232493
6194 56449
781 6265
201255 601997
235744 720395
10695820 10695825
712371 1471068
11720070 11720080
11746133 11746139
4486385 4517583
710682 1469160
3102766 3586540
1859129 2659506
46101 198168
3587206 3918547
6201 56712
13153587 13153593
13161026 13161029
56156 231570
264916 763698
155942 492801
22204 121601
7783 63293
34757 137789
1016241 1867804
18021 91602
10660859 10660877
47357 203438
114853 371257
144266 454878
11077027 11077047
471698 1141622
2420362 3106255
185497 572527
1009013 1859142
3540382 3888944
279805 787209
63454 246131
137773 430439
3888939 4110574
2351200 3048014
13372205 13372209
10906661 10906683
1480349 2348004
13382528 5364808
55768 229525
47400 203660
13396301 13396304
4943160 4943199
839835 1650858
1525758 2384083
236205 720871
594455 1329328
2886817 3432088
4376154 4435645
763684 1547558
450786 1108029
9033258 9033291
13497790 13497795
13499012 13499022
1936977 2712348
163673 514271
1645386 2487928
8223798 8223810
2224220 2955547
6220 57361
14434314 6800072
2035567 2799315
6221 57387
4199264 4316025
3760153 4026472
1141440 2012806
14891269 14891276
7362614 7362648
14893498 14893501
57591 236063
10201248 10201259
203727 611172
10202044 10202057
840360 1651516
14897768 14897774
14897814 97648
14898133 14898136
1480350 2348025
491127 1171567
13477108 13477123
14902665 14902669
13477109 13477131
13477082 13477096
13477036 13477066
4542175 4560987
14902689 14902707
14905431 14905436
14905538 14905542
14905843 14905847
1108017 1980387
14916226 14916229
14916255 14916258
14905455 14905465
14897770 14897785
14939380 14939383
14891298 14891323
4110583 4258149
14984697 14984704
15022928 15022932
236258 720960
15077725 15077729
13477074 13477085
15108668 15108671
454866 1115559
15115629 15115633
15119365 15119369
840361 1651527
15120098 15120102
14237614 14237673
14897816 14897825
10402193 10402219
1559364 2419468
10903745 10903751
1480351 2348034
14897771 14897794
90426 307752
10402225 91393
1480861 2348396
3360354 3768293
15143325 15143328
3547000 3892313
15160505 15160508
1465858 2335391
15298473 15298476
15298503 15298506
6218452 6218463
718241 1477510
15298615 15298620
4475699 4509070
1169636 2041796
1475685 2343758
2227082 2957364
15300282 15300286
15300486 15300489
15300562 15300565
198157 594696
3076106 3566147
3851773 4086497
15304301 15304304
15304653 15304658
15304655 15304670
2878682 3427088
15318590 15318594
90429 307784
10201790 10201800
15326947 15326952
1190110 2064680
15329971 15329974
2335387 3036353
15330142 15330147
155236 490093
15331031 15331036
307779 840072
15341685 15341688
10202481 10202498
305119 835047
1115552 1987381
14470567 14470580
1212759 2088884
2349246 3046252
15375637 5615637
2472655 3148574
8175863 8175874
4468547 4502886
707115 1465829
4160187 4291451
2957821 3484808
7475794 7475809
14905509 14905525
2792912 3368757
15578913 15578915
12183408 12183417
1115572 1987439
312321 847922
1115553 1987397
57592 236080
14236320 14236394
10202473 7169287
307405 839550
6226 57444
1463711 2333720
14902681 14902697
28166717 28166721
28166810 28166814
1480352 2348044
90433 307824
2397707 3089683
143764 452690
28167294 28167299
91590 312165
305562 835647
307816 840141
57708 236211
28167686 24918170
1987410 2759183
235393 719882
230071 707664
14455365 14455372
6227 57459
231553 710688
21631937 21631944
12306327 12306346
8175798 8175810
10200280 10200291
3432972 3812003
28170229 20247079
3889001 4110614
28170724 28170727
28170932 28170937
28171062 28171065
28171148 28171152
92573 314676
4110584 4258163
6043968 6043990
7510110 7510122
28171442 28171447
721522 1242678
10200031 10200038
11387583 11387592
720908 1480831
177215 545708
28172379 28172382
159904 501844
2759194 3347801
6229 57470
7198920 7198935
307817 840160
1009046 1859182
3427083 3808684
55858 230082
3921240 4130595
28174778 28174786
137777 430479
307920 840366
14237468 14237558
149405 471351
28175601 28175604
28175882 28175888
233984 716665
28176481 28176484
57709 236233
10903773 10903786
14236316 14236368
6230 57489
6231 57509
2348392 3045634
57618 236111
13476970 13476993
749058 1529326
6044027 6044038
28178599 28178603
80804 280850
14237607 14237665
28179329 28179331
797855 1588949
1191334 2065884
10903749 10903763
28179740 16574961
10202997 10203014
57297 235203
28170726 25581549
15077727 15077736
121581 399010
14891366 132209
57593 236095
28180743 28180746
28180886 28180889
137779 430495
57538 235805
13792359 13792375
3888956 4110592
369404 969379
2347996 3045278
13476982 13477011
28182791 678142
6232 57528
6233 57546
11537220 11537233
11516032 11516050
9835215 9835229
13792317 13792331
3035396 3540411
28185176 28185180
10202078 10202089
236054 720762
787199 1574239
1859168 2659574
399007 1009127
236207 720883
57619 236123
236221 720899
3344635 3760157
57377 235468
28207784 28207785
57065 234390
847271 1661400
15301249 15301264
28207879 25781261
847307 1661437
15341687 15341694
28207983 6402430
5023469 5023486
1661396 2500781
8333908 8333927
28215278 28215280
234856 718360
28215509 28215510
835640 1646118
11553119 11553129
153970 486218
28226259 9715492
6237 57598
6238 57611
371244 971218
6239 57627
176697 544022
146669 463072
28269801 28269806
15301245 2130316
787202 1574249
6240 57640
2227615 2957833
1212748 2088872
163679 514312
231556 710705
538174 1258072
7362574 7362617
4150375 4284267
6774876 6774893
230075 707679
6241 57653
305663 835823
3540383 3888960
8012325 8012348
15058270 15058279
1115555 1987414
10201538 10201549
28279548 20122370
1169896 2042031
11537208 11537223
3089680 3577528
28279877 28279882
8012372 8012398
2659573 3276343
90439 307860
7690716 7690723
29721519 28005084
29721523 27830999
29721529 29721531
4172647 4299850
29721547 29721549
29721568 1227222
29721575 29721578
3249002 3693352
29721591 29721593
29721599 29721601
3986493 4172642
15316388 15316397
3693363 3986504
29721604 29721607
1661432 2500801
29721616 3084604
29721623 26179325
29721651 18203464
29721662 19951719
29721667 29721669
29721680 29721681
29721685 29721688
29721576 8510498
29721704 10780821
29721534 19544710
29721718 29721719
10199704 10199713
29721722 29721723
10200424 10200430
4608922 4619125
29721726 29721727
2620379 3248992
29721730 27811502
29721735 29721737
29721744 26124959
29721746 26139570
29721765 14544267
3693350 3986488
29721773 29721775
29721780 29721781
29721784 29721785
29721789 7680701
29721551 7399684
29721793 29721794
29721798 29721800
29721806 29721808
29721816 27626290
10201447 2119257
29721823 6876099
29721827 29721830
29721840 4967337
6218453 6218472
29721850 29721852
29721854 29721855
29721859 26221963
29721862 25875709
29721866 3323863
29721920 29721924
29721934 28490678
3249003 3693358
29721944 29721946
29721969 29721970
29721974 20444484
29722002 25553262
29722009 29722010
29722013 29722015
29722018 29722021
29722046 29722047
29722051 29722053
10199984 10199995
29722057 18153280
29722069 26132605
29722072 29722074
29722098 29722100
29722108 17602919
29722112 29722114
10201429 10201435
29722121 27823324
29721605 10782865
29722162 6122840
29722174 29722175
29722179 3146382
2620380 3248998
29722190 29722192
29722208 29722209
29722003 21421018
29721874 29721880
29722211 29722212
29722034 27941396
29722217 29722218
29722221 29722224
29722227 20954491
29721751 29721758
29722140 10304654
29722231 16291489
29722247 1621307
29721736 28989444
10201002 10201010
29721668 29721673
29722252 29722254
29722257 29722259
29722270 25523295
8333897 8333909
29722289 29722290
29722293 29722294
29722297 29722298
29722301 29722304
10202565 10202573
29722312 23934693
29722081 29722087
29722316 29722318
29722322 29722324
29722341 20273376
29722344 17695829
29722354 29722356
29722363 29722365
10199696 10199701
29722389 29722391
15318619 13983091
29722396 29722398
29722406 29722408
29722424 28899588
10199795 10199806
10202312 10202320
29722434 29722436
29722449 14665455
29722348 17339197
29722258 29722264
29722453 29722455
29722465 29722466
29722469 29722470
29722474 29722475
29722026 29722035
10200648 508842
29722163 29722168
29722478 29722479
29722482 29722483
29722486 10698616
4608890 1804767
2620365 3248986
29722493 29722494
3255754 3698343
10202529 10202540
29721558 29721565
3693364 3986511
29722498 29722501
3986503 790900
29722510 29722511
28707968 28707989
29721867 29721871
29721686 27663805
29722514 29722516
10660185 10660194
10201682 10201689
29722519 29722520
29722523 29722525
10203232 10203240
29722530 29722531
29722534 26290933
29722538 29722540
29722545 29722548
29722557 27795509
10202313 10202327
29722568 29722569
29722099 29722105
29721548 25778816
29722573 29722575
29722027 29722037
29722583 29722585
29722588 29722590
29722595 29722597
8333898 8333917
29722603 29722605
8175854 8175859
29722611 29722612
29722615 19486822
15301252 15301273
29722619 29722622
29721687 29721695
29722640 29722644
8333899 8333922
29722653 20699676
29722665 29722666
29722670 29722672
29722679 29722681
2620381 3249006
29722687 29722688
29722691 29722694
29722705 29722707
2659595 3276365
3249004 3693367
29722723 29722724
29722710 29722716
2207369 2944147
14237313 14237438
29722727 28010932
28207880 28207890
29722739 29722741
29722765 29722767
10201502 10201514
11720097 11720106
2500798 3169713
29722620 17261591
29721635 25805782
29722779 29722781
28465042 28465052
29722784 29722785
29722789 4786646
29722793 29722796
29722745 9416604
29722815 19571660
3035374 3540390
2228976 2958298
29722818 16535548
29722829 29722831
29722845 21467890
29722848 16722976
29722852 29722853
29722856 29722857
6218454 6218480
11720075 11720093
29722861 27312253
309931 843771
29722345 29722349
29722866 29722869
29722902 29722904
29721672 2508253
29722907 17546958
29721875 29721885
29722917 29722919
29722923 29722925
29722927 29722929
14236653 14236752
29722692 29722698
7237419 7237472
29722932 29722935
29722963 29722964
29722968 29722969
29722972 29722974
29722988 29722990
29722993 21300325
29723004 29723006
29723018 29723020
29723028 29723031
29723044 29723045
29723049 10910871
10660182 10660188
29723053 29723055
10201683 10201693
29723061 19048595
29722641 19544693
28269815 28269819
29723068 20259478
29723071 20981708
29723077 29723080
10199720 10199737
10201898 10201907
29723090 29723092
29723098 28819502
29723101 26211228
29722693 16545739
29723104 20312702
29723116 29723117
29723120 26982984
3950812 4150366
29723123 21401259
29723126 29723127
10199759 10199771
11096358 10777338
3950798 4150352
29723131 29723132
29723135 3117601
29721799 17168613
29723142 29723144
4645304 4652717
29723162 25762456
29723167 29723169
10202998 10203028
29723173 29723175
29723179 29723180
29723184 29723185
29723188 21413802
29721975 29721978
29723019 29723024
29723191 19516408
11720076 11720100
29723212 29723214
10201899 10201916
29723224 29723225
29723228 27918753
29723232 18701746
29721945 16175723
29723243 25119996
1651078 2493852
3485040 3852003
29723254 29723255
29723257 29723260
29723271 26291143
29723275 29723277
29723286 21009106
1808586 2620382
29723299 29723300
29723303 29723306
14267840 1613138
29723325 20059756
7714203 7714209
29723329 29723330
6150129 6150137
8175873 8175887
10660893 10660927
5023514 5023525
29723334 16940208
29723344 29723345
29723348 29723350
29723353 29723355
29723391 29723392
29723395 29723396
6827084 6827093
29723400 29723401
29723404 29723406
29722728 29722734
29723410 29723411
29723416 29723419
29723432 29723434
29723444 16583354
10201913 10201924
29723447 29723448
3165879 3634429
29723453 20274241
29723463 21732830
29723469 27949427
29723473 29723474
29723477 29723479
10200658 10200666
29723484 29723485
29723488 29723490
29721903 15080428
29723502 26319147
29723506 29723507
29723511 1607043
29723516 29723517
29723521 29723522
10202764 10202774
7714204 7714213
29723005 29723010
4371675 575571
11720098 11720109
29723526 4286370
29723370 29723378
4150369 4284260
29723530 29723532
29723535 29723536
29723540 1878038
29721888 29721900
29723543 29723545
29723551 29723553
29723561 29723563
29723570 29723571
10202560 10202567
29721884 29721891
29723574 29723576
29723581 29723583
29722539 27872099
29723592 28075143
15341693 15341701
29723604 29723605
3559033 3900273
29723610 29723612
29723615 29723617
29723620 16368672
11074903 11074915
29723637 29723638
7963754 7963767
6218469 6218486
3950813 4150370
29723641 9420735
3065205 3559028
29723645 11032250
11074895 11074904
1335415 2207372
29723652 26062555
10201893 10201901
4150356 4284250
29723667 9398460
29723671 29723672
29723675 29723676
3165862 3634407
29723685 29723688
29723712 29723713
29723248 27786624
29723716 29723717
29721652 29721657
29723720 29723722
29723747 29723749
3950791 4150334
29722073 11400752
29723752 16735728
10218806 10218810
29723755 21238403
29723760 29723762
29722078 13402764
29723784 25932646
29723789 29723791
29723593 20264646
29722604 17788163
28465043 28465056
28166719 16624398
29723805 29723806
29723810 29723811
29723815 29723817
29723820 29723821
840044 1651160
5023471 5023494
29722180 2686180
29722977 20439330
29723824 28932660
246937 736347
29723287 29723293
29723831 29723834
29723842 16623310
29723847 29723849
29723857 29723858
2659503 3276295
29723860 29723865
29723761 29723766
29723881 29723884
29723896 16218753
28707981 28707999
29723899 29723900
6827098 6827122
10202666 4715123
29723903 29723904
29723907 29292431
29723910 28925932
29723726 29723737
29723916 27793551
29723213 29723220
29723920 26398490
29723927 20257803
6827126 6827133
29723942 9139309
10202539 10202549
29723946 29723949
28707962 1654231
29723956 29723958
29723974 29723975
3693357 3986495
29723979 5948414
3065213 3559034
1190709 2065382
29723995 26147943
29723999 29724001
29724009 27878816
8175805 8175819
11510645 11510655
29721624 29721629
28707992 28708006
10199769 8497609
29722715 25906724
29724012 17249817
3165821 3634378
4284242 4371677
29724016 29724019
833969 1644455
29723029 3324661
29722642 29722650
29724025 29724027
10200669 10200677
4586549 4598140
29722122 26385992
2041797 2803948
29724035 29724038
29724046 29724047
4150357 4284255
11074909 11074924
29722499 16364874
29724056 29724058
29724067 29724069
4150376 4284274
29724073 24621962
4150377 4284278
29724077 29724078
29724082 29724083
1535187 2393193
29721693 29721698
29724086 29724090
29724100 29724102
7237476 7237495
29724113 29724115
29722086 29722093
29724174 8934825
29724177 29724178
10202324 10202335
29724181 29724182
29724185 29724187
3950841 4150409
29724209 29724210
29722867 29722874
29722302 13966178
14237400 14237461
29724213 28037048
29724216 19325555
29724224 17583543
29724227 26109685
29724229 29724230
29724234 29724235
29724239 29724241
3986517 4172654
29724248 10981579
2493931 3165815
29724256 27814635
3919453 4129707
29723437 28152133
29721774 29263194
29724260 27117068
6218408 6218456
29722868 29722878
29724263 15627620
10202554 10202561
29724267 29724268
29724272 29724274
8175806 8175822
3589012 3919456
3634414 3950846
10202566 10202578
29724278 3458537
29723078 29723084
10200659 10200671
29724291 29724293
29724298 29724299
29723105 29723110
1507661 2371248
29722141 10227219
10200869 10200878
4399607 4451848
1651158 2493934
3950824 4150389
203435 610409
29724303 17169392
29724308 29724310
29723947 25911502
29724318 27818997
29724321 29724324
29724331 13962312
29724341 29724342
29724345 29724346
10219046 10219053
29721535 29721543
3950799 4150358
2493965 3165853
787204 1574255
10201900 1397642
29724349 28952091
29724366 26165578
29723544 12549525
29724371 29724374
29724383 29724384
29724387 4502056
29724393 7377113
29721757 26067683
14236377 14236667
29724397 20474611
10199789 10199800
29724401 29724402
29724405 22288389
29722113 29722118
29721889 20312779
28207887 28207897
29724350 18714472
29724416 16553731
29724419 29724422
8175794 8175800
29721921 29721929
29724433 29724435
29724438 29724439
29724442 29724443
29724446 21086400
29724449 29724451
29724472 29724473
4598139 4608924
29724477 26218116
1859171 2659587
10203060 10203073
10219047 10219057
29724479 29724480
2659622 3276382
29724483 29724484
29723957 29723965
29724487 25570118
29724489 29724490
4150408 4284302
29724493 16752014
29724497 29724498
29723765 20506693
29724505 17249828
29724524 16622667
29724531 19929532
29724538 29724539
29724542 27239077
29723192 28025900
29724551 29724553
8175807 8175827
29724557 29724558
29724217 25627717
29724240 29724244
29723623 29723630
29724564 29724566
29724570 29724573
10203083 10203098
29724585 21138681
28707969 28707994
10202547 10202556
29724588 29724590
29724593 29724594
29722328 29722337
29721868 20633101
29724598 16899961
4299849 4382255
29724603 29724605
29724611 26158011
4150351 4284243
29724622 29724623
29724626 24495923
1651165 2493941
29723686 26393204
29724629 29724631
29722871 29722882
29721987 29721992
4509062 4535523
29724683 10782928
15318632 15318642
29723489 29723494
14236311 14236352
29724686 29724688
29724706 29724708
29724687 16291373
29724715 29724717
29724460 29724468
10201730 10201738
29724726 29724727
29722625 29722632
29724730 29724733
969371 1808560
10199779 10199796
29723383 29723388
10660917 10660937
10202835 10202840
29724764 29724765
4619122 4628474
29722546 26282673
29724770 28027134
29722154 29722159
29724782 29724783
29724789 29724790
29722454 29722460
14555167 14555174
29724795 29724797
29724804 29724806
969372 1627892
2493856 3165719
29724821 29724822
29724825 7913142
29724830 29724831
3950814 4150380
3165870 3634412
2659623 3276386
6827099 6827127
8175808 8175831
10199744 10199754
29723790 27611552
29724835 27947834
29724842 29724844
29724087 29724096
29722561 23868894
835850 1646279
29724854 5971572
29724857 29724860
29724871 29724873
10202667 10202693
2958303 3485037
29724877 5948371
29724885 29724887
29724897 19639241
14236724 14237315
11354159 11354170
29724904 20255179
29724649 29724661
28465044 28465059
29724908 29724909
29724913 29724915
29724921 29724922
29722355 29722359
29724925 8764785
29724930 29724932
29724951 16550606
29724996 29724997
29725002 29725003
28516635 28516649
4598125 4608894
29722621 29722628
29725006 16461804
4637220 4645282
29725019 21791283
29723358 16566200
29725030 29725032
29724836 29724839
29725039 10780143
29724952 29724957
29725042 29725046
29725052 29725053
1009168 1859240
839961 1651081
29725056 19204086
29725061 29725063
29725067 4259542
28516662 28516676
11510646 11510659
3165871 3634417
29721828 29721836
29725073 29725074
29724826 6457347
10201434 10201440
29725078 29725080
29725116 29725117
29723304 29723311
7714180 7714206
29725120 4336577
29725125 26113439
10202303 10202315
29722940 24756411
29721899 29721910
29725128 17674963
29725148 29725149
5023538 5023547
29725152 29725153
29724737 29724745
10199687 10199698
29725159 29725160
29725165 19485214
29725168 29725169
10201438 10201444
29725173 29725175
29725181 29725183
4572571 4586529
3165872 3634423
29725192 20269909
29725199 29725200
29725203 29725204
29725207 29725208
28170231 28170239
10201989 10201998
29725211 29725213
29725228 16372394
4619123 4628480
29722397 29722401
29725233 29725234
29725237 29725238
8333916 8333936
29725243 29725244
29725249 29725251
29722574 28548678
29725258 27008814
29725261 29725262
29725266 29725267
29724153 29724167
5023501 5023510
29725270 29725272
29725296 21171115
3165833 3634390
3634372 3950808
29725299 26197791
29725305 17383171
29724030 2293526
29722886 29722895
29723422 29723428
29725315 17177359
29721694 29721701
29725319 29725321
2659596 3276370
29725325 29725327
29722373 29722381
3693340 343735
28516636 28516652
29725336 27799961
2493960 3165849
29725346 29725347
2493938 3165823
4432426 832334
29725351 5124596
29724105 3071097
29725354 29725355
29725357 29725358
29725361 18553073
29725365 25105143
10203007 10203038
29725371 29725372
29724914 28029273
10202668 10202697
29725375 29725376
2371259 3065222
28516671 28516682
29725380 29725382
29725390 29725391
29723335 29723340
10202395 10202413
29725394 29725396
29725400 3694052
29725416 29725417
1651166 2493950
29721747 26700552
29725421 29725425
8333921 8333940
29725433 29725434
29722127 29722134
29725437 29725439
29725443 29725445
29725460 21278015
29725464 29725465
10319741 10319747
11510642 11510648
29723721 29723728
29725468 29725471
4371676 4432428
10202412 10202425
4619116 4628467
29725088 29725095
4150397 4284285
8014055 8014063
29725043 29725050
29725481 21417249
3432107 3811586
8175843 8175851
4284288 4371698
29725494 26168609
29725496 6482612
29725500 29725501
11052578 11052582
29725505 20128029
29725508 16115504
29725511 29725515
29725529 29725531
28178601 28178611
29721841 20886377
501835 1190705
29724805 29724810
29725535 26270790
29722558 27864681
29725539 29725541
1651167 2493957
29725554 20254246
29723980 1488877
29725564 29725566
10200800 10200807
29725586 29725588
29725596 29725598
29725608 20471150
21843982 21843985
29725612 29725614
3165813 3634374
29725620 29725622
29725626 20177783
29725645 29725646
29725649 19892399
29725654 29725655
2659603 3276376
29725661 29725663
29725326 1790634
29725669 29725670
29725444 19609475
29723861 29723869
29725675 29725676
29725680 21205284
1651168 2493961
29725715 29725717
4284254 4371691
29725724 21012688
1808587 2620388
29725728 29725731
29725742 29725743
1808588 2620395
29725729 29725734
29725746 29725747
29723862 29723873
29725750 11928161
8175850 8175856
29725756 20153852
29725759 29725760
28269804 28269816
29725763 29725764
29725449 29725454
29723244 26374776
29722819 29722825
29725769 29725770
29725773 20275877
29721995 29721999
29725783 20770321
29725788 29725789
28207888 9529262
969373 1808571
29725794 29725795
28516637 28516656
5023493 5023503
29725800 29725802
29725774 29725780
4637229 4645306
29725098 29725108
29723417 19341131
29725809 29725810
10660908 10660934
29723624 29723633
29725813 29725816
28207881 28207893
29725839 29725841
10202782 10202792
29725848 29725851
29725867 6528118
2493974 3165858
29725872 27835144
3165840 3634401
29725883 29725885
29725686 10561780
2958304 3485041
29725891 29725894
29725909 7324391
10201929 10201940
29725915 3247139
29724249 29724253
29725918 29725921
10201894 10201905
29725936 29725937
29725174 29725178
3713349 1511072
29725940 29725941
29722933 29722941
29725007 17259855
29724640 20129548
29725945 29725947
29725965 16237204
29721956 29721964
29721976 26109978
29725969 29725971
29724309 25592452
29725975 29725976
29724796 29724800
29725979 29725980
29725984 29725985
29725988 29725990
29725995 29725996
4652716 4659464
10203077 10203093
29725999 29726001
29723030 29723040
29726005 29726007
29722196 29722205
4628456 4637224
8175855 8175866
754367 1535177
29721748 29721756
1588942 2446211
29726021 29726022
29726028 16553634
3634360 3950793
29722766 29722774
28516680 28516687
29726032 29726034
10203008 10203042
4509063 4535529
1588943 2446216
29726038 29726040
10203009 10203049
29726059 8042408
29726064 10986297
4628457 4637231
29722232 29722241
29724372 29724380
29726066 29726067
10660868 10660895
29726072 29726076
29726084 29726085
29723963 29723969
29726090 2137275
29726092 29726093
29726097 19541234
29726106 29726107
29723433 29723438
29726110 29726113
3165841 3634404
29726133 29726135
2493986 3165881
29726138 29726139
29726143 29726146
29726163 29726165
29726169 29726171
29726184 29726185
14267821 14267841
2493939 3165830
29722374 29722386
29723832 29723838
29726190 29726191
29726195 21423591
29724057 29724063
29726199 29726200
29726204 29726205
29726208 29726209
29726212 19338174
29726218 29726219
29726221 20256944
29726224 21233767
3485036 3851997
15318592 15318599
29723695 17169702
29726228 29726230
29725858 29725863
29726240 7471093
29726248 19512646
29726256 16254373
3948943 4149309
501836 1190711
29726266 29726267
29726270 29726272
10199745 10199762
29726276 8684142
29725840 29725845
29726279 19055223
1646125 2488847
29723594 26223122
29726283 17667960
4586507 4598109
29725958 29725962
15298505 15298510
1535174 2393183
29726288 25754700
7237477 7237502
29725020 29725025
29725381 29725385
29726294 9729691
29722303 29722309
29724154 29724170
29726301 27306443
29722323 29722330
29726306 15397257
29726321 29726324
29726341 29726343
29722945 22319033
3950829 4150394
29726352 29726354
29722128 20784795
1644460 2487375
29723143 24003006
10200336 10200367
29726373 29726376
29724292 16780347
29726404 29726405
28465055 28465062
29724843 29724851
29721935 29721939
29723201 21407442
1651184 2493975
3634361 3950801
29726408 18337879
29724051 29724053
29724630 22288303
10660869 10660901
29725422 17696652
29726117 29726125
29726411 10785547
29726415 29726419
29723735 29723741
10200964 10200970
29726425 16673157
29722706 29722712
29726434 29726436
29726443 10867840
29726447 29726450
14360266 14360277
29726462 29726463
29726469 19987613
29726472 29726473
29726476 29726477
29726482 29726483
1190723 2065395
29724654 17337846
29721817 17249869
29726486 29726487
29726490 29726491
10202272 10202278
29726494 29726496
29726500 17110686
29726503 29726505
10202845 10202855
29726513 10981723
4598106 4608881
29726516 29726519
29726530 29726533
4432444 4475724
10202422 10202428
4598126 4608899
11393718 11393726
29725849 17180825
29726538 29726540
10200531 10200540
29726546 29726547
3634389 3950825
29726550 29726552
15318633 15318645
29724322 20270761
29726558 29726559
15318602 15318613
4325879 4399609
29726562 29726564
29726566 29726568
29726572 29726573
969374 1808577
29725569 29725575
11074910 11074929
29726577 29726578
29726581 29726582
29726587 18331147
29724454 29724462
2148445 2890508
29723493 29723499
29726590 29726591
29726594 29726595
3475968 3846862
1859172 2659592
29726598 19926297
29726601 29726603
29725820 29725827
29726615 29726617
754368 1535183
29726621 21420900
29722239 20272451
29722671 29722675
29725919 29725926
29724190 29724199
736344 1507654
29723371 16141568
10200685 10200697
3950807 4150363
29725469 29725477
29724698 29724703
29723863 29723878
29726632 14532608
29725801 29725806
11074892 11074897
29726635 29726636
29726638 29726640
10200425 10200434
10201772 10201780
29012603 29012613
29726654 29726656
29726665 21417953
29726669 26059436
29726679 20154599
29726689 29726690
10202293 10202307
4475700 4509079
11510647 11510665
29726693 29726697
3950815 4150384
29726712 29726714
29726721 29726722
29722887 29722898
28516456 28516462
1859173 2659599
2433144 3115912
29726725 29726726
10201990 10202002
29725512 29725519
1859174 2659606
29726731 29726734
29726748 29726749
29726257 29726263
29726123 29726129
29724612 29724620
4509082 4535559
4510333 4536546
4399608 4451854
11601702 11601711
29726752 29726754
29726759 29726761
11354167 11354174
29726769 29726771
29726780 28031709
29723454 19182972
29724858 20261176
29724332 29724337
29722804 29722812
29726784 29726786
29723195 20268256
29726789 29726790
29723310 29723320
29724731 29724739
29724738 29724750
969375 1808590
10202396 10202417
4475701 4509084
4432445 4475728
29726794 29726795
29726798 29726800
15318620 15318635
2659523 3276301
10202765 10202777
29724406 29724411
21631940 21631953
29726806 29726808
14236989 14237401
2488861 3161309
29726504 29726509
29726812 29726813
29726732 29726738
4509078 4535550
28170245 28170251
29726817 29726819
29726842 29726843
29726382 29726392
29722631 29722635
29722973 26708567
29726312 29726318
4572554 4586525
4586524 4598120
29726846 28016640
29726850 29726851
29726854 20390737
29726859 29726860
29725613 29725617
11601703 10785735
15326949 15326961
1646134 2488862
29725821 29725830
29726865 29094173
10201512 10201520
10202657 10202679
29724532 27868327
1808604 2620402
3248985 3693342
29724749 20977046
29726870 19570508
29726874 29726875
29726878 29726879
29726882 29726883
2493857 3165724
29724186 29724193
29726051 29726056
4434070 4477078
29722596 29722601
29723276 21232824
29726887 29726889
29726902 29726903
29726907 18542963
29726910 29726913
10201443 10201455
29726924 6301512
6218470 6218494
29726927 29726929
3634403 3950842
1646126 2488854
29726933 29726934
29726938 29726940
4283792 4371385
4284289 4371705
29721530 27816292
29722191 29722199
29726948 19717209
29723934 29723938
8175826 8175845
29726953 19460597
29726969 4574304
29722794 29722801
29726978 29726980
4645281 4652703
29726987 29726988
4619095 4628449
29726994 29726997
29727007 29727008
29727013 29727015
29723106 4143118
1651185 2493981
29725730 29725738
29723848 29723853
29727043 29727045
29721642 29721647
29727065 18747489
28207984 28207996
29725716 29725721
29727072 29727074
29726770 29726775
29727083 26050722
10202593 10202602
29727088 16901671
4509097 4535566
4628458 4637238
4637221 4645287
14360267 14360281
28516681 28516691
1651175 2493969
4637222 4645294
10660870 10660910
29727097 29727099
29727109 29727111
29723696 29723704
14267814 14267822
29726416 26524785
15318593 15318603
29723621 29723625
29724668 29724673
3165834 3634396
28516690 28516695
10200305 10200320
29727117 29727120
29727133 29727134
29725555 21411302
4619096 4628460
29727137 29727138
29727141 29727142
10200066 10200073
29725306 25672999
6827092 2368608
29727146 29727147
4510334 4536550
8175864 8175883
10202677 10202703
29727151 29727152
29726374 27756945
29727158 29727160
29727162 26042015
29727169 29727170
29721552 29721560
29721950 29721958
29727173 4021397
1651186 2493987
29723478 29723481
29725703 17246485
29727178 29727180
3634415 3950853
29727191 25661054
15316386 3954799
10218799 10218807
10202388 10202398
29722435 29722442
29727199 29727202
10201764 10201774
29727221 29727222
10202846 10202858
10203061 10203079
4304687 4385712
29722058 29722063
754369 1535189
29722524 27846109
10202939 10202946
29727225 29727227
10695327 10695329
29724753 29724759
29727237 28825501
10200483 10200492
29727241 7467961
29727245 29727247
4535557 4555802
29727250 29727251
29727256 29727258
29727265 29727267
4284273 4371695
29724692 29724699
29727276 29727278
29727291 29727292
29721981 29721988
29727294 29727295
29727298 29727300
29724771 16495881
14360284 14360309
840060 1651188
29727305 29727307
4489508 4520048
10200773 10200785
29727313 29727316
29727341 29727342
29727345 6062789
29726979 29726984
10203026 10203053
29727349 29727352
29723882 29723889
29724641 29724656
29727360 21402654
29725423 29725430
10200318 10200337
10199760 10199781
29727363 29727364
203436 610416
13382530 13382545
29727192 29727194
29724716 26205446
4608906 4619107
29727370 1420848
15318612 15318623
29727375 20589135
29727380 29727381
10200955 10200965
6158067 6158076
14236350 14236655
29727383 29727384
29727387 21424131
29727392 14709788
1507662 2371254
29727402 29727405
29725950 27855359
29727413 29727414
8003058 8003063
3124354 3601260
14360268 14360286
29727417 29727419
29727429 20197929
29727432 29727434
4608891 4619098
29727439 21274112
29723888 29723893
29722795 21073985
4555793 4572556
4509064 4535533
969376 1808597
6774877 6774901
29727444 29727445
29727450 13641080
7177079 7177089
29727098 29727104
29727459 29727460
4450196 4489511
4555800 4572567
10200515 10200532
29727463 29727464
29727467 29727468
29724450 29724456
2493940 3165835
5023502 5023517
11601699 11601706
29727471 29727473
29727478 29727479
29726170 29726176
10199920 8853626
1859175 2659610
29726911 29726916
29727484 29727486
15300488 15300495
4637223 4645300
29726939 29726944
10200001 10200008
29727493 5565743
10201016 10201024
10199697 10199706
29722150 29722156
4382253 4439785
1507663 2371261
29727502 19154703
29727505 10982498
29727508 29727509
4535497 4555771
29726713 17171750
29727118 29727129
29727433 29727436
29727512 29727513
121587 399034
501837 1190718
29727516 29727517
29724575 29724580
4645286 4652709
29727521 4471612
29726760 17383215
3160309 3630892
10199916 757549
10660871 10660918
2488845 3161302
399031 1009157
4572585 4586545
29727570 29727571
29726435 29726440
29725129 29725137
29727573 29727575
29725579 29725584
1480713 2348333
29724191 29724205
176703 544049
29725850 29725859
4608916 4619117
29727580 29727583
835642 1646129
1588944 2446225
29726970 29726974
29727586 29727587
29727591 1305527
4572572 4586539
29725873 6099935
29727595 28491042
29727608 29727609
29723797 29723802
29726822 29726830
29724980 29724991
29726888 21419450
29727612 29727613
1661433 2500808
29727616 7197238
29724129 17262954
28516659 28516672
3124379 3601269
29727622 29727625
29726912 29726919
29727648 29727650
29727654 29727657
4645311 4652729
28170238 28170246
29726012 29726016
29727663 29727665
29726829 19537765
29727673 29727674
29727677 29727679
29727684 5463990
29727688 29727689
29727693 29727694
6150105 6150132
29727699 29727700
4284290 4371712
4608907 4619111
6150130 6150143
14739699 14739705
3165829 3634384
29727705 29727706
29727711 29727712
29727716 29727717
29727720 29727724
1009154 1859234
29726799 19667550
29723354 29723361
2957360 3484467
29727769 18351347
29727772 10316113
29725631 29725639
29727775 29727776
29727780 29727782
29724962 29724968
29727787 19462038
514289 1212720
29722877 29722892
4652701 4659456
840061 1651197
10200397 10200405
29726342 29726348
14679565 14679576
2493955 3165842
29722364 29722369
3401802 3794252
2659590 3276359
29723778 28491132
29725250 16314839
10660940 10660949
29727266 29727272
4586515 4598117
29727790 29727791
29726954 16270855
29726892 28009576
2047701 2808076
4608892 4619102
10202790 2680268
1808558 2620356
29725513 29725524
29723552 14288557
29727793 29727794
4371718 4432453
4619084 4628430
29726390 29726399
4555808 4572579
29726622 16504995
15298617 6558261
29725822 29725833
29726957 29726964
2659585 3276353
10203084 5699252
29727797 29727799
29727623 29727629
4628473 4637253
4284248 4371685
4586535 4598129
4371683 4432446
29727823 29727825
29727284 29727288
1174967 2047703
29724026 16493885
4475702 4509088
29721991 29721996
29724139 29724147
29724650 29724665
10201773 10201784
10203227 10203235
29725271 6979582
1480719 2348336
29722368 29722375
29724118 29724124
28516638 16940119
3986518 4172662
14360279 14360305
3950830 4150398
29727836 17696643
29727841 29727842
29727403 29727408
1859198 2659626
10202650 10202659
29727845 29727846
10319732 10319742
29725899 29725905
2371252 3065216
29724114 9100995
29727849 7942555
15375639 11504358
29727856 29727858
29727868 29727869
29727872 19862531
245798 734434
29724036 29724043
29727883 8961089
29727888 29727890
3950831 4150403
10201823 10201827
29722834 2885754
601986 1338992
10202265 10202273
4652728 4659469
10201807 10201812
29724956 29724963
4608879 4619086
10203062 10203086
29727902 29727903
1466190 2335626
28516455 28516457
29724144 29724160
2886795 3432062
7510130 7510137
29727908 28508948
10202904 5403820
10201389 10201395
10660894 10660931
29727912 2856174
29725920 29725931
29727918 3094570
29727925 10231607
29727931 29727934
2944146 3475970
29728004 29728006
29728010 29728011
29728014 29728017
29725597 29725603
29728024 5888536
4598119 4608886
10660872 10660924
29728027 21138982
29728030 22288289
29728038 29728039
29728043 29728044
29728049 29728051
29722740 29722748
29728062 29728063
29728066 29728067
29728072 4237469
4432434 4475720
3634382 3950818
29728075 29728077
29728081 29728082
28207985 28208002
7723267 7723272
29726073 27811701
4637237 4645312
29728087 3724882
29728090 27794043
10202755 10202767
29724898 29724901
29724886 15415347
29722019 29722030
29727179 29727185
29728092 29728093
28170953 28170972
29728097 25027889
29727257 26109034
10441556 10441559
4475713 319483
1266142 2143045
29728100 29728101
29728104 27392632
29728107 29728108
29727638 29727644
1859176 2659618
29725540 29725546
29727807 29727814
29724973 29724981
29728111 29728113
29728118 19896059
29723773 29723779
29725337 17636313
29728121 29728124
29726175 29726180
29724420 29724429
29728159 29728160
29728162 29728163
29728168 29728169
29727226 29727230
29727624 29727635
29728173 29728174
29728178 29728180
10660926 10660942
29728184 29728186
29728189 29728190
1574246 2433758
29723582 27988825
29728192 19477788
11393703 11393713
29728196 29728198
29728202 29728204
29728031 29728035
29728210 29728211
29722908 29722913
29728217 29728218
7177087 7177097
29727281 29727285
29728222 29728224
14360298 14360322
29722746 18207826
10201949 10201962
29728233 8973651
4087565 4238433
21631952 20702416
29728236 29728239
29728245 29728247
6774857 6774869
4535498 4555777
29728253 29728255
29728259 29728260
29728264 29728266
29728269 19743078
10202389 10202404
29722654 29722660
29727731 29727751
7510120 7510131
29728297 29728298
29728301 20055043
29728310 29728311
29727628 29727639
2207377 2944151
29727044 29727050
10203233 7578790
750489 1530891
29724669 29724678
29728314 29728315
29722830 29722836
29726098 25509724
29728319 29728322
29728363 29728364
29728368 29728369
3919500 4129711
29728374 29728375
29728380 29728382
29726039 29726047
4509065 4535538
29728387 29728388
3634394 3950834
14555165 14555169
29728392 27798421
29728395 2290073
29722028 29722040
29724000 29724005
29727026 29727031
10202601 10202609
29728398 29728400
11074911 11074935
4555794 4572562
10201463 10201473
10202932 10202941
29728406 29728407
3768413 4029827
29728411 29728412
1535181 2393186
29728417 29728418
10906680 10906690
29726328 29726338
29728425 29728427
3986482 4172638
29725570 29725581
29728433 29728434
29728439 16538135
29727054 10986843
3401803 3794258
29728444 29728446
10202925 10202934
1859134 2004152
2493979 3165864
29728449 29728450
29728452 29728453
4555776 4572545
29728456 23881311
29728470 29728471
29728477 3648715
3630896 3948946
29726670 26270595
29725565 29725571
29728482 29728483
8003060 8003073
29728486 18351484
29728489 29728490
10201798 10201808
29728493 29728495
29728510 29728511
4535528 4555795
29727798 29727803
28208001 28208006
29728519 18319478
4374134 4434072
29728522 29728524
29725278 8335674
29722425 21050305
10200982 10200995
29728571 29728572
29728575 29728577
29728580 29728581
10200696 10200703
4598127 4608910
29728584 29728587
969377 1808606
29728599 29728602
2371247 3065208
3484466 3851763
601987 1338998
29728612 29728613
29728616 29728618
29725099 29725112
29728623 29728625
4535499 4555783
29723928 20270312
29725031 29725036
29728634 29728636
29725627 29725633
4535570 3331675
4432452 4475735
29728639 29728640
29726353 20266303
29728644 29728645
29725136 29725141
4284291 4371719
14360258 14360273
15298618 809064
29728648 29728649
29723703 29723707
1661398 2500792
29724543 20851251
14236312 14236357
2442466 3124355
29728500 29728507
29728655 21295251
3919355 4129648
29724967 21164309
29725697 1079799
10202830 10202836
29727077 15837161
29725706 20768612
29728676 29728677
29726694 29726705
29728302 29728306
29728683 16620245
29728687 20222358
29726045 29726052
29728690 29728692
29007788 4615740
29728698 29728699
2143042 2886788
10202277 10202285
29728702 29728705
4555801 4572573
3919356 4129654
2493980 3165873
2143055 2886805
29725892 24797803
29728714 29728716
29724974 29724987
10201090 10201099
29723233 29723237
4509098 4535571
29728746 29728750
29728758 29728759
29728762 29728763
29721705 29721711
29728769 21333153
29727089 29727094
29724140 29724155
720789 1480715
1266143 2143050
4598128 4608917
29728656 21295456
29728784 19079813
29728790 29728792
4645305 4652720
29728797 29728800
3919357 4129659
29728600 29728606
4572541 4586510
29727277 19544692
29728808 29728809
29728605 29728609
29728715 29728723
10201078 10201085
29724809 4649000
10202620 10202626
29723794 29723798
29722872 18694110
29728814 29728815
29724354 28936636
7177102 7177114
28170934 28170945
10200372 10200383
29728818 29728820
29728823 4255891
14360285 14360313
29728825 16859141
29728798 18323123
3276373 3713351
2630123 3255758
29728829 29728830
14360269 14360292
4322092 4397043
2886796 3432066
29725279 5744672
3063852 3557980
1859135 2659526
29723359 20877405
29728833 29728834
4535500 4555787
4149308 4283788
10201914 10201931
10201479 10201490
29728837 25980069
29726426 19139925
29728859 8776953
29724571 19417205
4509099 4535578
840045 1651171
29728866 9567006
2886827 3432098
29728871 15729902
839855 1650921
4111220 4258446
29728875 29728876
29728880 29728881
29728270 29728277
29728888 29728889
29728893 29728894
29728899 6241370
29728902 16472317
29728320 29728327
3853626 4087567
29728905 29728906
10201950 10201967
29727350 25627475
544017 1266136
29724509 29724520
29728910 29728911
29725083 29725089
29728528 29728537
4149313 4283795
29728916 21231972
29728921 29728922
29728926 29728927
29728932 10982560
29727494 29727498
4156180 4288565
1339003 2210727
29728935 29728936
29726733 29726743
1808576 2620373
29722753 23930160
14360270 9859814
29728942 29728944
29728952 29728953
28170944 28170960
4288564 4374137
29728957 29728958
29728961 29728963
29728967 29728968
734443 1505826
29723768 25907055
3487772 3853627
29728971 29728972
29728974 29728975
29728978 29728979
29728984 29728985
305529 835547
2143043 2886798
7177059 7177073
4586536 4598135
29728989 29728990
29728996 29728998
29007789 6487125
29729010 29729012
29729027 29729029
29729033 29729035
29729043 29729044
29729046 29729048
29729062 27786630
29729068 18897105
29729071 29729072
29729076 16342909
10200221 10200253
599260 1335408
4208963 4322087
29729079 29729080
4509100 4535585
29729087 17180230
4423968 4468549
6158075 6158106
10203202 10203209
29729091 29729093
10200686 10200700
29729096 16159646
7177103 7177119
10201965 10201985
1844814 2649500
4489509 4520054
10201757 10201766
2442467 3124363
29726322 21114136
29727314 16087377
29729113 29729115
29728015 29728021
10200206 10200227
29725212 29725219
29729127 29729128
29729132 29729134
4555809 4572588
29729144 29729147
29729169 25893223
4397012 4450146
29729176 3344072
29729181 29729183
29725482 20289640
29729189 29729190
399047 1009172
28170949 28170965
4550700 4568003
29729193 29729194
29729201 29729202
29729118 16942028
10201972 10201992
11077028 11077061
4586508 4598113
29723009 29723013
29007278 19218646
29729206 10982423
245788 734375
29729209 29729210
13499016 13499034
4550701 4568007
10202181 10202190
29729213 8670723
29727932 29727938
29725545 29725551
29729220 20853707
29729224 29729225
2442468 676179
3589213 3919502
42617 175311
29725182 8126151
4214465 4325590
14267812 14267817
840173 1651261
29727727 29727745
10201951 10201973
29729230 29729233
29729244 19613529
29729251 19460580
29729259 29729261
29729266 10783927
29729270 29729272
29729278 29729280
29726680 16637957
9835238 9835256
29729284 29729285
29729291 10316567
2223113 2954599
29729294 29729295
4283793 4371389
29729300 11214679
29729303 29729304
29729310 29729311
29726006 311316
29729313 29729314
3948944 4149314
2886803 3432073
29729317 29729318
10201098 10201102
29729321 18805343
29729328 26200149
611039 1349238
29729331 20153008
29727953 29727969
29729333 29729334
10200161 10200166
28170954 28170978
29725814 18699221
307746 840048
10202182 10202196
29729337 29729338
198161 594709
29729342 29729344
4489441 4519945
4086495 4237707
4450144 4489442
29726144 29726153
29729352 29729354
544046 1266217
10199862 10199870
29729377 29729379
2886828 3432102
29729383 8947088
29727802 29727809
2207875 2944596
29726823 29726833
720790 1480722
10200611 10200618
29729386 29729388
14267815 14267828
29729399 29729402
29729410 10982534
29726655 29726660
1666278 2505835
14236365 14236661
29729413 29729414
29729417 29729418
1859136 2659536
29729421 16574638
7237399 7237423
3693365 1580162
29729426 29729429
29727954 29727976
10202880 10202888
2442469 3124381
3169712 3636051
29729470 29729471
29729474 21162112
4529671 4550683
29727029 29727036
3432061 3811566
10873606 10873616
11387590 11387605
29729479 29729481
29729486 29729488
29727857 20782528
1355735 2228980
29728325 29728338
2201433 2939737
4943341 4943350
29729504 12140875
29729513 29729515
28170935 28170950
29729526 29729527
2842546 3401805
5023529 5023540
4053945 4214467
29729531 29729533
29729541 29729543
29729545 29729546
29724279 29724285
1009169 1859245
4502894 4529657
29729551 29729552
29729555 10369782
14360290 14360316
29729559 29729561
29729573 19606694
29729577 29729579
29729145 29729155
29729590 7930483
544047 1266227
29729594 29729597
29729613 25672041
236248 720949
29729619 16313529
29729637 26049344
29729427 17181271
29729641 20267407
1651079 2493860
29726824 29726836
10202113 10202129
29729648 26295223
10201151 10201155
4397018 4450157
4582766 4594882
29729675 10982805
29729493 29729498
29725011 29725013
29729678 25516653
29729681 9079358
29726639 29726647
4619085 4628436
29727749 29727765
29729684 29729685
4582759 4594874
29724130 29724142
29725079 29725084
5023515 5023532
29729688 19115236
29725094 29725101
29727551 1238925
29724123 29724132
29729692 29729694
29728350 29728357
29729698 29729701
29727315 29727325
245799 734439
10201832 10201844
29729789 29729790
2957824 3484822
29726357 21400367
29729796 29729797
851206 1666283
29729803 29729804
720791 1480729
501838 1190725
10200983 10201003
29729808 2549227
307747 840055
29729811 29729812
29728494 29728501
29729817 29729818
10202106 4167819
10201145 10201152
29729822 29729826
29729835 21116554
1212804 2088913
29729839 29729842
29729857 29729858
10200189 10200197
29729865 29729867
29729873 29729875
29729881 10981467
29727974 29727980
29729885 6852198
29728341 29728351
1666279 2505842
29729903 6653151
29726818 17376713
4502895 4529665
29725946 4788427
4432427 4475714
10201700 10201711
2487399 3160303
3919501 4129717
29722412 29722419
29729907 29729909
29729102 29729108
4270212 4361085
29729971 29729973
29729979 21432336
89458 305393
29729991 29729993
29730006 29730007
29730010 29730012
1480728 2348342
734454 1505831
29728585 29728594
29730031 29730033
29730040 29730041
4520019 4543900
29728050 29728057
10200911 10200933
10202523 10202531
29730047 29730048
57761 236250
3484831 3851916
29730054 16507858
29730058 29730059
13499045 13499053
10200498 10200518
29724506 8006048
29730062 29730063
29730066 29730068
29730076 29730078
29730089 29730090
11516046 11516063
15077743 10893933
10200398 10200411
29730093 6119746
4572542 4586518
29730097 29730100
29727808 29727817
29730146 29730147
29727030 29727040
10202097 10202108
29723258 29723265
29730151 29730152
29730155 17182086
29730158 29730159
29722994 16787468
121588 399040
2030623 2792921
3948953 4149319
1266134 2143036
10201117 10201137
29729400 29729406
15120114 15120129
29729214 10980218
471349 1141146
29730163 29730166
29729980 25483128
29730190 29730191
13153601 13153619
29730196 21372534
601988 1339005
29727596 29727604
29730199 29730200
29730203 29730204
10202885 2285315
29730209 29730211
29730215 29730216
29726448 29726455
10200196 10200222
1009124 1859215
14267816 14267834
4567981 4582750
4943241 4943287
29727873 29727879
11387603 11387611
786893 1573793
199937 599264
29730221 29730222
29730229 29730232
29730284 29730286
1480825 2348369
29730301 29730302
14470588 14470594
7237478 7237508
29730306 29730307
599261 1335418
29729620 29429788
29730164 26294089
29730311 29730312
10202148 10202159
29730315 29730319
29730324 20135717
29729532 26606100
29730327 29730328
7198879 7198887
4628459 4637245
29730332 29730334
14237481 14237583
1266149 2143057
29730340 29730342
4489447 4519949
4110586 4258173
29730354 29730356
29730363 29730364
29729097 29729104
29730367 29730368
4535583 4555815
10200207 10200234
29730373 29730375
10201351 10201360
29730397 6241965
29724634 29724644
3353740 3764473
4284292 4371724
2018397 2783645
29047740 29047744
29730403 29730405
430492 1075137
29727721 29727728
29730448 162703
13372207 13372217
2228977 2958308
29728747 17178120
2957825 3484834
29730453 29730454
1266222 2143079
29726151 29726160
29724101 29724107
2886829 3432110
29730460 29730461
4477075 4510336
29730467 29730469
4291430 4376137
29723687 29723697
10200774 10200789
29729849 29729854
29730473 29730474
2783652 3363197
29729047 29729055
29727110 29727114
720854 1480790
29729353 29729363
3106251 3588550
29730476 6434326
29730481 29730483
29730489 29730491
10202149 10202166
29725687 21431744
29730497 29730499
29722799 29722807
4509066 4535545
4572586 4586551
29727393 29727397
1329631 2201437
29730507 29730508
3630897 3948954
15077744 15077755
1158603 2030625
2143056 2886812
29730512 20254550
4568001 4582754
29729362 20585339
29730515 25662702
29730518 29730520
29730532 29730533
492795 1174970
7237431 7237432
29727324 29727334
29730538 29730539
10201366 10201379
6774858 6774878
29730544 29730545
8959799 8959808
29730548 2357370
840052 1651178
29729560 29729565
29730555 29730557
29730581 7238214
29730584 29730585
29730588 29730590
29730605 29730607
15330144 15330152
2886810 3432078
971235 1810536
29730615 29730616
4943242 4943297
2939734 3473093
29730619 21032976
29730628 29730629
10200709 10200726
4110587 4258179
29730632 29730633
13499017 13499038
29730637 29730638
29729621 29729631
3566160 3904388
29724931 29724938
29730641 29730643
29728943 29728949
29730654 29730655
4322093 4397048
29730660 29730661
29730016 29730024
10200120 10200136
29730665 29730666
835551 1646082
29726249 20084991
2419465 3105633
29730669 20339574
4322073 4397014
29730673 29730674
29730678 29730679
2768652 3353736
314671 851208
29730684 26010805
63282 245790
29730699 29730702
29730713 29730715
29730721 29730722
29730728 29730730
10200886 10200894
10873602 10873609
28707965 28707972
13499033 13499047
29727319 29727330
29730734 20505794
29730737 29730738
29730742 29730743
29729961 26089786
259505 754371
2345375 3043389
29727979 29727994
29726363 29726370
29727744 29727761
29730747 20724161
29728663 9155585
24396870 24396890
29730750 29730751
29730753 29730755
29728271 29728282
2957826 3484842
3548287 3893801
80808 280875
29730774 29730775
4450188 4489503
29728122 29728129
29729487 29729494
1266223 2143083
29722934 29722947
29730778 29730781
8234240 8234256
29730788 29730790
29730802 29730803
4489448 4519953
10200208 10200240
29726323 29726333
452760 1111693
29729908 29729915
29729953 29729962
29730808 29730809
29730814 21431800
29730819 20339820
4450213 4489521
29725681 8264784
10200190 10200202
1480353 2348057
29730820 29730823
29730827 29730828
29730831 29730832
29730836 29730838
29730864 25572650
29730891 10979040
29730408 29730417
3547001 3892322
3548288 3893807
10200209 10200245
4150402 2154472
29726111 29726118
121589 399049
29730894 21431938
10202740 10202746
29730903 29730905
835040 1645380
29727522 9212104
29730685 29730689
29730911 25685016
29730700 29730707
14608363 14608370
10202886 10202900
29730915 29730917
10200162 10200171
10200233 10200257
3484482 3851775
137783 430505
773982 1558543
4322074 4397019
29730562 29730573
4208964 4322099
29730930 19833896
29730933 29730934
29729912 29729919
29730939 29730940
1266224 2143091
29730944 29730946
29730992 2795224
8223806 8223822
28170936 28170956
29730995 29730996
29731000 29731001
29726449 29726458
29731005 29731006
4450197 4489517
4943223 4943265
28516569 28516579
29731010 29731011
29730870 26260086
29014746 29014764
15120100 15120108
29731017 29731019
29731044 2857496
4568002 4582760
3540384 3888970
2772142 3355804
29731053 29731054
29731057 16945192
4237712 4343093
29731073 29731074
4489460 4519986
29729874 29729878
29731077 29731079
29727535 18779691
3353760 3764496
29730595 29730602
29731083 29731084
29731088 29731089
29731093 29731095
29725405 10762940
2223114 2954605
29730498 29730503
29731118 25055100
29731123 29372924
29728721 29728730
28174780 28174795
4509101 4535591
29731132 29731134
3919358 4129667
29731182 29731183
29730895 12855910
29730333 29730337
29731107 29731115
2487400 3160312
29731187 29731188
10200548 10200563
28279880 4746864
29731192 29731193
29731196 29731198
29731206 6335752
28580284 28580299
29728691 29728696
29731211 19859454
29731216 19853620
4322094 4397056
29729578 29729584
29729444 29729458
29728997 20585321
29731224 29731225
29731197 29731203
720840 1480772
29731230 27798303
29731234 29731235
29731241 29731242
13499018 13499041
29731248 29731249
246128 734707
29731254 29731256
29730165 29730175
29731266 29731267
29721627 25631217
29730434 29730442
29731270 29731272
10200300 10200315
29731276 29111325
14236378 14236671
840287 1651432
2487401 3160315
29731289 19854220
29731295 29731296
29730490 29730494
29731302 29731303
4397013 4450152
29731307 29731308
29731314 29731316
14237601 14237661
29729133 29729139
29731348 29731350
13792026 13792036
29731353 13756271
10202120 10202136
4529647 4550677
29731359 29731360
8012482 8012543
10200324 10200351
10200342 10200376
29727418 29727424
146673 463082
4502896 4529674
1480826 2348375
29731364 29731366
29728703 19852051
29729630 18931183
29729947 29729954
29731379 29731380
10200816 10200825
29731385 29731387
4488692 4519403
29731408 29731409
3160310 3630900
10201960 10201979
29731412 29731413
29731416 29731417
29729564 29729569
29731420 29731422
29729182 29729186
10200176 10200186
10202915 7452938
29731354 21566345
2223982 2955360
736345 1507668
10200969 10200976
29726307 29726314
29731429 29731430
29728462 29728467
29731433 29731434
29728457 29728464
29722407 21712028
29731436 29731438
29723653 25737852
10203203 10203218
10199976 10199991
11074912 11074941
29723148 29723153
1468576 2337534
236179 720857
7237433 7237490
4044713 4208967
29731442 29731446
29726229 29726234
29723305 29723315
1999186 2768452
29731460 29731462
29731476 29731479
29727722 29727735
29731490 29731491
4322095 4397060
29730077 29730083
29731495 29731496
29727049 29727056
29731499 29731501
14237587 14237654
2143088 2886818
146674 463092
15120115 15120136
29726602 29726609
29731505 29731508
29731516 29731518
29730098 29730106
601989 1339013
29727073 11201406
29731535 29731536
3890395 4111221
29731540 29731541
29731544 29731545
29731548 11149368
7177095 7177106
29731552 29731554
280845 788862
2201434 2939741
29731561 29731564
29728770 11586207
29731569 29731571
29729514 29729522
29731575 29731576
29730837 29730842
89626 305532
29731581 421638
3076116 468564
4594879 4605910
544018 1266144
29730606 29730611
29729886 6811942
29731590 25691470
29731594 16568999
29731597 29731598
29731602 29731603
13153590 13153603
29730875 29730882
11601704 11601720
29731607 29731609
29729146 29729162
29731617 29731618
25432850 25432854
29726539 29726543
28170955 28170982
11746135 11746153
4322086 4397037
29731319 29731326
29729712 29729730
198162 594714
2335388 3036361
611156 1349493
29728542 19323045
29731621 29731623
1287628 2165613
29731636 29731639
29731676 29731677
10201109 10201120
29731680 29731682
2957827 3484851
29731506 17959115
29731689 29731690
29730519 29730527
14360239 14360249
29731693 29731695
8012344 8012369
29731698 29731700
10201352 10201368
4560985 4576720
3043386 3545192
10200824 10200831
29727014 29727021
29731711 29731712
29731715 29731717
13792027 13792039
10200048 10200057
734455 1505837
29731743 29731744
1529323 2387840
29731747 3483685
29731751 29731752
29731756 29731758
3548289 3893813
10200896 10200912
29731767 29731769
29731775 29731776
3835069 4076358
4086504 4237713
29731124 29731128
29731778 17180709
10201118 10201141
10200710 10200733
29730620 19957317
2957828 3484859
14237640 14237698
4488693 4519410
29727985 19535131
305664 835831
10201870 10201885
371248 971231
29012604 29012616
29731795 29731796
29731798 29731799
29731802 26271803
29728123 29728133
10201038 10201046
10201050 10201062
4449164 4488694
29731805 21293887
29731810 29731811
29731815 17380154
29731819 26298379
29731824 29731825
29727536 18802204
29731831 29731832
29731835 29731836
10200121 10200143
29731839 29731843
29729343 29729347
2487906 3160694
29731871 29731874
1349244 2223993
29731889 29731890
29731894 29731896
14237777 13414903
29731716 29731725
29731915 29731916
10202894 2328907
371249 971236
29731922 29731923
29731927 29731928
28174781 28174800
4943295 4943343
4578000 4591140
29731932 29731933
2957361 3484474
399032 1009162
3124368 3601265
7198892 7198901
6244 57669
14237765 14237779
4529672 4550695
29731938 19606729
29728281 29728287
29731946 29731947
29731954 29731955
3820472 4061643
29731960 25696030
29731962 29731963
29731967 28119525
10201358 10201375
4475733 4509103
29731970 29731971
14891316 14891332
10201480 10201496
15077728 15077745
29731975 29731976
4395780 4449155
10201717 10201724
29727664 29727670
2957372 3484484
29731980 29731981
8223821 8223837
29731986 29731988
2384079 3076101
29728555 29728565
4529673 4550702
29729840 29729846
10202483 10202503
2143089 2886823
14891317 14891337
1474761 2343095
2223976 2955352
3174119 3639601
1349234 2223977
14237572 14237649
10201083 10201093
4449156 4488686
1644507 2487402
29731998 29732000
28516593 28516602
1469156 2338107
29732011 29732012
29732017 29732019
14891318 14891345
10910336 10910347
29732039 11429191
2013053 2779216
29731757 29731762
10200732 10200752
245800 734444
29732042 10982358
1478572 2346349
29732045 9875282
29722281 29722285
29730983 21355899
1732497 2566182
29732052 29732054
29732070 29732072
3432084 3811571
4543857 4562465
29730341 29730348
29728728 29728737
89765 305667
6774854 6774861
10200191 10200212
7362663 7362671
4489449 4519958
1174976 2047715
4543942 4562508
29729918 20331852
1474181 2342627
28632016 28632019
10199852 10199864
29728127 29728140
3760692 4026693
29732078 29732079
29732082 29732083
29730011 29730017
29732087 26510001
3432085 3811579
29732090 29732091
1624898 2472644
307871 840302
11077100 11077111
29732097 29732099
1466191 2335633
14236319 14236387
29731461 29731469
29016844 29016856
6245 57679
29730236 29730252
13792028 13792044
29731655 26419728
29732140 29732141
29725401 11429300
29732145 29732146
29732149 29732151
4215329 4326114
29732164 29732166
10202022 10202034
29728664 21574719
29731477 29731486
29732209 29732211
29728337 29728342
29727523 18779885
9922942 9922951
718354 1477676
7475831 7475864
14237469 14237568
4320394 4395782
29730951 29730958
1465825 2335374
14679554 14679566
3160693 3631114
29732216 29732217
29729764 29729773
10202874 10202881
29729887 11007190
594727 1329646
90440 307875
29732223 27860412
231558 710716
4550691 4567988
29731443 29731454
3892312 4112043
29732234 29732236
24396871 24396896
15120127 15120151
2145763 2888751
29732260 29732263
4322075 4397025
28465132 28465141
10201833 10201848
28516639 28516664
4395795 4449166
29730963 29730976
29732272 20810251
63283 245807
29731099 29731104
4044714 4208974
4489450 4519964
29730916 29730923
29732276 29732278
29732125 29732131
29727020 9358482
3586538 3918155
2338117 3038170
29732288 11149630
28632022 28632032
29732300 29732301
14236384 14236676
718355 1477685
29732305 29732308
29731277 29731282
29732316 19282026
3845428 4083492
29731553 29731557
12306344 12306364
29732333 14669733
29730409 29730421
29732342 19617990
4520036 4543926
29732346 29732348
29732366 25686960
29732371 29732372
29726517 29726523
707662 1466195
4040247 4206566
840174 1651270
2888365 3432975
4397047 4450201
14905867 14905887
10133920 10133934
14237672 14237700
1174968 2047710
28632017 28632024
29732376 20787721
29732383 509833
29732387 19659759
29730067 20525045
13153591 13153612
29727975 29727986
29732390 10986547
29731370 29731376
29728138 29728150
29730686 29730692
4200670 4316713
29730779 25682434
198163 594723
4322076 4397033
4208965 4322104
29729428 29729439
29732393 29732394
10202887 10202906
29016833 16257435
9922927 9922939
29730170 26301881
29732399 29732400
29732404 29732405
1666280 2505851
4489483 4520028
29732410 29732411
29732416 29732417
14470568 14470589
29732422 29732423
4206561 4320396
10199896 10199908
29732426 29732427
29728729 29728741
29731637 20577829
3786164 4039995
29732430 29732432
29732455 29732458
29732471 29732472
10202055 10202064
29731018 29731024
29732476 29732477
28516634 28516641
10200897 10200920
2333715 3035376
14506821 14506835
8012437 8012486
3966351 4160183
14236385 14236680
15120101 15120119
1477681 2345376
29732480 29732481
4397036 4450190
29732485 29732486
29732494 29732496
28707966 28707983
4550692 4567997
29732502 29732505
4320395 4395789
29732563 29732565
29732573 29732574
29732579 29732580
10201320 10201329
7237401 7237435
29732584 29732585
3389275 3786165
10200399 10200415
29732588 29732590
14237521 14237637
10202863 10202870
29722271 29722277
10200185 10200192
29732598 29732601
29732615 20422834
29732619 29732621
10202188 10202201
29732630 29732631
29732636 29732638
29728285 29728293
29732644 29732645
14237430 14237529
10202240 10202251
3540385 3888979
2013054 2779224
11746151 11746161
29727946 26583494
29732650 29732651
29732653 29732656
29732673 29732675
14679528 14679532
788880 1575944
280871 788882
788858 1575930
29732679 29732682
8012465 8012523
10203286 10203296
371250 971243
2882052 3429099
2018398 2783656
10202199 4356671
29731217 29731220
29732722 16683469
29731666 29731673
3765542 4028656
29732800 29732803
3346196 3760687
29732828 29732830
4489461 4519992
29732844 29732847
10202484 10202508
14237528 14237642
4543905 4562491
29732867 29732868
4943253 4943324
10202711 10202722
29732871 29732873
29730975 29730984
29016873 19512483
28437789 28437791
4943243 4943302
28171444 28171457
14237778 14237786
29730256 29730275
29732880 29732881
24396872 24396901
29732884 29732885
29732845 29732852
10200711 10200738
29732829 29732834
29732890 21108744
2753896 3344629
10203294 10203304
717377 1476672
8012566 8012575
29732907 29732910
1475686 2343770
29731723 29731729
29730589 29730597
29729823 29729830
280872 788887
29732921 29732922
28999159 28999168
29731164 29731175
29732929 19509481
29732942 29732944
29731334 29731340
29732957 29732958
307780 840082
29729727 29729746
29729114 29729120
29732966 29732967
28174782 28174807
3811577 4055467
4543876 4562475
1466192 2335641
29732970 29732971
29732974 29732976
29732608 29732612
29732985 29732986
10201623 10201638
1985987 2758094
29732988 29732989
29016845 17548715
28180745 28180752
3540386 3888987
10202098 10202115
57358 235396
29732992 29732994
29733003 19387185
8223830 8223843
29733016 29733017
15331044 15331061
29733019 29733022
1666292 2505869
10202864 10202876
29733036 29733038
29733047 29733048
29733052 29733054
29733079 29733080
29732858 21362338
29730714 29730718
594691 1329641
29733084 16951073
29728529 29728545
29733090 29733092
835545 1646074
2340038 3039337
29729011 29729017
29733105 29733106
29733109 29733111
1471108 2340041
29733149 20779133
29733154 29733155
29730171 29730186
1666281 2505859
29733163 25898502
203654 611040
57467 235729
29733166 29733167
29732104 29732112
29733170 29733172
231559 710727
29733192 29733193
3355799 3765531
29733196 29733198
15058277 15058286
29733214 29733215
10200718 10200747
546158 1269285
29733222 29733224
10201135 10201146
2348367 3045623
1266225 2143101
29733232 29733235
28516600 28516606
10199814 10199829
10200850 10200861
2013055 2779234
2505867 3174121
3046248 3547006
29732105 29732117
4450162 4489479
29733241 29733243
29733259 29733260
2340031 3039326
29731045 18779763
1477682 2345382
10200014 10200025
29733263 29733264
29733267 29733270
29733297 20418381
3346197 3760693
29733311 29733312
1475687 857523
29733315 29733316
10201568 10201577
4450180 4489487
29732930 29732936
9033286 9033304
29730563 29730578
10202056 10202071
10200898 10200927
4489477 4520021
236057 720775
10201184 10201193
710747 1469181
4502883 4529649
2384080 3076109
29727552 21327269
29733319 29733321
29729231 29729237
3548290 3893817
2419466 3105638
29733356 29733357
29729699 29729708
29733364 29733365
4577995 4591137
4562470 4577986
29732637 20260259
29733372 25718354
29733380 20730498
29733391 29733392
29733396 29733397
29733399 29733400
314672 851218
29733405 29733406
8012443 8012498
14237622 14237686
12306359 12306379
29733414 29733415
29730244 29730265
4520020 4543907
14237711 14237729
29731392 29731399
4562471 4577991
4237706 4343089
4489451 4519971
4943301 4943346
29733418 21573042
1651258 2494012
29733423 6077022
29733426 29733427
718356 1477692
2047714 2808082
14237482 14237588
29733429 9872849
29733432 17961818
29733438 29733439
10133932 10133945
29733444 16555674
29733454 29733456
3355800 3765537
29733463 29733464
29733468 29733471
29727937 29727956
29731138 29731151
10200306 10200329
1476670 2344674
2064678 2823353
12306360 12306388
10202127 10202142
835042 1645389
9922908 9922923
4489484 4520039
4520027 4543918
1645387 2487940
8012495 8012549
29733502 29733503
29730117 29730126
28999160 28999176
29733506 29733507
3048008 3548275
29733514 29733517
29733531 29733532
1141619 2013056
2223983 2955370
29731058 29731065
29733535 20526123
198164 594731
4450150 4489468
29733538 29733539
29732896 29732900
14237732 14237745
29733020 29733026
29733543 29733544
29733550 29733551
29733554 29733555
29733558 29733559
29731330 29731336
29732943 29732949
10873607 10873624
29733563 29733564
29733058 29733066
29732503 29732513
29733570 29733572
29732169 29732181
3036352 3540990
28580288 28580303
1147564 2018401
28731315 19858062
4489452 4519977
4562472 4577996
4943189 4943227
29733580 29733581
8012392 8012439
718357 1477698
29733585 29733586
28438433 28438436
28632018 28632028
29733590 29733593
29733608 29733609
29733612 29733613
13792021 13792029
29016867 29016882
245801 734450
2346339 3044078
4322096 4397064
29733616 29733618
3041664 3544384
710748 1469189
29733628 29733629
29733635 29733636
2407808 3096743
3483549 3851288
245802 734457
29733639 29733640
10200455 10200467
29733481 29733489
29733469 29733477
10200373 10200388
29729728 16910526
29012602 29012607
29733004 29733011
10200237 10200264
29733643 29733644
4943190 4943231
29732306 29732312
2823348 3389277
14237483 14237596
10201401 10201408
29732542 29732554
29729924 29729937
611050 1349247
4055666 4215333
29732728 29732745
1480354 2348064
29733649 29733651
14905868 14905893
14237445 14237549
29733656 29733657
14905442 14905457
2939578 3473012
14360240 14360255
29733660 29733663
29733690 29733691
1477689 2345394
29732437 29732447
11023111 11023140
29733696 29733697
8012555 8012568
29728128 29728145
14237508 14237623
29733110 29733121
13477172 13477178
29731840 29731848
4129651 4270219
29733702 29733703
11553125 11553140
840157 1651240
29731158 29731165
29731281 29731286
2823349 3389287
29732239 29732248
10200263 10200274
29732734 29732757
712372 1471076
29732277 29732284
29733705 29733707
29733735 20733951
29731895 29731901
29731365 29731371
29733738 20044914
2407787 3096733
29016874 29016891
3076117 3566162
29733742 29733743
29733661 29733672
1547577 2407809
1547588 2407815
2340032 3039330
572524 1287630
29733749 16555166
3446248 3820467
29733751 29733753
29733759 29733760
29733764 21349455
2955358 3483444
29733769 29733771
203655 611043
29733787 29733789
29731905 29731911
29733802 29733805
29733811 19313687
10201650 10201659
29733814 29733816
1354033 2227616
29733825 29733829
2201226 2939581
24396915 24396928
14916257 14916266
29732543 2113338
29733847 29733849
29733856 29733857
29733860 29733863
4943224 4943270
492796 1174979
29732833 29732840
29733889 8582080
29732891 29732897
10910364 10910371
4489462 4519998
3160699 3631121
15160507 15160517
13792322 13792342
29733893 29733894
13792012 13792022
10199961 10199969
29731029 29731036
29732150 29732159
14237302 14237424
29733898 29733899
594728 1329651
29733903 29733905
10200210 10200249
3360355 3768300
8012296 8012327
10202485 10202512
29733933 20037353
4397023 4450163
29014727 29014742
2649499 3269443
29733936 29733938
29733944 29733946
851215 1666294
29733961 19979955
29733966 26918137
29733969 29733970
9033287 9033311
3353750 3764488
29733975 10980707
10202249 10202256
3355801 3765544
11781716 11781721
1269282 2145766
10200105 10200113
29732654 29732661
29733910 29733919
28999149 28999161
4200671 4316717
29733983 29733985
29728543 29728557
712373 1471085
29733997 29733999
29734008 29734009
29734013 10316475
29732446 29732452
29731647 29731656
29731699 29731705
14236344 14236649
8628916 8628930
29734019 29734020
29733706 29733713
235195 719021
29733334 29733346
14506822 14506843
29730404 29730411
29731841 29731855
29733133 29733140
29734025 29734026
29734030 7970081
29734043 29734045
3542758 3890398
4450181 4489496
14237410 14237473
29014728 29014747
14237785 14237788
29734052 29734054
29734063 17377840
29730876 28146390
29728321 29728332
14237697 14237718
29732735 29732761
29734066 21218662
29734073 29734074
29014751 29014768
29734078 29734079
1573789 2433148
29731022 29731030
6316396 6316405
29729992 29729999
2955553 3483559
14905898 14905921
10199933 10199940
29732736 29732767
29732809 19504126
3096741 3582195
29734084 29734086
29733445 29733451
29016846 29016869
29733571 29733577
2143099 2886831
29729034 29729039
3786710 4040249
29734110 29734111
29733952 29733958
29729601 29729607
29733298 29733303
29734114 29734115
1349235 2223985
14237733 14237752
29734118 29734120
29734149 26242345
14905861 14905878
29734241 26227843
8234224 8234243
1329639 2201443
2756415 3346189
10201199 10201206
4468548 4502898
29730416 29730427
29729505 29729509
29733945 29733953
29734253 29734256
14897824 14897833
29733223 29733229
4943191 4943237
29731987 29731991
29734279 29734281
4489463 4520003
29734293 29734297
29732518 29732528
234388 717379
3039063 3542712
29730754 29730763
29734313 29734316
29731035 29731041
29732098 29732108
203656 611052
10402218 10402226
14905892 14905916
28465094 28465095
29733984 29733990
29733591 29733597
14236635 14236728
3048009 3548280
29733911 29733922
29734332 29734334
307820 840176
29729913 29729925
14237484 14237603
29728523 29728530
10201051 10201067
11746160 11746172
1174977 2047722
29729776 18573473
3966361 4160199
29732846 20469662
10202486 10202518
29734348 29734349
6246 57690
29734355 29734359
29734371 29734373
773983 1558547
29734376 29734377
1480812 2348361
29731315 20331939
29734383 29734384
29734388 29734390
29734409 29734411
29730701 20724119
29734420 29734422
57665 236169
4361677 4424337
2566179 3206550
29734438 5495461
235196 719027
29733335 29733350
29734445 29734448
14891360 14891367
270765 773969
29729433 29729447
3473091 3845430
29734454 29734455
29731139 29731155
4206562 4320404
10201569 10201584
231560 710739
14237509 14237626
4502907 4529682
3851774 4086505
29734458 29734460
29731393 29731403
11575070 11575082
14905914 14905928
2804164 3375831
29734464 29734465
1111698 1983606
710736 1469174
28179742 28179753
28516570 28516584
1477683 2345388
29730132 29730143
4040248 4206576
2924052 3462433
29727824 29727831
29730945 29730953
29734468 29734469
8628917 8628935
29734474 29734475
2186457 2924044
29734482 29734483
29734486 29734489
7690704 7690717
29733989 18856972
29734527 29734529
29734561 29734562
29734568 29734569
57666 236181
29734572 29734573
1469157 2338113
1469158 2338119
29734580 29734582
4562473 4578001
29730099 26300527
29734599 16004598
29734126 29734135
1108022 1980399
29734602 29734603
10200238 10200268
10202438 10202448
847541 1661646
29734607 29734608
29734610 29734611
29734616 29734617
835643 1646137
6247 57701
10203270 10203280
29734621 29734624
29734638 29734639
29734645 29734646
29734652 29734653
4520037 4543934
29734658 29734659
29734661 878606
29734665 19656305
29734669 25475318
10877967 10877975
29733381 29733386
29733792 20260303
14236756 14237330
1169897 2042043
11077068 11077085
29734673 29734674
29734680 29734681
57686 236197
29734683 29734684
2756422 3346200
29016832 29016835
29734688 29734689
13477158 13477173
14905862 14905881
29734044 18970795
10202966 10202974
29734693 29734694
615831 1354034
29734696 17007891
29734302 27857457
2042039 2804177
29734702 29734703
29731724 9872768
719019 1478549
29733249 29733253
29734710 29734711
10201328 10201343
29733937 29733941
29732948 29732954
29734090 29734097
14470564 14470571
7198898 7198908
29734714 29734715
29734719 29734722
29730789 29730796
29734763 29734765
29734774 29734775
10903759 10903776
146675 463101
29734780 20055430
10202811 10202819
2201227 2939593
29727530 7961830
29729824 16374914
10201701 10201718
29734785 25944616
10201052 10201072
29733826 29733835
29730964 19312962
4543877 4562483
29734788 29734789
10202453 10202460
14905927 14905934
10202812 10202824
7198899 7198917
14506819 14506827
10201591 10201606
29734795 29734797
29732170 29732189
29731768 29731772
29730230 29730238
11575071 11575085
29734537 29734542
3540387 3888994
29733717 29733725
29734809 29734810
10906681 10906693
1466193 2335649
29730845 29730855
29732377 29732380
11746152 11746167
29729841 19861925
10200106 10200125
307857 840291
29731704 29731708
29729595 28009183
13792323 13792348
29734814 29734816
10200634 10200640
29727889 29727894
29734822 29734824
29732770 29732778
29734832 29734833
29734836 29734837
4519968 4543868
29730264 29730281
10203258 10203271
2145207 2888366
29732680 29732689
24396873 24396905
29729016 29729023
29733021 29733031
712374 1471095
3540408 3889011
13477136 13477143
29734842 29734846
2335639 3036512
29732224 26291870
29728838 29728845
14891343 14891353
4320408 4395797
1469202 2338128
14506850 14506878
4943225 4943278
29734866 29734868
3540388 3661716
14905433 14905443
10201604 10201613
29734127 17185094
29733176 29733183
29734878 29734879
2488969 3161409
29732801 1487993
763688 1547569
29733134 29733146
14905852 14905863
29734882 29734883
29734888 12046272
4543916 4562501
10200386 10200402
14236757 14237337
10203118 10203125
29734294 29734305
29727527 10872022
29734893 16757033
29732624 29732627
29734897 29734899
29734914 20683545
29016860 29016876
29730865 25776435
29734917 2471254
2145764 2888756
1999799 2768657
3462430 3835075
4397024 4450172
29731638 29731648
4160197 4291458
11077024 11077032
29729729 29729755
29734929 29734931
29734937 16507028
28516568 28516572
57542 235821
514323 1212782
29731608 29731613
29733712 19984248
29734944 17548238
29734960 29734961
29733128 6040759
29732723 29732730
14237691 14237712
1481716 2349290
2753883 3344622
15120135 15120158
1983602 2756416
29734965 29734966
29733482 29733496
14236670 14236760
29734970 29734971
14905491 14905511
28465040 19147403
29734975 29734976
29012605 29012620
29734981 29734982
29734987 29734988
4517578 4542163
14237717 14237734
29733091 26297235
463066 1128011
29730379 16143488
545703 1268658
29730761 29730769
10200627 10200635
14905456 14905470
29734992 29734994
13477037 13477076
14679538 14679548
10402179 10402195
847542 1661653
29733918 29733928
11077093 11077104
4520038 4543943
545704 1268666
29732975 29732982
14237470 14237573
4489453 4519981
14905477 14905487
1573790 2433158
29735002 29735003
11537206 11537210
10201110 10201129
10200024 4674598
29734736 29734749
29734510 19534922
29735007 29735008
14237415 14237488
29735014 29735015
29730841 29730848
29735021 29735024
29731386 29731394
1480788 2348350
29727933 29727948
15298475 15298483
14237419 14237524
29735037 29735040
3484473 3851768
29735049 25581073
29734720 29734728
14902706 14902722
29735056 29735057
29732106 29732121
29735063 26189926
29014726 29014733
3794251 4044715
29735082 29735083
10201651 4111077
710749 1469195
8012420 8012467
29735088 29735089
29734586 29734594
29735093 29735095
14455370 14455379
29732512 29732520
29732171 29732198
29735130 29735131
29735135 29735136
29735139 29735140
29731900 29731906
29730846 29730859
29735143 29735144
29735149 29735151
29735153 28146394
1645377 2487915
3048010 3548294
10200576 10200581
1646255 2488973
29732744 29732771
29735169 29735171
2384081 3076120
4130590 4270792
29735189 29735190
28226260 28226269
29734528 29734538
29733678 685302
11077079 11077094
10201624 10201640
29731526 29731532
29732289 29732294
4270227 4361090
29735195 29735196
29732819 1015091
29733752 29733756
29735200 29735201
29730952 29730968
29735207 28884902
29735210 29735211
4591708 4602932
29731872 29731878
236224 720912
4582742 4594867
1117842 1989718
29729998 29730003
29733037 29733043
3105636 3588229
14236636 14236732
4943254 4943329
29732599 29732605
29735216 29735218
6043984 6044009
29722276 29722282
720841 1480780
29735224 29735226
29735236 29735238
14939382 14939391
24396887 23894223
29735248 29735250
10200400 10200418
29731140 29731160
10200743 10200758
4291457 4376155
7690702 7690707
29735259 29735260
29734487 29734494
10201625 10201646
4269868 4360825
10202140 10202153
10877862 10877878
29732908 29732916
6316403 6316410
1481717 2349296
12306361 12306398
4517579 4542170
13153611 13153626
2186458 2924054
29735265 29735266
21762036 21762041
3820473 4061647
3764485 4028205
29735272 29735273
29735282 29735283
13477149 13477164
29735237 29735243
29730556 29730566
10201039 10201054
29734545 29734553
1268655 2145211
28175896 28175908
3483441 3851259
13477150 13477168
13477140 13477152
29727200 29727207
4270790 1657939
29734031 29734039
14893506 14893521
10201249 10201267
29731622 29731631
29735022 29735029
29734314 21355990
29731728 29731740
29735288 29735290
279690 786897
1983603 2756423
719020 1478555
236225 720920
4206555 4320391
29734737 29734753
2201228 2939601
1980396 2753890
29729649 29729657
3768414 4029837
14898135 14898143
29735299 25685456
29735304 29735306
29735023 29735032
29735311 16638075
2768653 3353743
4376143 4435632
1480827 2348384
13792353 13792368
29735316 29735318
14236318 14236380
29735332 29735334
4517580 4542177
10201581 10201592
4129664 4270229
29735342 29735344
29734139 29734143
29733320 29733328
29735356 29735357
29735364 29735365
10202979 10202990
4026690 4199381
1983604 2756431
29735370 29735371
8012393 8012446
29732872 29732876
2487925 3160707
29735375 29735378
29733302 25656266
206119 615833
29735393 25649379
29735398 29735399
514332 1212798
29729928 18880662
229991 707564
29734389 29734398
14902667 14902675
2488970 3161416
14905434 14905449
29735403 29735404
29733177 29733187
28170748 28170755
29735410 29735411
29733998 29734003
29734546 29734558
29733873 16731040
10201635 10201653
716660 1475689
4376136 4435628
923385 1732500
14891271 14891286
4160181 4291446
14237744 14237757
29731094 29731101
2494217 3166049
763689 1547580
29734764 29734769
14236342 14236640
14506823 14506852
29733650 29733654
4943192 4943245
29735415 19318933
1258066 2135452
29732729 29732751
29733861 29733868
29735424 29735425
29735431 29735432
29735437 29735438
14236309 14236345
29732600 21114329
14897783 14897806
2339736 3039065
2343094 3041667
3035381 3540400
2042040 2804185
29735441 16859897
29729749 29729760
29731133 29731143
14905869 14905900
307748 840064
2369706 3063857
10877881 10877895
29732240 29732251
29734867 20429272
29729716 26305911
28170737 28170749
29735444 29735446
14236416 14236714
29735455 29735457
29729656 3221982
9922943 9922960
29731335 29731343
29732351 25684010
75840 270770
3462421 3835070
29732107 29732126
3546130 3891890
1329322 2201232
10202973 10202984
29732023 29732028
29733862 21354641
29733326 29733338
29735170 29735178
29735463 29735465
29734315 29734325
14237341 14237446
456394 1117844
2135457 2882056
1987436 2759205
28185178 28185187
2333716 3035383
10133944 469023
13477141 13477160
29735479 29735485
29735508 29735509
29735514 29735515
712375 1471101
29735518 25894883
29735154 29735162
29735094 29735100
29735521 29735522
15298481 15298488
235197 719037
29735064 29735075
29735464 29735470
11077042 11077076
29729700 29729713
29734319 29734329
29735525 29735526
14237496 14237608
4130591 4270801
29733053 26073284
14905510 14905530
2488971 3161425
14902718 14902725
1334051 2205892
29734260 29734274
29734085 29734091
29735530 29735532
10202967 10202980
2779232 3360579
29735537 12257395
15120116 15120144
29733118 12906622
29735542 29735543
719044 1478573
2939589 3473026
29735548 29735550
11077029 11077069
29733904 29733913
4489464 4520008
14237510 14237630
29732261 29732266
10877956 10877962
11077074 11077090
29735556 20512792
4291431 4376144
29735416 29735420
29735562 29735564
29734410 29734416
29016888 29016894
29734337 29734343
28438030 28438041
29732620 24479132
29731255 29731260
29732456 29732465
29735099 26605556
14905845 14905855
29735571 26074164
712376 1471112
28438029 28438032
10200600 10200612
28516592 28516595
774572 1559367
57468 235738
29016834 269632
29734053 29734058
29735577 29735578
29730374 19853974
24396868 24396877
29734721 29734733
14905469 14905479
14679571 14679579
2348393 3045646
10202439 10202454
29735581 29735583
29735593 29735594
29733670 29733679
29734800 29734803
15298482 15298495
29728839 29728849
29735597 5530245
10200549 10200572
29733770 29733777
29734843 29734853
14891344 13472735
10201617 4100557
3918540 4129233
15143327 15143338
24396874 24396910
10133911 10133914
840288 1651443
29735601 29735602
8012373 8012408
4578480 4591697
29735608 29735610
29732053 18632934
1470786 2339795
10200744 10200764
1163918 2035570
29727201 28060059
710750 1469205
29735619 29735620
7362615 7362657
1732498 2566190
840080 1651206
29734945 19606747
29732431 29732439
14236713 14237306
235198 719046
29735623 29735624
29732681 29732698
29735629 29735630
10201605 10201619
29729663 29729669
29734622 29734631
29735633 29735635
6774900 6774907
29735659 29735660
29735225 14034013
1980385 2753884
1506073 2369708
28166812 28166821
29735642 29735652
29734504 29734511
29735663 29735664
29732777 29732788
29732705 21132281
29735668 29735670
1661651 2500908
1989716 2760895
4435627 4478707
3353741 3764479
8012354 8012382
2487912 3160702
29733617 29733623
2768450 3353648
10200887 10200902
763690 1547591
14893500 14893511
9922922 9922932
29735677 29735678
7362616 7362664
10202032 10202039
1258067 2135458
3542741 3890370
2012804 2778988
1867798 2667131
29735683 29735684
4519962 4543859
29735690 29735691
29731782 29731789
29734898 29734907
10202712 10202725
29732165 29732173
29734119 29734128
29734541 29734547
14237511 14237635
2823350 3389296
10202062 10202079
29735697 29735698
10910365 10910375
13792324 13792354
3360356 3768305
29734254 29734263
29735669 29735673
14236637 14236739
29735704 29735705
29733815 29733819
8012297 8012335
29732027 29732034
10877858 10877866
29735710 29735711
8628909 8628920
8223807 8223831
1258068 2135463
14984700 14984716
29725587 29725592
715691 1474764
3888993 4110601
13477094 13477104
12183414 12183427
29735716 16335401
4029834 4200674
7198862 7198870
452761 1111701
4270809 4361685
13476985 13477019
14916228 14916237
29734823 29734827
29731842 29731862
29735720 1852818
10877905 10877928
3891888 4111835
8012528 8012556
29732706 29732718
14360248 14360259
29735376 29735385
29733059 29733072
29734421 29734428
6044035 6044053
14679539 14679558
29734581 29734588
7475819 7475850
29732697 29732707
29731661 29731667
270766 773976
546046 1269124
236226 720930
28437761 28437765
10402165 10402186
14905486 14905504
29732317 29732326
29735343 29735350
1867799 2667136
14891272 14891294
3891896 4111840
29735725 29735726
3360577 3768417
29735582 29735588
29735731 29735732
1353190 2227085
29735735 25751383
10200325 10200357
6043985 6044014
2165611 2906156
28175897 28175913
13792325 13792360
4026469 4199268
835819 1646257
4215330 4326118
29733671 29733682
29735739 29735740
29729758 29729770
1650851 2493526
29734801 29734805
9835225 9835239
29735445 29735452
29733242 29733250
29735744 29735745
763691 1547599
12306362 12306407
29735748 29735750
12093081 12093090
29735754 29735755
29734426 29734435
3063853 3557986
29735761 29735763
29732787 29732795
2768654 3353752
29735769 29735771
29734923 29734927
29730118 29730134
29735778 29735780
29729769 25623927
3542759 3890404
28438040 28438048
2957362 3484479
4361088 4423973
14893507 14893530
3890396 4111227
14237634 14237693
29735563 14003412
29732057 21572920
8012289 8012300
3966352 4160189
3542742 3890374
29732438 29732450
29735787 29735789
14237303 14237432
14237750 14237760
10203174 10203185
29735799 29735801
4423969 4468554
29733592 29733603
10199815 10199837
29734095 29734103
14236758 14237342
29735804 20038174
29734333 29734338
29735810 29735811
29735814 29735815
454871 1115575
337118 923388
719035 1478564
3890368 4111211
10201612 10201628
14237728 14237738
29729707 29729720
601153 1337883
24396888 24396922
29735820 29735821
3039084 3542745
4468553 4502909
10203146 10203158
29735825 29735826
10201527 10201541
818446 1624891
3760703 4026698
2145765 2888761
818447 1624903
29731159 29731170
29735831 29735832
29731100 29731109
29733470 29733483
312161 847545
13792326 13792364
1349245 2224000
29735834 29735835
3663033 3966363
29735840 29735841
254848 749061
720391 1480356
14905492 14905517
514309 1212750
29735469 19698897
29735844 29735845
47409 203732
29730245 29730270
10201547 10201559
6248 57713
8012452 8012506
29733827 29733838
29735105 29735114
29735850 3743891
15331033 15331046
29730285 29730292
710751 1469215
12183433 12183441
29735854 29735856
3148554 3621378
29729650 29729660
29735862 29735864
28167296 28167311
29735870 29735872
28580298 28580315
14237751 14237768
29732262 21271181
29735877 20459896
29733515 16693426
29733171 29733178
10200288 10200301
11220416 11220423
29735881 29735882
3966353 4160193
14902691 14902714
15058263 15058272
29727206 29727216
10200830 10200837
232512 712381
29735317 29735326
29735886 16726101
29733197 29733206
29735898 29735901
29734844 29734860
9835226 9835249
10201169 10201176
29735788 29735793
14679530 14679541
163682 514327
1335927 2207879
14237416 14237500
6249 57724
29735909 29735910
29735915 29735916
6043986 6044021
28731314 28731318
8012421 8012475
29735919 29735921
10402180 10402203
10201321 10201335
10202150 10202174
10199869 10199877
3542743 3890379
14237471 14237579
29735951 29735953
29735963 29735964
163683 514336
1547554 2407790
14905870 14905906
3919079 4129480
29735968 29735969
4542161 4560976
712377 1471122
29734150 19831050
10200141 10200152
29014729 20724101
29735973 29735974
29735977 29735978
28465140 28465151
29735984 2934817
2955535 3483552
29732130 29732136
1471064 2340034
11575067 11575074
181042 553275
4130592 4270810
29735989 29735990
6044028 6044046
3577524 3912826
3542751 3890384
29735994 29735995
10133913 10133924
11077043 11077080
29729717 29729738
2347999 3045288
29736063 29736064
1481718 2349305
29736068 29736070
3760676 4026685
29732347 29732353
29734738 29734758
29736077 29736078
2004332 2772143
14905540 14905551
203728 611180
29734515 29734522
29733776 29733783
14236638 14236744
29734498 29734505
29734255 29734270
10877935 10877945
2339751 3039087
29734242 29734248
7198854 7198866
14891292 14891305
492797 1174986
29736081 29736082
29736086 16332638
9922928 9922944
29736089 29736091
7198933 7198942
3890388 4111217
1349491 2224224
28438435 16517244
10201228 10201238
4519990 4543882
2333717 3035389
10199816 10199844
10695823 10695833
29733718 29733728
28167308 28167319
6044020 6044030
29736098 29736099
29736104 29736105
29736109 29736110
10202069 10202083
10133921 10133939
3045275 3546119
29734630 29734635
14897772 14897801
29736114 29736115
14236738 14237321
14237431 14237533
8012374 8012413
29733373 29733376
29730642 19024734
29734796 25586498
29736119 29736120
453953 1114115
29736122 29736123
14679555 14679572
10201266 10201272
28438341 17186676
1985988 2758102
1987423 2759197
7198863 7198875
4110588 4258184
2906153 3446242
14506824 14506862
29736129 29736130
7198904 7198922
10910337 10910350
1624888 2472629
29736136 29736138
29734727 29734740
12183415 12183435
29736144 29736145
3039085 3542753
29729750 29729765
29736151 25655184
29736155 29736156
29736162 29736164
14905853 14905874
29736171 29736172
3546131 3891899
14902668 14902682
29736177 20435116
10910346 10910366
4322097 4397072
7690722 7690731
29728844 29728855
4371388 4432220
29736185 29736186
2924041 3462423
1115556 1987427
2804183 3375839
4943193 4943257
3045276 3546124
3446249 3820476
4291432 4376149
10877877 10877888
29730237 29730258
29735111 29735121
1212788 2088905
1108023 1980407
13476986 13477024
14916236 14916244
29729387 29729392
14905478 14905495
29732993 29732999
15143335 15143345
2906154 3446251
29736189 29736190
10903783 10903794
4450145 4489455
29729936 29729948
29731582 11372638
8012394 8012453
29736196 19861872
57677 236190
29729445 29729465
29736200 29736202
29731320 29731331
28731316 28731332
29733516 29733528
8628918 8628939
2224221 2955556
29736204 26306002
1258069 2135468
29732802 29732811
10203259 10203276
15058259 15058265
2333718 3035397
29730231 29730246
29734394 18209133
2768655 3353762
29730111 29730120
14360237 14360243
29735249 29735255
13792007 13792014
29736215 29736217
29730420 29730435
14237615 14237680
29734488 29734499
28999148 28999151
3206554 3663028
8012333 897839
29736259 29736260
2566187 3206556
14237497 14237616
14893535 14893546
1466088 2335518
2759203 3347810
163684 514343
29731779 29731783
7198864 7198882
9922950 9922965
29734280 29734287
29735333 26194623
8012395 8012459
80809 280886
3346188 3760679
28465131 28465135
14237417 14237513
7198886 7198894
3588227 3919081
29732197 29732204
8012466 8012529
2472648 3148565
236208 720891
10200289 10200308
13477029 13477060
13477095 13477113
29736266 29736267
514324 1212793
29735305 29735309
28437762 28437775
29729391 29729396
29736272 29736273
10200326 10200362
2088881 2842589
818448 1624914
6316404 6316418
14237679 14237705
29735634 29735645
29736278 29736279
29733279 29733291
29736283 29736284
29735925 29735934
29736290 29736291
2753897 3344636
2201229 2939611
29736295 29736296
2756429 3346207
29736301 29736303
28580275 28580285
143769 452764
28580274 28580278
29736309 25661724
3542752 3890390
29736221 29736229
818449 1624924
29736330 29736332
490085 1169901
8012345 8012376
29735038 29735045
11220422 11220427
29735549 29735553
29731643 14600007
3063854 3557993
21631941 21631958
28175884 28175900
29735177 29735184
29732526 29732546
29735887 29735892
14506825 14506870
2756887 3346549
29735289 29735294
11746166 11746180
13476987 13477031
15331068 15331079
231562 710755
29732241 29732255
10877882 10877900
29736205 29736211
29736338 29736340
2756430 3346210
10402148 10402167
10910338 10910354
29736374 29736375
29734871 29734874
29736378 29736379
3542760 3890409
10910339 10910359
29736384 29736385
3041428 3544300
29736387 29736388
29736315 29736323
10202033 10202047
514341 1212806
10877923 10877937
29736316 29736326
29736391 29736393
14891293 14891309
29735926 29735941
29736398 29736400
29735920 29735929
10877883 10877906
13477018 13477053
144592 456396
720928 1480852
29732655 29732667
4129240 4269861
29733280 29733294
29733788 16517119
10877884 10877911
2035568 2799322
707561 1466091
29735855 21649217
29731999 29732005
28580289 28580310
12093087 12093098
1624889 2472637
14893519 14893538
3820474 4061652
29724145 20438217
29732235 21572300
270767 773986
13476988 13477039
29731873 29731884
29734356 29734365
2472634 3148556
11781720 11781728
482166 1158605
14891273 14891299
10877957 10877968
29736355 29736370
29736418 29736419
3045277 3546135
29736339 29736349
29733268 29733274
3039086 3542765
29735952 29735958
720515 1480449
8012375 8012424
15331034 15331053
2566188 3206561
10877949 10877958
15331059 15331069
1984343 2756892
29736399 29736407
2342698 3041429
1479635 2347204
1624899 2472650
29736424 29736425
29736428 29736429
29731517 18510149
3663026 3966355
2006670 2773907
29736345 29736356
15331060 15331074
10877943 10877951
29735495 29735502
29736216 29736222
10877885 10877915
2756888 3346557
4258159 4353055
29736435 29736436
29726995 29727002
29736440 29736442
1624911 2472659
1212777 2088894
28465133 28465145
29736310 29736318
1470770 2339767
29733269 29733283
28580276 28580292
1980404 2753901
29736449 29736450
10910333 10910340
3206560 3663034
2842585 3401814
2756889 3346561
234801 718245
29736346 29736364
29735480 29735496
1114111 1985991
29736405 29736415
10199891 10199899
6251 57734
57622 236136
10402181 10402210
2065879 2824258
13477110 13477137
29736461 29736462
236227 720943
3890415 4111241
14916242 14916250
3346198 3760698
29732724 29732738
2778986 3360359
1478562 2346342
29728139 29728154
29734918 26282426
14902692 14902719
29753870 28155573
1335416 2207378
1471109 2340048
10201582 10201598
29800655 16661631
29727733 29727756
29823068 6141645
29845258 28009291
29846140 13438497
29734096 29734106
29014730 29014759
2939579 3473019
29733455 29733460
29871308 29871309
29871480 29871481
3890403 4111234
2958305 3485045
3346206 3760704
10201439 10201449
11393700 11393707
29729718 29729743
10877886 10877924
1212778 2088898
2227083 2957373
3039064 3542717
3542761 3890416
29922229 16564093
4129241 4269869
29724936 29724946
4129230 4269857
29934423 29427803
7198905 7198926
29941755 25752043
4435641 4478713
29723152 29723157
29944532 29944533
10877961 10877972
29734993 9336067
29730290 29730298
29964482 29964483
29735928 24971434
28632023 28632035
1269121 2145604
11746171 11746186
29730877 29730888
11312942 11312948
29729260 29447753
29994969 29994970
10203147 10203163
30014727 30014729
30019542 30019543
30019904 30019905
30024067 30024068
29725662 29725666
30030225 30030226
30032399 11874521
3918542 4129242
3161306 3631435
29732018 29732024
30074029 30074030
30087721 30087722
29732519 29732536
29730032 29730037
30124721 30124722
30130247 30130248
30130534 28096499
30147878 30147879
4110590 4258191
11393705 11393720
14506842 14506876
4149387 4283813
3631501 3949236
7237400 7237432
