5022924 5022929
9764765 2058966
9774220 2084940
9829770 1406435
9847425 9847430
9862236 5025657
4988098 4988106
9926859 9926874
285097 796107
9927556 4965554
1911918 2689412
4484206 4515730
4482716 4514896
4160652 4291623
9931592 9931596
903416 1714202
9948961 9948965
379879 985869
9978214 2521770
125619 409573
9048457 9048477
903417 1714225
10007974 82600
10016567 82600
10051360 82600
9083969 9083973
11672232 11672236
11696552 11696557
5025651 5025657
1353866 2227477
4965420 4965450
1207460 2083965
313765 850042
3269219 3708619
188950 581460
5429 47976
80799 280753
13461762 13461771
9983128 9983138
3403547 3795312
4939189 4939229
4932302 4932339
15453167 15453173
3079150 3568738
15508492 15508497
15621755 15621758
2193599 2930746
3470174 3843234
15706487 15706492
82607 285057
2233362 2964050
15708790 15708795
15708800 15708804
15708973 15708977
15709781 15709784
14898955 14898965
9222859 9222878
10004286 10004296
15714230 15714234
2422512 3108300
15717595 15717600
285108 796150
15718103 15718106
15720044 15720050
14555356 14555365
15721427 15721431
15721440 15721444
15721449 15721452
656635 1399030
15721464 15721468
15721484 15721487
15721505 15721508
4524440 4547230
15183060 15183065
15721515 15721519
15721530 15721533
15721672 15721677
15727027 15727030
15727761 15727763
10035291 10035294
15730574 15730577
15730617 15730620
15730789 15730794
15733944 15733946
3835644 4076612
15735201 15735205
15735277 15735279
9785095 9785099
8647734 8647738
22222189 22222197
28159035 28159039
28159519 28159522
28159777 28159780
28159933 28159935
28161877 28161880
12860878 12860898
452540 1110958
16008 82600
82609 285086
28317093 28317095
4338642 4408484
28388148 28388150
3155866 3627097
8978548 8978550
3663230 3966454
3033059 3538606
9927891 9927892
3606570 3930221
3108336 3590686
6506771 6506775
2544018 3197334
285110 796159
4437949 4480112
28399793 28399796
777369 1563502
2902527 3443575
2186256 2923884
3536627 3886252
1866713 2665933
2443814 3125635
586213 1317142
8978549 2186261
5941795 5941796
2689400 3289245
1049742 1911928
10049747 10049757
4148037 4282933
3702456 3991509
589861 1322398
28482156 28482157
28727659 28727660
28727672 28727674
285074 796059
28727968 28727972
28728141 28728143
28728147 28728150
28728618 28728620
4915183 4915190
28729737 222322
28729737 28729739
28729939 28729942
15714232 15714240
28730288 28730291
28730687 28730689
1513006 2375082
29040964 29040966
29043204 29043208
29043215 29043218
29043317 29043320
29043347 29043349
29046160 29046163
29337273 29337277
28624541 28624555
29340387 29340390
8784958 8784961
10002781 10002784
28481578 28481582
1586078 2444670
30321256 30321266
2924988 3462911
4003046 4185103
9937238 9937240
9907329 9907333
8564988 8564998
2444666 3126599
5136780 5136799
9933778 9933785
28602060 28602061
4482717 4514902
9222869 9222889
2375067 3067520
9917746 9917751
2960948 3486390
9931716 9931720
3574125 3909701
9135312 9135317
9780304 9780308
5136782 5136806
3720662 4003075
9887393 9887400
30399913 30399917
9958330 9958332
29594170 29594173
30744416 30744418
30744778 30744785
30746077 30746079
30746993 30746995
1575579 2434905
21612908 21612911
1911921 2689433
30752142 30752144
30752668 30752670
30752816 30752819
9290688 9290709
30754047 30754049
796094 1586085
30755768 30755772
29361625 29361629
30756154 30756156
30756167 30756177
30756185 30756187
30756190 30756193
30756221 30756226
15131203 15131214
30456624 30456630
30756486 30756491
30758319 30758322
30761150 30761153
30763265 30763268
285100 796129
30766748 30766750
30766752 30766755
30767033 30767036
2233363 2964059
30767601 30767606
7537976 7537987
2906956 3446729
30775987 30775990
30776037 30776040
30776978 30776980
30778700 30778702
29585177 29585188
30756488 30756497
30780883 30780884
30781191 30781194
30782515 2084940
4190988 4310116
30784722 30784724
30785725 30785729
3615787 3939170
30880378 30880382
30796136 30796139
30975065 30975067
4470410 4504648
3603774 3928894
3126607 3603786
796095 1586104
31759340 31759345
3427205 3808790
4008688 4188244
13816256 13816260
31871676 31871684
8974581 8974593
10637059 10637065
9847270 9847288
4959955 4959962
32705682 32705685
32710627 32710632
32710932 32710933
32776251 32776253
30427404 30427409
32777836 32777839
32780917 32780919
32782490 32782492
777374 1563506
32785578 30455846
1399026 2273945
32785635 32785639
30775992 30775998
29361664 29361667
2375069 3067527
9222870 9222893
9222856 9222863
32786550 32786552
30444882 30444887
30426433 30426438
29600708 29600713
29585468 29585475
30775988 30775995
32795657 32795660
29044660 29044666
32795663 32795666
32795669 32795673
3067525 3560354
32800371 32800376
3463612 3835647
32801918 32801921
4076603 4230987
1586113 2444727
1586124 2444731
1586117 2444729
4426192 4426195
4275001 4275003
4013557 4190992
32802031 32802032
4136060 4275003
32802162 32802166
32802184 32802185
3746980 4018001
11673218 11673256
1399027 2273948
30443701 30443706
32810751 32810753
1586083 2444679
4008689 4188246
15248443 15248448
32813270 32813272
29595281 29595294
29595282 29595299
15499286 15499291
30447857 30447861
3746981 4018004
32821104 32821107
32821110 32821111
4230984 4338644
285023 795999
4442954 4484208
4939221 4939272
32829193 32829196
30449506 30449511
30763343 30763350
4363724 4426195
3067526 3560359
30744782 30744788
15689826 15689842
30426477 30426482
30448978 30448983
29595283 29595303
32833110 32833114
32834090 32834093
32834471 32834475
4965443 4965492
4965490 4965554
32835328 32835330
29354277 29354280
32785657 32785673
30383898 30383904
32785663 32785677
4008690 4188246
29041022 29041034
29595272 29595278
32840071 32840074
30433314 30433318
32840980 32840982
32840984 32840985
30443986 30443991
30425632 30425638
30427918 30427924
30427919 30427926
30427920 30427928
21348 119292
32841463 32841465
29585184 29585191
30427876 30427881
30445422 30445426
32841878 32841880
32842366 32842368
32842618 32842620
1911922 2689440
32844735 32844738
32844864 32844866
32844864 3486390
4515727 4540644
29592861 29592870
29585462 29585470
32848717 32848720
4386754 4442956
4018009 4193320
3747161 4018115
32848786 32848788
3746984 4018013
3746985 4018018
850037 1664982
32851834 32851839
1052106 1914794
285102 796141
32834472 32834477
29585277 29585284
796096 1586110
30321269 30321280
30321259 30321271
795997 1585984
2444709 3126632
33024324 33024326
29595315 29595323
2444723 3126652
33024328 33024330
33024332 33024334
33024336 33024340
28836825 28836831
28866753 28866768
33024348 33024350
33024353 33024356
33024358 33024360
33024362 33024364
33024366 33024368
33024370 33024372
33024375 33024378
33024380 33024383
32093135 32093150
30796137 30796142
33024386 33024390
33024392 33024395
33024398 33024400
33024401 33024403
3469905 3842960
1664979 2504811
33024404 33024406
9222871 9222899
33024409 33024411
33024414 33024416
33024417 33024419
33024421 33024423
33024425 33024427
33024430 33024433
33024436 33024438
33024441 33024443
33024445 33024447
33024450 33024452
33024454 33024456
33024458 33024460
33024463 33024465
33024467 33024469
28964622 28964628
33024471 33024475
28869988 28869993
33024477 33024481
33024484 33024487
33024492 33024494
33024496 33024500
1586092 2444696
4275002 4365520
33024510 33024512
33024514 33024518
33024519 33024521
33024524 1329363
33024532 33024535
29335707 29335713
4445844 4486244
33024539 33024541
33024545 33024547
33024548 33024550
33024552 33024554
33024556 33024561
33024565 33024567
33024568 33024570
1586093 2444699
4008691 4188251
2444710 3126635
3603777 3928903
33024571 33024573
6506788 6506810
33024575 33024578
33024579 33024582
33024584 33024586
33024590 33024592
33024594 33024596
33024598 33024600
32057767 32057775
33024602 33024604
33024606 33024610
30426718 30426724
33024624 33024626
33024629 33024632
33024637 33024639
33024640 33024642
33024643 33024646
3126620 3603791
33024648 33024650
33024651 33024653
3928901 4136069
2444689 3126603
28848865 28848885
28848865 28848886
28848865 28848887
28848865 28848888
33024654 33024656
33024658 33024663
33024670 33024672
33024674 33024677
33024682 33024684
33024685 33024688
33024692 33024694
33024696 33024698
29595276 29595289
33024608 33024615
33024612 33024619
2444690 3126606
33024700 33024703
33024709 33024711
33024712 33024715
796097 1586115
796098 1586119
33024717 33024719
33024720 33024722
33024724 33024726
33024727 33024729
33024730 33024733
33024738 33024740
30425971 30425977
33024742 33024744
33024746 33024748
33024749 33024751
33024755 33024758
33024760 33024762
4531228 4551919
33024765 33024767
33024768 33024772
33024774 33024776
1586094 2444702
33024777 33024779
4008692 4188254
33024781 33024783
33024785 33024787
33024789 33024791
33024792 33024794
33024797 33024799
2444691 3126609
33024800 33024802
33024803 33024805
33024807 33024809
33024811 33024813
33024816 33024818
28836814 28836819
33024821 33024823
33024825 33024827
33024830 33024833
4621155 4630386
33024836 33024839
33024845 1917819
1586095 2444704
33024848 33024850
33024852 33024854
33024855 33024857
33024859 33024862
33024613 33024621
33024868 33024870
33024872 33024874
33024875 33024877
33024879 29364498
32808633 32808639
33024882 33024884
33024887 33024889
33024891 33024893
33024895 33024897
33024899 33024902
33024905 33024907
33024909 33024911
33024614 33024623
32833111 32833117
29595285 29595306
9847252 9847274
33024913 33024915
33024917 33024919
33024921 33024925
15728144 15728170
33024928 33024930
33024933 33024937
33024939 33024941
33024944 33024946
4008693 4188256
33024947 33024950
33024952 33024954
2890434 3434294
33024956 33024958
33024959 33024961
33024962 33024965
28795287 28795293
33024968 33024970
30430567 30430573
33024974 33024976
33024978 33024981
33024987 33024989
33024991 33024993
33024994 33024996
4008694 4188259
33025000 33025003
33025005 33025007
29041018 29041027
33025009 33025011
33025013 33025015
33025017 33025019
4008695 4188262
33025021 33025024
29585278 29585287
33024861 33024865
33025025 33025027
33025028 33025031
33025036 33025038
33025043 33025046
33025048 33025050
2638895 3262412
30455839 30455846
33025052 33025054
33025056 33025058
2444711 3126637
2444692 3126613
33025063 33025065
33025068 33025071
31052912 31052915
33025073 33025075
33025077 33025079
2434901 3117217
33025080 33025083
28866917 28866922
33025085 33025087
33025089 33025091
33025093 33025095
33025097 33025099
2444693 3126615
33025101 33025104
33025107 33025110
33025116 33025119
30426650 30426657
33025122 33025124
28867012 28867020
33025125 33025127
4276561 4366689
33025130 33025132
33025134 33025138
33025140 33025142
33025144 33025147
33025149 33025151
30446634 30446640
33025154 33025157
33025162 33025164
33025166 33025168
33025171 33025173
33025176 33025178
33025180 33025182
9847262 9847281
33025184 33025186
33025189 33025191
33025193 33025195
33025197 33025199
33025202 33025204
28870191 28870202
33025206 33025208
33025212 33025214
33025217 33025219
33025221 33025228
33025231 33025233
2638896 3262415
29041024 29041039
33025236 33025238
33025241 33025243
33025244 33025246
33025248 33025251
10052103 10052110
9847285 9847292
33025253 33025258
33025262 33025264
33025265 33025267
33025270 82600
33025273 33025276
33024980 33024985
29595286 29595310
33025279 33025281
33025030 33025034
28851162 28851171
33025284 33025286
4008696 4188266
33025288 33025290
33025294 33025298
33025302 33025304
2444637 3126580
33025308 33025310
33025311 33025313
33025315 33025317
33025319 33025321
33025324 33025326
33025328 33025330
33025333 33025335
4230975 4338638
33024498 33024508
33025337 33025341
33025345 33025348
1586096 2444706
33025352 33025355
33025369 33025371
29595287 29595313
33025372 33025375
33025377 33025379
33025382 33025385
33025387 33025389
2375071 3067531
4018112 4193356
33025391 33025393
3747162 4018118
4136061 4275008
33025395 33025398
33025400 33025403
33025358 33025365
33025405 33025407
33025409 33025411
33025413 33025415
29595288 29595317
33025418 33025420
33025422 33025424
1586080 2444676
33025427 33025429
33025431 33025433
33025434 33025436
33025439 33025441
33025442 33025444
28795509 28795513
33025447 2186261
3747163 4018121
33025450 33025452
33025454 33025456
33025460 33025462
33025464 33025466
4136062 4275010
2444698 3126622
30432861 30432868
3746987 4018022
1586098 2444708
33025470 33025472
28868773 28868780
33025475 33025478
33025481 33025483
2375072 3067534
33025486 33025489
9872776 9872783
33025492 33025494
28792741 28792753
3731244 4008702
33025496 33025499
33025501 33025503
33024631 33024635
33025504 33025506
33025509 33025511
33025513 33025515
33025517 33025519
1586099 2444715
33025521 33025523
33025525 33025527
33025528 33025531
33025540 33025542
33025546 33025548
33025549 3486390
33025552 33025554
33025556 33025558
33025560 33025562
33025564 33025567
33025569 33025571
33025573 33025575
33025578 33025580
33025582 33025584
33025585 33025587
4008698 4188268
33025588 33025590
1358803 2233365
33025592 33025594
33025596 33025598
1911923 2689446
9847287 9847296
33025601 33025604
33025608 33025610
33025612 33025614
796099 1586122
1911924 2689450
33025616 33025618
3842959 4081700
33025620 33025625
28269899 28269904
33025629 33025631
33025633 33025635
3747164 4018124
33025354 33025361
33025637 33025639
33025641 33025643
5134197 5134207
33025645 33025647
33025650 33025652
33025653 33025655
33025658 33025660
9222872 9222903
9222873 9222908
4390829 4445852
796100 1586126
33025661 33025663
33025666 33025669
33025672 33025675
2444694 3126617
3560358 3900867
33025730 33025732
33025734 33025737
2375073 3067537
33025746 33025748
33025750 33025752
32785583 32785585
33025754 33025756
33025758 33025760
33025761 33025763
4426193 4470408
4363726 4426203
1664981 2504814
33025765 33025768
33025837 33025839
33025841 33025843
33025847 33025849
3747165 4018127
33025851 33025853
4008699 4188271
4426194 4470413
33025855 33025857
33025861 33025865
33025867 33025869
33025872 33025874
33025876 33025878
33025882 33025884
33025530 33025537
33025887 33025889
33025892 33025894
33025896 33025898
285078 796066
33025899 33025901
33025903 33025906
33025912 33025914
4470412 4504650
33025918 33025920
33025922 33025924
30612680 30612685
33025926 33025928
30321260 30321273
33025929 33025932
33025934 33025936
33025905 33025908
33025938 33025940
33025942 33025944
33025947 33025949
3746988 4018025
33025950 33025952
33025953 33025955
796102 1586129
33025956 33025958
33025960 33025962
33025964 33025966
4136063 4275012
33025968 33025971
33025975 33025977
33025979 33025981
33025982 33025984
33025986 33025988
33025991 33025993
33025994 33025996
33025997 33025999
33026001 33026003
33026004 33026006
33026008 33026010
33026012 33026014
33026017 33026019
4136068 4275016
33026021 33026023
33026027 33026029
33026030 33026033
33026036 33026038
15730576 15730583
33026040 33026042
33026045 33026047
4470405 4504644
33026049 33026051
33026053 33026055
33026057 33026059
33026061 33026063
33026064 32802249
28836698 28836719
4504643 4531231
1911925 2689454
33026067 33026069
33026071 33026073
33026075 33026077
33026079 33026081
33026082 33026084
4390830 4445855
33026086 33026088
9222875 9222913
619660 1358805
33026090 33026093
33026095 33026097
33024609 33024617
33026099 33026101
6422771 6422779
33026102 33026105
33026110 33026112
28848894 28848924
33026114 33026116
4922894 4922923
33026120 33026122
33026124 33026126
4312640 4390839
33026128 33026130
33026132 33026134
3747166 4018130
33026136 33026138
33026140 33026142
4312641 4390842
28795426 28795434
33026144 33026147
3747167 4018132
33026149 33026152
33026154 33026156
33026159 33026161
33026163 33026165
32834474 32834480
33026168 33026171
33026173 33026175
1586100 2444719
33026177 33026179
33026182 33026184
33026187 33026189
33026190 33026193
33026195 33026197
29049234 29049239
29595309 29595321
33026199 33026201
28869526 28869533
29595320 29595325
33026209 33026211
3746989 4018027
1586067 2444656
33026213 33026215
33026217 33026220
33026223 33026225
33026228 33026232
33026235 33026238
2444713 3126641
2444718 3126646
1586102 2444725
33580200 33580203
32851838 2084940
33580216 33580220
33580217 33580222
4365518 4365520
4427706 4471825
4136064 4136065
33580456 33580460
2444714 3126644
3126643 3126644
4427707 4365520
3126639 3126641
3603794 3603795
33580212 33580215
3126640 3603795
3928896 4136065
33581657 33581659
28269902 28269905
28269903 28269905
4008700 4188272
4008701 4188272
2444724 2444725
33024676 33024680
33024679 33024680
33584561 33584564
2444695 3126619
29600712 29600717
3928908 3603795
30429500 30429504
30447992 30447997
30445051 30445056
29585186 29585194
29361740 29361751
30447993 30447999
30440407 30440411
30438104 30438108
34293405 34293406
34352765 34352766
35010856 35010857
35418037 33058765
35424653 35424654
35424656 35424659
35424662 35424663
33025603 2521770
35424666 35424669
35424671 3126646
30321262 30321275
30321263 30321277
35424679 35424682
35424687 35424688
35424691 30383904
35424696 35424697
35424699 35424700
33024732 33024735
33024734 33024737
29334531 29334536
35424709 35424710
35424712 35424713
35433840 35433841
35434959 35434960
35439778 35439779
35439781 35439782
35439798 35439799
35441844 35441845
35451061 35451062
35460780 35460781
35476074 3590686
35799079 33024722
35804518 35804521
35811413 35804521
35812789 35812791
35827922 35827924
36274691 36274692
36274694 36274695
36274697 36274698
36274984 36274985
36277671 36277672
36277688 36277690
36277749 5010699
36295448 36295449
36297160 36297161
30782516 30782521
36311056 36311057
36315547 29342569
36327516 36327517
36329064 36329065
36336217 32802249
36336232 35804521
36342286 36342289
36343936 33025375
36346068 2058966
5022928 484808
36349736 36349737
36352561 30438108
36352736 36352737
36352959 36352960
36353477 484808
36353486 36353487
36353738 36353739
36354657 32802249
36354802 36354803
36355269 30444887
36357746 36357747
36363010 5025657
36364506 14238775
36365571 35804521
36386383 36386384
36386489 36386490
36396265 36396267
36397381 36397382
36398538 36398539
36398549 36398550
36399141 36274698
36399740 36399741
36399756 36399757
36399825 36399828
36399855 36386384
36399860 36399861
33025103 30763350
36399865 36399866
36399867 15730577
36399922 29342569
36400761 36400762
36400765 36400766
36400781 36400782
11973708 11973717
36420861 36420862
36436397 36436398
4190991 4310123
36664029 36664030
36664051 36664052
36677258 36297161
36677788 36677789
36677791 36677792
36706625 36706626
36743926 36743927
1314658 2186261
37829178 37829179
2844892 3403554
39229439 39229441
39582028 39582030
39583747 39583749
9974670 9974671
40645402 40645403
40645405 40645406
40645407 40645408
40645410 40645411
40645413 40645414
40645416 40645417
40645418 40645419
40645421 40645422
40645424 40645425
40645426 40645427
40645428 40645429
40645430 40645431
40645433 40645434
40645435 40645436
40645438 40645439
40645441 40645442
40645443 40645444
40645447 40645448
40645449 40645450
40645451 40645452
40645453 40645454
40645456 40645457
40645458 40645459
40645461 40645462
40645464 40645465
40645467 40645468
40645469 40645470
40645471 40645472
40645473 40645474
40645476 40645477
40645478 40645479
40645480 40645481
40645482 40645483
40645485 30784724
40645488 40645489
40645491 40645492
40645494 40645495
40645497 40645498
40645499 40645500
40645502 40645503
40645504 40645505
40645507 40645508
40645509 40645510
40645512 40645513
40645515 40645516
40645518 40645519
40645521 40645522
40645524 40645525
40645527 40645528
40645530 40645531
40645533 40645534
40645536 40645537
40645538 40645539
40645541 40645542
40645544 40645545
40645548 40645549
40645551 40645552
40645554 40645555
40645557 40645558
40645560 5023254
40645561 40645562
40645563 40645564
40645565 40645566
40645567 40645568
40645569 40645570
40645572 40645573
40645575 40645576
40645578 40645579
40645581 40645582
40645584 40645585
40645587 40645588
40645590 40645591
40645592 40645593
40645595 40645596
40645597 40645598
40645600 40645601
40645603 40645604
40645606 40645607
40645609 40645610
40645612 40645613
40645614 40645615
40645617 40645618
40645619 40645620
40645622 40645623
40645625 40645626
40645628 40645629
40645630 33058765
40645632 40645633
40645635 40645636
40645637 33024722
40645639 40645640
40645642 40645643
40645645 40645646
40645647 40645648
40645649 40645650
40645651 40645652
40645654 40645655
40645657 40645658
40645659 40645660
40645662 40645663
40645665 40645666
40645668 40645669
40645671 40645672
40645674 40645675
40645677 40645678
40645680 40645681
40645683 40645684
40645686 40645687
40645689 40645690
40645692 40645693
40645695 40645696
40645698 40645699
40645701 1917819
40645703 40645704
40645706 40645707
40645709 40645710
40645712 40645713
40645714 40645715
40645717 40645718
40645719 40645720
40645722 40645723
40645725 40645726
40645727 40645728
40645729 40645730
40645732 40645733
40645735 40645736
40645737 40645738
40645739 40645740
40645741 40645742
40645743 40645744
40645746 40645747
40645749 40645750
40645751 40645752
40645753 40645754
40645756 40645757
40645759 40645760
40645761 40645762
40645764 40645765
40645767 40645768
40645769 40645770
40645771 40645772
40645773 40645774
40645775 40645776
40645778 40645779
40645780 40645781
40645783 40645784
40645786 40645787
40645789 40645790
40645792 40645793
40645794 40645795
40645797 40645798
40645800 40645801
40645802 40645803
40645805 40645806
40645808 40645809
40645811 40645812
40645814 40645815
40645817 40645818
40645819 40645820
40645822 40645823
40645825 40645826
40645828 40645829
40645831 40645832
40645834 40645835
40645837 40645838
40645841 40645842
40645843 40645844
40645846 40645847
40645848 40645849
40645850 40645851
40645852 40645853
40645855 40645856
40645857 40645858
40645860 40645861
40645862 40645863
40645865 40645866
40645867 40645868
40645869 40645870
40645872 29362987
40645873 40645874
40645876 40645877
40645878 40645879
40645881 40645882
40645883 40645884
40645885 40645886
40645887 40645888
40645889 40645890
40645891 40645892
3543364 3890690
40645893 40645894
40645895 40645896
40645898 40645899
40645900 40645901
40645902 40645903
40645904 40645905
40645907 40645908
40645909 40645910
40645912 40645913
40645914 40645915
40645916 40645917
40645919 40645920
40645922 40645923
40645924 40645925
40645926 40645927
40645929 40645930
40645932 40645933
40645934 40645935
40645937 40645938
40645939 40645940
40645942 40645943
40645944 40645945
40645947 40645948
40645949 40645950
40645951 40645952
40645954 40645955
40645957 40645958
40645960 40645961
40645962 82600
40645964 40645965
40645966 40645967
40645968 40645969
40645970 40645971
40645973 40645974
40645976 40645977
40645978 40645979
40645980 40645981
40645982 40645983
40645984 40645985
40645986 40645987
40645988 40645989
40645990 40645991
40645992 40645993
40645995 40645996
40645997 40645998
40645999 40646000
40646001 40646002
285085 796080
40646003 40646004
40646006 40646007
40646009 40646010
40646012 40646013
40646015 40646016
40646017 40646018
40646019 40646020
40646021 40646022
40646023 40646024
40646026 40646027
40646028 40646029
39344899 39344901
40646032 40646033
9265861 9265864
40646035 40646036
40646037 40646038
40646039 40646040
40646043 40646044
40646045 40646046
40646048 40646049
40646051 40646052
40646053 40646054
40646056 40646057
40646058 40646059
40646061 40646062
40646064 40646065
40646066 40646067
40646069 40646070
40646072 40646073
40646075 40646076
40646077 40646078
40646080 33025375
40646082 40646083
40646084 40646085
40646086 40646087
40646088 40646089
40646091 40646092
40646094 40646095
40646097 40646098
40646100 40646101
40646103 40646104
40646105 40646106
40646107 40646108
40646109 40646110
40646111 40646112
40646114 40646115
40646117 40646118
40646120 40646121
40646123 40646124
40646126 40646127
40646130 2521770
40646132 40646133
40646135 40646136
40646137 40646138
40646139 40646140
40646142 40646143
40646145 40646146
40646147 40646148
40646150 40646151
40646153 40646154
40646156 40646157
40646159 40646160
40646161 40646162
40646164 40646165
40646167 2521770
40646169 40646170
40646172 40646173
40646175 40646176
40646177 40646178
40646180 40646181
40646182 40646183
40646185 40646186
40646188 40646189
40646191 40646192
40646193 40646194
40646196 40646197
40646198 40646199
40646201 40646202
40646204 40646205
40646206 40646207
40646209 40646210
40646212 40646213
40646215 40646216
40646218 40646219
40646221 40646222
40646224 40646225
40646227 40646228
40646230 40646231
35476075 3590686
40646233 40646234
40646236 40646237
40646238 40646239
40646240 40646241
40646242 40646243
40646245 40646246
40646248 40646249
40646251 40646252
40646254 40646255
40646257 40646258
40646260 40646261
40646263 40646264
40646266 40646267
40646269 40646270
40646272 40646273
40646275 40646276
40646278 40646279
40646281 40646282
40646284 40646285
40646287 40646288
40646289 40646290
40646291 40646292
40646293 40646294
40646295 40646296
40646297 40646298
40646299 40646300
40646302 40646303
40646304 40646305
40646307 40646308
40646310 40646311
40646312 40646313
40646315 40646316
40646318 40646319
40646321 40646322
40646323 40646324
40646325 40646326
40646327 40646328
40646330 40646331
40646333 40646334
40646335 40646336
40646337 40646338
40646339 40646340
40646341 40646342
40646345 40646346
40646347 40646348
40646349 40646350
40646352 40646353
40646355 40646356
40646358 40646359
40646361 40646362
40646364 40646365
40646366 40646367
40646369 40646370
40646372 40646373
40646375 40646376
40646377 40646378
40646380 40646381
40646383 40646384
40646385 40646386
40646388 40646389
40646391 40646392
40646393 40646394
40646395 40646396
40646398 40646399
40646401 40646402
40646404 40646405
40646407 40646408
40646410 40646411
40646412 40646413
40646414 40646415
40646417 40646418
40646419 40646420
40646422 40646423
40646425 40646426
40646428 40646429
40646430 40646431
40646433 40646434
40646435 40646436
40646438 40646439
40646441 40646442
40646444 40646445
40646447 40646448
40646450 15730577
40646451 40646452
40646453 40646454
40646455 40646456
40646458 40646459
40646461 40646462
40646464 40646465
40646467 40646468
40646469 40646470
40646472 40646473
40646476 36297161
40646477 40646478
40646480 40646481
40646483 40646484
40646486 40646487
40646488 40646489
40646491 40646492
40646493 40646494
40646496 40646497
40646498 40646499
40646501 40646502
40646504 40646505
40646506 40646507
40646508 40646509
40646510 40646511
40646513 40646514
40646516 40646517
40646519 40646520
40646522 40646523
40646524 40646525
40646526 40646527
40646528 40646529
40646530 40646531
40646532 40646533
40646534 40646535
40646537 40646538
40646540 40646541
40646542 40646543
40646545 40646546
40646548 40646549
40646550 40646551
40646553 40646554
40646556 40646557
40646558 40646559
40646561 40646562
40646563 40646564
40646566 40646567
40646569 40646570
40646571 40646572
40646574 40646575
40646577 40646578
40646579 40646580
40646581 2058966
40646583 40646584
40646585 40646586
40646588 40646589
40646590 40646591
40646592 40646593
40646595 40646596
40646597 40646598
40646600 40646601
40646603 40646604
40646606 40646607
40646609 40646610
40646612 40646613
40646614 40646615
40646616 40646617
40646619 40646620
40646622 40646623
40646624 40646625
40646626 40646627
40646628 40646629
40646631 40646632
40646634 40646635
40646636 40646637
40646639 40646640
40646641 40646642
40646644 40646645
40646647 40646648
40646650 40646651
