2343 23815
187186 92782
163667 514181
2464722 92782
4131810 46073
293346 92782
1329264 92782
4369846 46073
1667042 117752
3693387 46073
3618765 92782
4410373 117752
2939329 117752
1329208 117752
3617065 46073
46069 92782
2464671 92782
71195 46073
4144287 46073
2046198 46073
2166228 46073
3141198 46073
4490041 46073
3594257 92782
2262688 46073
3845253 92782
4474772 117752
4145107 92782
4280753 46073
315491 92782
2416894 92782
3473003 117752
2506396 117752
3143398 117752
4048323 117752
1165443 92782
10209495 92782
92634 46073
7197324 92782
262420 46073
2939425 117752
523268 46073
10209532 92782
50244 46073
203679 92782
4581625 46073
1825769 117752
4431265 117752
3812327 117752
262421 46073
4235968 117752
5143 46073
982614 117752
1329238 92782
1667043 117752
3799406 46073
3036241 46073
3616956 117752
262635 46073
10209577 117752
50245 46073
9739779 117752
4145052 92782
2643544 92782
3174314 92782
10209554 92782
10209641 92782
2201090 117752
2981847 46073
2506261 92782
3166097 46073
1614713 46073
3857456 46073
10209534 92782
39991 163589
85744 46073
57402 117752
57402 163589
472498 23815
10245058 92782
10267705 10267715
2462041 46073
712910 91455
34754 46073
177461 23815
2906618 46073
151552 23815
10771 46073
18018 91455
2939354 117752
46072 163589
85233 92782
810392 46073
91956 163589
2201075 117752
852290 92782
262389 117752
590993 46073
46414 200587
155113 46073
478173 23815
3941177 117752
14338183 1047668
292015 92782
47527 23815
1144282 92782
163841 23815
284995 46073
2982767 117752
470072 1138499
1388874 117752
4048370 46073
4353090 46073
710600 46073
2494249 46073
4544086 46073
15527594 46073
4180672 92782
122126 46073
71208 46073
154301 92782
22232 46073
382316 23815
852498 46073
201148 23815
4327990 3105238
50084 117752
647736 46073
92786 117752
122128 46073
1612370 46073
3617113 92782
3940302 92782
3940303 92782
1612437 92782
1612438 92782
3922776 92782
810427 92782
3113630 92782
292018 92782
3940080 46073
611063 92782
4499902 46073
10199759 92782
4474792 117752
3845279 117752
2800685 92782
4323671 117752
3143574 92782
4280805 117752
646428 92782
1329274 117752
1387436 92782
473233 92782
92787 92782
4281134 117752
3618588 117752
3941272 92782
178831 46073
29754926 92782
3618727 92782
2201124 117752
2335221 46073
2939355 117752
852514 117752
2462155 117752
3799339 117752
29758153 92782
1329275 117752
29758519 117752
2982734 46073
46077 46073
2106543 117752
10209579 117752
3940212 117752
3141097 46073
3616865 46073
2261480 46073
46078 46073
3616913 46073
29763555 92782
4411928 46073
3941207 117752
2404007 46073
3639816 46073
2194194 46073
852459 117752
1228099 46073
4423746 92782
29768795 117752
1387437 92782
29768967 117752
3890029 46073
4341881 92782
2464505 117752
1825612 46073
3616885 117752
85755 46073
4344101 117752
647748 46073
4144395 117752
144546 46073
4323699 46073
4083432 92782
3410195 117752
982615 117752
2506279 117752
1165445 92782
4239286 46073
29777436 92782
29758296 92782
29777438 92782
1667076 46073
3143399 117752
573223 117752
1011422 46073
4496346 46073
646512 117752
4520292 46073
2806996 46073
2931194 46073
1329474 46073
1011447 117752
2147605 46073
4144386 117752
1667113 117752
1388875 46073
3174315 92782
1387438 92782
29786859 92782
4372336 117752
4520281 46073
4341888 117752
810417 92782
760559 46073
2939356 117752
29793983 46073
21880333 117752
1614815 46073
1614738 46073
1614839 117752
3941190 117752
2464730 92782
5796 46073
4369829 46073
3940102 46073
10209617 117752
29797277 92782
594522 46073
2981791 46073
1469134 46073
198088 46073
15128787 117752
2037438 92782
2464534 117752
3141150 117752
3799407 46073
3141179 117752
1387439 92782
4474793 117752
4474758 117752
1329494 46073
812585 46073
3616915 46073
29803789 117752
3377063 46073
3174392 117752
4144411 117752
29758300 92782
3889460 117752
1465666 117752
4061783 117752
4374405 46073
2106531 46073
1612373 117752
2620645 46073
1165428 92782
29758341 92782
292019 92782
3472811 117752
292020 92782
29813272 92782
3845342 92782
4374406 46073
4450881 46073
4323700 46073
3961250 117752
10209580 117752
1988964 46073
2464756 46073
473235 117752
4341920 117752
2464713 92782
2262738 117752
29818353 117752
784946 92782
4280797 117752
29758329 92782
2981804 117752
3174326 46073
2506213 46073
1543741 117752
293368 46073
7197312 92782
3472937 117752
2201363 46073
2939463 92782
4280812 117752
3141151 117752
4048311 117752
4431247 117752
4083387 117752
3618737 92782
211834 92782
3845228 117752
3618614 117752
29754980 92782
3940148 46073
4410327 92782
3141107 46073
3143400 117752
4083300 117752
4144358 117752
4431248 117752
2939294 117752
3143370 117752
3499239 117752
2464628 46073
3616997 117752
3141131 117752
4144359 117752
29758342 92782
4431249 117752
4144412 117752
3174334 46073
10209611 117752
29836067 92782
1861739 117752
1614803 92782
2464535 117752
29837208 92782
4520282 46073
4398168 46073
2806997 46073
4450882 46073
3141240 117752
2634985 117752
4431235 117752
29758207 117752
10209597 117752
29841646 92782
4369883 92782
4180674 92782
21880302 117752
3174532 117752
1667114 117752
2981805 117752
2506434 117752
3617004 117752
293369 46073
3498719 117752
4280799 117752
3499198 46073
2506329 46073
2464518 117752
29758237 117752
2506330 46073
10245061 92782
1666483 46073
29845957 92782
1614698 117752
4288889 46073
381459 46073
4145071 92782
21880313 117752
2464743 92782
3618703 46073
2166191 117752
3472867 117752
4280874 92782
4475902 92782
3616896 46073
3845229 117752
2464689 92782
2462067 117752
2201107 117752
29758169 92782
3446409 117752
594529 46073
4468253 92782
3845348 92782
2261459 117752
4374426 46073
4431257 117752
4144454 92782
4369864 92782
29758244 92782
29797278 92782
3845211 117752
29858020 92782
4280771 46073
9739749 117752
29859248 92782
3540973 117752
2982753 46073
29803826 117752
4317998 92782
3616897 46073
382423 92782
4434185 46073
1588918 2446192
4628097 117752
3141152 117752
4597749 46073
1709455 117752
4534824 117752
3141199 46073
1502757 117752
3141200 46073
2462044 46073
4508169 117752
3618580 117752
1667141 117752
3498720 46073
2939464 92782
29866690 92782
3143413 117752
369817 46073
29768983 117752
3940262 117752
3857426 46073
3277624 46073
3446454 117752
1667060 92782
2981806 117752
3143512 46073
3940229 117752
3036289 117752
378030 46073
29818360 117752
3775667 92782
29871185 92782
3616998 117752
3616916 46073
2800648 92782
29841647 92782
4586092 46073
3410189 117752
2464643 46073
4369730 92782
4369629 46073
4144280 46073
2261424 117752
3141109 46073
3618728 92782
3143428 46073
378031 46073
4555013 46073
117746 117752
3472813 117752
3540979 117752
2261425 46073
29763557 92782
29879091 92782
4369686 117752
4474752 117752
29758313 92782
3940263 117752
4180675 92782
1387440 92782
4608616 117752
9739752 117752
29881770 92782
29881856 117752
2464657 92782
2165975 117752
2201125 117752
3373507 92782
3851146 117752
4083313 117752
4411929 46073
3618754 92782
3540941 46073
3472947 92782
4369663 117752
29858021 92782
29841648 92782
4474856 46073
29818354 117752
29758262 92782
3953443 117752
3618786 92782
4144281 46073
29889955 92782
10209497 92782
594359 117752
29758306 92782
29871187 92782
4474834 117752
2335266 117752
1387526 117752
4144456 92782
4239304 117752
3820632 117752
378088 117752
1614739 46073
11356774 163589
2462118 117752
2261427 117752
2261450 46073
2404050 46073
29797303 92782
29896057 92782
293370 46073
2037379 92782
28458708 92782
2201159 92782
29768969 117752
5006128 92782
4369680 117752
29903139 92782
2939449 92782
3941169 117752
29903687 92782
3617048 46073
3940154 46073
7197293 92782
3617103 92782
2800633 92782
3472887 117752
29905425 92782
117747 117752
2506214 46073
2806998 46073
2982755 46073
29803796 117752
2262712 46073
3141110 46073
3373492 92782
3845254 117752
29841666 92782
4083314 117752
4369731 92782
4145025 117752
29889956 92782
29803802 117752
378106 117752
2800634 92782
4571917 117752
4211344 117752
2201108 117752
3940159 117752
3820640 117752
1651471 46073
3618773 92782
29768970 117752
29797290 92782
3377080 46073
2643534 92782
2981761 92782
29758362 92782
293326 46073
1173524 46073
4464598 46073
4083327 92782
29917356 92782
3433520 46073
7197362 92782
2015028 92782
29918823 117752
3941265 92782
29879092 92782
3918505 92782
3143652 46073
5006111 92782
29758285 92782
4508267 92782
29879093 92782
262425 46073
1988965 46073
29758191 92782
908397 92782
4431358 92782
3472949 92782
4618799 117752
3845349 92782
3940142 46073
1614804 92782
4372350 92782
2540176 117752
3618787 92782
2506297 117752
4341873 117752
3141201 46073
4474774 117752
2800696 92782
3618738 92782
29758348 92782
990409 46073
2494245 46073
982410 46073
1388864 46073
3616917 46073
4145077 92782
2760331 46073
292021 92782
2201126 117752
2166200 117752
4571918 117752
3141080 117752
4369664 117752
4145000 117752
29758292 92782
29768812 117752
7197313 92782
2462171 117752
29841656 92782
456019 46073
1329444 46073
2939342 117752
3995217 92782
3036260 46073
4280855 117752
4281215 92782
3433521 46073
3941266 92782
3141081 46073
573225 117752
3616957 117752
3940081 46073
4281225 92782
4431341 46073
4555014 46073
29905426 92782
3775758 92782
29758161 92782
4285032 92782
3141165 117752
4562644 46073
3889468 117752
2939571 117752
1614805 92782
29936027 92782
3143497 46073
4431322 117752
4618800 117752
29841667 92782
4089542 46073
10209653 92782
29937325 92782
29758279 92782
10209592 117752
3166072 92782
3639846 117752
2506280 117752
3143513 46073
3940082 46073
29940477 92782
29940557 92782
4144321 46073
2201109 117752
117748 117752
2982745 46073
2981848 46073
4033878 92782
1288578 117752
2201196 92782
3845242 117752
4369822 117752
4235913 92782
4083426 92782
4431342 46073
4526842 46073
2037421 92782
29841697 92782
3265628 92782
2335254 117752
2540177 117752
4280754 46073
4110854 46073
29944530 10267715
29944848 92782
10209643 92782
378032 46073
4328585 117752
293327 46073
4281148 46073
2201110 117752
71213 46073
3141212 117752
29947649 92782
29947656 92782
3941208 117752
3953431 92782
3953409 92782
29917358 92782
3953410 92782
29947814 92782
2201364 46073
2800668 92782
2982746 46073
29940478 92782
2201335 46073
29777439 92782
293328 46073
2506319 92782
212572 46073
2889755 46073
2906452 117752
840333 46073
4083411 117752
29768971 117752
3618659 117752
2464612 117752
9739780 117752
4411930 46073
29841690 92782
4369701 117752
1388877 117752
4490042 46073
85756 92782
29951616 92782
4369894 92782
1571230 92782
3143514 46073
760561 46073
315517 92782
315495 117752
1837828 92782
2856162 117752
3265687 117752
29758171 92782
3775720 92782
3775742 92782
3472921 117752
3618582 117752
29955770 117752
3941287 92782
2462172 117752
3373500 92782
4474872 92782
2418900 3105238
3617096 117752
29956861 92782
3940281 117752
4524485 117752
3141082 117752
7197306 92782
3940264 117752
2464519 46073
4372352 92782
21880283 117752
3639737 92782
3061273 117752
29958908 92782
122130 46073
3775690 92782
4508195 117752
4281127 117752
315496 117752
4144414 117752
4083377 117752
4341921 117752
3472839 117752
4281199 92782
29845958 92782
1666917 46073
29768801 117752
594541 46073
3941162 117752
7197339 92782
4145098 92782
4211345 117752
7197325 92782
29947815 92782
3845212 117752
3940143 46073
3940083 46073
4566483 46073
4534862 46073
4144273 46073
4280741 46073
3587089 92782
1288596 117752
4344075 46073
2981747 92782
3265648 92782
4083370 117752
3141070 46073
4218785 117752
3174316 92782
1387441 92782
1387442 92782
3472906 117752
1667017 92782
4508268 92782
2506167 92782
3820627 117752
3093373 46073
378090 117752
29768972 117752
3618665 46073
7197340 92782
4280866 92782
1614833 46073
2201375 46073
29970336 92782
4418261 46073
4432787 92782
2780997 117752
29768816 117752
4410340 117752
29971555 117752
4281207 92782
1861718 46073
4544074 46073
594507 46073
4152139 92782
10209604 117752
2939367 117752
29797297 92782
10209499 92782
4288891 46073
4431387 92782
3845243 92782
2981827 46073
4280820 117752
3775772 92782
3775728 92782
400381 117752
29803813 117752
29975604 92782
1387443 92782
812496 46073
992069 92782
29758217 92782
29841668 92782
1825597 46073
29979063 92782
2643521 92782
3143498 46073
2201127 117752
3618562 117752
992070 92782
410580 1047668
647749 117752
185760 117752
29845959 92782
29755017 92782
3258743 117752
3542059 46073
46080 46073
3618563 117752
3143429 46073
1288604 46073
315497 92782
29982096 92782
10209605 117752
29845969 92782
29986942 29986944
21880303 117752
10209507 92782
4410334 117752
1837830 92782
4431343 46073
1387444 92782
2338081 46073
3845395 117752
4474840 46073
3141234 117752
4033860 92782
2201111 117752
2643605 117752
1571223 92782
2494231 92782
4369665 117752
3617005 117752
2262739 117752
2165965 117752
3373540 92782
2889756 46073
315498 46073
2464771 46073
2262713 46073
3706482 92782
3616903 46073
378033 46073
3775751 92782
29991490 117752
29937382 92782
4280742 46073
3857443 117752
3498745 46073
3617114 92782
2506271 117752
4202747 92782
3141202 117752
293349 92782
3143575 92782
982432 46073
4341922 117752
2939343 117752
2261470 46073
982460 46073
29995910 92782
3143515 46073
3617071 117752
29970342 92782
29996424 92782
29758330 92782
2643606 117752
3941164 117752
400340 46073
3103782 92782
3143599 92782
3940084 46073
3143408 117752
3941311 92782
2800635 92782
3143387 117752
2643513 92782
2800636 92782
4459070 117752
2015046 117752
4033849 92782
9739764 117752
29956862 92782
647759 46073
4211335 117752
293329 46073
3143499 46073
3410218 46073
3499216 46073
4211399 46073
4534815 117752
1387445 92782
29797279 92782
29970343 92782
4369901 92782
2643522 92782
4474845 46073
29859269 92782
851621 46073
982595 117752
4235901 117752
1323539 46073
4554985 117752
1614755 92782
4477189 46073
4083340 92782
3498774 46073
3249114 46073
29841649 92782
7197364 92782
90441 46073
3141140 117752
2981813 46073
3143589 92782
2643535 92782
29803827 117752
1651473 46073
4285020 92782
400395 46073
3775738 92782
29970357 92782
1323541 117752
3373554 92782
3141116 46073
4474862 46073
3373484 92782
3556190 117752
1825732 117752
1329465 46073
29982097 92782
2939561 117752
4280790 46073
29859262 92782
3472907 117752
3618722 117752
2494233 92782
3540927 46073
3258736 117752
1667031 117752
4281232 92782
2856202 46073
7197287 92782
4144377 117752
4145015 117752
4431344 46073
4303932 92782
197900 117752
3617078 117752
3410197 117752
4083341 92782
30013800 92782
3373565 92782
198076 46073
3166073 92782
29758252 92782
2494234 92782
1666893 92782
3373509 92782
3141181 117752
3265697 117752
1571231 92782
378108 117752
2506281 117752
29758307 92782
1329484 46073
2939396 117752
122131 46073
2166220 46073
29937389 92782
29754981 92782
3446418 117752
10209508 92782
2430202 92782
2261461 46073
2906608 46073
293371 46073
3941209 117752
4571909 117752
4089523 46073
3143469 46073
3857433 46073
3857427 117752
30020543 29030339
29970351 92782
29754996 92782
4341896 117752
852431 92782
10402138 10267715
29758155 92782
1387446 92782
2856218 46073
1667032 117752
4269835 92782
2261369 92782
2506169 92782
3141133 117752
3433514 46073
4145054 92782
29970358 92782
4145079 92782
293330 46073
2807000 46073
29982098 92782
4597750 46073
3651877 117752
212574 46073
3941302 92782
4508196 117752
2981870 46073
4083401 117752
3143583 92782
2464757 46073
3143537 92782
3953444 117752
3941255 92782
3143409 46073
646430 92782
3174305 92782
982461 46073
4061761 117752
1117093 46073
3651878 117752
29937327 92782
29936028 92782
3617115 92782
30030056 92782
3940185 117752
3466511 46073
1825622 46073
3499226 46073
3851154 117752
30032420 92782
29754997 92782
29803815 117752
30032772 117752
2506255 92782
1837841 92782
1288579 117752
4202753 92782
3143506 46073
29937359 92782
3141166 117752
1667115 117752
2462074 117752
3143551 92782
3265678 92782
2462173 117752
2939416 117752
3618666 46073
4510423 46073
3472964 92782
3113625 92782
2261451 46073
4145048 92782
29754973 92782
4508260 46073
4239293 46073
4089525 46073
1011468 46073
30037465 92782
2201128 117752
30037531 92782
30037588 92782
29758208 117752
4508238 117752
982451 46073
1667077 46073
4110855 46073
3706473 92782
1667116 117752
43896 117752
2643514 92782
29758253 92782
3446478 46073
1667009 92782
4033793 92782
29937400 92782
3373516 92782
3472898 117752
4460187 46073
594542 46073
30044719 92782
4152163 92782
992071 92782
4636730 117752
548958 46073
4459105 117752
29754927 92782
852500 46073
4544075 46073
4211353 117752
2634954 117752
30046625 92782
4341923 117752
573227 117752
4323673 117752
2261481 46073
10193299 46073
3639823 117752
2201376 46073
29754937 92782
3775729 92782
2856163 117752
4459082 117752
4341897 117752
4303933 92782
3483216 117752
4202723 92782
29937351 92782
3639874 92782
3540933 46073
3618643 46073
29970337 92782
29971557 117752
594361 117752
1614807 92782
2906626 46073
29940558 92782
2800637 92782
594543 46073
2634976 117752
3143401 117752
3845255 117752
3373566 92782
2981793 46073
10245062 92782
3433523 46073
30054447 92782
4341889 117752
4061774 117752
4495821 117752
3616948 117752
4474785 117752
3446410 117752
1614766 92782
3616904 46073
3820662 117752
3265679 92782
378074 117752
4152142 117752
4323709 46073
3410177 117752
3498734 117752
2037452 92782
29758199 117752
4534810 117752
4083403 117752
4341924 117752
30059922 46073
1469135 46073
4394345 92782
197901 117752
4508244 46073
3373555 92782
30062890 92782
4145035 46073
2506370 117752
4285003 117752
29803790 117752
3265629 92782
29754932 92782
212575 46073
21880304 117752
1837848 92782
4048355 117752
378034 46073
4369922 92782
4281194 92782
117652 46073
30037467 92782
2462045 46073
2906594 117752
4281135 117752
29859250 92782
548978 46073
2981794 46073
29758178 92782
4144315 46073
3940118 46073
2856186 117752
992072 92782
3706483 92782
2494254 46073
29937396 92782
3940144 46073
29768973 117752
1837850 92782
4460181 46073
3775704 92782
3639899 117752
4554978 117752
4459092 117752
4144396 117752
3639824 92782
3941202 117752
3373567 92782
3258744 117752
1387459 92782
30074006 92782
3258754 117752
3618811 46073
3373510 92782
646514 46073
4172670 46073
3845331 117752
4323684 117752
211866 117752
2506338 46073
4410417 117752
278051 92782
3845244 117752
1585973 46073
3143470 46073
1614683 117752
2462200 92782
3540980 117752
760472 117752
2194195 46073
4597755 117752
3265667 92782
4218794 46073
2464714 92782
4089511 46073
29758179 117752
2506388 117752
3472874 92782
11057836 46073
1667033 117752
3953391 92782
4083413 117752
3799390 46073
4129199 92782
4033879 92782
4280833 117752
2201129 117752
3174350 92782
3639884 92782
2906585 117752
1614756 92782
3889446 46073
594351 92782
2201215 117752
1861759 46073
4144447 117752
4431370 92782
314915 46073
3941247 92782
2106579 46073
4033801 92782
2856164 117752
3143516 117752
3141245 92782
4281209 92782
784948 92782
982560 117752
3093374 117752
4341925 117752
3857633 46073
5006130 92782
4398154 117752
982462 46073
29937328 92782
3143591 92782
2261382 92782
29991491 117752
3995226 92782
3174386 117752
2906446 117752
4369833 46073
30059924 46073
1144293 117752
1825772 117752
1387534 46073
1323542 46073
4360817 92782
4534800 117752
3799376 117752
4597756 117752
594362 117752
3174412 46073
29754974 92782
2106532 46073
2366861 117752
3639910 117752
4152164 92782
1667117 117752
3556199 117752
85757 46073
4145020 117752
4618801 117752
3141141 117752
4398169 46073
4474879 92782
2464758 46073
812593 117752
30102613 92782
30032421 92782
29754965 92782
1387535 46073
2462135 46073
1651455 92782
2201130 117752
4083378 117752
117749 117752
4410347 117752
4398179 46073
29777446 92782
812506 46073
378082 117752
3410199 117752
3113631 92782
29754933 92782
3618564 117752
1387536 46073
4280806 117752
852433 92782
3483209 117752
1329512 46073
3845288 117752
3141241 117752
18307 92782
4410387 117752
982411 46073
3166064 92782
30059933 46073
4236013 117752
3258737 117752
3941231 46073
4508197 117752
3174487 117752
4202731 92782
3953331 92782
3820651 117752
4239305 117752
2856143 46073
2261436 46073
262426 46073
2223230 117752
2430203 92782
2856220 46073
1861719 46073
3141182 117752
1469136 46073
2634977 117752
11057833 46073
4549018 46073
7197318 92782
4145093 92782
3953367 117752
3799341 117752
262657 46073
1388865 46073
3845301 117752
315499 117752
2506170 92782
4285011 117752
2906453 117752
2540178 117752
29768992 117752
4048317 117752
1349257 92782
1387537 117752
314917 46073
4281217 92782
2464715 92782
4145099 92782
2366862 117752
3940097 117752
4344076 46073
4508181 117752
4459123 117752
812525 92782
3174328 46073
4152121 117752
3940186 117752
4586101 117752
197902 92782
1288239 117752
4571944 46073
3472875 117752
1837874 117752
3472908 117752
212576 46073
795985 46073
29937342 92782
3775722 92782
3373541 92782
4398188 46073
1614784 92782
3616973 117752
4202732 92782
30130890 92782
10209544 92782
646431 92782
3174498 92782
2661457 46073
4450884 46073
4048325 117752
4281136 117752
29803809 117752
4562637 46073
2981829 46073
4578102 46073
2800676 92782
122133 46073
784949 92782
4145100 92782
3410205 46073
2166231 46073
2166221 46073
30135853 92782
3706511 117752
29758163 117752
2982747 46073
594509 46073
9739757 117752
3542060 46073
293350 92782
307888 46073
982463 46073
4235946 117752
198089 46073
851635 46073
810430 92782
3953432 92782
3618633 117752
1612428 92782
2464659 92782
2464521 117752
29758324 117752
3617017 117752
594531 46073
2201206 117752
3498721 46073
4144266 46073
2954731 117752
2404018 46073
30102615 92782
3174430 92782
3616898 46073
29763558 92782
3036262 46073
3617116 92782
3143601 92782
3799351 117752
3618565 117752
29879100 92782
2261383 92782
4048349 117752
2201391 46073
2643537 92782
3195154 117752
1388879 117752
4369913 92782
3940169 117752
11057838 46073
3639805 117752
1329466 46073
3038154 46073
4490028 46073
1387538 46073
4369866 92782
1667119 117752
21010 117752
1144284 92782
4089533 117752
21880286 117752
378036 46073
4218801 117752
4431271 46073
197904 117752
29754953 92782
3141255 92782
29758286 92782
3940266 117752
21880314 117752
30037590 92782
4048365 46073
1614758 92782
4048389 46073
4636731 117752
3941303 92782
2807001 46073
3616879 46073
2462190 92782
4341926 117752
29768796 117752
3093356 46073
4281137 46073
30162734 117752
2201131 117752
3141183 117752
1165463 92782
4459063 117752
29937337 92782
2464760 46073
4281227 92782
4495791 92782
812553 92782
29991497 117752
30044721 92782
2506171 92782
1825734 117752
2106533 46073
30054448 92782
3174481 117752
4235933 117752
760548 46073
852516 117752
1323543 46073
4152143 92782
3799360 117752
4460182 46073
3940267 117752
4048366 46073
1614834 46073
3113632 92782
3617092 117752
2462068 117752
3639738 92782
4211391 46073
3446463 117752
3845385 117752
573228 117752
3940268 117752
3775731 92782
852517 117752
400383 46073
29905431 92782
29859251 92782
4369666 117752
4508188 117752
10245063 92782
3143644 46073
3775723 92782
4235961 117752
92789 92782
3472889 117752
1825624 46073
1808894 46073
4258285 46073
10209619 117752
3845313 117752
3940231 117752
2037395 92782
2464613 46073
1329225 117752
4571905 46073
4145036 46073
1387539 46073
9739758 117752
3036263 46073
3986564 46073
548979 46073
4431330 46073
2807002 46073
3061281 117752
3953369 117752
3953424 117752
2261318 92782
2506348 117752
4280857 117752
2462046 46073
4369867 92782
2462020 117752
29937352 92782
4239287 46073
4431251 117752
4156555 46073
4410354 117752
2954732 117752
29754939 92782
292022 92782
3540963 117752
3953392 117752
3616906 46073
4341927 117752
3410206 46073
3036278 117752
4628092 117752
3799361 117752
3639900 92782
30195010 91455
1543692 46073
1667019 92782
3845386 117752
1719116 92782
4369724 117752
2106561 117752
3889428 46073
4152114 92782
4280844 117752
3174512 92782
30059925 46073
760473 117752
1651474 46073
1667106 117752
4459058 92782
2506436 117752
3799398 46073
2807003 46073
4554959 46073
1825625 46073
3036279 117752
3036280 117752
2462097 117752
30205479 92782
4410402 117752
2262698 46073
2464645 46073
4083451 117752
969670 46073
21880287 117752
852482 92782
3143388 117752
1612404 117752
3472996 117752
29937344 92782
852296 46073
198101 46073
3889462 117752
2106534 46073
4618802 117752
1011509 46073
1614730 46073
3953412 92782
3143402 117752
4152165 92782
3775698 92782
1323544 117752
1543674 46073
852468 117752
32741839 32741840
38783801 91455
3922779 46073
