9759548 9759574
21283 118901
9815640 9815656
9870564 1159559
4961033 4961049
8571078 8571107
375136 978175
186823 576281
5700064 5700082
9962227 9962241
35656 141920
3459447 3833519
1327185 2199045
281032 789088
3966939 4160642
10193153 10193178
1324 16725
10362253 10362257
141158 444052
1325 16768
11605767 11605786
112389 368015
2129884 2877286
586825 1318286
1763017 2581585
1537632 2396461
947642 1777467
8613483 8613504
9845895 9845921
9845895 9845922
589858 1322395
291124 809338
1478819 2346695
1463140 2333192
485024 1162746
746706 1526067
8865 66744
10655346 10655374
10655346 10655375
12069752 12069776
10519048 10519064
10450685 10450704
4234835 4340772
1095678 1961585
561880 52936
12221283 12221300
12225375 12225382
12226855 12226869
2894307 3437578
410537 1047511
394 3244
9250738 9250773
4683341 4687899
12611998 12612005
12277660 12277671
8734732 8734757
4204715 4319247
512214 1207498
1481515 2349102
161892 503682
13160448 13160455
3185347 3646154
513007 1210693
877958 1695217
4297095 4379875
10646805 10646829
260228 755563
746376 1525728
755721 486996
368641 967688
1364453 2241044
358212 956072
50615 214537
4968740 4968771
2905504 3445801
173887 537168
173420 14555
755538 1537544
461630 1125627
1204455 2080755
851721 1666637
4011317 1340555
21289 119060
2131394 2878656
1239015 2117968
8877 67021
13449149 13449162
2435848 3118014
13452749 13452756
15676 81264
752719 1533836
357661 954841
4141875 4279426
34663 137629
755771 1538321
3019115 3528690
2397380 3089009
1421759 2297196
13596289 13596306
2637562 3261274
13728709 13728716
4026858 4199501
13865019 13865030
13873209 13873215
14048092 14048101
14224503 14224516
14237978 14237985
14242238 14242247
14272187 14272209
413038 1051536
14295361 14295367
14295382 627857
20227 113705
1533892 2392394
1866545 2665738
1631480 2477674
975417 1818362
412923 1051384
1977046 2749916
20427 115801
14385471 14385477
14405667 14405673
4171177 4298871
3183 39671
14529157 14529167
14531117 14531120
14485941 14485948
14670295 173570
14690075 14690083
312854 849054
5025160 47076
1536676 2395281
14972193 14972202
15000214 15000225
841117 1652401
15083595 15083609
15119762 15119774
2416302 3103483
15181101 15181119
15190649 15190658
15195906 15195914
15209443 15209447
1326805 2198537
15211595 15211603
15213183 15213194
15219577 15219581
15219596 15219601
3692466 3985970
15219603 15219609
14293205 14293243
15194455 15194477
15221188 15221197
5027844 5027866
15213357 15213381
15225840 15225842
15226839 15226846
15220663 15220689
15226886 15226893
15226899 15226906
15237624 15237629
15238919 15238926
15239741 15239746
15239859 235332
15240445 15240454
4359133 4422411
7201679 7201710
15242512 15242520
15243697 15243705
15243816 15243822
15243854 15243864
15244205 15244215
15244248 15244257
3247577 3692484
15244612 15244615
15220604 15220628
15245531 15245539
8656499 8656528
15246120 15246124
15246316 15246325
15244698 15244704
15245169 15245186
4932302 4932349
15247681 15247684
15256119 15256123
15261815 15261817
1399262 2274143
14213749 14213761
15263748 15263755
15288763 15288777
15289707 15289714
2130279 2877653
13744555 6271072
5462007 5462116
46048 197776
1483346 2350883
15308539 15308545
15317693 15317704
591634 1325025
80541 280236
3340730 3756623
15331116 15331125
162360 512085
3904760 4119789
1065048 652381
5627616 5627628
130457 416786
15445942 15445959
15497251 15497270
15510073 2376858
5853860 5853888
9566883 127329
2749902 3340750
7575572 7575585
283717 447283
15625621 10161334
253076 746336
15675720 141726
15678654 15678660
782403 1568752
4318265 4394436
113652 370907
15684623 15684631
15691184 15691201
1402633 2277023
54653 224322
15692725 15692734
14203434 14203444
2691425 3290808
15700402 15700408
15700641 15700644
1833479 2639550
15705626 15705637
989303 1835061
298104 821874
3922486 4131532
15711925 15711935
15712992 15712999
591503 1324533
532352 1243847
3972023 4163797
378361 378382
14555356 14555372
773024 1556389
772960 655448
15722056 15722064
15722367 15722378
15723860 15723864
15724373 15724380
15724652 15724658
15724722 15724726
5028978 4031587
15725761 15725769
15726693 15726702
15727997 15728005
16446 84430
15729255 15729261
15729557 15729567
15729632 15729640
15729743 15729757
15729857 15729868
11275721 11275739
15731304 15731308
12952527 562511
15733372 15733378
5026020 5026047
15735953 1259645
15736106 15736115
21889459 21889467
2002016 2770319
12044695 12044703
14155824 14155837
15241831 15241860
21657526 21657563
15225725 15225748
21763184 21763200
752722 1533856
28222175 28222177
28226507 28226512
3557959 3899884
28277438 28277445
28302361 28302362
87448 297761
28313252 28313261
28360889 28360892
28364596 28364601
28378381 28378387
295374 816959
28385107 28385114
5374732 5374734
7418836 7418843
585455 1315245
4026860 4199513
1093794 1959855
28303810 28303829
28726649 28726655
3340732 3756633
21835051 21835086
3340733 3756644
28729882 1954581
28730478 28730487
4217111 4327506
28730829 28730836
4023736 4197539
28744534 28744536
29038296 29038315
29038552 29038555
29040088 29040102
3280451 3715453
29040260 29040264
11707837 11707841
29040451 29040456
29041004 3911314
29041331 29041340
29041626 29041629
29041666 29041673
29041689 29041695
15725578 15725589
29042583 29042586
29042864 349251
29042885 29042892
29042937 29042944
29043163 29043166
29043586 29043599
3280452 3715511
29043691 29043698
29043706 29043715
733894 1505322
4932269 4932284
29044638 29044646
29044692 29044698
29044985 29044988
29045024 29045031
29045043 29045053
29045114 29045120
29045244 29045246
29045568 29045571
29045655 29045660
29045666 29045675
24156677 24156696
29045761 29045776
29045787 29045793
29045921 29045933
29045985 29045993
29046019 29046023
3206 39713
29046782 29046787
15220904 10916159
535376 1252159
29047131 29047136
2618558 3247764
29048948 29048954
29048959 29048965
510354 1204959
29049214 29049217
29049248 29049254
29049379 29049387
29049398 29049403
28307672 28307683
29050207 29050210
368669 967779
28303712 3546694
968153 1807376
29051148 29051153
29052155 29052161
29053237 124227
29053296 29053300
29335139 29335145
3269193 3708589
29336565 29336572
28729905 19449537
3396752 3790540
29338582 27427758
29336110 29336120
15235761 15235773
30025494 30025499
173504 535868
28492774 28492781
20432 115833
1834738 2640874
8102489 8102505
16955 87487
30320347 10143028
30325851 30325856
30330357 10186906
10657353 10657427
3088516 3575956
1182349 2055323
30334185 30334196
20837 117257
30339966 30339969
9223072 9223095
30344829 30344833
10270340 971327
30350020 30350028
30350217 30350219
30351669 30351672
879953 1695959
30352358 30352360
923119 1731875
30352577 30352588
30351544 10087758
2185801 2923632
28760372 28760387
30319997 30320007
28730831 28730840
300664 825288
8024057 8024092
30357138 30357142
15241750 15241767
3628722 3947814
3465258 3837175
29039708 29039715
9624247 9624264
14676491 14676504
14676491 14676505
30368986 30368991
15238187 15238211
30370592 30370596
7401488 7401564
30372107 30372115
9223062 9223076
10657355 10657439
30373237 30373243
28317415 28317422
2130280 2877658
30377312 30377315
30380852 30380871
30380874 2144569
3748042 4018567
371440 971531
15240475 15240482
30382416 30382427
10657492 10657574
25420131 25420135
8656485 8656514
3993854 4179828
21835078 21835104
14479823 14479832
23411089 23411098
30383435 30383441
30383669 30383676
14198005 14198039
3534043 3884999
30384269 30384284
28776525 28776529
28382133 28382143
30388625 30388628
30391209 30391210
30391246 30391256
30391356 30391363
14660057 14660063
1637573 2481312
3927172 4134425
30395918 940799
14423689 14423701
30396163 30396173
2566657 3206774
9424516 9424530
298343 822381
15723282 15723296
7719602 7719622
8102544 8102552
30494266 30494275
30494417 30494426
30499354 30499358
30504201 30504209
30505103 30505111
30742904 30742908
30742923 30742930
30743187 30743192
30743385 30743386
30743442 30743449
30744044 30744046
11623011 11623024
30745192 30745200
30745327 30745329
30745373 30745380
30746138 30746144
9223126 9223194
30746647 28997050
30746731 30746740
30746794 30746799
30747282 30747283
30747446 30747452
2369219 3063504
30748846 25637617
30748981 30748990
30749415 30749418
30749677 30749680
30751022 30751028
30751589 30751594
30751601 30751604
30751606 30751609
30751612 30751616
30752689 6722836
30753087 30753092
1556975 2417384
15315073 15315099
30748983 30748990
28555957 28556016
30756587 30756593
30757773 30757775
1051532 1914205
21606246 21606252
30759850 30759859
3340734 3756652
30760501 30760503
30760765 30760772
15216714 15216727
4236320 4342120
30761414 30761418
371443 971539
30761949 30761957
30762152 30762161
21723681 21723716
30762915 30762921
30763089 30763092
371444 971548
30763469 30763472
30763573 30763581
30763755 30763757
30765234 30765241
30765432 30765439
30765712 30765718
30765957 30765959
30766866 30766876
30767109 30767113
30767237 30767239
30768088 30768096
15218067 15218086
30768221 30768224
30768481 30768490
790352 1578515
30768633 30768635
30768836 30768839
30769027 30769035
30769069 30769071
16763 86481
9223210 9223250
30771127 30771134
30771321 30771326
30773902 30773905
3340736 3756665
3340737 3756673
3340738 3756679
3340739 3756685
30774748 30774751
30774782 30774786
30774984 2500347
30775146 30775153
15242413 15242431
15242414 15242434
30776361 30776368
30776604 30776608
30776707 30776712
1704416 2535292
30777113 30777115
30777921 30777923
30777992 30777996
30778043 30778049
30778788 30778796
30779396 30779404
30779532 30779536
30779675 30779682
30779688 30779692
30780284 30780288
510686 1205467
15240058 15240068
13824058 13824064
30780510 30780518
30780523 11856388
30780692 30780698
30780740 30780744
30781127 30781136
30781138 30781147
30781153 30781160
30781364 30781366
30781451 30781454
30781503 30781510
30781742 30781747
30781806 30781808
30781958 30781962
8656500 8656530
8656501 8656536
8656502 8656543
8656503 8656550
8656504 8656557
8656505 8656564
8656506 8656571
8656507 8656578
8656508 8656585
30785584 30785588
30785634 30785637
29050993 29051008
28172403 28172409
30786598 30786603
3647821 3958733
1530136 2388370
30788246 30788250
30813412 30813415
30234690 30234698
4123968 4266160
30867215 30867221
3909659 4122999
30232384 30232390
30871084 30871093
30972471 30972477
30978610 30978618
3698183 3989201
8421131 8421147
31759030 31759050
31759731 31759734
30713781 30713793
31877781 31877790
15247334 15247345
9223189 9223222
31887109 31887114
15243333 15243337
31891434 31891444
31891450 31891455
15245154 15245165
31891589 31891594
31891604 31891610
15220769 15220774
15226775 15226786
13848415 13848420
31892473 31892481
31892501 31892508
31892513 31892518
31892531 31892534
21997694 21997701
31892573 31892578
31892587 31892594
31892615 31892622
15211334 15211353
31892941 31892946
15247379 15247389
15242921 15242933
15245132 15245137
15243268 15243278
31894266 31894275
12319639 12319696
13757561 13757568
32654675 32654680
32672539 32672542
2398846 3090314
32711083 32711091
32720735 32720740
31092426 31092435
32720749 32720753
32729794 32729802
30752690 30752704
30723224 30723239
4419683 4465413
32775104 32775111
31138294 31138300
32777448 32777457
2587745 3224023
32784168 32784173
32785592 32785596
32786908 32786912
6427124 6427137
32790730 32790739
13405512 13405536
30759852 30759873
30759861 30759879
30759862 30759885
30759863 30759890
32780783 32780790
32799430 32799433
32800948 32800954
4076603 4230989
32805045 32805049
32806565 32806573
32809302 32809311
14395635 14395647
378421 983474
30352957 30352964
3791512 4042790
30808649 30808658
1015817 1867486
32823432 32823434
32824428 32824433
15194152 15194174
29587137 29587147
4971094 4971141
32829693 256354
32831728 32831730
30751323 30751328
29039200 29039202
3191863 3649797
4902092 3960637
4179823 4303460
32840088 32840095
29053238 29053242
28782645 28782698
32841637 32841642
32842439 32842448
32844722 32844727
32845268 32845272
32845269 32845275
32845686 32845690
32845780 32845793
1052106 1914792
32854446 32854447
7506978 7507004
30611493 30611503
32956768 32956773
23344668 23344688
28963610 28963625
33015616 2351203
33015632 33015641
33015938 33015944
31891701 31891707
4971864 4971875
3152000 3624067
33021878 33021882
33021888 33021892
33021916 33021920
13453184 13453226
33022579 33022581
33022587 33022594
33024524 33024528
9222873 9222910
4922894 4922926
33026140 33026143
33026244 33026248
28776540 28776549
33026948 33026954
33026955 33026962
33026969 33026971
33027150 1609296
33027251 33027254
33027263 33027269
33027306 33027308
33045551 33045560
33049445 33049451
1806842 2618518
33057487 33057492
33057825 33057827
33057886 33057892
33058094 33058096
33058180 33058184
33058278 33058287
33058342 33058347
11107438 11107449
33058504 33058517
33058538 33058545
33058749 33058761
33058824 33058832
33058842 33058846
33058916 33058925
33058933 33058939
33060077 33060083
33061562 33061564
70342 260809
33062858 33062866
33063381 33063386
33084170 33084176
33086472 33086480
33086855 33086866
33088724 33088732
33090019 33090026
33091759 33091766
33093450 33093454
33093624 33093627
33111948 33111953
33112029 33112035
376123 979608
9659927 9659939
33580107 33580113
33581998 1985415
2691428 3290813
4366563 4428347
33875554 33875559
34222900 34222904
34277932 34277938
30496298 4510162
11829791 11829796
34402322 34402326
34706222 34706226
34994373 34994382
15259 80013
9223190 9223227
9987890 9987895
35013393 35013403
1519659 2377698
23385697 23385700
71520 263186
35016947 35016953
24406554 24406562
35064981 35064985
9989 69142
35093590 35093596
197274 593313
416639 1056242
35341219 35341223
35398332 35398336
592533 1327027
35400206 35400210
15898608 15898617
35400825 35400828
35401594 4684448
35401666 35401671
35401806 35401809
35402159 35402162
35402551 35402554
35413752 35413756
35413791 35413796
35413863 35413868
35414031 35414035
35414037 35414043
35414063 35414067
2388364 3080830
35419782 35419783
32755435 3192308
35421060 18637142
29051960 179491
35425953 35425954
35435787 35435789
35436564 35436568
35436892 35436895
35437683 35437686
35439074 35439078
35440646 35440650
35441501 35441507
35441612 35441616
35441648 35441649
9504902 9504923
35442034 19573641
35442412 35442419
35442983 35442989
35443992 35443993
35445731 35445739
35449824 1660523
35455134 35455140
35461682 35461686
35461683 35461688
35461748 22032824
35461810 35353637
35462563 35462570
35464312 35464315
35469638 35469640
35473870 35473871
35474085 35474089
35474345 35474349
35474585 21169431
35474730 35474735
35475339 35475344
35475398 35475401
35435788 35435795
35476937 5074670
35476940 34632476
35477298 35477303
967823 1806957
35773014 35773019
35787970 35787978
35787970 35787979
35787970 35787980
35789080 35789083
35789702 35789709
35790430 35790434
35790687 35790691
35792207 35792213
35794915 35794920
35795080 35795083
35795127 35795135
35796879 35796881
35797470 35797474
35798733 35798738
35798772 35798775
35800451 35800454
35801912 35801914
35802357 35802363
35802393 35802397
30768091 5036388
35803001 35803008
35803222 35803229
35805729 35805734
35805789 35805792
30320075 30320082
35805942 35805947
35812374 35812378
35435791 35435800
35814203 35814205
35817715 35817720
35818100 35818104
35819296 35819298
31888648 31888652
35820026 35820029
35820522 35820527
35820759 35820764
35821034 35821039
35821489 35821494
31892588 31892599
35822158 35822161
35822298 35822301
35823738 35823741
35823817 35823827
35823817 35823828
35823848 35823854
35824019 35824026
35825313 20793694
35825930 31583507
35826608 35826615
35828224 35828226
35828408 35828413
35828606 35828608
35829409 35829414
35829775 35829779
35831628 35831635
15315097 15315122
35833871 35833875
36115283 36115285
36115759 19021612
36115786 36115789
36115803 36115805
36115830 36115836
36116215 36116221
36116304 36116310
36116330 36116334
36269031 36269033
36269353 36269354
36275905 36275908
36275923 36275926
36281490 36281493
36286314 36286320
36292153 36292160
36293372 36293376
36293500 36293504
36294605 36294607
36295357 36295358
36298040 36298045
36310275 16485333
36310645 36310646
36311189 36311195
36311445 36311448
36311830 36311834
36312863 36312867
36319097 36319100
36322794 36322795
36331151 36331153
36331921 36331923
1714221 2544011
36333297 36333301
36334602 36334603
36334761 30791957
36336254 36336259
22029141 22029149
36338983 36338987
36340938 36340940
36342129 36342131
36346546 36346548
36347372 36347374
36348333 36348335
4359135 4422417
36350381 36350387
36356076 36356077
15243502 15243509
31891590 31891597
36361181 36361187
34899520 34899525
36362471 36362477
36363161 36363162
36365172 36365174
36367669 36367673
36370758 36370762
36385875 36385880
36356066 36356074
36387757 36387759
36387761 36387764
36388882 36388883
36389670 36389672
36391039 36391044
36393131 36393134
36394357 763973
36395196 36395201
36395267 36395273
36395706 36395711
36398367 36398369
36399103 36399107
36402300 36402304
33945535 33945539
36402374 36402379
36402381 36402382
36404534 36404539
36404979 36404983
36405360 36405366
36406752 11053489
36286315 36286323
36410672 36410675
36415436 36415440
30778789 30778803
36416321 36416325
36417444 36417448
36418255 36418259
36420482 36420485
36420629 36420633
13685825 13685831
36420971 36420973
36421482 36421485
36422492 36422497
36424430 36424435
12069765 12069812
36425507 36425510
36427510 36427512
1713421 2543371
36427910 36427911
36427928 36427932
36427940 36427944
36428143 36428146
36428411 36428414
31858297 31858303
36430947 36430949
31874407 31874417
3340743 3756695
4383603 4440802
36434231 36434232
22767304 22767329
36435007 36435013
36435316 36435319
36436185 36436190
36441156 36441157
36534560 36534566
3125844 3602804
36658226 36658228
36660341 36660342
36750298 36750303
36860563 2989163
36860569 36860573
37647428 37647430
655533 1397927
38023550 38023555
290008 808177
35406924 35406927
31895996 31896001
39458510 39458515
39458876 39458882
39460692 19319224
39462337 39462340
39462720 39462724
39466574 39466578
33674053 33674061
39467778 39467780
39470404 39470408
39470909 39470913
39471201 39471204
39471710 39471713
1713424 2543377
39474295 39474299
39475472 39475476
39475478 39475479
39477180 39477184
36688314 36688320
1713426 2543389
39478790 16738086
39479087 39479091
39479502 39479506
39481170 39481174
14950463 14950466
39481698 39481702
39484428 39484432
39485290 39485293
39486328 39486336
39486534 39486541
39487331 39487334
39488304 39488307
39489983 39489984
39494926 39494929
39495218 39495222
39496215 39496220
39496376 39496378
39497061 39497064
39499857 39499858
39500649 39500652
39501185 39501190
39502259 39502260
39504815 39504819
39507786 39507788
39510532 39510537
39510561 39510565
3756661 4023741
39511585 39511590
3756662 4023745
21812440 21812451
39514282 39514286
39516322 39516323
39520955 39520958
39521281 39521286
39521864 39521865
39522411 39522414
28303727 28303755
39524026 39524030
39524631 39524633
39529440 39529443
39529459 39529462
39530748 39530752
39531242 39531246
39531394 18943173
39531789 39531791
39532047 39532051
39532557 39532561
39533021 39533026
39536169 39536176
39536539 39536542
39537589 39537590
30249020 30249041
39539637 39539639
39587442 39587447
39587763 39587765
39536172 39536180
41177739 41177742
41533441 41533444
42106411 42106412
42114361 42114363
33055798 33055799
3205877 3662576
45145880 45145884
45146587 45146589
45149167 45149169
5302434 5302441
33427251 33427254
45199534 45199536
45200244 45200246
45201516 45201518
1713451 1999346
1713452 2543406
1713454 2543411
3884998 4108501
45581230 45581233
35435794 35435803
46922845 46922846
46922848 46922849
46922851 46922852
46922854 46922855
46922857 46922858
46922859 46922860
