5033459 89891
5033766 299764
5033814 487977
5034010 217719
742778 142654
5043386 729184
380181 17290
5054939 289323
5072281 611880
2891487 289288
5075766 154332
5078722 151366
5080682 173966
1525301 468523
724625 485199
743520 290225
5089782 213509
4348688 36136
5104617 96571
5115809 214371
5119880 308695
2079758 5161
5121295 219628
5125223 50088
5136314 330474
5138551 303209
45140 190662
3113849 249951
5154886 226287
1414189 158181
724626 366695
2887697 651676
742780 41515
1396241 51523
2270084 328731
3436992 916073
5168527 82828
743523 204475
5174872 99840
5176080 102720
5178650 591105
5182905 121061
5189047 104679
5195344 322839
5202929 226733
5204818 129322
5205185 120308
5207833 201485
5215643 16994
5215705 46169
5218752 507809
724628 297209
5244342 180683
5244525 145641
5244775 170839
743525 97744
5255549 160736
5260355 842555
5260698 50958
5262073 256121
5283841 44178
2753601 203404
743711 128212
1045079 646689
1099637 13326
5304541 1046030
5310269 1164671
2075251 226496
5331059 25028
5334830 109522
5374098 21713
296406 322613
5394716 46217
5401283 578050
2579540 607514
1561299 343183
984778 51716
5432963 56375
3218962 31927
374531 135379
5458932 90159
2079759 434486
2452588 48890
5483301 692670
2357824 2053
1094800 505679
5526755 187513
2421039 365698
734466 859512
744274 503442
5543671 72377
5562526 3563664
724638 658705
5570329 104465
5584813 31715
1960848 51072
743057 141974
5594021 135706
5598564 2702094
734197 442421
724640 681300
5632067 295146
5633782 47118
5633782 449296
3759673 52773
742658 147167
289655 149714
1518638 10099
4847018 102869
4374960 195505
380197 90010
5717889 1248774
5719535 21879
744277 132286
2377601 282560
251743 109421
5752113 330581
696639 72285
5774875 135509
5775566 130414
401634 160777
5796792 90055
1833712 614017
724645 56882
3486232 181952
5804776 846159
724646 94380
3054288 597428
5822262 52047
5832309 121844
5832375 154625
4349212 191088
5840697 28079
5852572 172771
5865998 45764
3428087 56115
5870679 136677
5874205 181498
5877855 345588
5881184 268828
5900283 678930
5902705 62851
5916028 157928
3702960 655
5928035 207391
5929512 668477
2814645 333037
532145 58192
5935222 65895
2306743 110235
2257370 53430
5963664 99707
5974578 5160
5981120 612418
2753600 162950
1579786 143678
5999892 881164
6000983 19587
6004051 225052
6004617 4181143
1243512 141926
744773 201889
6029469 381562
6030035 99703
6035310 613418
6039736 117470
3702712 318824
3757010 179103
2925341 188375
3286809 610285
6071892 235886
6079017 253352
4868438 93661
6092620 219478
2122857 325607
3531512 6683
2381880 146125
2895054 207675
6107585 78042
6107654 101826
6109422 325022
2926349 352695
2926349 824028
6109810 12866
6110505 95479
357491 346564
6111879 58259
6114558 5087
724659 200308
6116481 36179
4881085 347275
6127398 222733
6127874 341266
6128106 207244
3666888 102298
6132444 193148
6089321 56781
724662 14555
679351 51519
402980 37582
6141490 38525
6142412 233078
6142536 413949
742946 342240
6145548 317786
724664 95422
3179041 366606
6163191 202358
724668 16182
1274177 84857
5974580 1407
3235110 189212
6181586 122484
3337449 295622
2868380 199398
6189856 238002
6189903 17125
6191756 219932
4850303 51360
3457379 121677
6204242 76285
6208427 249861
1980136 109557
649725 271960
6217581 364583
6221007 104232
6222210 515801
3023443 551986
6228967 35921
2752044 578061
6231853 209913
2151377 53189
6247306 199164
3418342 54014
579304 50516
2287103 218292
2270085 196389
6254653 58228
2122852 350409
1438022 7261
6261151 88039
6261590 353351
3594920 338528
6266573 94288
3809292 57140
6271503 30814
6271521 5544
2894247 275945
296682 228617
1794045 831
6274108 390739
6275701 219249
724682 556219
6280278 386688
6282245 101384
6284739 740388
6285357 417049
6288830 22247
6291886 284181
2376283 91462
6295535 133703
3695905 613335
6300507 213157
6305895 213506
6310121 252943
6310140 1003
3227788 75379
6312624 176863
6314729 189980
1437306 330650
509241 395464
6325789 11831
6327134 334563
6327206 468765
6327214 226083
724685 5794
4985846 213723
911122 341133
6339034 84856
2150033 355576
6352405 67339
6356107 440443
6366239 99941
6368589 923722
65542 251760
6369574 219480
6370389 104320
724688 877515
6373940 681797
2431159 102967
2382787 99039
6390598 179794
141491 126373
1098723 225965
6407748 651802
627560 152826
2150394 246536
3503868 161170
6431772 121432
724693 248263
742564 347343
3678145 330067
4989694 100176
954252 63824
236496 612420
743728 324931
5033510 109243
3988144 78187
3263049 32714
2894636 144350
2988827 324239
2988827 103863
86624 295450
6466353 493381
579420 41921
724695 361168
6479869 484370
6501612 485052
6501624 51649
6513102 53857
6514634 327088
724696 419413
6524056 105860
1490202 13588
6530198 17124
6536518 118064
6547696 20945
1313642 353764
380210 361167
6554003 580419
6556023 188506
6557253 612552
6557904 27082
6559997 1409
6565307 83296
6566246 879260
1202486 237960
6568115 346298
724702 152146
6575048 308672
4025778 2051
724703 342528
6586291 336221
6588168 182040
6592325 394805
5173246 329134
6594549 79283
6595139 337567
6598847 53974
2382653 102297
6601742 164118
6601749 367549
6603473 189500
6607004 87215
6607726 764555
6615205 181901
2870535 9519
6625207 153107
6626016 363943
6631248 265311
6633189 54483
724707 54186
4099067 70658
3227803 293444
6647187 36248
3501430 66403
6653855 221648
6656973 338946
2868741 371696
2922260 626173
6670168 95893
6673418 841992
6678154 622839
2382102 102227
6682617 41911
6689124 47455
6695984 52146
1296221 43834
5163578 65063
2397830 314344
6719608 134384
6726380 338369
6727005 52044
3792929 171614
251874 216074
3737535 216889
6757211 218114
6765030 10677
743553 238233
3988146 98378
6776904 5598
6777392 36680
6778218 17878
6791399 101650
6800377 35777
65555 179708
6805683 321767
742926 1516567
6811360 135244
3643214 37872
6820508 259952
6827377 792063
6827996 867235
6830600 53244
742803 670220
6852658 343904
2757032 249794
3233993 333384
6855761 393842
6857266 58289
2184607 207413
6857363 240412
6863192 94516
6868115 135510
6872973 43893
1549684 676040
6873126 189402
6873203 5455
3923136 189310
1784854 30991
6878965 219933
743661 5457
6888342 155437
6888861 87869
6889047 221880
6889973 17961
2357781 353158
6890431 312626
6891304 330627
6891357 130350
804626 65894
6892124 77299
6896028 67999
6896790 170047
6896947 139100
2431114 393093
3814402 56377
6899902 222723
6900226 95103
6900468 99901
6900928 47365
6905739 506948
2270086 755999
2872688 337484
1514766 316575
6928814 128473
6933212 424751
6941237 499134
743556 9026
3237392 638481
6958998 139149
4127906 276592
3279771 331028
5073407 276008
40451 52395
7023989 403728
7035747 197487
7043758 608579
7045922 571365
1421752 190416
3979193 24810
5207835 46681
7082337 109692
7093607 56307
7094730 14676
7103944 49225
7105711 1405
188134 40898
7122039 288721
7123617 170671
1372979 50954
7131743 128627
724727 312774
7170713 94891
742570 1279943
7189652 36007
2473692 116945
7194474 330879
7211693 44313
2382784 22169
7219153 658704
449052 199191
7228092 50393
7228371 407821
1571617 62878
2375395 963659
7251513 84327
4845393 150039
7275855 267604
7282312 24809
1490235 329221
7301522 27884
7303323 92988
7303350 768270
724734 345263
2383041 326800
7316884 859986
7325874 334562
7327003 394368
7327076 305250
7327630 51524
7351804 139148
7357545 344565
743737 48010
724738 204540
954193 56927
7442148 48180
65569 51522
7449692 78076
7454163 937114
7454947 320153
7461160 56237
5997361 169267
7467184 37672
7470424 75957
7475876 146557
7477646 94515
7478428 399701
7485818 123271
7486625 70134
7494210 7806
7497879 82873
7499766 25135
7518384 13193
7519270 105228
7525724 171248
7526184 231777
7532812 92648
7546304 48888
7547509 697261
4198748 893059
7565671 164078
7574663 1516
7585249 350365
7599516 22249
1036246 248730
7599542 862062
380234 49351
7600537 21710
744676 204698
65574 252341
7634498 76725
7635917 211832
7640897 51910
449038 261451
724747 219479
7658964 41178
1667672 85001
7663385 132493
7669394 251924
3114762 35962
7675473 153227
7689424 736958
742816 181694
7697669 83547
7701410 7446
3563612 338572
7720032 214916
7720805 21893
7721624 554795
7722351 86649
3956205 34012
3436710 45765
7730114 322840
7730977 142932
3625523 35289
7735272 103242
2731719 213367
380237 2050
7746894 149960
7748618 867486
7757902 155436
4389408 52287
7402978 53000
7764175 542367
7767946 336869
7771569 141257
7777018 17126
954194 299987
7782364 225522
743741 170776
7784923 165501
4291691 95844
7791686 86095
724752 5574
7795138 50517
3058922 51272
7800885 235856
224701 270893
380240 39645
7806130 1488841
3991687 355110
7816085 503681
7828237 5458
7830861 248601
2150702 296843
7834553 543655
7834609 44907
743565 407823
7835427 53776
7836804 64541
7836813 476784
1618613 47953
7841611 51065
7854610 1162888
1243481 284569
7859815 41925
811683 104829
7880351 126216
4519823 237419
2357851 140104
7888954 120406
4025831 219889
3988147 224632
1571639 58040
2357871 219825
3250698 57093
7904197 176500
7913433 20035
3418486 545420
818397 316681
7918702 249892
7527433 55626
724759 939562
7924505 446450
7929397 108582
7930226 23136
7930891 409740
7936772 52402
7937960 344720
7938065 98720
6457325 110841
7939634 396895
7940052 148093
3252532 93136
7945224 133348
7946193 74792
7947670 298977
7951601 6243
7951943 653
7952506 22826
7954742 187665
7957232 13085
7963475 322139
7963976 3926
7964927 218797
7965228 218291
7968253 16633
7972189 391910
7972201 2731
7974950 119439
7976036 51996
3737461 359418
7977264 89007
2270087 139588
7978353 46497
7978748 39296
7979073 153344
7979164 159589
7981104 58407
7981273 222998
7981293 493379
7982090 152252
7983404 355881
2836961 187505
7987219 54866
7988407 54560
7989034 48130
7993196 189168
1490696 267546
7996438 392220
8003622 51069
3074363 344954
8005455 365475
8006528 1634
8007259 47364
8007642 153674
8009130 64154
8010332 218418
8011501 163239
8011528 99638
7982092 41923
8014346 121325
8015115 126730
3759295 24514
8018115 79987
950780 93818
8023485 346486
2473693 345149
8028979 135340
8030697 134124
8034557 48622
8036852 548760
8041816 142031
8048679 803747
8049152 353308
3211705 63515
8052141 117648
8052404 180832
8058287 51429
8058464 36474
8060967 160353
8065443 729910
8069716 163482
7766328 67174
8076743 294962
8078594 109556
8081230 110041
8083932 323373
8084126 400828
8084729 170879
8089773 91341
2834855 42883
8090514 97972
8090690 234241
8091157 112766
8091176 63684
8092297 301077
8092417 329915
8094316 790120
8094328 9157
8095576 664125
8095624 51647
8097626 336159
8098156 213365
3547960 566279
3585482 30717
8102938 190353
8104728 141377
8107651 455832
2397831 466085
8114346 170726
8117313 368333
8121124 426818
8122471 75158
8123057 98663
8124695 335394
8133053 10924
8135486 46167
8139518 53520
8139839 578078
2716328 342605
8141601 91515
8141963 122803
2824061 219572
8142379 93168
8143149 493383
8143321 57570
8143328 112085
8143368 242693
8144027 722019
8144298 37190
8144574 52187
8145187 349661
3991861 295918
8145960 51594
2868091 464494
8155453 18047
8155676 109599
8161425 500334
2892925 118312
1788947 602274
8173923 70616
3704583 13925
8175210 226588
8175725 374496
8179104 97968
8180160 442193
8180968 17122
8190088 99774
8201455 137091
8203768 51834
1487728 917416
8205807 443337
3054127 272747
4188668 357763
632727 35869
8208677 108414
8212582 12655
8144322 72602
2122037 142624
745764 78774
8220648 502911
8223936 478401
2601374 16954
8225138 56033
8225258 1339
8229862 76396
8229955 110314
8245259 201264
8250259 201484
8256283 100612
8257631 52725
743570 981998
8264268 169268
8271543 273224
8272585 174210
8272594 333537
8273485 32118
8277367 758388
1942751 594738
8279953 705436
8281119 53044
8282599 285750
743751 220554
8287909 140189
8295429 171548
8308920 316966
8309921 249909
8310143 705121
2753188 271664
8316883 22871
8317998 99838
8318087 51188
7987132 7805
8321815 144724
8322113 94107
8322723 129066
8323404 660888
446092 79193
2868418 603787
1360455 11712
1483686 460251
8344252 17882
8346115 8077
2893635 277764
8348906 86786
8350594 97704
8352416 195507
8356229 412207
8360041 240514
2604945 100515
8367344 97849
8374117 199766
8383636 361578
8392204 736687
8394141 215182
8101462 367687
8402116 265418
8409408 1402
8415850 489772
8422155 76047
8426966 248621
8428356 52400
8429827 27374
8433273 154866
2122889 29727
5878741 12224
8438008 332345
3988148 215318
8455792 39812
8456002 255429
8460320 186206
8464401 1627
8466683 249692
8468052 226189
8468555 217288
8468711 97406
4372103 279574
3238218 785223
8474134 443682
8476204 467800
8477160 1171867
8477689 22144
8478034 213366
8479301 325203
8144311 1089237
8144300 38019
8485946 462447
8488774 201816
379144 55259
8499403 256261
8499913 96570
8502716 54973
8502750 206621
8502934 351861
8503373 316790
724783 42697
8504421 338367
8504434 127306
8510721 463421
8513345 5315
8516503 106407
8516873 507776
8519454 96827
8522755 389830
8523419 102296
8527980 56113
8529235 34446
952210 158339
8529407 344998
2179976 93490
446093 226593
446094 389369
724785 607224
8532804 100270
8533201 326289
2824058 95476
2870572 110915
1487775 4412
5409996 324083
8229957 95948
8569922 363621
170455 56835
3564652 989719
8571714 349126
8585220 1311632
2601476 168419
8591905 7256
8591959 215491
8592078 75956
8592104 125483
8592139 500045
8594504 193101
8594528 14967
8601556 528891
2150754 117011
8605623 243780
8615925 200961
8622571 102667
8628597 142165
1313645 105187
8640205 628031
8641646 277547
8648896 189037
8649482 401242
8653317 220670
3233934 201934
2926891 142424
8657113 218719
8664456 139146
8675332 842019
2892076 342104
8678486 79062
4145476 349774
5749840 19418
8681353 453904
8682600 116950
8682619 339406
2622809 277557
8684310 684482
724788 39295
8686138 354664
8687279 12454
380250 252045
8689006 336503
8690248 350157
8690774 191879
8691449 346667
8695111 408278
8700343 90718
8229494 246537
8702520 154224
6474241 138693
8703384 131781
3702710 336073
2938985 396746
8706576 314876
7301524 102229
2640254 109597
8711035 19586
8713524 391104
8715966 224128
8716235 215089
8717006 221741
8720442 15959
6266212 168953
8729213 176595
8730766 2301367
8732834 93434
8733353 131166
8734363 99036
8743778 349478
8748393 330445
8749424 19732
3461540 24713
8755444 51075
8764136 103466
8769108 56166
8780861 344716
8782308 249699
8793554 143932
8798937 626250
3759301 119348
8802875 579146
8804619 507096
2187952 743917
8814345 174758
8078566 624964
8815816 301018
8818882 217376
8820291 10440
8822920 285563
8826863 98039
8830093 94965
2995158 278825
8835717 169196
8838046 393094
8840358 32311
8842304 213788
8842650 76048
8842957 842005
2868381 229318
8845651 8728
8848640 33227
8853915 10254
3902450 8361
8347980 9726
8861452 2508
8861471 24603
2150608 221226
3344236 80183
6899770 189681
8868378 82235
8870077 219573
8870354 213276
3344237 86208
8872441 119945
65592 218235
8881070 318425
8886072 41917
8889737 333822
8889753 832596
8891487 290456
8905153 475107
2745436 745065
8914218 353529
8914654 25365
8916011 399720
8916118 323504
8919280 56469
8926157 23040
8931230 95668
8932770 68622
8935225 8485
8937354 138391
1324774 584033
8940345 39294
8945892 9158
8947715 6334
8953670 31611
2149600 94643
8958219 338364
8961314 344676
8969613 1010191
8972991 53110
2383415 10546
8974769 27489
8975195 322356
8978638 27993
8988063 450943
8992721 53644
9002657 82978
9010300 648520
9023034 335128
9024857 756942
9028280 147398
2892226 232404
9044115 396332
9059188 285621
9059220 550698
9079778 159905
1204407 2080349
1487031 673148
9143742 228579
3107001 654
9150975 48931
9154156 399613
2150328 345850
591509 654013
9160754 1002
1488729 385817
9171397 108908
1491114 137995
9197329 324697
8903057 96767
3991689 42219
9241397 9289
65595 101773
9270729 95423
2181158 76284
9292367 196376
9356485 681283
9357815 85355
9379483 49226
9385124 109136
9481483 60040
9488491 4501796
9496877 177264
2149259 533164
9563347 633762
9643627 13332
9780015 164775
9834757 4365222
9837142 36679
8785937 134123
9842623 53775
4228908 38611
9844771 109598
2891453 578027
9847833 19415
9848103 51181
9851474 54017
9870551 2166924
9873783 2373031
9977151 385926
9977773 157102
9977817 12343
714359 54271
9979813 48345
9985612 160656
951039 93717
10026244 365151
4043862 916140
10035744 134253
10121078 278626
10128171 118192
10128312 38439
10129940 330373
724814 223258
10130664 35922
10290724 723155
10365381 99899
10670688 162976
10670706 13705
10683290 225049
10696061 91891
10700593 428960
10700665 124987
86626 224060
10705868 364998
10709445 96930
10716821 97775
10731312 342726
10775473 215666
1377082 100776
3104683 28898
2314866 149326
10830635 126396
3017795 146505
2184606 109361
10907444 223921
10909467 28284
10957150 93764
10969649 629990
10974312 901052
11015648 547990
11029161 6371
11029779 98162
11033759 17883
11058602 220047
11109476 115588
1015001 180835
11143076 378506
11143598 584026
11152304 318375
3533256 91625
11181368 92718
11188041 90931
2836978 729545
11224736 131519
11240261 98796
1931336 759166
2274495 201583
11302108 152411
11306089 128344
2307093 101550
11344543 124602
3193020 300336
11351437 30022
11398165 344566
11421426 98320
11439090 22250
744778 110840
11567784 739318
11587840 25666
11597818 361228
7912804 3210988
11665668 828847
11671363 193264
8960939 213166
11743022 332063
11756870 62320
11786315 170727
1939828 619437
11801928 99466
11802654 327306
11804186 48930
11810257 93596
11824427 34680
11835789 53976
11845278 93544
3877683 144890
11900539 76810
6592330 314780
9017515 51076
11940549 319682
11946578 188217
11993808 391402
12022356 325609
12024773 322788
12032922 118656
12036743 101549
12038398 52722
7004131 127421
12040496 373264
12040527 7121
12041024 328872
12041915 46436
12041982 351808
12152133 145543
12161945 500374
6690377 739595
12194021 543282
12202083 5545
3991993 324801
12277753 8106123
12278639 120745
12344494 54315
744285 1522028
1578274 116944
12374251 71955
12376399 152034
12383362 98444
12385190 96438
8041723 8484
12396248 241643
2382735 337956
12407471 452492
2287642 31361
12415001 103631
12415577 702189
12445379 6514
1491911 31081
12448963 678489
2351182 5619
12458462 843041
12461716 51424
3233586 90056
12464090 62429
2430398 238360
12464820 35679
12464837 146736
1414908 31450
2923491 501440
12467025 216026
9724440 39291
12468007 39293
12468771 339675
7836133 98597
12468803 310730
12468881 112353
12470272 352627
12471025 99583
12471447 910410
12471649 827715
12471658 120910
12471820 251545
12472147 43099
12473665 52726
2149644 724972
12597720 598824
12639047 16634
12652706 394898
12653735 362166
12654400 388373
12655196 121135
12655861 358425
12677163 6967
221949 52724
12997430 174582
13005590 214950
13081482 265798
13132545 136773
13176958 119556
13181515 95154
13187357 121059
13191969 573797
14205900 603224
14207478 193147
14219515 443467
14219685 180836
1524348 104402
14233438 6570109
743589 369673
742845 1516259
14273464 31258
14273569 36067
14278144 102808
14282736 109691
14286957 98441
14287094 2962814
14293000 12344
14314657 274126
14315580 325281
14332089 305811
14343226 105326
14345547 249923
14349410 321462
14358837 231234
14370626 287360
14371673 349982
14374489 60116
14378810 209388
14391382 97411
14397767 99171
65622 252908
14415980 92825
14441657 95947
14458523 97345
14458708 250169
14466735 814008
14492765 186085
14511037 16635
14515338 320962
14515751 53114
14542362 442889
14542507 263435
14548877 4128427
14556573 61751
14560297 109955
1312368 817602
14585781 701273
14608672 77552
14655897 8613
14656567 98089
14659047 35776
1673347 209342
14716328 54269
14718013 333747
14760390 349477
15265966 325650
15266930 65974
15269661 1932
15269915 131449
15272050 221631
1487111 35464
15272529 142067
15272926 86013
15273052 612425
15273498 94102
15274454 179329
15274986 1621
15275747 21817
15275848 177027
225029 612424
8516889 161358
15276165 104403
15276252 30524
15277441 124625
8919284 326973
15278933 60600
15279285 582426
15280231 198874
15280416 326270
15280465 110236
15280482 388993
3418260 3924
15281473 197711
7565674 5597
15282999 200060
15283210 76395
15284250 333748
15287985 1136801
3771785 4031583
15292255 53190
15294409 456341
15294593 336755
15294756 177132
15294952 324498
15295531 285250
15295779 147358
7234816 31362
15298227 314132
15271213 220722
15308145 64945
15308830 897468
15308845 67201
15309435 98895
15316466 470580
15316670 1438140
15319278 323327
15322717 110789
15332510 202483
5119885 1244868
2923493 35775
15335820 3419422
15338185 194695
15340179 70133
15341070 470029
15341653 66234
15341800 148382
15343708 177173
7950673 52563
15343907 53373
15345433 33574
15345881 99522
15346024 698348
15347361 68705
15348247 651770
15349614 140187
15349619 441527
15350218 274623
15351125 43950
15352615 102040
15353306 342010
3804008 349251
15353865 100905
15354291 55816
15355008 243663
15278935 288413
15356412 435420
15362411 46359
15364763 5469
15364887 50846
15365054 230856
15365174 401793
15365255 376225
15365386 253286
15357913 20836
15366721 1724225
15368311 21168
15373782 251698
15409805 222178
15412676 328943
15414466 53112
1047421 1909803
15437745 1056326
15443318 288535
15450752 53604
15484608 499902
8717009 790121
15544358 219984
15557611 500046
15591567 296411
15601101 149474
15601571 178308
15601576 152776
15603119 130154
15603470 98934
15603773 3382578
15604197 220815
15605234 52839
15607920 46122
1454967 305870
15609632 3595317
15611086 4748086
15611515 92198
15612448 2898984
15612953 9625
15613547 201856
15613753 112617
15614728 25665
15617302 3158574
15617352 855621
15619663 714483
15620583 101597
15620587 113053
15621170 44312
15622097 669886
15622834 65703
15623225 18045
15623238 261141
15624582 98437
15625191 550312
6430953 97305
15627689 325408
15628493 176541
15628604 149569
15628753 95248
15628940 152889
15629093 364504
15630073 551245
15632632 95100
15632715 136229
15633277 52840
15635770 36477
15637013 342244
15639078 100356
15641790 1489902
15645676 59890
15648353 99993
15648610 213168
15653987 54585
15664619 56376
23193071 691498
23739640 133581
24345778 47074
24358113 43032
24379773 296280
24379807 112012
24392506 179292
24393901 53548
24396126 157312
24403187 112011
24410072 216075
24423618 72376
24423636 344516
25407147 549879
25430437 58369
12644103 1143615
25461843 101489
28300685 341571
28367321 660804
28382963 100005
12216004 49653
28418682 283933
28446687 51078
28446700 320186
28448205 102103
28650826 1327915
28697794 677538
28741892 224261
28749558 332062
28750341 65892
28990536 142862
28992472 98759
28992612 158897
28992613 339008
28992900 321368
29370350 13086
30301252 4379369
13616701 5466
30305102 402579
30317892 71288
1037213 205334
30333334 291741
30334377 338529
30335327 5157457
30336535 858785
30342459 26375
30346681 321766
30346864 31716
30359992 1985367
30397698 3643456
28371738 27279
32874881 133317
32893198 21100
33177793 272199
22433995 261555
34427731 72375
3437006 137994
34862801 642477
34864938 78335
34951143 211750
28371739 102350
35011142 234127
35016983 6351
35044956 204497
36644429 52774
36667456 795334
36668215 493376
36668675 23656
36669986 138393
36670190 37361
36670323 102104
36671501 216884
36671703 161412
36672022 97671
36672076 95098
36687988 338947
36740973 98894
36740973 6632458
36743980 28899
35637543 109296
39431594 8483
39434733 15542
39641354 946349
40103088 93143
40108281 9025
40119546 10545
40137389 4144
40138906 54618
40146052 109872
40150647 124131
40154726 340669
40169270 72380
40177666 100091
40178734 769398
40189560 221881
40200260 692751
40202046 212530
40220594 131887
40222235 328780
40222374 121381
40222967 22469
40223577 232010
40223654 218532
40223655 401353
40223704 97203
40764632 248617
41355432 225446
45105790 293979
45105794 16018
45141382 78186
45842537 266066
45842550 1042785
46024931 4437680
46024932 1222078
46024933 4565660
46024934 2579388
46024935 429253
46024937 260843
46024938 192467
46024939 330019
46024941 203358
46024942 95155
46024971 53048
46024972 135432
46024974 323737
46024975 96479
46024976 323778
46024977 406246
46024978 238188
46024979 67747
46024980 204598
46024983 11331
46024984 26781
46024987 11713
46024988 677511
46024989 133702
46024990 621385
46025006 208330
46025007 163884
46025014 117044
46025066 96241
46035568 47366
46035569 132026
