5032171 1695300
4080566 75061
5043824 165895
5050741 103316
5056740 2061574
5056740 39016
5061096 103316
5061096 39016
5064684 39016
5069271 103316
2995916 3511163
5083573 193489
5096992 39016
5100357 103316
5113628 103316
5113904 39016
5118547 165895
5126233 103316
2341887 2341911
5150526 103316
1104300 444996
3100934 3585403
5200466 39016
5207506 103316
5209744 103316
5211595 103316
425186 103316
5216768 5216771
222039 39877
5238790 39016
5247844 1459042
5260799 103316
5265417 103316
5265417 39016
5265573 359752
5295384 39016
264882 444996
5300229 103316
5309079 1785982
1448819 103316
2681672 425928
1563777 149383
1563777 425928
1787090 103316
1787090 697990
5344745 103316
1319377 444996
1718025 906092
2428288 1447305
5367214 103316
1393709 103316
151434 39877
1102449 1094810
5378450 103316
757953 1540271
1096590 193636
222040 685098
222040 685099
222040 685105
225404 103316
225404 694835
225404 697990
5388899 39016
5389344 103316
2870660 103316
1448273 103316
5397372 149383
213120 649231
5401223 580309
45146 103316
45146 191000
54361 222080
5403623 2651197
5403623 4209601
5219963 580309
5408918 103316
5408918 191000
5408918 2544688
5411388 550876
5417253 2731803
1715201 2545300
5431778 649508
5437110 700863
5441292 5441297
62216 39877
62216 243372
727160 152369
5451361 1785982
1391938 2265487
225406 103316
5467254 103316
5469602 537303
111025 357175
5478840 1785982
2467613 39016
5484189 103316
5484189 816853
5484189 2544688
5489193 103316
5496599 103316
5496599 39016
188213 580309
1833451 103316
1833451 39016
5513227 444996
141418 445467
5514394 39016
222043 685248
222043 685276
222043 685295
222043 685296
5529229 39016
692093 1447305
76446 39016
5557457 444996
533506 1217829
5560512 5560531
3472538 2310126
5562006 103316
141326 444996
5570385 103316
5570385 39016
71059 261578
71059 261597
5584353 103316
5584353 39016
5585292 39016
5585676 39016
676149 537303
1454226 2323975
5601686 5601712
5605212 3594198
5611263 103316
5615383 103316
5621307 5621332
3423194 444996
3423194 193636
5625140 2651197
5625140 103316
5625140 4209601
5625140 5625160
5626818 544058
5626946 5626960
5628355 39016
5629718 697990
5638954 103316
5638954 697990
3256526 1913546
1842562 700863
33935 135235
2222562 39016
1617057 444996
5672007 2291904
5683232 39016
5686751 1785982
5701585 444996
5705515 425928
1616033 580309
5706780 444996
5721708 39016
5725732 103316
5730575 103316
5741163 39016
777026 193636
2576947 39016
1104208 444996
4168476 103316
5782706 5782713
5786265 1555990
5792075 103316
1940915 103316
5798418 103316
5798418 39016
174049 444996
174049 537303
5806117 425928
5819390 444996
1975982 444996
5824092 103316
5826440 444996
929004 1745440
5835168 5835174
954989 1785982
448698 444996
5856493 103316
5858539 39016
3256907 103316
5865120 39016
5865618 39016
5869998 1785982
5870886 39016
5874022 39016
5038137 359752
3100754 2536757
2872290 2310126
5900657 700863
5565883 39016
5914884 103316
5923891 444996
5925990 39016
5930197 39016
5932398 39016
5932398 580309
5933936 537303
5935506 5621332
5935593 2536757
5943925 700863
5946853 103316
5953209 103316
5953209 39016
5960735 103316
224096 39016
5990510 39016
5990982 103316
5993553 103316
6001270 39016
6002429 103316
6004294 39016
6006328 6006348
6006328 6006350
6006614 103316
6006614 39016
6013570 103316
6016329 193635
1540257 525247
6038874 1447305
3465193 445878
3465193 419027
3465193 3837025
6052682 149383
5847398 39016
6066699 39016
6069702 537303
3740285 425928
6070120 1272361
6070691 103316
555441 580309
45175 192910
836368 537303
2356276 103316
6090789 697990
266591 766412
6111330 103316
6113165 39016
6116270 4741
6119481 537303
3017867 3527937
6122795 103316
6127830 103316
6130565 39016
1533064 998135
6139239 444996
6141682 39016
6146809 39016
1616034 2465926
1616034 580309
6156356 103316
6156955 39016
3883858 444996
6176908 3527937
6182684 39016
4897695 580309
6188323 425928
6189737 39016
6190605 103316
6191431 6191444
6191431 1640864
6191431 6191445
6191431 6191446
6191431 288242
970295 39016
6195293 580309
1980215 1094810
6198378 39016
6199392 731156
1450752 444996
6211335 537303
6213560 444996
6006846 444996
6226888 39016
4679096 440414
2125332 193636
1068830 1931851
1068830 1096736
1068830 1931866
6239698 39016
3059989 444996
6243168 39016
6247764 39016
6248510 444996
37136 149383
5912786 39016
6262022 3817353
6262187 103316
306301 444996
202883 444996
3632932 444996
4315383 2536757
6288165 103316
1460241 335242
1460241 697990
6291995 39016
686171 444996
3383981 2124073
3383981 3781030
6298899 39016
6299308 2651197
2691885 3291314
3318660 1096736
6302021 5153029
6303807 580309
3919686 444996
6309807 445878
6310345 191000
6312806 39016
288313 319309
6319347 39016
555486 1217829
111306 359752
6324990 103316
1185929 580309
782525 444996
6340113 103316
45187 193489
45187 193496
45187 193594
6348789 103316
5638925 103316
5638925 694835
5638925 5153041
5638925 697990
6350155 425928
6353384 2658083
6353483 1785982
305848 444996
6359325 103316
45188 193635
45188 193636
6372129 39016
1976698 39016
549561 1272361
6375714 103316
122536 401822
3531118 39877
6388889 39016
6389838 425928
6391452 39016
6391565 103316
6394345 444996
1973268 550876
6409852 103316
6410298 103316
6412928 5782713
6414926 425928
6417623 103316
6422246 39016
6423897 425975
6425191 39016
6445827 6445838
4182647 444996
4182647 700863
3683107 3979176
1204073 39016
1441984 2310109
1441984 2310126
6462973 6462982
5194867 580309
6475578 103316
5697154 103316
6488500 103316
832367 165895
832367 103316
832367 697990
6491121 3291314
353493 103316
6493440 149383
1281482 39016
5605705 697990
813155 39016
6527356 39016
6545467 103316
6549255 1447305
6551650 26140
6552675 103316
3900675 103316
214149 103316
6565190 6565209
2953351 444996
6567328 3527937
6579174 6227598
6579174 6006350
6581632 700863
5104453 2323336
6586182 6586197
2572860 39877
4156544 1563762
2370799 2310109
6599257 103316
6601350 103316
6605887 6605894
6621177 39016
6630610 39016
3633056 444996
1976385 444996
6640920 103316
6645653 103316
6645653 425975
6650292 444996
6657618 2323975
2265450 2265487
6665898 149383
6671747 103316
6671747 425975
6671747 6671763
6683315 1785982
6687980 103316
6687980 39016
3776934 444996
6711661 39016
444537 1094810
6043473 128734
6722375 149383
6724897 3817353
4826351 425928
1940916 103316
6735695 700863
6735695 537303
6748023 1272361
6751895 39016
6771093 39016
6773091 39016
6779160 2651197
6779160 6779173
5024957 580309
6781160 103316
387047 998135
6787541 998135
6788231 2163229
6792287 697990
6793125 6793131
6805019 103316
2481013 3155257
2446863 444996
6825667 39016
6827476 39016
4258007 103316
6838052 103316
6845996 103316
6845996 425975
6853158 39016
929664 103316
929664 694835
6856282 103316
6856872 103316
5925289 165895
5925289 103316
3303451 3729037
6874036 103316
6883630 39016
6901148 39016
6901891 685248
159860 501461
120149 388576
6915140 2536757
6921350 103316
6924822 2341911
6924822 906092
6924822 59139
6924822 6605894
6926470 2391435
6929400 697990
1510321 39016
1510321 425975
6935500 103316
6935500 39016
6959108 2341911
1344541 444996
94093 319309
6961169 39016
6962770 103316
321814 319309
2723331 3315248
6984721 4843
6987792 103316
6991014 6991027
7002440 7002447
7011308 39016
6381686 187186
7031899 7031916
7037316 7037328
7052564 7052582
7052949 409085
2930733 39016
141421 103316
6930932 103316
7065365 39016
7069526 1785982
7074914 103316
7075624 4703817
7078719 39016
7082120 39016
7086165 39016
7087345 103316
7089004 2043513
7094343 1785982
7106618 425975
1104057 444996
1976188 444996
7108205 103316
7118815 7118827
7124943 103316
7124943 43527
7124943 39016
7124943 425975
7124943 7124956
7132336 103316
7139975 39016
7144072 103316
6472860 103316
3233468 103316
3233468 2544688
3233468 2329871
6343620 103316
7159101 103316
7162501 193489
7171511 5216771
6703945 103316
7177190 444996
7186287 6006348
1285043 2163229
1417476 2291904
7195403 3470173
7203737 103316
4146267 445467
7213003 103316
697980 103316
7232319 7232324
7232319 7232328
7232319 7232335
7235401 39016
7244620 6565209
7247209 1785982
7253024 149383
7256175 103316
7257158 39016
7267835 444996
7274178 2329871
7281431 425928
7299085 39016
7307582 103316
3306651 425975
3306651 3731271
7314420 444996
7314972 537303
7317281 103316
7317281 2544688
7317281 1272361
448794 444996
7322601 39016
142457 444996
7328911 103316
7329255 103316
7086818 39016
7340301 39016
877479 1056277
7349127 39016
7349377 103316
7354420 103316
7360065 39016
1857095 2658083
910558 39016
7377365 3144201
7380861 444996
7380861 5753691
7380861 7380870
7382067 103316
7382067 39016
7396127 39016
7396127 425975
7406385 39016
7407363 700863
7412451 39016
7413040 39016
7415785 103316
7416228 39016
7417851 444996
7433733 39016
7437414 103316
7439729 39016
7442017 1093904
7452143 914
7452143 939
7457818 39016
7475180 39016
6463929 3781030
6463929 2310126
697981 103316
7516320 39016
7517126 39016
7524498 1723455
3667565 3904638
3667565 1505516
7550821 7550827
7556458 39016
7563778 103316
7563891 103316
1917265 39016
3906837 39016
7595317 2341911
7606169 103316
7607371 39016
7613290 580309
7620580 2341911
7622836 103316
7622836 39016
7641985 39016
120610 396678
226693 103316
2624258 39016
6075478 103316
3795245 4045510
520536 39016
7694659 39016
2543968 3197280
7697997 39016
7699615 1094810
7699615 963474
202500 444996
7705855 103316
7706152 39016
3813295 2086275
7709319 103316
7714661 425928
7717247 39016
7725657 103316
202340 444996
202341 444996
7734051 425928
7738467 5607936
1847644 103316
7746792 580309
7748302 165895
7748302 103316
7750014 700863
7754281 39016
5614714 5614741
7765891 39016
141423 445804
7773820 103316
7775312 700863
7776134 103316
83893 288242
83893 288243
7781660 103316
7782240 2291904
7784123 1447305
7789126 39016
853242 444996
7793036 2545300
7798907 580309
7801493 444996
7803897 7803904
3633100 444996
1345093 444996
5445663 149383
135834 149383
135834 425928
7816759 39016
7825685 2545300
7843211 444996
1344337 444996
429795 1074185
3794334 4044736
2507120 444996
7851475 39016
7862163 906092
7864249 103316
7867505 39016
7871991 2651197
3441610 3817353
7902680 103316
7905961 103316
7212207 103316
7212207 39016
142459 444996
2589968 103316
7918479 37443
7921215 39016
7924421 103316
7926742 425928
7928409 444996
7947935 103316
7971848 222080
7975226 39016
7978149 5621332
7984856 7984866
7986464 2341911
7989176 5782713
7990631 5782713
7990988 5782713
7991511 103316
7991570 103316
7991762 39016
7992978 5782713
6846802 39016
7998167 7998178
6038001 39016
8005832 103316
8011992 8012004
8013153 103316
8017901 3476999
8017901 8017908
8018693 2651197
8019067 103316
8019958 103316
8019958 39016
8025898 8025902
8025898 6605894
8027597 5782713
8028687 5782713
8028948 5782713
8029805 39016
8033518 103316
8037769 103316
8041844 580309
8042942 766412
8042947 4209601
8045978 103316
8045978 39016
8053207 7052582
8059221 103316
8059358 59139
8060098 39016
499257 39016
8068995 2341911
8070313 3731271
8075037 39016
8075743 5782713
8075764 3035235
8076515 8076527
8090855 1785982
8091028 2651197
8098021 5607936
8098420 2341911
8102733 39016
8105278 425975
8114955 5216771
8122511 5782713
8127047 103316
8127047 697990
8128680 8128691
2734528 319309
8130899 103316
6517527 537303
6517507 444996
8138202 103316
8143839 103316
8149522 2536757
2092088 103316
8157077 103316
1975321 444996
8157970 8157976
267166 103316
8168580 103316
8170297 537303
4573412 4587218
5607906 5607936
8186403 537303
8195335 8195347
1440571 444996
8204224 685276
8220596 103316
8221170 103316
8225382 103316
701340 1459042
3340051 537303
8234515 444996
8235846 8235864
3010911 444996
8247179 39016
8251320 537303
7433247 537303
8252599 39016
8259109 2341911
8259109 7195886
8265268 537303
8265268 5753691
8267970 39016
8268257 39016
8270875 103316
8272594 103316
8272780 39016
8279556 5601712
7073427 103316
8288585 8288589
8288585 7550827
8288585 8288599
8299610 103316
8301128 8301141
8304278 103316
8307077 39016
4700700 4703817
8336034 39016
608036 444996
8340866 39016
8341123 2658083
111398 363849
8351524 103316
6987011 39016
6695589 425928
8357822 149383
8371304 39016
8374474 103316
5956363 906092
8380878 68136
8380878 2536888
8393727 2536757
7709321 103316
8397387 149383
8398634 103316
8400232 1093904
2389764 3082415
8424667 444996
8425028 39016
8426374 39016
8430568 39016
7822202 39016
8436922 103316
1344338 444996
8442822 39016
8455143 39016
8462119 8462132
8463144 103316
8469710 39016
3667711 78651
8482500 165895
4754442 4589267
8485186 39016
7070642 537303
8488791 103316
3654342 39016
328173 319309
8497336 103316
8497406 8497414
8507178 8397904
8508609 39016
8511531 39016
8511899 103316
8513464 39016
4502765 3730895
8520552 103316
8521336 103316
8525571 39016
3100 39016
8539856 103316
162681 512536
8549802 193489
8557989 39016
8576225 1695300
8585455 425928
8589550 550876
8630171 103316
8647426 2731803
8650242 103316
8652773 1540271
554510 964731
5098430 39016
8662727 165895
4012429 444996
8674913 103316
8676487 444996
8681573 103316
8691681 193489
8697487 8697503
1718810 2554468
8720092 2163229
8720726 5601712
8730086 103316
8732613 103316
8739420 103316
8740519 103316
173868 536915
8751309 3197280
8760504 103316
8774550 39016
587491 1318811
8777947 103316
2822314 103316
2822314 39016
8785889 444996
1705876 2536757
1521903 39016
8796925 39016
8797779 998135
8811771 425928
8816352 103316
8834389 2341911
8837453 8837461
8843820 8843824
8844264 193489
8852037 103316
8858809 39016
7059359 1555990
555447 580309
8885725 103316
8887092 103316
8888206 103316
2358937 444996
8909734 1640864
8909848 103316
8913789 3115144
8919825 103316
8936951 193489
8949049 444996
8957879 103316
8958120 103316
8958120 39016
8958120 766412
8961097 103316
11793 73111
8966805 1640864
8969674 39016
1104317 444996
8974000 8974023
8974110 444996
8974110 537303
8978121 444996
8990489 39016
8995819 103316
8996481 8128691
1238150 444996
2309669 3020053
8999835 193489
9002657 39016
9010198 103316
4549146 444996
9027759 103316
9028377 2291904
9035712 2545300
9035712 1096736
9042350 2651197
9047730 103316
9047730 39016
9064485 39016
9069426 3653664
607974 444996
9080462 9080469
9080462 9080470
9080462 1640864
9080462 9080471
9080462 9080473
9080462 9080477
9083067 103316
9090699 39016
6551427 103316
6551427 359752
9096267 39016
9113234 39016
9115904 685276
106232 39016
9126434 103316
9126434 499673
9127233 39016
9131098 39016
7476094 6227598
777545 1563762
9150762 103316
9153679 103316
2271502 444996
9171891 193489
9174450 3594198
9188667 7550827
2394371 39016
6890104 2341911
9193202 103316
9196880 7202954
9196880 4589267
9197503 4359
2426984 3111660
2426984 3111664
1304901 103316
7699631 580309
213124 649508
9233052 2651197
9239087 5153029
9242655 191000
9242655 39016
9243167 103316
5973330 537303
2875414 103316
4338739 444996
9266429 9266437
9267040 229580
9267040 9267053
1092333 193489
9284478 9284481
9284478 3817353
9286687 103316
9289399 103316
9289399 694835
9292980 766412
4011662 2310109
9297082 103316
9305968 103316
9306362 103316
1191799 2061574
715662 444996
9311903 103316
9311903 7124956
9324063 193489
4080607 75061
4080607 4234368
9335986 103316
9344890 103316
9346917 7031916
9348029 103316
9358472 425928
2782161 3111660
9363285 3115144
9363285 9363301
9363442 3115144
9363442 9363448
9363442 9363301
9369056 700863
9370000 103316
9381587 193489
365201 963474
9388652 103316
5393081 5393097
9395720 9395734
9398525 2341911
1104048 444996
9399830 149383
9404905 7178802
9404905 9404923
9430873 2651197
9430873 821403
9430873 9430891
9432226 697990
9433610 2575651
140500 419027
9447807 103316
9463512 159115
9484000 425928
837622 444996
9491609 3817353
9491671 5607936
1705839 103316
9506411 103316
9511696 537303
9517816 444996
9523891 537303
5638957 697990
9526056 9363448
3270143 103316
9532699 103316
9533782 3115144
9533782 9363448
9537981 103316
9541258 444996
9542297 9542302
697983 103316
697983 697990
9556083 103316
9556083 816843
9556097 103316
9558435 2536757
9559552 103316
9560503 103316
2195226 550876
2195226 2932082
9566966 9363448
9570383 3594198
9577279 9577289
9595480 103316
5625217 103316
8397747 8397904
9603762 103316
9610742 103316
9610742 9610753
8237931 39016
9617961 9617978
9623160 103316
9624601 7381
9624601 3115144
9624601 9363448
9624601 9624618
3699171 103316
9640443 39016
3510491 103316
9656360 165895
9656360 103316
9656360 39016
9658825 103316
9663893 9663896
9664054 9664072
9664947 39016
7091038 39016
9665383 103316
9665383 359752
9765520 9765524
777244 1563403
9783803 5614741
9783930 3115144
9789087 103316
9793016 1640864
326621 319309
9795806 39016
9801922 39016
18748 103316
9818778 39016
3841401 1826048
9874820 39016
9880845 103316
9886292 9886299
9909538 39016
3837044 4077230
3837044 4077231
9943485 9943493
9960854 103316
9998033 5782713
6539741 103316
10033097 103316
8846551 3291314
10123739 2536757
10129873 11441
10269944 998135
10269944 10269953
10269944 10269954
10271389 952
10271389 10271394
10271975 363849
10272935 39016
10273195 39016
10274709 9284481
7692985 363849
3939578 445467
3939578 4143967
1662871 1785982
10286366 8697503
10289894 193489
10292369 39016
10293132 697990
2478384 39016
10293546 4589267
10293738 4589267
10299504 425928
10299517 319309
444100 1093904
10302966 39016
776534 1561729
3113488 3594198
10313273 10313278
704753 1463223
12537 75061
10319679 10319689
10327155 3111660
776461 1561658
6811522 1955596
6811522 6811548
10332395 10332403
10337879 10337890
4572358 4586368
4572358 4586372
10353217 1640864
10355163 103316
10359599 103316
10359599 697990
10360708 103316
10360708 697990
10366530 39016
10366609 5782713
1344491 1346327
6156575 6156607
10670112 103316
10675300 103316
10680257 39016
10681309 103316
10682446 103316
4803698 149383
746283 103316
746283 1094810
10692020 2651197
10694216 103316
10697771 103316
10698815 39016
10704441 816853
10704441 222080
10707977 499673
10707977 816853
5453468 444996
10710390 444996
10712532 10712539
10713423 10713427
10713625 537303
4105153 4254519
10716727 3197280
10717608 103316
10718463 103316
10718632 700863
10718696 103316
2747923 444996
2507161 444996
2507161 537303
10741883 1563762
10745548 103316
10750367 537303
10757052 3476999
3427029 444996
10758817 444996
2945873 3476999
3340248 444996
3878440 444996
10774108 3197280
10774385 103316
10777148 103316
10777148 39016
4187277 444996
10778603 6838065
10786899 5782713
10786899 2341911
10789890 2651197
10791335 537303
6331712 103316
1547293 444996
10805311 2651197
10808932 103316
10816614 444996
10821802 103316
968128 103316
10827194 444996
10827430 444996
10832585 149383
10838328 7178802
10841732 39016
2325468 1785982
3179352 103316
10856985 103316
10859038 103316
10863825 39016
10864660 103316
10868282 39016
10872919 1640864
10873279 1640864
10873399 39016
10874820 103316
10874820 697244
10874820 10874825
10877115 103316
10877170 5782713
1046149 319309
10878799 444996
10879019 103316
10882267 103316
10888436 39016
10890402 2658083
10893097 103316
10895255 39016
10897768 39016
10899498 3817066
10901648 103316
10901648 694835
10902284 731156
10902444 10902449
10902629 103316
10903222 39016
10904487 103316
10905137 3115144
7793040 2545300
10906472 103316
10908336 1563762
10910258 103316
10911246 1640864
10911288 1785982
10916311 103316
3198187 39016
10919492 3197280
10923208 3115144
10928487 103316
3162361 444996
3162361 700863
10929857 165895
4676025 103316
10936623 103316
10936867 39016
10937523 3115144
10937892 5621332
10940397 103316
10941121 103316
10941121 39016
10941151 1640864
10941781 39016
10943147 103316
10946568 39016
10949769 10269953
10950389 10950392
10950389 425928
10950546 39016
10950591 103316
159761 39016
10952012 103316
10955282 39016
5467654 1540271
10829489 444996
10961058 700863
10962952 1640864
10965307 2341911
2431466 3115144
10968325 2341911
10968325 7195886
6149053 2341911
10969143 359752
10972852 363849
10973157 103316
10973553 39016
10973553 357175
10973553 10973564
10973571 39016
10976736 444996
10979845 8894429
10981140 39016
10982716 5782713
10982716 59139
10982716 6605894
10983835 103316
4614330 425928
10996296 103316
1081397 1785982
10997676 3197280
10718698 103316
243324 731156
11004651 39016
11013962 11013965
11015476 2291904
416088 193489
11017653 39016
11019200 103316
11020847 3020053
11022296 11022301
11022356 103316
11022356 191000
11025276 10712539
11025276 6565209
11026352 3594198
11027958 11027961
11028800 10313278
11033651 10712539
11035823 103316
1741477 103316
11042143 3103321
1273969 2149997
11045874 685276
11051224 444996
11051503 103316
529274 444996
11053378 11053381
11053378 3910971
11055554 4587218
3480686 444996
11059734 537303
11060148 103316
11062228 444996
11063584 3197280
11068318 444996
11070311 444996
11070311 537303
11071969 4587218
8854026 1563762
11075208 193489
11077480 5782713
11078236 444996
2914983 2043513
11085560 444996
11085560 700863
11085797 700863
11086195 444996
11089431 2651197
11090241 103316
11092319 700863
11093195 4254508
4082103 39016
11095378 444996
11098440 537303
11099182 537303
11100148 906092
11110920 11110929
11112108 39016
11114068 39016
11116064 319309
11116064 1695300
11119782 11119792
11121575 1640864
8524746 8524787
11124013 1695300
11125834 3115144
11125834 9363448
11126705 1096736
11127567 998135
11127567 10269954
11129373 11129378
11131291 10712539
11140466 39016
11030748 75061
11143723 103316
11143723 7037328
11157953 39016
11159699 11159703
11167829 103316
11167829 39016
11170410 1931851
11172032 39016
11189968 193489
11194170 11194178
11194664 11194672
11197969 103316
11197969 39016
11202372 444996
11206247 39016
11211061 103316
11221026 103316
11221942 103316
11225372 103316
11225519 11225522
11227468 39016
11228788 700863
11230615 103316
11231074 39016
11232823 37695
10681421 149383
11245459 1695300
11245721 2934196
11246889 1774257
11253600 3197280
11253600 685098
11255418 3315248
11257169 2651197
11257577 103316
2639078 103316
11270267 425928
4622195 4631242
11290505 1640864
11295727 444996
11296245 1540271
11297477 193489
9193220 103316
11302631 39016
11304168 3470173
11307093 39016
11309601 4602067
11309601 11309607
11309601 9404923
11187285 2651197
1104320 444996
11313985 103316
11314857 103316
3010913 444996
2309115 444996
11323283 3731271
11324546 2043513
11324926 103316
11327281 103316
11328775 39016
11328790 103316
7589964 103316
11337502 39016
11342070 444996
11342552 103316
11343119 3103321
11344584 149383
11346744 499673
11348944 5015986
11349463 3197280
11352237 103316
11352920 1561729
11352922 1561729
5027713 2651197
11360850 39016
11361621 425928
11361861 1074358
11361861 6006348
11362457 103316
11362457 499673
2190357 444996
11364500 444996
11364755 9080470
11367174 39016
11372307 444996
2219509 444996
11374181 10712539
11374966 11374975
1473431 2341911
11378048 5216771
11378593 3197280
3192582 444996
11382069 103316
1104126 444996
11385453 103316
3742793 39016
11391470 103316
11391820 103316
11395484 5782713
11396259 149383
11396422 103316
11397066 103316
11398590 103316
11398654 103316
11402576 425928
11403084 1640864
11403793 39016
11407177 39016
4542589 444996
11414253 103316
11414253 694835
11414253 6103764
11415977 39016
11417214 103316
11417296 39016
7851208 39016
11420893 11420897
11420893 11420898
4216895 430961
11422752 39016
11424800 103316
11424807 103316
11426208 103316
4163734 537303
11429680 1459042
11430295 193489
11433001 11433007
11435387 39016
11441177 335242
11441177 11441181
11441482 39016
11442862 103316
11443942 103316
11449533 1272361
11450644 3057071
11452129 103316
11460184 103316
11464898 2536757
11465155 39016
11467537 103316
11468581 39016
11468809 103316
11470956 39016
11477678 103316
11480108 103316
11480108 39016
11480254 103316
1975928 444996
11485732 103316
11491741 103316
11492371 8891303
11492371 11420897
11492371 8894429
11492371 5621332
11492371 11492377
11492371 8930931
11492371 11492381
11492371 11492382
11494393 11362674
11494393 3476999
11494513 1640864
11494637 103316
11498852 103316
11499245 103316
4723371 4725207
11500846 39016
11501276 2341911
2441050 1785982
11506215 444996
11507893 1695300
4378842 4437523
11518652 499673
11518652 11518656
11519873 39016
512442 319309
9193205 103316
9193205 39016
11523160 5621332
1191245 1563762
11530099 39016
448209 444996
11531468 103316
3576020 3910971
11533679 2291904
11534892 419027
11539991 5621332
11540227 2536757
11543143 1094810
7195875 2341911
7195875 7195886
11545586 7984866
11547290 39016
6366783 103316
11551309 103316
9649533 3511163
9649533 3197280
9649533 9649541
11553774 39016
11555305 5782713
11556704 103316
11557801 103316
11560708 39016
11561446 2341911
11561485 39016
11562305 10712539
11565257 906092
11565585 39016
953804 39016
11567379 425928
11567967 191000
11568482 103316
11568490 103316
11569404 103316
8718823 39016
501185 39016
11574330 39016
11575370 103316
11575799 444996
11577724 1530919
11579440 10950392
11580124 2291904
11581111 103316
11583822 103316
7709353 103316
2839481 1093904
11589397 1785982
11592873 3115144
11593827 103316
11594576 39016
11595864 103316
11598337 103316
5898221 149383
11599867 11352248
11599867 6739828
11599916 11599921
11601092 149383
11601677 5782713
11601677 7195886
1171303 2043513
11604221 1695300
11605042 103316
11608751 103316
11608856 103316
11609710 39016
11613911 580309
11614904 444996
11614904 537303
11617904 1317946
11618005 3817353
11622240 103316
11622240 1459042
11622240 3228724
11622240 3228725
202347 444996
11623689 103316
10694230 103316
9237748 103316
9237748 39016
11646384 39016
11649404 103316
11651932 11651938
609205 89876
609205 444996
609205 1346322
609205 1346327
609205 1346330
11655215 5614741
2219419 537303
11693177 39016
11695212 103316
11698060 103316
11701196 39016
11702480 39016
11702661 103316
11702661 39016
11704704 39016
11706728 39016
11706887 39016
11707550 39016
11709244 39016
11716518 39016
11718827 103316
11722681 2386
11726522 39016
11732749 39016
11734513 39016
11734936 39016
11737801 103316
11738251 103316
11748002 39016
11748129 103316
11749113 39016
11749184 39016
11749648 39016
11750987 103316
11753368 39016
9131101 39016
11755891 39016
5347727 39016
11756800 39016
11757877 1459042
11759741 193489
11761837 39016
11764764 103316
11765440 39016
11768512 1785982
11772141 39016
584017 103316
11776124 103316
11776124 39016
11777509 444996
11782940 3817066
11786278 39016
11786916 39016
529714 444996
11791219 103316
11796309 103316
11804381 39016
11812939 39016
11812970 103316
1646876 444996
11816948 103316
11822406 39016
11825692 39016
11838580 39016
11842851 39016
11852369 2043513
11852523 103316
11852898 103316
4549554 4566908
11859742 39016
11865589 39016
11870918 39016
11872375 39016
11872549 103316
11885524 103316
11892449 103316
11894606 3817353
11894609 39016
11895108 3817353
11895695 39016
11896373 103316
11896902 103316
11897166 39016
11897576 39016
11903320 103316
11904078 39016
11905012 39016
11906158 39016
11909119 39016
11910647 7037328
11911732 103316
11913453 2651197
11913634 103316
11913634 39016
5421634 103316
11923354 39016
11927249 103316
11934790 103316
11942442 39016
11942725 11420898
11942725 11942727
11942725 11942728
11943941 2291904
5145749 2341911
11951071 103316
11953364 39016
2935982 1094810
11960805 103316
11960805 39016
11962818 103316
184698 103316
1809981 2333071
11975065 103316
11978038 103316
11982598 39016
8092999 8093020
11987858 103316
11989348 39016
11990970 103316
11994435 39016
12001087 103316
12002027 39016
498974 39016
12004957 39016
12005278 103316
12008036 143524
12008209 425928
12008508 39016
12009869 39016
12010084 103316
4759151 4703817
12019770 444996
1463153 2333071
12021212 3593048
12021938 39016
12046365 39016
12064036 39016
12064320 103316
12064604 39016
499501 39016
12065535 39016
12066205 425928
12066210 39016
12066272 39016
12066568 103316
12069651 103316
12072673 11441181
12072673 12072676
12073848 39016
12074702 39016
12074980 103316
12076167 103316
12078068 39016
12078068 425975
12078068 12078074
12078068 12078075
12097497 103316
12098761 103316
12101595 103316
12103729 103316
12103729 39016
12137801 103316
12141078 103316
12141078 39016
12142180 149383
12143014 39016
12146088 39016
12146419 39016
12148086 103316
12149736 39016
12151911 103316
6201024 2807588
12154840 39016
12155645 103316
12155645 39016
12156935 103316
12162547 39016
12162806 103316
12163204 103316
12163548 39016
12164856 103316
10032077 39016
10032077 425975
12171162 39016
12171813 103316
12171813 39016
12172354 2333071
12173589 103316
12174388 103316
12174727 103316
12175164 103316
12176061 103316
12176339 103316
12180136 5782713
12181461 39016
12183450 103316
12187460 103316
12188089 39016
12190090 2651197
12190193 103316
12190239 39016
12190436 39016
12191567 39016
12193174 103316
12196236 103316
266385 103316
12202745 103316
12202881 5614741
12207298 1540271
12208820 103316
12208820 39016
12210904 425928
12215960 103316
12218128 39016
1104127 444996
12230064 103316
6331678 103316
12246324 39016
12246356 103316
12246440 39016
12247273 1317946
12248547 39016
12148097 39016
12262986 103316
12267226 39016
12273749 39016
12275197 39016
12275200 39016
12278828 39016
12280769 103316
12280769 39016
1295501 103316
12281270 103316
12290971 39016
12294656 39016
12296671 39016
12305287 2357
12307702 12307706
448538 444996
12312233 39016
12314042 103316
469966 39016
6660898 39016
12325278 1530919
12326992 3817353
12328894 39016
12329331 39016
12329425 2341911
12333284 39016
12334654 39016
12338207 335242
12342770 103316
12343078 39016
3400847 39016
12344960 39016
12346722 103316
12350481 12337520
12354583 425928
509254 39016
12365721 193635
12365721 12365723
12368981 103316
12373382 39016
12374026 103316
12375029 103316
4033298 2310126
12377614 12377616
12381108 39016
978683 103316
12393991 39016
12395583 39016
8374012 39016
12404017 103316
11703791 11703798
12408326 1857240
12408562 103316
12412423 39016
12416287 39016
12419664 39016
12422011 39016
12422167 103316
12422167 39016
11890039 11890069
12425559 103316
12425575 103316
12426311 103316
12426872 103316
12434889 103316
158738 39016
12437570 39016
12439577 103316
9758493 39016
7368410 103316
12446854 39016
12447236 39016
12449683 39016
12453634 103316
12453868 103316
9954222 697990
5600372 39016
1448281 359752
1448281 2317260
1448281 2317261
1448281 1074358
1448281 580309
1448281 2317267
12481724 12481727
12481950 39016
12482819 39016
12483211 39016
12483488 39016
12483733 39016
12485500 39016
11993312 39016
12489618 39016
12490051 39016
12491758 39016
12493629 39016
12496159 39016
12496370 9284481
12496961 39016
12497190 103316
12498253 39016
12499078 39016
12500047 39016
12501132 39016
12502208 580309
12502551 39016
12502854 39016
12503709 425928
12505833 39016
12505997 39016
12507171 2341911
12508348 39016
12509874 2341911
12509874 7195886
12510916 2043513
12512023 103316
4216857 4327292
4216857 4327293
12513205 39016
12514903 39016
12515148 39016
12518297 103316
12518313 103316
12518887 9284481
12518932 39016
12519199 39016
12520004 103316
12531054 39016
5145759 2341911
12534730 103316
12537859 39016
12538289 39016
12541193 71198
12541468 7550827
12545927 3817353
12547146 103316
12547146 39016
1784386 2600835
12550094 39016
12555224 39016
12557752 1931851
12567398 39016
12567401 39016
12571633 103316
12574444 39016
12575053 39016
12576113 103316
12576604 39016
12577755 39016
12579820 103316
12579820 39016
12580441 103316
12583508 103316
12586858 39016
12587728 39016
12589401 103316
12590525 39016
12592315 103316
12597412 103316
12598034 9284481
12598305 3144201
12599383 39016
12599420 39016
12600127 39016
12600130 39016
12600868 3817353
12148096 39016
3609521 2341911
12608924 39016
12609637 39016
12610581 39016
12614181 12614187
12619765 39016
12620192 39016
12620473 425975
12622158 39016
12623043 103316
12625301 39016
12625713 103316
12626635 103316
12629326 359752
12632809 9284481
12634061 3817353
12638770 580309
12639393 39016
12640542 103316
12641028 103316
12641028 39016
12641038 39016
12641115 103316
12641613 103316
12641783 39016
12643824 103316
12645015 39016
12645261 39016
12645481 103316
12645738 39016
12645875 39016
12647916 103316
538789 39016
12649282 39016
12649682 103316
12649719 39016
12649722 39016
12649947 39016
12650021 39016
12651075 39016
12651751 39016
12652001 103316
12652001 499673
12652001 1742312
12652001 7037328
12652823 103316
12653623 103316
12654188 103316
1323106 103316
12655394 103316
12655511 103316
11346321 103316
12656851 39016
12656864 39016
12657437 39016
6539723 103316
12664640 1723455
12666430 694835
12666430 425975
12666841 2651197
12668342 39016
12669967 39016
12671821 924
12679362 39016
12680820 2061574
12680820 39016
12681056 2545300
12681891 39016
12684136 12684139
12687416 39016
12693230 39016
12694114 39016
12694918 39016
12697365 39016
12697481 39016
12697949 103316
12698336 39016
12702443 39016
12702574 39016
12703161 39016
12703451 39016
12704583 9284481
12705270 39016
12705382 39016
12705424 39016
12705544 39016
12706677 39016
12708220 39016
12708988 39016
12708998 39016
12709499 3817353
12709604 39016
12711315 444996
12711815 39016
499503 39016
12713637 39016
12714214 103316
12715321 39016
159962 39016
12716108 1785982
12717592 39016
12717717 39016
12719082 39016
12719966 39016
12719980 39016
12720102 39016
12720678 103316
12721591 39016
12721597 39016
12721986 39016
12722973 2341911
12723095 103316
12726257 103316
2898048 39016
12734410 103316
12745634 2341911
12759264 39016
12761400 1459042
12762542 103316
12763086 39016
2881204 39016
12772428 425928
12774052 39016
12785284 103316
12785988 103316
12786775 39016
12786793 39016
12787521 12787529
12789112 39016
12789182 39016
12790285 39016
12791216 39016
12791572 39016
12791994 39016
9198400 3817353
12795296 39016
12797308 39016
12799497 39016
12800585 39016
12801216 39016
12801505 39016
1252492 1563762
12806644 39016
12811842 39016
12813367 39016
12814086 39016
12820515 580309
12828498 103316
12847142 39016
12853164 8843824
12897113 3817066
132143 419027
1319310 444996
12928384 103316
12931298 103316
12933313 39016
12934816 39016
12943471 103316
12944903 103316
12963057 39016
12963329 103316
12963329 39016
12964686 39016
7548860 103316
12969848 39016
12972681 39016
583174 103316
12973512 1093904
12973852 103316
12973852 39016
12977185 103316
12980183 103316
12990829 39016
12994193 39016
12996151 103316
12998086 39016
13000346 103316
13003222 39016
13007004 103316
13011356 39016
13012358 149383
13014185 103316
13014185 39016
13014701 103316
13020369 103316
13021602 3115144
13031673 39016
13033072 103316
439871 499673
2749551 39016
1204075 39016
697988 103316
697988 1454430
4024549 103316
13050599 103316
13052016 39016
13052279 103316
13058032 444996
13063332 103316
13064574 39016
13066467 103316
13066802 39016
13066809 39016
13071620 3027121
13073766 39016
13077444 103316
13077956 13077964
13079467 103316
13080707 39016
13082188 39016
13082992 103316
13087876 39016
13088298 2536757
13088326 2536757
13089279 2536757
13089283 2536757
13089291 2536757
13089314 2536757
13089373 2536757
13089430 2536757
13089435 2536757
13089463 2536757
13089472 2536757
13089492 103316
13092137 906092
13094109 103316
13094452 103316
13095436 2043513
13097329 39016
13097541 103316
13102042 39016
13102809 103316
13105249 2575651
13107786 103316
13112595 39016
13129829 2341911
13131071 103316
13135854 5216771
13143791 39016
13144593 39016
13163678 103316
13167217 7998178
13167217 5607936
13167217 13167220
13211640 103316
13211727 39016
13212034 39016
13212327 39016
13212500 39016
13212630 39016
13212691 39016
13212956 39016
13213400 39016
13213736 2163229
13213939 39016
13214097 103316
13214097 39016
14206036 10319689
11924708 2149997
14251990 425928
14254368 14254370
14254368 7984866
14254411 2291904
14256574 4254508
14258104 925
14258813 103316
14258813 39016
14260835 14260838
6896642 6896680
14271159 103316
14272598 4589267
14275661 11119792
14276736 14276740
3338818 537303
14290261 906092
14291035 1317946
7457184 444996
14349650 103316
14365753 2536757
14369467 39016
14370802 444996
14374590 39016
14376702 103316
14382428 8383779
11731334 425975
11731334 529172
11731334 585116
4475549 1093904
14450793 14450798
14454142 1272361
14454142 2329871
14457892 2341911
14458261 1785982
14486178 2291904
14491953 3115144
14491953 1640864
13132936 13132945
14501496 103316
14502598 8128691
14526992 103316
14534215 700863
14534215 537303
4451128 444996
14553839 537303
2654245 444996
14566224 103316
14572578 13365411
3878449 444996
14595947 11159703
14595947 14595951
14595947 14595952
11014323 5861965
14607823 7984866
14607823 14607825
9491678 6959704
14629929 103316
14646643 10332403
14647105 103316
14652365 2575651
14652400 5614741
10332620 10332403
10332620 1640864
14655974 7052582
14658888 3594198
14661804 6565209
14663249 14663256
14666314 1317946
14673474 14673476
14679901 3817066
14693170 103316
7871997 2651197
14699716 3027121
14720588 5614741
14723222 1447305
14731531 39016
226266 700863
14740413 444996
4255301 444996
14741642 537303
14742940 444996
14748943 444996
14821164 103316
14827618 103316
14833251 103316
14857133 2043513
14878985 14878987
14878985 2291904
14878985 14878989
15206024 15206027
15206024 15206030
15265142 1785982
15281470 103316
15281470 39016
15283899 103316
15285411 15285415
15289007 359752
15301820 103316
15301820 39016
15315900 103316
15321606 13335546
15330310 103316
15330310 191000
15330310 2593759
15332201 191000
15332844 15332847
15334486 103316
1960964 2731876
15338405 2310109
15343864 3315248
15343864 1094810
15343864 15343866
15343864 15343867
15343864 6462982
15343941 103316
15349849 2341911
15176286 2536757
15360010 39016
15361863 2536757
15366623 550876
15366623 3809366
2401383 2932082
15369783 72731
15369783 5150
15379833 15379836
15379833 2571562
15423177 319309
15476104 103316
15476104 191000
1104312 444996
15509337 15509341
15509858 3315248
8055088 359752
15517479 191000
15517479 499673
15518623 103316
15518623 15518625
15534381 15509341
15534381 13077964
15542051 5782713
15558466 37447
2556966 3202922
15572151 103316
15572437 39016
1094808 103316
220429 103316
15615359 444996
15617377 103316
15624939 2932082
15628302 39016
15642461 5621332
15642899 103316
15652105 191000
1667708 444996
3220933 103316
1814123 103316
15664357 39016
15666624 12585081
15666886 1785982
15763646 15763653
15783340 9577289
15783340 15783345
15804603 6525713
15840873 15840877
15859424 2291904
21614188 1640864
21758199 14260838
12169038 319309
12169038 9943493
24347505 906092
24358376 39016
24390103 537303
24395352 39016
24400199 444996
24400607 103316
24402070 444996
6959667 6959704
24406922 2651197
24425154 1447305
25412986 4703817
25415028 25415030
1542486 2402269
25451220 1459042
25453408 8106902
2377402 3069315
25456167 5782713
25457726 1530919
1316621 2187557
1316621 932
1316621 945
1316621 956
1316621 143752
1316621 359752
28305658 2291904
28306563 103316
12819567 103316
28306753 39016
28306840 821403
28306840 28306842
28306939 103316
28308333 103316
28313389 103316
28316519 103316
28316767 103316
28316767 4209601
28360723 103316
28361793 103316
28363163 1459042
28365694 59139
28368310 39016
28368589 103316
28371164 39016
28371186 39016
28371253 103316
28372902 39016
28372906 39016
28373005 103316
28373344 103316
28373538 8110950
28383073 103316
28387663 1640864
28387674 1640864
28387727 1640864
28387784 1640864
28388394 103316
4045506 4209601
28402514 39016
28409824 836831
4216862 943
4216862 951
3921256 951
28411025 1093904
28411384 1093904
28415611 3730895
28418800 946
28418802 25430564
11616277 1093904
28420685 5607936
28420690 28420691
28420694 28420696
28420694 28420697
28420708 28420709
28420711 28420713
28420714 11599921
28420715 5861965
28420722 28420696
28420722 28420723
28420722 28420724
28420726 28420696
28420726 28420723
28420726 28420724
28420727 28420696
28420727 28420723
28420727 28420724
28420728 28420696
28420728 28420723
28420728 28420724
28420729 28420696
28420729 28420723
28420729 28420724
28420730 28420696
28420730 28420723
28420730 28420724
28420735 28420736
28420785 7998178
28420785 8128691
28420785 28420786
28420785 28420787
28421658 363849
28223038 15206030
28223040 2333071
28223040 3593048
28223041 2333071
28223041 3593048
28223042 2333071
28223042 3593048
28426094 103316
28427696 103316
28427700 103316
28427715 39016
28428685 11022301
28428685 28420709
5279496 103316
5279496 1742312
28431498 28431499
28432373 1093904
28433990 149383
28434411 1785982
28435205 1093904
28439132 816853
28439132 28439133
28447207 39016
28448765 39016
28223043 3593048
28449882 363849
28450556 425928
28451346 425928
28452555 2163229
1563785 939
28452909 103316
28452909 39016
28452953 39016
28452961 103316
28452961 499673
28452973 39016
28453043 425975
28453091 39016
28453096 39016
28453144 39016
28453168 39016
28453190 39016
28453213 103316
28453260 39016
28453269 103316
28453298 39016
28453357 39016
28453376 103316
28453378 103316
28453390 3817353
28453405 103316
28453437 39016
28453444 39016
28453468 39016
28453743 39016
469981 39016
28453875 39016
28454031 103316
4457233 103316
28454099 28420709
28454101 11599921
28454102 11599921
28454103 13167220
28454103 11599921
28454104 28454105
28454104 11599921
28454106 11599921
28454107 11599921
28454108 28454109
28454111 28454112
28455359 5153029
3427518 193489
28459774 191000
28459774 39016
28460170 149383
28460349 39016
28460359 39016
28460401 39016
28460402 103316
11660656 8397904
28471821 425928
28474473 103316
28474508 39016
28474530 103316
28474601 39016
28474803 39016
28474980 39016
28475071 39016
28475319 39016
28475409 39016
28475457 103316
28475583 39016
28475902 39016
28477256 149383
28478364 2341911
28479717 39016
28480594 39016
795615 425975
795615 1585401
28485403 10410687
28485403 3454382
28485403 28485405
28485403 12072676
28485475 12072676
28485575 191000
28485575 335258
28485710 5153029
28485710 39016
28485899 191000
28486016 39016
28486016 28486017
28486038 28486039
28487650 28487651
28493163 1826048
28493919 103316
28493932 103316
28493972 6479282
28493983 103316
28493993 103316
28494007 13346005
28495045 425928
28496178 11077496
28500859 3291314
8414876 8414880
28506348 103316
28506353 103316
28506401 103316
28506420 103316
28506601 103316
28506702 25415030
28507668 28507676
28507668 28507681
28510177 935
28510178 3115144
28511989 28511991
28512979 7195886
332282 906092
28513035 5782713
28513038 906092
28513041 906092
28513050 5782713
28513052 906092
28513559 5861965
28513560 5861965
28513563 5861965
28513564 28513565
28513564 5861965
28513566 5861965
28514141 103316
28514146 103316
28514146 39016
28514180 39016
28514188 103316
28514193 103316
28514195 103316
28519921 28519924
1050097 1912313
28538680 10332403
28546517 2291904
10362034 998135
28580360 39016
10906190 39016
28583199 6216
14693978 149383
28588845 3115144
28588846 3115144
28588847 3115144
28588851 3115144
28588851 9363448
28588852 3115144
28588852 28588853
28588855 3115144
10694233 103316
28590843 103316
23703686 697244
23703686 5153041
23703686 23703688
28593448 21983027
28594190 3115144
28594191 3115144
28597441 193489
28597444 193489
28597446 193489
28597477 193489
28601629 946
28603002 3910971
28606583 39016
28607396 39016
28607502 39016
28607553 39016
28607559 103316
28607716 39016
28607717 39016
28607753 39016
28607754 39016
28608159 39016
28608524 39016
28608532 39016
28608942 39016
28608957 103316
28608957 39016
28609849 39016
28610191 39016
28610231 39016
28612487 103316
28612538 39016
28612593 103316
28612601 103316
28612601 39016
28612646 103316
28612650 103316
28614733 103316
28615632 4209601
28615683 4209601
28616503 103316
28616506 103316
28616521 103316
28616529 103316
28616561 103316
28616578 103316
28616699 39016
28616878 103316
28617001 39016
28617056 103316
28617131 103316
28617478 103316
28617603 103316
28618323 2651197
28618323 4209601
28622121 28622122
28622999 359752
28624091 2651197
28624097 6479282
28624103 6479282
28628597 39016
28629535 11260466
28630275 821403
28633862 499673
8116843 2341911
28637698 103316
28637699 103316
28637737 103316
28637747 103316
28637750 103316
28637751 103316
28637752 103316
28637765 103316
28637771 103316
28637789 103316
28637790 103316
28637937 4209601
28637937 28637938
28637970 103316
28637990 103316
28638007 103316
28638045 103316
28638059 103316
28638068 103316
28638071 39016
28638090 103316
28638423 39016
28639013 39016
28641819 39016
28642276 3817353
28642378 39016
28642810 39016
28642910 39016
28648672 193489
28650297 193489
28650867 28650868
28650900 28650868
2416084 425928
2416084 3103321
28672774 425928
15225612 1093904
28681001 193489
28681006 193489
15118267 193489
28681327 193489
205622 193489
28681759 193489
28681802 193489
10290647 193489
28682226 28682227
28682793 103316
28682798 103316
8539886 103316
8539887 103316
28683632 103316
28683633 103316
28683664 103316
28686235 103316
28686235 39016
28686418 2731803
28686418 2086275
3594706 2731803
28686440 2310126
28691014 103316
15153386 15153391
2439292 3121330
4163098 2149997
11014324 5861965
28733710 28733712
1463073 2333071
4293060 2731803
28735719 3315248
4494620 471962
4494620 3016
11014325 5861965
1090185 5432
28737274 28737278
837732 444996
28737954 444996
28739482 1530919
28740238 28740239
28740296 28740239
28740708 3115144
28740709 3115144
28740710 3115144
28740711 3115144
28740712 3115144
28741071 2536757
28745492 2329871
28750791 2310126
28751964 7232328
28752769 2731803
28753871 3817066
28753871 28753873
28767123 425928
28772546 10950392
28774742 359752
28774742 39016
28780430 1540271
29000896 2341911
29005760 39016
29006039 2341911
29009315 39016
29021758 2341911
29026638 2061574
29027196 2341911
29027383 9363448
29027667 3594198
29027840 10313278
29027896 29027904
29027967 1742312
29028176 3115144
29028176 9363448
29028177 3115144
29028513 12429
29028739 9610753
29028739 4045510
29029120 4437523
4458533 1826048
1730681 1343055
2439900 1343055
1580987 1343055
30295516 8397904
30316379 1742312
30316379 7037328
30319109 2341911
9122145 9122166
30323829 3115144
30326006 103316
30326041 103316
30326262 103316
30326416 103316
30326497 425928
30327612 39016
28777317 39016
30330640 425928
30332182 103316
30332319 103316
30333897 1640864
11352245 11352248
22175217 4586372
30350439 580309
30352402 9404923
30353181 72734
30357058 2536757
30358203 499673
11125845 3115144
30364345 103316
30373020 8524787
30373020 30373024
30381575 30381577
30382495 2341911
30389370 103316
10943429 700863
30393900 363849
30394514 103316
8303457 444996
30487964 1563762
30489657 103316
30489657 5153029
30489657 499673
30489657 697990
30493017 103316
30493017 697990
9266436 9266445
30764427 10332403
30774666 1640864
30757764 5621332
125408 409085
30813104 1096736
30813104 1931866
30813104 8110950
30855638 30855639
14351095 14351100
31070735 2651197
31071629 31071630
31072365 3817066
31072989 2651197
31073506 3197280
3755799 537303
3805760 537303
31073818 3115144
31075028 371244
31075435 1530919
31075673 9363448
31076547 31076549
31076554 31076549
31076556 31076549
7415625 149383
7415625 425928
31076611 31076549
31076641 1530919
31076849 1530919
31076894 1530919
31076897 1530919
31076912 1530919
31076917 1530919
31076918 157307
31076918 454506
31076920 1530919
31076973 1530919
31076974 31076549
31076976 1530919
31076981 1530919
31076985 1530919
31076991 1530919
31076995 1530919
31076999 1530919
31077000 1530919
31077001 1530919
31077013 1530919
31077014 1530919
31077022 1530919
31077036 1530919
31077706 9363448
31077779 1530919
31077816 1530919
31077824 1530919
31077865 1530919
31077866 1530919
31077867 1530919
31077868 1530919
31077872 1530919
31077873 1530919
31077877 1530919
31077878 1530919
31077880 1530919
31077883 1530919
31078282 9363448
31078638 12377616
31078704 31078705
31078813 193489
31078903 445804
31079431 444996
31079482 103316
529602 444996
31084741 2043513
31086791 1093904
31086855 31086856
31089221 10712539
828252 1640864
31089324 39016
31090477 359752
31090477 694835
31090477 499673
31090726 103316
31090801 2043513
31091196 8652992
31092394 3197280
31092465 3103321
31093337 103316
31094174 3115144
31094174 9363448
31095163 697990
31095568 103316
3480248 444996
31102288 3113412
31103083 3730895
31103673 3315248
31103692 3082415
2748569 444996
31105568 444996
31106351 31106353
1104140 444996
31106598 269696
31106605 1931851
31106657 3594198
31106883 444996
31107608 133333
31107616 3197280
2491207 444996
31107956 6525713
31108228 3197280
31108245 444996
31108331 25415030
31108433 425975
31108433 4209601
31108493 3776652
31108559 103316
31108608 39016
31109179 103316
31109667 103316
31110506 103316
10910100 37443
10910100 716968
31112899 11207933
31113115 1555990
31113304 5216771
31115592 103316
31115592 39016
31115809 31091740
31116629 11586307
4123497 103316
31116890 103316
31117209 103316
31117394 103316
31117445 103316
31117537 103316
31117629 103316
12303410 2458
31123207 103316
31123599 103316
31124016 103316
15511940 103316
31124056 103316
31124117 103316
31124168 103316
12640297 39016
1344339 444996
31141080 697244
31141491 1272361
31142321 103316
31142540 103316
31142613 103316
1345829 1346327
1345829 2220815
31147838 43023
31153062 14217024
31159622 103316
8966540 499673
31161144 39016
31161311 103316
31161331 103316
31161471 4045510
31161498 103316
31161600 103316
31161672 1530919
31165637 31165639
31166409 103316
31167669 39016
31168141 103316
31172408 39016
31172688 103316
31172939 103316
31173079 103316
31173081 103316
31173083 103316
31173496 103316
31173533 39016
31173759 103316
31173860 39016
31178329 103316
31178353 103316
31178527 39016
31178663 39016
31178709 103316
31179444 103316
31179648 39016
31180192 2651197
31180978 103316
31181338 103316
31181342 103316
31181477 39016
31181505 103316
31182117 103316
31182402 103316
31183351 103316
31183351 39016
31183378 39016
31185622 103316
31185717 103316
31185717 39016
31185801 39016
31186348 127413
31186348 13132945
31761603 2291904
10572302 3197280
31926448 39016
31927812 39016
32551764 10973564
32553341 3115144
32553455 32553457
14587346 4437523
11374184 11374190
11374184 11374191
11374184 6565209
11374184 11374192
32556487 3115144
32557040 1640864
32557566 32557568
32557585 1640864
14549443 10313278
1251449 1640864
31074356 1695300
445800 1097238
32559720 1640864
32653008 32653009
1975983 444996
10127351 477966
983350 1826048
25404678 444996
32881073 103316
32891303 39016
32893047 39016
32971637 103316
32976453 12713570
32976794 2651197
32976882 103316
32976891 103316
32976893 2651197
32976893 4209601
32984274 697990
32988539 103316
32988557 103316
33003762 3594198
4106331 2221154
30735383 30735387
33057448 302
33096112 445767
33096928 33096929
33097570 33097571
33112078 103316
33112078 766412
1929870 444996
3340070 444996
33112823 444996
33113263 444996
9521887 444996
33115599 444996
3466553 537303
4023042 444996
1711070 444996
1239575 444996
33118142 444996
3633584 444996
33118435 537303
2219516 444996
33118607 444996
33118723 444996
6645923 444996
33119324 444996
33119330 444996
33119538 444996
1344702 444996
33120032 444996
2232285 444996
33120777 444996
1104113 444996
33121571 537303
33121611 444996
33121763 444996
33121852 444996
2928605 537303
33122186 537303
2507166 444996
33122481 444996
14559487 444996
33122562 444996
33122658 444996
33122747 537303
33122805 444996
33122956 537303
4446960 444996
4321973 444996
4110782 444996
33123436 537303
33123717 537303
33124199 444996
4260870 444996
2748180 537303
1555754 425928
33128128 425928
33128128 3103321
33128867 425928
33225773 103316
33225773 1459042
33238393 193489
33244809 2807588
33244809 33244810
33246789 33246791
33246827 33246791
33246855 42799
33246952 951
33259869 3197280
33259870 3197280
31106354 31106353
33281190 3470173
11035077 11035090
12183988 165895
12183988 12183987
33367096 499673
33367096 12575442
33384457 15379836
33385976 39016
33387088 697990
33387097 697990
33388863 103316
33395590 103316
33398161 33398163
33398161 3731271
33552307 46104
33552307 2807588
33552307 12505041
33552307 33244810
33552307 33552308
33554182 2291904
33564609 15417844
33577740 103316
33578085 39016
33771332 103316
33816571 103316
34024864 39016
30883929 103316
34394678 39016
34407066 1272361
34412237 39016
34432814 8514775
34444233 39016
12512607 9284481
34468003 2291904
34470263 359752
30420148 103316
2641545 1272361
34650461 4589267
34650468 9284481
34650483 34650484
34650540 419027
34650546 34241202
34650568 10313278
34650572 10712539
34650610 6793131
34650629 33097571
2431471 1572237
2361145 3057071
34650710 34650711
34650720 1640864
8258400 1640864
34650738 1640864
34650758 3197280
34650770 1640864
34650774 34650775
2431472 1572237
34650796 31071630
28845163 11159703
34650802 3103321
34650810 34650811
34650813 10950392
33097572 33097571
34650846 10712539
2431473 1572237
2431473 1572238
34650891 9542302
34650906 3057071
34650974 10313278
34650975 3197280
34651016 1640864
34651113 1640864
34651118 3197280
34651143 1640864
34651143 34237514
34651164 1640864
34651181 34294353
34651194 9284481
34651224 34241188
34651238 33097571
34651300 1640864
34651307 10313278
34651332 10313278
34651339 3197280
34651378 34651379
34651414 1640864
34651419 1093904
34651457 11374190
34651468 39016
34651484 39016
34651493 39016
34651679 103316
34651710 359752
34651728 5782713
34651761 34651762
34651791 5782713
34651853 103316
34652017 39016
34652045 34652046
34652077 1074358
34652078 499673
34652080 2329871
4340410 1826048
34652454 1640864
34652580 3103321
34652587 10950392
78422 276804
34652615 3730895
15858836 8383779
34652733 2658083
4417307 1640864
34652797 10712539
34652797 34652799
34652887 998135
34652903 34652906
34652977 1640864
34653074 3730895
34653095 5621332
34653114 444996
34653119 1640864
34714302 39016
34716053 103316
34716053 39016
34716121 39016
34717503 103316
34717503 39016
34718288 39016
34718857 103316
34718936 39016
34719443 39016
34720252 39016
34722030 39016
34723755 39016
34723760 103316
34723764 103316
34723815 39016
34723816 39016
34723827 39016
34723828 103316
34723833 39016
34723866 39016
34724382 39016
34724465 39016
34724533 103316
34724766 39016
34724813 39016
34745056 3115144
34745057 3115144
34745057 9363301
34745090 3115144
34745323 3115144
34745768 3115144
34745773 3115144
34746282 34746283
34746604 3115144
34746659 3115144
34747130 3115144
34747134 3115144
34747143 3115144
34747213 3115144
34747243 3115144
34747369 3115144
34747597 3115144
34747790 3115144
34747797 2447
34747797 3115144
34748221 3115144
34748222 3115144
34748356 3115144
34748429 3115144
34748433 3115144
34748458 34748459
34748483 1640864
34748523 3115144
34748793 3115144
34749184 3115144
34749184 9363448
34749775 15509341
34750078 3115144
34750078 30740542
34750113 3115144
34750120 3115144
34750134 3115144
34750141 3115144
34750170 3115144
34750243 3115144
34750243 9363448
34750245 3115144
34750245 34265372
34750457 3115144
34750457 9363301
34748723 3115144
34750489 3115144
34750504 3115144
34750699 3115144
34750803 3115144
34750834 3115144
34751026 3115144
34751138 3115144
34751244 3115144
34751385 3115144
34751869 3115144
34751883 902
34751883 3115144
34752029 3115144
34752038 3115144
34752134 3115144
34752147 3115144
34752313 3115144
34752313 9363448
34752336 3115144
34752391 5621332
34752392 3115144
34752445 3115144
34752617 3115144
34752653 3115144
34752653 9363448
34752666 3115144
34752666 12377616
34752693 3115144
34752694 3115144
34752707 3115144
34752807 3115144
34752810 2363
34752848 3115144
34752848 9363448
34752914 3115144
34753004 3115144
34753037 3115144
34753040 3115144
34753040 9363448
34753177 3115144
34753186 3115144
34753193 3115144
34753194 3115144
34753233 3115144
34753233 9363448
34753235 3115144
34753284 3115144
34753287 3115144
34753320 3115144
34753362 3115144
34753362 9363448
34753548 3115144
34753605 3115144
34753676 1640864
34753729 3115144
34753729 9363448
34753762 3115144
34753854 3115144
34754662 3115144
34754702 3115144
34754907 1640864
34756851 31076549
34756893 1530919
34765561 39016
34766383 39016
34766567 39016
34767297 39016
34767656 39016
34768330 39016
34770693 34770695
34770865 39016
34774241 103316
34775053 766412
34775176 103316
34776927 103316
34778894 2458
34778955 39016
34778991 103316
34778995 103316
34779035 103316
34779114 103316
34779116 39016
34779131 103316
34779230 103316
34779237 39016
34779316 39016
34779318 39016
34779346 103316
34779883 39016
34781775 39016
34781838 39016
34781882 39016
34781917 39016
34782373 39016
34782381 103316
34782401 39016
34782765 39016
34783187 39016
34783244 103316
34783287 39016
34783403 39016
34783453 39016
34783597 39016
5031565 5031575
11795552 8195347
34785565 103316
34785642 103316
34785741 39016
34785772 697990
34792534 39016
34792819 39016
34792971 925
34793174 39016
34793273 39016
34793300 39016
34794570 28519924
34794570 34794571
34794751 39016
34795493 39016
34795516 103316
34795546 39016
34795583 39016
34795592 39016
5673261 39016
34795645 39016
34795659 39016
34795726 39016
34795744 39016
34795794 103316
34795794 39016
34795819 39016
34795827 39016
34795864 39016
34798278 39016
34798849 103316
34798879 103316
34798929 103316
34798929 39016
34800283 39016
34800512 103316
34800573 39016
34800579 103316
34800642 103316
34800648 103316
34800648 39016
34800836 103316
34800836 39016
34800837 39016
34800839 39016
34800843 39016
34800844 103316
34800927 39016
34801005 39016
34801036 39016
34801040 39016
34801041 39016
34801351 39016
34810101 1640864
34812161 1640864
2333568 3035235
34827598 359752
34831985 359752
34833157 30239305
34833263 28420736
34854871 2621265
34856749 363849
10910091 10910103
12470390 155234
34871723 444996
34894766 30223433
34894766 34237506
34895857 15122169
34919069 103316
34919135 103316
34919926 103316
34920236 39016
34920396 103316
34921549 103316
34922854 103316
34924554 39016
34926184 34926188
34929610 39016
34929628 3144201
34933942 28485405
34935454 28485405
34936213 4589267
1500007 594237
34967366 149383
34971170 8110950
34971621 34971622
34973033 5782713
4590561 4602067
5650937 5650951
5650937 191000
34974699 39016
34974834 103316
34975297 2651197
34975298 103316
34975375 103316
34975379 39016
34975576 103316
34976245 7037328
34976309 103316
34984371 103316
34993457 103316
1975984 444996
34996279 444996
4396937 444996
34996708 444996
34996759 444996
1975961 444996
34998468 444996
14556940 537303
34998534 700863
34998648 444996
34998690 444996
35003256 444996
35004227 444996
35005680 444996
35006504 537303
35006523 1785982
35006536 444996
1975987 444996
1104062 444996
35007423 444996
35007797 39016
35007800 39016
35007849 444996
35009925 8475693
35042543 35042545
35042543 35042546
35044904 2043513
35063866 3115144
2536860 2536888
35352799 103316
35386548 103316
35387316 39016
35387663 39016
35388079 2651197
35388124 103316
35388675 103316
35388675 39016
35389055 103316
35389078 39016
35389250 103316
35389382 103316
35389574 103316
35389582 103316
35390547 103316
35390547 39016
35533571 103316
35534666 103316
35536260 103316
35540190 10313278
35865699 3197280
36115162 1530919
36115163 1530919
11352934 1561729
36263836 700863
36265056 537303
9450751 537303
31168064 444996
10823917 444996
36468991 537303
36469103 537303
36469562 537303
36469599 444996
2219565 444996
36471677 537303
33123304 444996
3019475 537303
3889253 444996
36476147 444996
36477083 444996
36477819 537303
36478132 444996
36479056 444996
11078241 444996
36479737 444996
36481024 444996
32098141 398898
33921846 39016
293914 766412
36662602 2651197
36662615 2651197
36663186 1459042
36666485 1785982
36667880 12205163
36667921 425975
36668660 1272361
36668793 103316
11535905 6618840
4147186 499673
36670076 1785982
36671566 359752
36671566 335242
36671566 499673
2935983 3470173
6578278 335242
6578278 2061574
6578278 6578286
6578278 2593759
6578278 1459042
36673543 103316
36673831 39016
36673990 39016
36674089 103316
36674135 39016
36683986 1785982
36684012 1785982
36686469 39016
36687373 1785982
36687383 1785982
36687406 1785982
36687533 1785982
36687536 1785982
36687650 1785982
36687789 36687790
36688257 103316
14486180 2291904
36696440 103316
36696653 39016
36696663 103316
36696811 103316
36696818 39016
36696827 39016
36700498 425928
36700835 191000
36700835 499673
36700835 1094810
36700835 4622261
36701926 2341911
36715286 6959704
36723302 103316
36727685 103316
36729573 103316
36729641 103316
36736970 103316
36750271 39016
36750289 103316
36750828 103316
36750834 103316
36750855 103316
3306074 3730895
36760893 1785982
36760982 1785982
36761012 1785982
12426400 3730895
36766772 1785982
36766796 1785982
36769526 39016
36769542 103316
36769543 103316
36769568 103316
36770075 1563762
37399624 103316
37415406 103316
37682954 103316
37692156 9663896
37693468 1640864
37697561 3115144
37699561 3115144
37699660 9363448
37699660 9363301
37702307 5614741
37702309 2651197
37702315 2651197
37702316 226420
37702318 2651197
37702320 2575651
37702321 2575651
37702322 2575651
37702323 2575651
37702338 15379836
37702347 103316
37702347 335242
37702347 7124956
37702361 2651197
37702405 1459042
37702406 8652992
37702406 35355058
37702409 1459042
37702410 2651197
8278995 2651197
37703262 425928
37911868 103316
38020332 697990
38021329 697990
38051983 39016
38052412 39016
38052595 103316
38052652 103316
38053677 103316
37217241 39016
38053720 103316
38053724 103316
37219513 103316
12720681 103316
12720681 697990
12720682 103316
38053780 103316
38053780 39016
38053802 103316
38092905 8383779
38092905 38092907
38151999 8383779
38222014 1785982
38222927 1785982
2117086 444996
38224383 1785982
38279888 1346330
1502821 2366921
33266658 3197280
11520225 103316
39199933 1826048
39430935 532888
39614031 39016
39635615 1785982
9500046 9500058
40097209 103316
40097591 3197280
40097647 103316
40098771 103316
40098771 39016
40098963 697990
40099038 3197280
40099813 39016
40100262 103316
40101262 1447305
40103285 15285415
40105124 34239542
40105124 11260466
40106152 103316
40106927 3197280
40106931 3197280
40106932 3197280
40106933 3197280
40109494 2536757
40110300 103316
40110753 302
40110753 31105228
40110866 2536757
7987673 39016
40115660 39016
40115668 39016
40115669 39016
40115670 39016
40115671 39016
37217280 39016
40115673 39016
40115686 39016
40115690 39016
40115691 39016
40115692 39016
40116381 13412101
40116381 1272361
40116381 2329871
40116821 39016
40116822 103316
40116824 103316
40116832 103316
40116840 103316
40119173 103316
40119253 103316
40119253 39016
40120826 103316
40120826 39016
40121044 3197280
40122212 40122213
40122212 40122214
40124168 39016
40124244 39016
40125149 3115144
40125149 40125150
40125823 39016
40125851 39016
11348951 5015986
40128605 250047
40132086 103316
40137337 103316
40137337 499673
40137526 103316
40138570 10950392
40138709 2341911
40138798 59139
40138798 6605894
40139393 3197280
40139764 103316
40139886 3197280
2118020 444996
40146118 103316
40148235 3470173
40149216 2536757
2117302 444996
40152042 3115144
11264764 10332403
40156398 39016
40157220 103316
40157610 103316
40157657 103316
40158265 39016
40158541 103316
40158705 3284012
40160205 103316
40160205 39016
40160211 103316
40160566 13397063
40160566 6082595
40163788 103316
40163840 103316
40164081 3197280
40164083 3197280
40165456 2341911
40165506 103316
40165840 103316
40169205 3115144
40169206 3115144
40171785 103316
40172014 3197280
40173988 40173989
40174893 2043513
40175515 103316
40176271 39016
40177934 5782713
40177936 5782713
40177995 39016
40178022 3115144
40178364 4360
40179725 2932082
40180813 39016
40181599 10950392
40185441 9363448
40187939 3115144
40187939 9363448
40191987 6578286
40193444 103316
40194357 103316
40194586 40194587
40195947 39016
1317330 103316
40198752 39016
40206867 103316
40206868 103316
40206869 103316
2633139 103316
40206876 103316
40206877 103316
37217550 103316
40206878 103316
40210298 103316
40210616 697990
40211289 697990
40211294 103316
40211308 103316
40211309 103316
40211310 103316
40211312 103316
40211313 103316
40211315 103316
40211316 103316
40211317 103316
40211318 103316
40211319 103316
40211320 103316
40211321 103316
40211324 103316
40211325 103316
343094 103316
40211326 103316
40211327 103316
40211328 103316
11603056 103316
40211332 103316
40211347 103316
40211348 103316
40211350 697990
40211351 103316
40211352 103316
40211353 697990
40211354 103316
40211355 103316
40211358 103316
40211361 103316
40211363 103316
40211364 103316
37219737 103316
37219490 103316
40211367 103316
40211369 103316
37217244 103316
40211376 103316
40211390 103316
40211394 697990
40211456 103316
40211476 103316
40211479 103316
40211480 103316
40211481 103316
40211484 103316
40211485 103316
40211486 103316
40211487 103316
40211488 103316
40211489 103316
40211490 103316
40211490 4209601
40211491 103316
40211492 103316
40211494 103316
40211495 103316
40211496 103316
40211497 103316
40211503 103316
40211506 103316
40211516 103316
40211587 40211588
40212033 10332403
40212105 40166938
40215534 3115144
40215534 9363301
15157016 3115144
40219230 3115144
40220110 5020093
31129634 292424
31129634 31129635
31129634 3979176
31129634 2086275
40222309 3817066
40222309 3470173
40223060 2310126
40228011 2536757
11093879 512536
7693002 363849
7216965 1094810
4051875 444996
10316354 103316
2951650 444996
1323375 1785982
3802392 444996
2864649 444996
2864650 444996
40633887 5607936
1103382 444996
41195963 1785982
41197872 103316
41197951 103316
41198046 103316
41198288 1785982
41198320 1785982
41198424 1785982
41200939 1785982
41203502 34252705
41204020 11027961
41204324 10332403
41204370 11027961
41489337 1093904
41492844 6959704
2951753 444996
5861961 5861964
5861961 5861965
41647038 103316
41671557 3115144
41681565 41681566
41681567 2402269
41681568 292424
41681568 3315248
41681568 31140032
41681568 68136
41681569 41681570
41681571 3113412
41681572 29956244
41681573 13291559
41681574 4209601
41681575 3197280
41681576 3197280
41681577 3197280
41681578 3197280
11253604 3197280
11253604 685098
41681579 425928
41681580 1272361
41681581 902
41681581 905
41681583 537303
41681584 537303
41681586 537303
41681587 2341911
41681588 6739828
41681589 39016
41681590 39016
41681591 39016
41681592 39016
41681593 39016
41681594 39016
41681595 39016
41681596 39016
41681597 39016
41681598 39016
41681599 39016
41681600 103316
41681600 39016
41681601 103316
41681601 39016
41681602 39016
41681603 39016
41681604 39016
41681605 103316
41681605 39016
41681606 39016
41681607 39016
41681608 39016
41681609 39016
41681611 39016
41681612 103316
41681612 39016
41681613 103316
41681613 39016
41681614 103316
41681614 39016
41681615 39016
41681616 39016
2600834 39016
41681617 39016
41681618 103316
41681618 39016
41681619 39016
41681620 39016
41681621 39016
41681622 39016
41681623 103316
41681623 39016
41681624 39016
41681625 39016
41681626 39016
41681627 39016
41681628 103316
41681628 39016
41681629 39016
41681630 39016
41681631 103316
41681631 39016
41681632 39016
41681633 39016
41681634 39016
41681635 39016
41681636 39016
41681637 39016
41681638 39016
41681639 39016
41681640 39016
41681641 103316
41681641 2575651
41681642 191000
41681643 28485405
41681644 1093904
41681645 1093904
41681646 499673
41681647 9363448
41681648 9363448
41681649 3115144
41681649 9363448
41681650 3115144
41681650 9363448
41681651 9363448
41681652 3115144
41681652 9363448
41681653 3115144
41681653 9363448
41681654 9363448
41681654 9363301
41681655 3115144
41681655 9363448
41681656 9363448
41681657 9363448
41681658 3115144
41681658 9363448
41681659 9363448
41681660 9363448
41681661 3115144
41681661 9363448
41681662 3115144
41681662 9363448
41681663 9363448
41681664 9363448
41681665 9363448
41681666 3115144
41681666 9363448
41681667 9363448
41681668 3115144
41681668 9363448
41681669 9363448
41681670 9363448
41681671 9363448
41681672 9363448
41681673 3115144
41681673 9363448
41681673 40125150
41681674 9363448
41681675 9363448
41681676 9363448
41681677 9363448
41681678 3115144
41681678 9363448
41681679 9363448
41681680 12377616
41681680 9363448
41681681 9363448
41681682 9363448
41681683 3115144
41681683 9363448
41681684 9363448
41681685 9363448
41681686 3115144
41681686 9363448
41681686 9363301
41681687 9363448
41681688 3115144
41681688 9363448
41681689 3115144
41681689 9363448
41681689 9363301
41681690 3115144
41681690 9363448
41681691 3115144
41681691 9363448
41681692 9363448
41681693 9363448
41681694 9363448
41681695 9363448
41681696 9363448
41681697 3115144
41681697 9363448
41681698 9363448
41681699 9363448
41681700 9363448
41681701 9363448
41681701 9363301
41681702 3115144
41681702 9363448
41681703 3115144
41681703 9363448
41681704 9363448
41681705 9363448
41681706 9363448
41681707 40194587
41681707 15509341
41681707 41681708
41681709 28420736
41681710 3817353
41681711 3817353
41681712 3817353
41681713 7998178
41681714 41681715
41681717 3594198
41681718 3115144
41681718 40125150
41681719 3115144
41681719 40125150
41681720 3115144
41681720 40125150
41681721 3115144
41681721 40125150
41681722 193489
41681723 193489
41681724 193489
41681725 193489
41681726 34287377
41681727 41681728
41681729 15285415
41681730 6565209
41681731 6156596
41681732 41681733
41681734 700863
41681735 28420696
41681735 41681736
41681737 1094810
41681737 3470173
41681737 15332847
41681738 2416427
41681738 41681739
41681740 68136
41681741 697990
41681742 103316
41681742 1459042
41681744 3470173
41681745 3470173
41681746 41681747
41681750 7546294
41681751 3115144
41681752 3115144
41681753 3115144
41681754 3115144
41681755 3115144
41681756 3115144
41681757 3115144
41681758 3115144
41681759 3115144
41681760 3115144
41681761 3115144
41681762 3115144
41681763 3115144
41681764 3115144
41681765 3115144
41681767 3115144
41681768 3115144
41681768 9363301
41681769 3115144
41681770 3115144
41681771 3115144
41681772 3115144
41681773 3115144
41681774 3115144
41681777 3115144
41681778 3115144
41681780 3115144
41681781 3115144
30497273 3115144
41681782 3115144
41681783 3115144
41681783 12377616
41681784 3115144
41681785 3115144
41681786 3115144
41681787 3115144
41681788 3115144
15020279 3115144
41681789 3115144
41681790 3115144
41681791 3115144
41681792 3115144
41681793 3115144
41681794 3115144
41681795 3115144
41681796 3115144
41681797 3115144
41681798 3115144
41681799 3115144
41681800 3115144
41681801 3115144
41681802 3115144
41681803 3115144
41681804 3115144
41681805 3115144
41681806 3115144
41681807 3115144
41681808 3115144
41681809 3115144
41681810 3115144
41681811 3115144
41681812 3115144
41681813 3115144
41681814 3115144
41681815 3115144
41681816 3115144
41681817 3115144
41681818 3115144
41681819 3115144
41681820 3115144
41681821 3115144
41681822 3115144
41681823 3115144
41681824 3115144
41681825 3115144
41681826 3115144
41681827 3115144
41681828 3115144
41681829 3115144
41681830 3115144
41681831 3115144
41681832 3115144
41681833 3115144
41681834 3115144
41681834 9363301
41681835 3115144
41681836 3115144
41681837 3115144
41681838 3115144
41681839 3115144
41681840 3115144
41681841 3115144
41681842 3115144
41681843 3115144
41681844 3115144
41681845 3115144
41681846 3115144
41681847 3115144
41681848 3115144
41681849 3115144
41681850 3115144
41681851 3115144
41681852 3115144
41681853 3115144
41681854 3115144
41681855 3115144
41681856 3115144
41681857 3115144
41681858 3115144
41681859 3115144
41681860 3115144
41681861 3115144
41681862 3115144
41681863 3115144
41681864 3115144
41681865 39877
41681868 363849
41681869 363849
41681871 2043513
41681872 2043513
41681873 2043513
41681875 2043513
41681876 3103321
41681877 3103321
41681878 3103321
41681879 3103321
41681880 3103321
41681881 3103321
41681882 946
41681883 946
41681884 1785982
41681885 1785982
41681886 1785982
41681887 10950392
41681888 10950392
41681889 10950392
41681890 10950392
41681891 10950392
41681892 10950392
41681893 10950392
41681894 41681895
41681896 9266437
41681897 34237474
41681899 10332403
41681900 10332403
41681901 5607936
41681901 8128691
41681901 34312795
41681901 34312835
41681902 2329871
41681903 2329871
41681904 34312807
41681905 34312808
41681905 34312835
41681906 2291904
41681907 2291904
41681908 2291904
41681909 34312833
41681910 28420709
41681911 28420709
41681912 28420709
28420733 28420709
41681913 28420709
41681915 28420709
41681916 28420709
41681917 28420709
41681918 28420709
41681919 28454109
41681920 28454112
41681920 41681921
41681922 5861965
41681923 5861965
41681924 5861965
41681925 5861965
41681926 5861965
41681929 5861965
41681930 5861965
41681931 28420723
41681932 28431780
41681933 28420724
41681935 28420724
41681936 28420724
41681937 41681938
41681939 444996
41681940 444996
41681941 444996
41681943 319309
41681946 33097571
41681947 1561729
41681949 103316
41681950 103316
41681951 103316
41681952 103316
41681953 103316
41681954 103316
41681955 103316
41681956 103316
41681957 103316
41681958 103316
41681959 103316
41681960 103316
41681961 103316
41681962 103316
41681963 103316
41681964 103316
41681967 103316
41681968 103316
41681969 103316
41681970 103316
41681971 103316
41681972 103316
41681973 103316
41681974 103316
41681975 103316
41681976 103316
41681977 103316
41681978 103316
41681979 103316
41681980 103316
41681981 103316
41681982 103316
41681983 103316
41681984 103316
41681985 103316
41681986 103316
41681987 103316
41681988 103316
41681989 103316
41681990 103316
41681991 103316
41681993 103316
41681994 103316
41681995 103316
41681996 103316
41681997 103316
41681998 103316
41681999 103316
41682000 103316
41682001 103316
41682002 103316
41682003 103316
41682004 103316
41682005 103316
41682006 103316
41682007 103316
41682008 103316
41682009 103316
41682010 103316
41682011 103316
41682012 103316
41682013 103316
41682014 103316
41682015 103316
41682016 103316
41682017 103316
41682018 103316
41682019 103316
41682020 103316
41682021 103316
41682022 103316
41682023 103316
41682024 103316
41682025 103316
41682026 103316
41682027 103316
41682028 103316
41682029 103316
41682030 103316
41682031 103316
41682032 103316
41682033 103316
41682034 103316
41682035 103316
41682036 103316
41682037 103316
41682038 103316
41682039 103316
41682040 103316
41682041 103316
41682042 103316
41682043 12377616
41682044 9363301
41682045 1640864
41682046 1640864
41682047 1640864
41682048 1640864
41682049 1640864
41682050 1640864
41682051 1640864
41682052 1640864
41682053 1640864
41682054 1640864
41682055 1640864
41682056 1640864
41682057 621
41682058 2363
41682060 925
41682061 925
41682062 1695300
41681948 1695300
41682063 4045510
41682064 4351
41682065 3730895
