10687794 1235898
4396338 4449507
15150729 15150734
15150752 15150755
15151590 15151593
15151609 10611
4053865 4214419
4544490 4562895
15157026 15157032
15157033 15157037
2878073 3426652
29363023 382359
4325523 4399362
15150742 15150746
15157036 15157041
30497867 29413673
30497892 30497896
4490642 553976
4325535 4399368
30497958 30497962
3808415 1481382
4207647 4321123
29344448 29344449
30512938 30512939
30513523 30513525
30497900 2816710
30520499 2416466
3808405 4053836
3426633 3808406
4214401 9777
4399367 4451661
30497897 30497901
30523062 50150
30497959 554168
30525336 30525337
30526816 30526817
30527595 2962026
30528034 295970
29343971 29343978
30529286 7656
29344238 1253141
30529575 4578667
30529733 30529734
30529941 30529942
30530018 30530019
30530077 4427387
30530492 30530493
30530494 30530495
30530496 23324
29344111 580852
30530610 30516868
10687801 535709
30531033 30531034
30531179 15024525
29344272 29344273
30531567 30531568
30531569 30531570
29362070 421884
29344353 2417021
29343961 29343963
4490644 4520688
32776204 32776205
32776208 11808226
32814671 3329695
32814686 9767084
32814705 32814706
32814717 1133474
32814718 32814719
32814720 32814721
32814731 164524
32814732 32814733
32814734 30516875
29344287 29344291
32814772 15022306
32814798 4490653
32820767 10181
32820768 4632373
32820769 626607
32820770 4603156
32820771 32820772
32820773 18813786
32820774 37560
32820778 2962139
32820779 32820780
32820781 32820782
32820783 32820784
29344283 31399
32820787 32820788
32820789 2231306
32820790 32820791
32820792 32820793
32820794 1170189
32820795 28621448
32820796 24257
32820798 32820799
32820800 2961958
32820801 32820802
32820803 32820804
32820807 30668
32820808 32820809
32820810 2084547
32820813 32820814
32820820 3330619
32820821 1481787
32820825 32820826
32820827 32820828
32820830 493853
32820831 28601168
32820832 4703349
32820835 32820836
32820837 28482194
32820838 4928
32820842 32820843
32820844 460139
32820845 32820846
32820847 1810483
32820849 2961918
32820851 32820852
32820853 24750
32820859 3332277
32820860 3820764
32820861 32820862
32820863 32820864
32820865 268243
32820867 33897
4321127 4396341
32820869 29302
29344025 29344026
32820876 29302
32820877 7883
32820878 60800
32820880 773196
32820881 3487114
32820882 4584165
32820893 32820894
32820897 1105152
32820898 32820899
32820898 32820900
32820901 32820902
32820903 479387
32820904 32820905
32820907 810501
32820909 32820910
32820912 153460
29344067 29344069
32820913 3546987
32820915 32820916
32820918 32820919
32820920 28602108
32820921 32820922
32820925 30516241
32820928 11525
32820930 199444
32820934 32820935
32820936 30738872
32820941 32820942
32820943 4577682
32820944 32820945
32820952 32820953
32820960 32820961
32820963 435291
32820964 32814394
32820967 3224636
32820968 421931
32820971 232984
32820972 32820973
32820974 32820975
32820976 1624043
32820977 32820978
32820979 355650
32820980 30514540
32820981 3331877
32820982 495679
32820983 27264750
32820986 28774097
32820991 4777168
32820993 32820994
29349811 4637272
32820998 32820999
32821000 1968620
29344481 1545146
32821002 32821003
32821004 33351
32821005 32821006
32821007 2289566
32821008 4697144
32821009 32821010
32821011 601134
32821012 24517851
32821014 32821015
32821017 32821018
32821020 2305743
32821023 15034153
32821024 246300
32821025 32821026
32821028 32821029
32821030 773172
32821031 235288
32821032 32821033
32821034 32821035
32821037 1142327
32821038 4635278
32821175 24063
32844240 32844241
32851578 32851579
29344437 29344439
32855844 30805199
32855845 173522
4577735 4590983
32855846 32855847
32855848 2130994
29344016 1253313
32855850 32855851
32855854 4364568
32855855 4655681
32855857 32855858
32855859 32855860
32855862 30514759
32855867 920083
32855868 1481643
32855870 32855871
32855874 181481
32855875 101332
32855876 32855877
32855878 32855879
32855880 32855881
32855884 32855885
32855886 9344
32855887 13376438
32855888 4338950
29344303 29344304
32855889 30735623
32855890 32855891
32855892 32855893
32855898 32855899
32855900 4552306
32855903 18839033
32855904 32855905
32855906 30807912
32855908 32855909
32855912 10242548
32855913 32855914
32855915 32855916
32855920 978115
32855921 32855922
32855923 32855924
32855925 32855926
29344125 29344128
32855927 32855928
32855930 32855931
32855933 32855934
29344309 29344312
32855935 4163256
32855936 1151804
32855937 4134154
32855938 4626214
32855939 32855940
32855941 32855942
32855944 32855945
32855947 4411364
32855949 32855950
32855951 30420246
32855952 30797190
32855955 32855956
32855957 32855958
32855959 32855960
29361937 29361938
4602421 4612732
32855961 32855962
32855963 32855964
32855965 30187
32855966 32855967
32855968 32855969
32855970 32855971
4042990 4207650
29344126 29344129
32855979 32855976
32855980 30517434
32855981 32855982
29344258 29344260
32855984 32855985
32855986 30808111
32855987 1481437
32855989 30807382
32855991 32855992
32855994 91402
29344434 29344435
32855997 32855998
32855999 32856000
32856002 32856003
32856004 32856005
32856006 15174069
32856007 32856008
32856009 2416310
32856010 22351035
32856011 4522408
32856012 24138452
32856014 32856015
32856018 32856019
32856020 32856021
32856022 7086522
32856023 2417005
32856024 4087250
29344453 1820746
32856026 32856027
32856028 32856029
32856031 32856032
32856036 26714199
32856037 29345240
32856038 32856039
32856040 9908
3791876 4042986
32856046 15173798
32856049 4703971
29344028 1251703
4488877 4519562
32856050 32856051
32856052 32856053
29344071 29344073
32856054 32856055
32856060 32856061
32856062 30807122
32856063 32856064
4543611 4471182
32856067 29348963
32856068 22440659
29344140 164206
32856069 13232
32856070 4531791
32856071 15031317
32856073 15111928
32856074 32856075
32856076 30520099
32856083 234844
32856084 32856085
32856086 622301
32856087 12225024
32856088 32856089
32856090 30741187
32856091 4492710
32856092 33348
32856093 30767360
4042991 4207651
32856094 30735256
32856095 32856096
32856102 4466959
32856103 32856104
32856105 2417093
32856108 11393
32856109 30517374
32856110 15057959
32856111 30517721
32856119 73953
32856120 30454289
32856121 3399813
3791877 4042987
32856124 4135314
29344290 29344294
32856125 4401104
32856132 32856133
29344422 29344423
32856139 1125897
32856141 32856142
32856146 4265098
29362106 3427135
32856149 29344121
32856151 32856152
32856153 32856154
32856157 28600864
32856158 4360850
32856159 32856160
32856161 4680280
32856162 32856163
32856165 30805949
32856167 32856168
32856169 30806328
32856171 4675303
32856172 463428
32856176 32856177
32856178 30804089
32856179 4522437
32856187 474901
32856190 32856191
32856192 32856193
32856194 32856195
32856197 32856198
32856201 32856202
32856205 30392
32856217 4086942
32856225 32856226
32856250 56400
32856254 14407427
32856288 25576824
32856293 32856294
32856295 4552494
32856299 32856300
32856301 32856302
32856303 15058012
32856305 2889842
32856306 4596025
32856307 30517803
32856319 32856320
32856321 32856322
32856330 32856331
32856337 32856338
32856339 32856340
32856343 32856344
32856345 32856346
32856347 32856348
32856349 32856350
32856353 32856354
32856355 32856356
32856358 32856359
32856363 4583970
32856367 30509161
32856368 30803449
32856369 32856370
32856378 32856379
32856386 4522370
32856387 32856388
32856389 4496136
32856392 32856393
32856394 32856395
32856399 32856400
32856401 4454960
32856402 32856403
32856410 32856411
32856417 29347954
32856419 1344188
32856420 10661545
32856421 4364648
32856423 30802418
32856429 32856430
32856440 32856441
32856442 2131876
32856443 32856444
32856448 30807181
32856449 32856450
32856451 32856452
32856454 13345331
32856455 535936
32856456 30520672
32856457 4043339
32856458 4274568
32856464 32856465
32856466 30514302
32856467 32856468
32856471 32856472
32856473 28620542
32856474 32856475
32856476 4470574
32856477 32856478
32856479 32856480
32856481 207964
32856482 32856483
32856484 28492885
32856485 32856486
32856487 32856488
32856489 32856490
32856491 32856492
32856493 25722731
32856494 32856495
32856496 146464
32856497 22460841
32856498 844762
32856499 32856500
32856501 1040918
32856503 4061476
32856504 32856505
32856506 4466932
32856507 27301973
32856510 32856511
32856515 470976
32856518 32856519
32856525 4584018
32856526 198208
32856527 4602744
32856532 4626421
32856533 4311114
32856534 3326991
32856535 13840757
32856536 26997434
32856545 32856546
32856550 30515202
32856557 3333290
32856559 25935
32856560 9941245
32856561 489112
32856562 32856563
32856564 4470450
32856571 32856572
32856574 32856575
32856576 1169706
32856577 12599
32856578 2416431
32856579 32856580
32856582 32856583
32856584 30802742
32856585 4274647
32856586 1252533
32856587 14970113
32856588 32856589
32856590 24950727
32856591 32856592
32856593 30514259
32856594 32856595
32856596 32856597
32856598 32856599
32856600 32856601
32856602 32856603
32856604 3935818
32856605 32856606
32856607 32856608
32856609 32856610
32856611 28482679
32856612 26178644
32856613 32856614
32856615 32856616
32856618 4569329
32856619 32856490
32856620 4471030
32856621 30515591
32856622 4427016
32856623 117663
32856624 25118515
32856625 3174569
32856626 32856627
32856630 32856631
32856632 4454807
32856633 46390
32856634 9812910
32856635 23764499
32856636 32856637
32856638 25606931
32856639 32856640
32856641 32856403
32856642 3751878
32856643 15177252
32856644 32856645
32856646 32856647
32856648 32856649
32856650 23810078
32856651 2878952
32856652 1252922
29344030 29344034
32856655 1044727
32856656 535917
32856657 231308
32856658 32856659
4396335 4449496
32856660 32856661
32856662 3327510
32856663 1124599
32856664 32856665
32856666 4700827
32856667 28482892
32856668 284292
32856669 3247937
32856670 24265382
32856671 22360017
32856672 32856673
32856674 32856675
32856678 30530920
32856679 32856680
32856688 32856689
32856690 32856691
32856692 30527202
32856693 32856694
32856695 32856696
32856697 32856698
32856699 30806026
32856700 15058147
32856701 32856702
32856703 32856704
32856705 32856706
32856708 4404278
32856709 25092491
32856710 4697140
32856711 7198
32856712 30530306
32856713 32856714
32856715 4590088
32856716 2741105
32856719 1556739
32856720 32856721
32856722 32856723
32856724 30802016
32856729 32856730
32856731 32856732
32856733 32856734
32856736 32856737
32856740 476536
32856741 2879054
32856742 32814444
32856745 32856746
32856749 2416775
32856751 30217636
32856753 539427
32856756 32856757
32856758 32856759
32856760 32856761
32856762 30807776
32856764 32856765
32856773 32856774
32856775 29500
32856776 32856777
32856779 30805148
32856780 32856781
32856782 32856783
32856784 32856785
32856786 28602131
32856788 30334916
32856793 32856794
32856798 4563989
32856800 18578752
32856801 32856802
4396336 4449497
32856806 32856807
32856808 32856809
32856814 275206
32856815 32856816
32856817 32856818
32856819 4622542
32856820 32856821
32856824 4703970
32856825 30804863
32856828 26524758
32856835 32856836
32856839 32856840
32856841 32856842
32856845 32856846
29344031 29344035
32856847 30518916
32856849 32856850
32856851 32856852
32856853 282925
32856855 32856856
32856857 22154141
32856860 32856861
32856865 30806130
32856866 32856867
32856868 3563362
32856869 4563413
32856870 27357911
32856871 32856872
32856873 32856874
32856881 461017
32856882 32856883
32856884 32856885
32856887 30527369
32856888 30057
32856889 32856890
32856891 4426805
32856892 32856893
32856896 32856897
32856898 1481625
32856899 4565538
32856900 32856901
32856902 32856903
32856904 32856905
32856910 32856911
32856922 30527573
32856924 26756187
32856929 32856930
32856932 1556764
32856933 32856934
32856935 32856936
32856937 28621444
32856938 4493078
32856939 32856940
32856941 32856942
29343972 17046863
32856943 30740639
32856944 25611935
32856948 1207907
32856949 32856950
32856951 4364898
32856955 535158
32856956 29347899
32856960 30791960
32856963 4640685
32856967 32856968
32856969 30507219
32856982 32856983
32856985 32856986
32856989 29350868
32856992 30808507
32856996 32856997
32856998 9746695
32857003 30803858
32857004 30528251
32857008 25534120
32857011 32857012
32857032 32857033
32857034 260031
32857035 32857036
32857037 30738724
32857040 32857041
32857042 3896444
32857057 30514679
32857058 24555
32857059 32857060
32856548 32856549
32857062 32857063
32857064 32857065
32857066 30807981
32857067 2909046
32857198 27000620
32857199 26704421
32857200 1253272
32857201 32857202
32857204 1536519
32857206 32857207
32857213 540413
32857214 4195185
32857217 32857218
32857221 32857222
32857223 32857224
32857225 32857226
32857227 32857228
32857230 4492938
32857233 2153707
32857237 3284896
32857238 4606738
32857240 9872086
32857241 32857242
32857243 32857244
32857249 3853318
32857256 30517740
32857257 32857258
32857261 30521334
32857262 32857263
32857264 32857265
32857266 2878807
32857267 32857268
32857269 4650899
32857270 15064313
32857271 481450
32857272 4693076
32857275 23701
32857276 32857277
32857278 18866914
32857280 2131174
32857281 30778758
32857282 4687882
32857283 1251887
32857284 2416616
32857285 4505163
32857286 32857287
32857288 1125770
32857289 32857290
32857291 4273708
32857294 148004
32857295 32857296
32857297 3332614
32857299 536075
32857300 32857301
32857302 32857303
32857304 1669789
32857305 4427213
32857306 30508560
32857309 32857310
32857312 30805850
32857313 32857314
32857321 889522
32857322 4087390
32857323 29341260
32857326 32857327
32857328 30805613
32857329 32857330
32857331 4519517
32857332 1153285
32857333 18432036
32857334 4390268
32857335 32857336
32857337 32857338
32857339 4606926
32857340 32857341
32857342 32857343
32857346 4522344
32857347 30806666
32857348 32857349
32857350 32857351
32857352 30521078
32857354 773203
32857355 32857356
32857357 11059466
32857358 32857359
32857360 32857361
32857362 32857363
32857364 32857365
32857366 13135
32857373 26071974
32857374 32857375
32857376 3425974
32857377 1474233
32857378 32857379
32857380 32857381
32857383 32857384
32857385 32857386
32857387 32857388
32857389 32857390
32857391 30513884
32857392 32857393
32857394 18062798
32857395 30314636
32857396 32857397
29344333 29344334
32857399 32857400
32857401 3603555
29343968 3426051
4396337 174904
32857410 32857411
32857433 4493038
32857436 32857437
32857438 4521863
32857439 32857440
32857441 4471508
32857442 32857443
32857444 2130549
32857447 32857448
32857449 32857450
32857451 4550094
32857453 32857454
32857455 32857456
32857457 31068066
32857458 32857459
32857460 32857461
32857462 32857463
32857464 32857465
32857466 30804002
32857467 31067347
32857468 32857469
32857470 3332382
32857471 4569505
32857472 1082746
32857475 3487123
32857476 32857477
32857479 32857480
32857481 1185330
32857482 4492944
32857484 4590928
32857485 32857486
32857487 32857488
32857489 32857490
32857493 32857494
32857495 4135714
32857497 30801919
32857498 4505148
32857499 514706
32857501 32857502
32857503 15341862
32857506 4343214
32857507 32857508
32857509 32857510
32857513 32857514
32857515 30512540
32857516 32857517
32857518 32857519
32857521 136752
32857522 32857523
32857524 32857525
32857527 2416682
32857529 32857530
32857532 20524633
32857550 1161355
32857551 10963
32857552 30517495
32857553 3329432
10687799 4471127
32857555 32857556
32857557 1556443
32857560 32857561
32857562 32264
29344023 4019034
32857565 3125928
29344355 29344356
32857576 3806539
32857577 32857578
32857579 28601115
32857582 29392
32857583 32857584
32857585 4524698
32857588 3356352
32857589 1352398
32857591 32857592
29344147 30861
32857593 36613
32857594 30241
32857600 32857601
32857602 32857603
32857605 32857606
32857607 13514029
32857209 32857210
32857608 31953
32857609 30530821
32857610 17517213
32857611 30518117
32857612 30802804
32857613 28428489
32857614 4459783
32857615 32857616
32857617 26495
32857622 32857623
32857626 1556900
32857627 15111286
29343973 28600912
32857628 32857629
32857630 32857631
32857632 32857633
32857634 32856486
32857635 14734
32857636 4454864
32857637 3487512
32857640 1536569
32857641 32857642
32857643 36859
32857644 4552295
32857645 3487020
32857646 32857647
32857648 32857649
32857650 32857651
32857652 32857653
32857656 1251494
32857657 32857658
32857663 4560847
32857664 4449594
32857665 32857666
32857667 3487453
32857668 32857670
32857674 30531083
32857675 4652757
10687806 2130375
32857677 32857678
29344152 4505088
32857681 32857682
32857683 32857684
32857685 112362
32857687 1556813
32857689 32857690
32857691 32857692
32857694 30524216
32857700 29358010
32857701 32857702
32857703 32857704
32857709 124310
32857711 32857712
32857715 2630846
32857716 1535753
32857717 30515866
32857718 4087469
32857719 32857720
32857721 317329
32857724 32857725
29344248 63761
32857728 32857729
32857730 32857731
29344478 29344479
32857739 3539944
32857740 32857741
32857744 32857745
32857749 32857750
32857751 2417241
32857752 32857753
32857754 32857755
32857756 30521459
32857760 32857761
3791878 4042993
4053855 4214405
3808397 2130543
4214404 462211
3808411 462165
30497902 13866
4053832 4214399
34220183 25778979
15150735 15150741
34220185 34220186
34307355 3928658
34310273 4492854
34310276 34310277
34310281 34217934
34310283 164792
34310285 14495
34310286 34310287
34310292 2417017
34310293 30511300
34310294 2416957
34310295 3328864
34310296 4663984
34310300 3748947
34310302 4471153
34310307 4311780
34310310 34310311
34310312 34310313
34310316 34241904
34310317 1251594
34310318 4669756
34310319 34310320
34310323 34310324
34310325 15330299
34310326 30736324
34310327 34310328
34310329 4606774
34310330 34310331
34310332 34310333
34310334 34310335
34310338 34218191
34310340 3427153
34310341 25405433
34310344 34310345
34310370 1535654
34310371 34310372
29344042 4194387
29344052 181568
34310381 34310382
29344229 29344231
34310383 23799057
34310384 30507656
29343988 2017286
34310386 2962372
34342092 15128800
34491633 34491634
34278532 34219344
29344368 2416366
29344122 1481696
34310378 34310380
36387109 30514041
29344446 4274419
3791879 4042995
29344021 13145858
36510387 36510388
36510500 3748300
29344289 4641310
36510914 3853113
36511111 4994835
36511889 36511890
36512158 36512159
29344226 29344227
29344167 23816688
36513387 34218568
36513576 25831110
36513582 28621493
29344079 29344080
36513841 4238365
36513901 33150
36514482 34314871
36514949 30514075
36514990 4087489
36514991 30507300
36514992 34275135
36514993 34292802
36515050 2153719
36515408 4505768
36516246 59658
36516253 30807057
36516257 4590929
36516428 25808334
36516508 36516509
36516521 36516522
36516669 36516670
36516684 3808700
36517821 36517822
36518465 34487498
36519309 36519310
36519327 4505485
28583621 28583624
36520359 36520360
29344131 29344132
36523752 36523753
36525238 35703745
36527826 4196097
36527914 36527915
36528767 36528768
29344112 29344113
36530126 36530127
36532302 36532303
36532467 36532468
4214408 4325537
36533501 36533502
36533706 36533707
36533708 4635186
36533711 36533712
36533751 26450415
36534206 36534207
36534776 2129866
36535805 36535806
36536401 36536402
36536865 36536866
4578344 1110732
29343962 535422
4321121 4332742
15150745 15150747
29343975 3331698
15144611 144901
4602759 4613006
39861024 2416479
39680979 34302198
47846868 40776939
29344429 29344430
29344209 29344210
29344432 4061441
29362097 317798
29344172 29344173
49371131 49371132
49371133 4471127
49371134 2131711
49371135 30517504
49371136 33472777
49371137 22492105
49371138 49371139
49371140 25692840
49371141 30803893
49371142 34389547
49371143 28774167
49371144 2130958
49371145 2130958
49371146 49371147
49371148 1578037
49371149 49371150
49371151 49371152
49371153 34218785
49371154 4363996
49371155 4492866
49371156 2962104
49371157 7028
49371158 311341
49371159 49371160
49371161 34293938
49371162 30527684
49371163 49371164
49371165 26315
49371166 49371167
49371168 49371169
49371170 9736200
49371171 4545730
49371172 260291
49371173 34218149
49371174 49371175
49371176 49371177
49371178 49371179
49371180 4519514
49371181 30523739
49371182 49371183
49371184 406484
49371185 30808547
49371186 49371187
49371188 32856661
49371189 49371190
49371191 30528840
49371192 29348957
49371193 49371194
49371195 30299
49371196 49371197
49371198 34462313
49371199 3928352
49371200 40774593
49371201 25631684
49371202 4087477
49371203 40774771
49371204 49371205
49371206 49371207
49371208 49371209
49371210 15860290
49371211 49371212
49371213 4419167
49371214 34219358
49371215 40775109
49371216 30802513
49371217 34472216
49371218 34498269
49371219 33309296
49371220 40775292
49371221 49371222
49371223 30804239
49371224 33494998
49371225 30529559
49371226 2416604
49371227 49371228
49371229 1252434
49371230 1556418
49371231 2138317
49371232 27383159
49371233 34477241
49371234 4616828
49371235 49371236
49371237 49371238
49371239 49371240
49371241 34360050
49371242 49371243
49371244 1535572
49371245 4053974
49371246 49371247
49371248 2417326
49371249 15066449
49371250 49371251
49371252 61452
49371253 4595878
49371254 18792213
49371255 156176
49371256 49371257
49371258 4531604
49371259 49371260
49371261 49371260
49371262 30512404
49371263 49371264
49371265 32796209
49371266 4657782
49371267 49371268
49371269 27250
49371270 4591518
49371271 49371272
49371273 13517913
49371274 3486918
49371275 27777688
49371276 4562900
49371277 49371278
49371279 1968423
49371280 535553
49371281 3331882
49371282 49371283
49371284 40628884
49371285 49371286
49371287 29461431
49371288 14496605
49371289 49371290
49371291 30516997
49371292 49371293
49371294 3328786
49371295 124053
49371296 34285413
49371297 3327769
49371298 3327769
49371299 49371300
49371301 49371302
49371303 44071796
49371304 49371305
49371306 4750965
49371307 49371308
49371309 3103661
