5033814 35595
5041955 462428
5041997 122870
5042204 75379
5043986 99524
5047879 222322
5048044 269786
5050179 93544
2306599 49354
5067178 924881
2173854 99470
5075766 83427
5080319 42504
5083075 351860
5086718 75546
5093595 215785
1086798 176500
380185 56307
5100439 214079
5101111 117147
5101282 243348
5103306 237870
5103457 320315
743706 50846
744771 29823
5108782 867300
773344 249770
5111916 620346
5114307 169956
5114373 52727
5114507 285123
5116063 765457
5118327 468047
5118720 20887
5118802 96932
5120148 53242
5127421 75544
5127722 18042
5128973 36767
2552228 321551
5130517 841506
5136997 67174
1491379 86012
5137980 350302
65511 251126
5143095 816185
45140 190650
5145678 110130
5146575 542367
5150055 676078
5150153 2095304
5152115 201181
5152999 338528
2954295 185081
4322408 58043
1489631 95374
1414189 468524
724626 332216
5168158 95373
5175533 345851
5182905 110314
5184131 882209
5189848 44159
251339 743033
5196528 418853
1784800 102181
5199525 218115
5094301 232511
5207303 192154
3132545 77583
2357681 505113
5219906 110236
5223574 395465
5228230 209912
5228840 594190
5237206 120860
5237563 106658
5239180 311
3988183 423710
5246811 364504
743709 500847
5249114 520489
5251722 261451
5253198 25484
588639 52925
5266062 757890
5266381 228061
5277226 369673
5277374 1004295
5288629 51717
5289470 200308
743711 336758
5298831 97307
5306101 126506
5306287 630970
5308250 98513
2639943 295146
5312688 43099
5318479 64173
5319079 1029340
5322421 323373
742786 53775
5324383 396611
5328799 189085
5330144 56237
65518 98092
116143 98162
744782 47040
743713 602875
1448820 55339
5357746 144988
5358294 105228
588772 117648
5365363 393786
5365629 62883
5367768 266066
5368142 393191
5371222 939562
5371603 5161
986851 348157
5375890 5828
5380173 212530
5380254 199164
140817 181694
296406 677079
5386991 112617
1835034 489184
5393336 345527
5393361 697261
54360 221974
5395877 35464
115283 130154
5398821 109599
5403879 385927
5404711 271664
167509 521136
5405055 678489
5409636 225594
5409831 49569
905478 1162888
2579540 187505
5416146 353551
5418206 729184
5422195 513021
1520441 441446
5425122 661928
5425512 93116
1098656 660180
5430424 328943
327794 270893
5441234 240514
5441350 284144
5441404 102919
5443880 97847
3218962 394311
5447925 216474
5451011 363063
374531 66669
743363 56115
3951730 270892
5454815 2765
670188 76047
5469214 240413
2378002 168952
5472630 502180
5472835 910208
5475410 175614
5477651 267323
5477862 118312
5483250 104404
4281494 222178
5491472 54660
5499150 160657
2624340 353313
3370112 100317
5504370 345588
5512890 226497
724637 35777
5523029 72285
743715 46217
1814343 179738
5447982 433119
5531957 41541
743364 519481
5533598 99250
5534250 5316
5534515 23130
5535577 220092
744274 150755
115284 324964
471361 168419
5547371 35779
1522946 107977
5549668 5598
5550808 64945
5382730 352370
5555404 156094
742789 214201
45154 191590
5560758 307149
5561919 34779
5562526 47126
5564369 1142152
5566609 323563
5571542 67747
5576132 131781
5576151 70121
5577794 174013
2380601 396895
5581204 67461
5587062 47455
5588222 21879
5590687 142972
5594841 902031
5597861 35921
2354969 144990
5602252 346564
5604727 199766
5606105 63612
5608439 634231
5608684 59891
5608925 139280
5620131 27375
5621284 249930
5625743 90600
5626769 1632
5626903 95103
2624413 276338
5630372 54415
5632236 308519
5637790 243994
5638077 54559
5639416 468936
5642005 256094
5643258 168670
5645702 51280
2411113 568648
5654906 1690822
5655700 23549
5659591 832596
5660221 151493
742658 342240
289655 296324
2185166 622554
5673584 215091
65524 1394
5682290 47366
5682638 301357
5684422 54186
588677 9967
743202 107816
652313 216940
4847018 181521
5693667 146805
5694490 20036
380197 105528
5707719 80421
5710518 142164
5711606 95480
5712487 51188
743058 858583
5716943 281986
5717795 334617
5718725 5794
5721109 566330
65525 251455
5724691 137994
5737322 103138
5738232 59525
1115826 289059
5741510 706082
86304 51718
743177 419472
5749838 873260
5750505 721920
5752298 338313
5755957 36679
5758910 99039
5760903 219629
5765111 444509
5769686 85355
5772108 361706
5772265 246218
5772966 1489647
5776812 99992
4348882 111083
5779920 791074
5786712 595574
5788570 107619
5792065 52568
5242505 320856
5800452 45764
5803752 217838
815166 93237
5806311 77552
5807950 73593
2187644 127330
5808921 1312143
3054288 108201
1491107 346628
742731 218112
1105435 217324
1787631 160500
5847031 285563
5851180 219109
724648 161393
742560 37672
5868299 52287
5870228 94516
5874205 278791
2378400 1089756
815246 651802
5874756 323778
5877017 182040
3031133 52044
5877855 883243
5878890 78335
5879865 94513
1491519 331023
5887374 376075
3114430 217305
5889371 185072
5890343 35627
5891943 173390
5892671 101167
4012854 179794
5894074 175012
4425360 393743
5904112 468048
5906313 36178
5907614 104402
5787654 1639639
5909172 237895
5910041 654859
5912582 109651
5913120 213690
1103117 78336
776888 360807
5920767 54525
5922635 659788
5923933 211750
5928868 637653
5930884 170726
5932052 112305
5937403 17883
1285715 69002
5946631 95947
2355080 295918
1813730 79987
1965316 212656
5954271 381839
5955258 305811
2601474 273285
5965731 11470
5966142 620406
742793 154625
742794 87869
5968039 48345
3482380 392581
5973633 627205
5977733 119698
5978328 53190
5979546 61342
5981120 131887
743059 189568
1093042 51643
5989551 23039
5990278 18476
5994377 51779
5995449 123079
743721 82828
5997237 53603
5997958 246536
5998067 303181
1205114 22169
6008107 51432
2686286 52838
6008461 167536
2590630 785989
6008764 293393
6009725 36589
6010100 400123
6012133 401993
6014379 218119
6015474 381140
3719098 547933
6017665 37054
6018263 218290
6019302 220554
6020480 21893
6023020 109098
6025030 307464
6025663 325375
6026390 119348
6027216 75157
1977436 316681
1804323 122959
3436616 662919
6033121 298977
6038549 718079
4023902 312633
6042979 281002
6044838 222734
6047963 246686
981286 70616
6061690 53644
6064200 102671
724656 862067
742674 85001
742675 76693
2187646 215424
977541 97000
2187647 389771
6079017 923722
3895840 102040
6081430 93661
6084806 43643
6087482 384365
4868438 926196
6098415 337754
6099818 1134871
724658 660149
6104848 207244
6105902 740841
6106177 238360
1489359 108681
4348154 51079
6107075 821737
6107204 179491
6107585 641037
445935 827679
2356146 1544543
6108652 456831
445936 898543
6109344 478517
6109400 755252
6109468 355631
6109546 18048
357491 954210
6113929 339405
6114122 99901
6114184 961614
6114558 191513
3684093 347050
743368 52926
1192416 50517
2590582 98378
6123966 50393
6128919 630822
6129964 111557
6132025 607224
6132444 171919
1090032 370216
3981296 668654
445937 222629
1421750 462447
679351 216388
6141082 102352
6143956 582426
5005874 1631
6144763 280773
6145548 377298
6145878 300959
986853 831
6147496 35613
724664 53373
6148737 128212
6152112 316575
956912 309753
116080 52146
6156056 165133
6156388 159312
6158537 369500
1104741 100867
724668 95479
1898919 758073
6167555 74327
3235110 322139
6170785 325244
6173783 100131
6175592 163884
6176959 379097
6182032 418139
1297177 316427
6182849 770671
1313791 122644
1226152 94288
6184932 97204
6184987 405085
724673 902030
5973305 329360
2314804 146128
6192250 34875
1205115 84855
6198121 100132
6201639 1683582
6203799 343225
6217454 909556
3790673 190414
65539 159905
6232139 175111
2088138 201484
295341 816702
379143 344954
4081720 310270
823212 175652
6245194 366605
6245889 507096
1068262 678396
6247443 810813
4655801 40953
743369 139148
6254700 144278
6255609 199854
2468286 1725114
6257627 97406
358234 29638
6263547 15333
3423116 186180
6270079 227465
3964070 146084
742796 283107
6272629 52774
6254822 237825
6276750 395955
6279288 276368
6280278 468049
6280291 95589
6283898 172690
6284478 889800
6285027 219828
6291000 358948
6291075 621385
6292659 122363
6292790 333659
3969087 396529
6298709 225049
6043166 642557
1089636 179011
6304247 629060
6306629 38820
6307927 40952
6309107 420073
6310504 902967
502755 120910
743726 160353
5769149 90159
6323019 46436
6326445 435834
6326537 132026
6327077 336224
6327134 445275
6327194 937114
1098470 11586
1625970 316339
6344751 201816
2377599 475758
6346985 295528
1520035 468045
6348949 396211
6356463 447987
6357200 56781
6357731 221226
6365192 109244
4546456 44907
65541 251737
6368440 339200
6373040 216620
2309008 650682
380205 16412
6379727 584033
188023 372719
6382764 98759
3055005 141979
6383662 50514
6388154 253462
6388626 619437
6389222 576179
6390985 248621
6392261 145107
724690 300385
6409163 1198727
584673 208721
6413136 483936
6415674 332574
6420160 316894
6420887 603787
1448843 233355
6427211 410386
6429720 177027
6430183 43573
6430325 94589
2417934 194339
6434573 342871
1833831 332391
6441513 276393
1619772 365095
3199645 49842
584745 109460
4419968 235332
6458055 354943
6461007 883710
6461749 9625
6464251 316365
6464801 152146
6466797 97745
1521295 1029049
6467358 121216
6469302 96823
6490565 679209
6494193 86015
1491108 631043
6495575 683020
6496623 261455
6496830 333634
6496929 339068
6267096 189168
6499757 325105
743729 657922
742799 44313
6505251 119945
6508949 178581
6509098 10098
6510252 101824
2735695 58289
6510795 85577
6511858 405799
5576954 108470
724696 218355
954319 226737
6524232 17126
6527409 124157
1898779 170336
6530656 204475
6533332 670129
6533400 161171
2618327 354419
6535651 151020
6543739 481294
1448604 85550
6554003 725509
6556808 123379
6559961 234445
6560705 992887
6560818 152564
1491109 278827
724701 567050
6567566 99329
4907039 170047
724702 224835
2378939 155012
6580032 651676
6582109 140022
724703 156355
6588325 277415
6592691 218353
6466355 109461
743730 52864
6594495 112085
6594834 366647
6595781 333822
6598286 376076
653272 318471
6599898 54560
4875653 243663
6603092 872252
6604131 44232
6604964 76283
6605454 342947
6605862 343828
6605878 97672
6607495 225326
6611887 18252
65548 91341
6616974 38611
6617699 142496
6018581 407867
6621423 626593
6622323 879260
983774 52923
6622841 216359
1296340 340763
6624281 630839
6624666 62878
6625978 110840
191937 586614
6633286 97704
6634197 47543
6634291 25886
6634366 531878
6634616 352650
6635322 207727
6635356 37362
6635777 342104
724707 325203
6637999 341301
6641495 314344
743731 95098
6648585 149474
743657 94105
6650806 297209
6652003 47643
742800 1339
4852546 214371
2868741 329314
6663206 361649
6666639 201295
6667275 96890
6670182 339734
6670894 669862
6671581 1199481
6672847 100173
6678118 201486
6678261 22250
6678836 327613
6682565 504572
6686148 134384
6688061 26674
2467120 633997
815625 51716
2904967 363241
6703178 671314
6708385 374496
724714 67339
6714752 48180
6715240 388788
6716047 147111
4113836 105475
1642964 338369
6719014 133816
6720609 142654
6722297 875007
6725922 137996
6727613 92865
6733948 51598
743401 1401
6735415 38064
6737562 80303
6738141 43952
6738964 23365
3235156 99634
6741374 236432
6742190 322356
6750853 1089237
6755981 86095
6756031 678930
6761427 150832
6767162 55177
6768980 341133
6769173 22245
6770072 104608
6773247 460478
6775192 93717
6776173 365103
742682 148382
6778253 328944
4216565 141995
6779925 51519
6781243 107610
3597125 320962
4907575 676796
6788604 247392
6789866 219479
6791511 110789
6793344 72776
4420844 2052
3658624 86650
981139 580659
4835366 93546
6799102 328908
6799310 295527
380215 180683
65554 138390
6800433 896540
6806346 470580
2385245 195775
6808673 72379
724717 776658
6814412 295147
1523584 98446
6827136 36838
6827607 53520
1941018 96889
5145191 521368
6830461 581863
6832591 134124
742803 52840
742684 100776
6838993 424827
6839907 255374
6843244 186975
6844433 100775
6850116 49395
6852934 54014
6857266 216884
4123637 687344
6860647 108491
380219 634544
5100519 694194
6863421 76048
6864943 310315
6865299 351435
1514313 99400
6869334 200832
6869878 28284
2355707 97927
6878048 85522
6878965 400251
6879817 318828
985255 101985
6884763 90495
6888090 2731
6889047 815387
6892289 128541
6896332 234242
6898508 1197968
6900344 299424
6901581 298074
6904888 350628
371865 306307
375611 479285
1372978 627688
6924153 246283
6929811 198874
6932080 48996
6935003 847871
729836 99519
6936992 193784
6937823 97636
6940120 90671
6940200 176899
6941237 216942
6941263 341836
6942528 1075562
6943733 89007
3237392 21987
6946633 226588
6950558 537840
742805 109099
6963620 37190
6965239 217005
65558 18045
6979083 1069304
972094 200830
6986168 34683
6987954 181422
1493223 19422
6996370 396168
6998497 56376
6999103 382490
7000744 153674
7005515 172045
4823855 40038
5993703 218294
3237099 17123
724721 43405
7016581 38525
426421 891429
7017596 608579
7018445 102227
7020551 78774
724722 31171
441479 98442
7025167 314657
7028660 78042
7030718 325204
7032982 329459
1300610 98762
7040534 267701
7040815 502911
7047044 52395
7050559 92718
7064599 104471
3237159 302126
742569 224633
5545514 47408
7069229 118269
7078962 316791
1977510 483561
7081894 218797
7091126 52567
7098108 49140
7098695 176749
7101296 384487
7103666 475107
7104540 102043
7105711 333633
743732 17879
7109551 38612
7110296 387913
7113091 68705
7113118 476784
7115786 618718
816292 19408
7125883 164775
7127113 831345
7128100 219110
380223 38258
7132326 332522
7135880 16633
7138639 99707
7138696 27490
7139765 600298
724727 522083
7149019 50850
7150477 1598887
7154312 519518
7156761 328945
1089641 191023
7157976 899646
7162316 5596
742811 162832
7167779 547734
7168285 603665
7168355 753936
7169538 324841
2622740 676040
7173398 100734
742570 63993
2163966 309694
7176374 471912
7178627 222336
7178764 344035
7179034 95477
7179099 391104
7184398 442889
4450338 99941
7184981 226591
744789 291989
7190610 472599
7195274 222334
7196061 167107
7198448 153672
7201654 264212
742687 43324
7204888 98090
7204904 1062310
1958196 397529
7206862 655217
7207898 105419
5801800 444027
7210044 463192
5330930 100868
7214008 647808
7215962 335627
7216023 302381
7218980 857513
7219048 321018
7222508 72602
7225847 78274
2615199 342138
7227456 368333
724731 6514
2375395 41922
1521472 176955
7237142 981950
2470034 52281
7240930 219889
7243608 213280
7243648 445273
7244049 95844
7245902 92349
7254816 505652
7259254 101649
743561 407167
4845393 216026
7263314 362518
7265466 649394
3831691 228617
2159512 555460
7278929 629623
7282839 72775
5794805 56740
7288233 95154
724733 522021
2356915 169196
445943 177468
4259937 332251
7296981 220544
7297494 97895
7297905 324499
1490235 299764
7301522 995996
7303244 53496
7303308 177132
7303350 636275
7308081 202483
7310868 77553
4151539 5395
7313380 95100
7313975 827853
7321980 672300
7330628 635103
743734 132685
7331698 397317
743406 403728
65565 135706
2102164 17120
7337769 54189
978551 1210526
742812 246644
7347950 150361
7349198 18135
7353571 480441
7359224 339004
7366969 266274
744281 251924
7372855 94967
7372894 469315
7372916 219572
7374022 207413
7374415 118496
7375122 351963
7376135 192373
5679388 2057673
7381451 234631
7385630 242882
7386290 22251
7390123 322105
7390676 1709152
7117664 252393
7391925 363242
7392054 23910
7393187 112148
7393690 144182
5145265 98227
7397192 152889
7398071 193217
724737 153438
742573 1411
7412318 468523
7412358 598161
7413711 17878
7423244 336761
7434651 451865
7436840 38019
7437458 305747
7439133 231777
7442148 200060
652316 432353
1786719 97536
7445645 190417
3136644 338946
380230 225851
5170541 277764
2378541 234893
7457268 86985
3065405 843041
7462018 78211
7464408 336996
743738 552639
65570 252281
4432379 178964
7473004 523510
584749 17121
7475043 225054
7478296 386688
7479037 500310
7482880 125325
7484249 1528777
5094689 862267
7494715 54315
7496320 56113
7500272 578271
7504950 111742
7506209 37582
7509513 100679
7515984 83568
332181 86208
7522297 37051
7523757 507859
7524584 50632
7527733 224261
7528057 362235
7530148 129759
7531773 400566
7535906 581657
7541261 387017
7548231 14556
7551351 97378
7551480 201856
7553192 220264
1642969 164078
724744 42613
7560355 361465
7564111 330443
7564119 144659
7564593 41410
7564817 5543
7565130 671093
5126707 344181
7574439 5393
7575166 170879
579367 140189
7581158 51996
7584166 332712
4579869 139711
7591135 100091
7596233 337888
7603583 265798
3054766 665570
4337728 55341
7611081 121135
7616050 577267
7616344 73591
7618356 215721
2380612 312772
7627258 15209
65574 252342
371867 45819
7634498 366894
7634594 387077
294650 12453
7638779 71955
7639249 99583
7640537 35775
903784 26161
724747 100358
7652058 479401
7653730 41577
7653901 66613
7654019 201485
7658306 634572
7663015 164357
1491906 66614
7667815 132378
7669618 296078
6785660 98445
7672117 98512
978677 106657
7675340 97569
742815 279522
7678492 633065
7679039 347617
7679309 327667
7680579 132493
7680591 52284
2376043 189088
7681975 83931
7682178 1156662
7683045 177174
7685679 119556
7686034 320269
7686611 346487
2187667 36472
3528186 49227
742816 191879
7704581 365475
7717505 323737
7722415 623598
724749 947999
7723994 363585
7736429 190196
742575 46551
7743048 43403
7752555 954925
7756644 106801
7760379 21168
1977368 93143
172454 274622
7771072 148599
7773047 36247
7773155 361085
1600148 86649
6207897 322357
7776977 624964
7781158 325611
744152 759166
7783223 189492
743741 237700
7784358 98444
7784495 339736
4756538 353158
7787037 43893
4804008 809104
7790141 1407
7793766 278712
7794056 99841
7794792 390357
7795002 94447
3054211 100176
2187668 104533
6132799 1147897
380240 842019
7803632 142180
3145625 121677
6259483 513008
619175 317786
1619368 218293
7810450 418186
7811022 72377
7813425 41409
7815489 531795
7816596 435450
743744 104822
7818248 394898
7819256 220047
7820617 208330
7821501 107453
7824641 673148
7825900 267807
7828237 101709
7830906 120406
7831465 394679
7831904 322787
7832955 392846
7837186 460589
7837210 53047
742657 846159
7839187 366695
1520589 580476
7841721 109827
7842144 161418
7842153 84325
375613 207391
7844649 204038
7848190 453068
2624442 297361
7851603 162343
7851960 379656
7858767 218291
7303325 48009
7862716 37295
7864591 84327
7866040 196319
7876687 32311
6449449 16954
7878147 88202
7879162 16018
7881004 98603
7882530 137596
5972364 934707
5515767 23655
7887021 19421
2623469 45299
978614 363943
7889733 13086
7891147 217719
7891308 84112
7892266 142624
7894584 226290
6612176 79283
7897068 218113
7898115 12224
7899749 10678
7901584 363584
7901722 76811
7901829 10791
7902501 142862
7902529 447493
7902588 102231
7902659 290916
7904172 99330
744791 142296
956132 1630
7907817 236712
1328385 363403
7919285 407533
7924315 106763
7925052 178785
7925892 96826
7926003 83428
7927189 488631
7929596 398052
7929831 72376
7933176 93768
168587 285622
7935231 106699
7936129 300336
7937517 108682
7940052 103466
7940073 54017
3197878 314050
7941059 1329933
1517145 371645
7945347 162539
7950647 278825
3316511 205643
7952372 98662
7953920 3926
7954163 88062
7954242 67229
7954684 340669
7958122 336721
7958726 15959
7960066 349070
7961280 91300
7961932 478005
3551650 250542
743410 104743
7962284 22247
7962430 206678
7963483 95948
7964152 116950
6000803 343327
2725487 355881
7969428 893990
7971288 356722
7971589 51910
1514177 321368
815174 105329
7974650 326496
7976572 434096
7979708 49392
7979913 34012
7980149 66755
3053684 151052
7983399 305554
7983979 134867
2358019 43408
7984568 448806
7988407 122803
7990349 912585
7994157 705584
1490696 408279
3067905 562146
7999896 534577
8002834 783138
8003534 100051
3250699 101072
8003849 706552
8004456 97167
1492380 338794
8005455 252965
8005473 148448
8005610 103866
8009269 53115
8009527 418040
8017277 97001
8024795 334665
8027453 232404
8034490 538545
8034933 956462
8036910 99331
8037215 121381
8037541 43217
1833828 520888
8041459 100562
8041734 27885
8042671 74964
8048448 97459
8050651 56469
8052956 52149
8058637 314780
2853200 208220
2853101 332983
7475255 337956
8063319 249794
8068865 219108
3651182 248910
295051 105326
1630536 56882
8080180 27186
8081787 113302
8082735 338575
65582 144230
8086086 216891
8088497 1458414
8088631 150556
8089994 306065
8091058 321996
8091781 668745
7945556 349774
8094526 150930
8094814 151191
8095937 11587
8096167 638481
8096746 332488
8097967 358959
8098772 86550
8104476 1014628
724768 54827
8110439 672299
8111018 972062
8113813 73937
1954478 52045
8116997 158659
8120221 263436
4196009 556219
8121727 327088
8121744 56375
8123057 226084
4871876 19587
8130963 51429
8134066 1176723
8135257 335647
8137319 325281
8138512 158139
8139821 549879
8141651 18194
8145097 226594
8145104 275156
8145208 398095
8145952 73359
8146344 284244
8147105 95156
445950 86385
8151488 112009
8151741 70251
8152828 739595
8152927 103801
2868091 135453
8153493 607758
8154566 852853
5707492 823065
2102065 468765
8157517 97506
8157661 37872
8162588 181815
744283 226733
8166360 209342
8167838 1071981
7055865 226969
8171906 660797
8172109 470029
3704583 109521
8176202 365153
617520 207959
8178054 201934
8178504 52725
8178777 36477
8179104 49652
8179885 362061
8182089 126206
8186202 352059
521118 589105
8190793 621725
8192940 1249560
8193263 39295
8195261 122986
65583 252442
8204020 53974
8204535 2150656
8204918 336757
744792 905072
8206271 756479
7925894 144485
8207068 273078
8207096 622060
4188668 160956
8207448 32502
8208677 335704
8208715 696794
8209513 646550
8215447 222331
8216360 627684
1617408 208817
8223724 318677
8224360 200826
1298482 1169568
8230629 308527
8231798 92198
8233022 624723
8240665 888454
8242414 547990
8243261 101773
8243749 19011
8244133 98553
8244193 275621
8246777 344394
8247431 16409
8247653 95718
8249096 19420
2356946 299142
6889911 1650288
8253477 37238
8256283 318375
8256457 471045
8257563 346219
3129713 21892
7954176 871653
8263670 235921
8266808 383535
8269298 94382
2297200 221026
8269840 129322
8270826 709454
2441296 353763
8275735 728935
8276096 37363
8276296 599450
8279013 52443
3069992 449796
8282891 618855
742821 96194
8283137 347120
8284227 48889
8287305 16634
8287811 274126
8289728 41920
6632169 104403
8290623 96397
8290701 340407
8293954 466744
380245 93594
8299678 575650
8301048 501573
8304721 125483
1297193 657745
8310986 582470
8312513 285217
8316468 131099
8320447 59790
8322759 91018
8325195 443467
8325236 35770
8329571 93770
8336270 892292
7316716 450824
8337823 1217156
8337970 345263
8340363 691104
8341478 249473
1833660 220924
3551871 76285
8345202 324363
8349237 362064
8349828 194575
980999 137823
8354254 139974
8356135 597313
8357033 503057
1899845 503738
8360398 208221
8360587 14967
8363348 357437
8364342 42219
8369461 92200
8369501 43100
189567 582798
8370566 506913
8371094 339009
8373062 331732
8374153 51831
8377563 54895
8310585 934105
8380278 538876
8380525 149475
2648187 214502
8381848 736687
8382187 94747
8383220 364372
8384479 342243
8384544 244706
1487834 616611
7891474 4409
8386086 446123
8390336 337730
8394109 344676
8395538 332521
8395599 54792
266680 190353
8395713 333038
8395769 96666
5785951 1850160
8396777 54085
8399294 1042842
8401031 634161
8402202 45733
1460121 103242
8403624 23770
8406177 227199
8407077 22603
8410331 40834
8410950 97379
8411778 104609
8412536 194270
1899641 343903
8412577 365608
8412840 504440
8413051 213940
8415313 1000064
8419839 328785
8421455 193974
8422068 251494
2467818 54063
2376597 403011
8423398 97305
2598438 24015
8425487 932779
8427266 48930
8428070 124729
8429154 216944
8432168 99516
511585 99899
8432663 1143615
8435916 314744
7886874 98555
8438780 215685
5774805 587007
8441200 218184
8445364 137782
2380614 520934
8448775 223258
8017415 828223
8454370 630138
2681502 230604
8457755 50963
8458947 660082
1814611 820593
8460760 578102
3052843 99171
8463345 118380
8464455 176652
4372103 456967
8471088 261141
8471390 339993
2421164 6373
8472949 349127
1098687 435833
3326089 317464
8477282 222480
743412 393842
8479985 291421
8480439 333207
8480542 146381
8481819 678357
8483361 932620
8192942 126763
8484537 220555
8485152 697168
6521497 101489
8488830 60599
5306204 312777
8492386 48776
8493017 136229
4042259 64015
8498891 95760
1833678 124799
8499509 859466
8500587 229603
8501135 104607
8505004 701353
8506168 51909
8508744 316204
5096515 612425
8513053 102667
8513157 167370
8513312 353351
8513345 1068119
8513799 127229
8515911 338529
8517241 285669
1977625 10348
8518502 53548
8523117 323375
8525408 452575
8527797 201151
8528185 35361
742823 100821
724785 676655
1312319 108842
8533350 313069
2725559 534502
8541201 407821
8545631 202407
8545633 901051
8549541 120908
182223 193101
8557727 16994
8558675 353426
8563506 48578
8563672 96438
8564674 104465
8568626 49495
8569922 1039364
3283998 59892
8575259 41923
8575757 820581
8577742 688857
8579768 32119
8579982 359418
1285718 219932
8587059 336190
8587224 158897
8592201 552880
8592282 342455
8594159 295773
8595351 117096
8595725 788576
8599514 17051
3086116 269202
8605191 131420
8607194 394425
8607366 630426
8611071 664538
4107849 110252
8616615 200870
8616948 433230
502792 77739
8628747 468050
8632374 234767
8632520 152377
8017396 1256735
8639859 330745
8642095 96243
8648798 687244
8650700 342526
4485483 118499
6622236 221879
8655414 715785
8656740 504439
8660093 84662
8667121 49529
8667850 276691
2725490 92394
8669772 160958
8674008 498757
8675350 567937
4790121 355534
8679600 383367
8679983 149960
8679994 124601
2622809 324314
1394556 31928
8684317 625970
2083100 636209
511169 51648
8690385 218887
8700429 620595
1822498 16118
8705215 409200
8707135 362921
7301524 39646
1833829 500810
2640254 87761
8714941 235254
8564770 302054
8719651 470949
8720281 95375
8729267 53574
8729369 1041232
8088633 555381
8741708 339740
8741968 1532903
8742049 224008
8742193 84218
8747641 79375
8747830 325865
65589 159430
8750569 344859
3461540 611672
8754892 173901
8759250 397389
8763096 216075
8768474 394571
8768846 333406
8770245 51778
4480513 637559
8777924 129033
8778408 367029
8779154 503329
8779361 540399
8782781 418213
2728972 642954
8792126 203358
3068857 99244
8796418 376225
8796824 243060
8797378 213724
8798259 288913
742825 65063
2356229 480850
8800424 215184
8801109 295622
8801402 275968
8803143 1262297
8803145 27994
8803248 430060
8804916 318656
8805093 225805
8809748 272734
3036420 388374
8811361 139149
8816482 399147
8816674 864103
8823091 611880
8823476 649072
8823769 552760
2465334 188261
8824859 332122
8824881 651951
8825944 31536
8828280 15210
8830287 27283
8832666 698348
8835024 231366
7432468 286679
1204843 827715
8842408 1456910
6317770 146623
8852262 464494
8853476 445276
8854507 698165
8857396 157929
8858476 324745
8859734 169539
1522950 895309
380251 220722
8860255 395173
8860320 115699
8861718 946940
8861984 275723
8862750 566228
8862790 1022412
1828627 342694
8865031 162753
184625 199936
8865746 462591
8871186 699007
8871814 97811
2601477 334801
8881456 79336
5142880 334358
2404606 352627
8883373 1246503
8885535 315992
8887844 29728
8889433 94850
8889823 597342
8890984 213789
8892528 248730
8893232 1308677
2187683 345149
8895227 735897
8896299 1406944
371973 606158
8901171 97812
3341448 636115
8902096 328733
8902131 716031
8902273 36140
8903907 250412
8904356 101384
8904601 108743
8904921 1016772
8905373 62877
8906597 1345568
8907580 764318
8910778 280588
8912802 333789
8913183 104230
8913932 52105
8919199 268861
1784856 697253
8921697 929854
8924133 22827
8924389 353352
8924687 285621
8924921 233431
8929673 995631
8930690 129066
2831107 534869
8933535 142684
8935707 326974
6712558 339254
8937316 384103
8941219 95248
8942162 940892
5673359 264889
4458992 519645
8950468 682014
8950889 392050
8952113 341741
8953192 1855105
8953654 170566
8954154 336921
8956720 141676
8958086 186151
2923267 633843
8963910 757103
8964739 52402
2404587 98597
184627 48130
8971527 57415
8973039 47849
742708 336722
7807502 926937
8975058 874929
8975326 324638
8980595 649690
8982268 554140
8982593 423315
8985748 456629
8986369 347780
8987256 443468
2923700 488276
8990941 336222
8991666 41132
8761461 543844
9003907 610285
9005064 342606
9007370 96828
2185215 802336
9014732 1536057
9015599 283829
9015756 827678
5370712 606653
9026638 91764
9027102 54586
9030088 139999
9030281 675852
9033442 367727
9037205 225055
9038447 665107
3785900 505679
9040587 671312
9041562 140706
1285723 120746
9043560 227346
805039 643439
9050253 262045
9050302 681902
9050939 229135
5286756 261456
2358766 229904
4785884 877895
9054154 505240
9056658 677828
6823117 658964
9061292 66793
9061626 13085
9062667 273224
9063527 649601
9071500 179292
9077218 508128
9077836 389369
9078320 602274
724798 224733
9088276 238362
9089417 35964
9091528 213868
1954124 202409
9095923 297380
9104418 65976
9106336 103378
9107933 160825
9112019 505962
2184708 36136
9122640 204497
9123143 554805
9124167 1302817
9126979 132754
9127416 51593
1487031 336682
8761462 601513
9135749 163738
9137002 342010
445954 5455
9138546 28285
9146500 511856
9147788 5544
9151390 98042
9153254 867739
9156238 21817
9159531 124032
3580340 1667536
380257 988261
1488729 858693
9165625 917499
9165944 2878530
9166825 658919
9167297 621920
9167930 4072
9168293 939247
9168561 50516
9172599 294962
1491114 51651
9182673 97507
954196 364698
9186842 785401
9186882 75760
9187263 361849
9188168 259952
9191920 537634
251914 153479
9202567 97633
9208079 83429
9213337 5084
9215346 3924
9216154 480440
9216488 9413
9217335 1095688
9218057 186757
9218338 400985
742828 76395
9223021 352695
744795 1634
9224881 343732
9226623 47074
9227494 783503
724800 185217
9228321 37782
6351060 424750
9234190 181769
1899700 331769
9252665 498756
9270035 365386
9280254 702657
9286108 275721
9295337 790488
9299796 93434
9310096 97508
9326362 22782
9329740 25134
9338686 172188
9363984 912586
9382865 103137
4337511 546664
9384422 6351
9384955 157102
9389638 85923
9392464 650980
9395046 86410
9401968 248635
9423450 98720
9426336 39501
9426943 643477
214794 99703
9430443 661481
9430799 348250
973147 118064
9448995 192377
9454463 637492
9456415 332711
9463147 386689
9476489 606239
9477162 1032757
9477973 701563
9480510 296411
9480772 191088
9484557 123299
981000 361305
3252748 51523
9503668 53857
9512450 97808
9514921 110887
9528972 84411
9533705 582935
9541918 225048
9542955 98229
9553722 590251
9554234 56555
9555971 328585
9567769 1207954
9569289 525080
9581064 1110234
380258 988287
65598 146505
1090047 247642
9588428 46122
1215519 622094
742578 228656
9605309 101549
9608840 152942
9609574 132287
9609664 248536
9619666 95846
9638152 109826
9647464 432714
9652022 431575
9656512 25027
9664657 131815
9760019 109874
9770674 124625
9775497 486814
9790114 118039
9813352 218186
9819163 290980
9834255 161170
9836224 57570
9840481 101383
743757 276785
9841220 97775
9846357 225657
9848601 643666
9854808 336924
9857212 95476
3396720 98041
9866594 221631
9868032 296993
9871945 319682
242139 149406
9903773 235554
9936317 226083
9936796 1183336
9942688 345202
9943465 93320
8172111 62962
9957999 242693
9959436 141926
9959560 424751
822786 340921
9960148 373264
742697 78058
745109 346299
9985109 157454
9986207 4412
9988747 873915
9989544 929485
742579 45502
9992499 322839
9993632 102350
9996721 100560
9999812 109248
10013374 155437
10027237 659648
742581 117044
2637623 96048
1618401 80423
582569 237960
2485650 51431
10673079 213929
5258211 554680
10720686 21101
743758 102299
10726731 133702
10736959 701938
10743415 135244
10752014 594824
10754017 6243
10766205 344515
10773635 338370
1492134 100438
10825415 758388
10840387 121957
10862247 329359
10869232 338944
10887386 452906
1524101 309828
743899 271220
10927759 384761
10960679 312631
10966152 901117
10978109 862480
10984504 165538
11001202 295848
11013465 161076
11024343 800837
11029666 321369
11037862 340189
4523392 702189
11104070 831857
11104336 329460
2988880 192375
10892835 1755811
9921338 624143
743759 40042
11194212 867236
1642980 1020463
11243956 157926
9746500 418169
743414 91103
380270 323169
11351437 814807
6325575 296030
11392824 436039
4114615 186973
11421426 198606
1966368 222998
11490652 324239
11499073 171248
11518766 328835
11526012 223089
584760 288721
2475199 30991
11578967 229787
7481631 573858
1363229 180686
11631594 553678
11632959 18888
11643150 333951
7172226 4144
11664148 170198
11667200 109100
11668318 131519
11669269 41919
11675986 219480
11676573 448919
11676688 371894
11685062 146506
11689590 152411
11690870 612420
11695393 409740
11695519 112245
11697888 21169
11698710 880706
11700429 301019
9221622 376226
11702486 627895
11706471 736958
742830 50954
11707490 342009
11707581 149326
11707821 5159
742831 11713
11709364 500717
11709367 192778
11709542 320267
11709875 132665
11710209 340191
11724509 220192
11733897 409741
11744144 866523
11744959 124602
11757891 97604
11762582 219894
11767754 519106
11773734 462925
11775294 51594
11776662 160737
11776882 646689
11785781 760684
11789107 150326
11794957 178477
11769667 339992
11800107 34446
11801713 242203
11804043 350213
11806588 312626
11806592 102808
11807720 339672
3881092 99325
502793 220616
11811939 416836
11815030 138391
11816096 98658
11817463 354203
11817884 946529
11820536 51719
11821298 94748
11824281 299825
11825632 48622
11825772 340924
11827204 172771
11827902 23427
11828678 125066
2376045 313882
11828885 795334
11829030 623849
11829273 577576
11829693 271960
11829702 58045
11829903 218292
1314027 224415
11835985 328873
11839883 257215
11842141 458448
11844308 208771
743761 142877
11851356 70132
11854636 1401945
4024803 111812
11862489 98721
11862801 189526
11864792 126905
11873682 198619
11879398 384486
11885115 344396
11892319 471487
11894204 77957
11898702 193148
11905704 1016955
11908067 93168
11916602 989841
11923669 76284
11926844 1006253
11927954 149714
11928180 156164
11929634 884865
11936300 494119
11937059 652252
11937094 93769
9017515 341033
11939915 987693
11940884 335860
2844018 94928
11942883 100870
11944129 261788
11944813 1627
11945021 162200
11945205 50949
11945678 621309
11946816 200828
11948739 146127
11948743 622324
11948785 648351
11949186 345523
11949555 110316
11950305 194695
11951559 205013
11952435 399383
11952894 44865
11954059 1551510
11955514 24514
11957003 659104
11957923 333538
11958408 149167
11959262 197514
11960703 226189
11975711 901052
11978888 96930
11981651 325372
11991544 284185
11993136 17965
11993306 346711
11994716 174712
11994771 464379
11996026 410310
11996086 29824
11997200 276069
11999859 213168
12000688 62372
12009733 312775
12013067 117470
12014572 328979
12017344 691227
12018082 101711
12019611 829997
3069094 153227
12031645 586536
12040166 3126
12041943 349661
12043136 318363
12044011 126598
12045817 442193
12047816 40039
12060517 187513
742834 1081138
12073088 50958
12074690 355110
12075009 39298
12144643 171917
12155342 97967
12163523 177173
5864401 45797
12165526 202406
12166801 622062
12170226 94298
12178432 92649
2178237 56927
12190947 17968
12191538 154579
12194302 79219
12199084 70487
12208193 333539
12208501 213505
12209210 164511
12209397 371901
12211590 70134
973153 117204
12219506 52570
12219838 607514
12220518 52924
12221523 79168
12223496 363944
12224722 361228
12226640 117555
12227453 67340
12229802 280820
12231171 498130
12231243 52404
12231246 98990
12231449 228940
12231640 47953
12231652 115808
12232140 47220
12232244 545420
12233253 53973
12233388 108813
12234445 361578
12242632 51078
12243882 51597
12246983 51516
1954485 517901
12248048 815199
12248840 361167
12249972 248487
12250258 779386
12250908 118657
12250911 40984
12252050 416660
12252973 646133
12253126 339001
12253442 339406
12256076 93763
12256903 1344273
12258683 109872
2376046 217868
12260551 95155
12260837 895691
1814907 112008
12268684 99838
12272498 524081
12275475 277547
380281 232959
12276971 37454
742838 135340
12279799 65892
12279869 251886
12282371 2050
3538389 389371
11707583 21100
3561271 159311
12286227 127306
12287507 858357
12298774 189310
12301706 39293
12304691 628577
12309957 271076
12311978 37546
12312221 1136801
742839 109136
12313771 511952
12313973 21710
12313994 585333
12314904 300257
1631113 126762
12318980 349477
12323197 70720
12323309 597194
12325571 634197
12326709 126829
12330229 659265
12330397 308509
12330565 130413
12331411 415691
12337041 49226
12338226 325747
12339268 803747
12339462 52400
973156 218734
12341159 201264
12343098 70843
12345746 100354
12348067 307798
12349418 87924
12352444 940277
12352824 335326
12352951 142975
12355613 241665
12355648 388746
12355656 94107
12355843 29370
12355874 418104
12358435 863818
12359841 168953
12361756 1005203
12362465 319308
12362528 330650
12363023 53976
12363639 324840
12364485 1286629
12366488 19423
12367890 646530
12369269 104320
12370517 117898
2356992 230008
6543744 318540
12371337 109559
12373696 67053
12373988 279083
12374072 96933
12375368 102720
1811381 215408
12377844 60520
12378010 345584
12378299 11209
12378687 893059
12378810 295254
12379814 325607
12380003 222723
12382166 162950
1550385 94297
12382448 527171
2178116 108438
12383268 893149
12383399 962602
12384770 344258
12384784 36069
12385305 321190
12385716 635180
12386703 951868
12386954 991790
12387018 440642
12387503 99640
12387959 779205
8109696 132109
3541039 224634
12391032 12344
12391086 331027
2356326 51649
12393718 395464
12394176 232010
12394907 112986
12395716 1041575
12397291 12656
12397335 139588
12397930 671782
6622326 643362
12399718 269785
12400428 1175032
12401904 158181
3235115 48997
12402840 349126
12403593 658705
12405598 217287
9619673 406442
12406231 577914
12406336 332902
12406542 96479
12406954 325283
12407319 8614
12407655 98934
12408383 395220
12409920 221494
9430802 82591
12411548 9519
12412021 98719
2360966 327133
4024806 295677
12412971 459923
12413656 332520
12413831 858162
12415975 83929
11699186 101986
6182854 441933
12416927 370374
12418450 13332
12420731 107618
12421520 191090
12422236 678130
12422746 323374
12424328 5463
12424828 221210
12426995 364995
12427343 330496
12427449 403794
12427462 203591
12427833 497500
12428230 433184
12429123 170727
12430026 2150265
12430371 1789595
12432732 509115
12433531 161376
12434700 237572
3240480 660048
11974382 92199
12435531 383708
12436679 237777
12437206 87261
12437906 265007
12438138 288036
12439214 397290
12439441 842872
12439741 704057
12440030 100906
12440200 1198848
12440225 133176
12440684 493376
12440812 854979
3485799 895997
12441556 175235
12441739 178616
12441964 233985
12442349 99399
12443266 67387
12443944 652953
12444091 724481
12444136 219545
8949186 891632
12444293 2507514
12444338 757886
12444463 316934
12445743 915733
12446018 848479
2725446 593389
12447308 809471
1204344 645501
6499784 176391
9744138 199723
1517370 677910
12449904 580700
6898575 48573
12450162 1029176
12450993 237267
12451726 408563
12451864 250368
12451913 1305577
12452292 787464
12453276 801464
12453329 209388
8472451 526134
12454014 151278
12455341 95104
12455669 622323
12456557 343132
12456922 77789
9027800 642169
12457302 1036255
12457627 10924
12457880 417344
502794 406246
12458376 51077
12458418 349145
12460778 156762
12460823 817482
12460895 353246
12462424 181750
12462600 659432
12462639 273132
2473980 324083
12464453 358780
12464475 332945
12465047 200486
12465631 231557
12465910 1198064
12466594 452688
6315555 752434
5973332 666064
12467131 105230
12467903 1245806
1490835 121016
12469085 379200
12469141 451573
12469182 126797
12469343 207414
972271 626371
12469889 108043
12469897 688942
12470178 99993
12470186 436243
12470443 170671
12471062 108841
12471985 1407007
12472650 324313
12472683 257051
12466510 105328
12474761 48777
12474814 379736
12474850 48891
12475190 93664
12475554 42697
12475610 92079
12476874 28177
12477081 97127
12477823 926556
9746501 26677
12485585 549880
12486254 21574
972522 470596
12490754 396955
9449004 1090531
12493587 122484
12499272 875514
1053250 258043
5272485 275751
12513983 1100853
12518417 665442
12526264 13925
12526323 52866
12527509 52403
12527944 51086
12530855 340530
12531718 193264
12533855 1633
12534511 163368
12538949 670720
9195640 141257
12541664 649070
12541758 327056
12541957 859986
12542106 49453
12544000 51830
12546732 61893
12548996 248263
12550233 111874
12550802 33039
12551434 162365
12552650 97344
12556570 293979
12556960 237419
12556987 548508
12557350 321308
12558186 95894
744503 253506
12558653 227444
12559330 276475
12560654 251545
12561676 160736
12562435 213995
12562589 363171
12563577 17961
12563903 418140
12569136 191428
3396721 332624
12571965 354672
12572483 11712
4628944 100316
12573971 121325
12574204 448605
12574284 329221
12574707 276324
12575284 602409
12575497 362112
10872373 743
12576577 219723
12577282 237606
12578876 547869
12579779 21711
12580257 50137
12580680 376170
12582443 481344
12582542 96047
12585638 143974
12591733 19583
12594156 1002
12594252 330019
12594588 129105
12596599 388375
12597157 489053
12598327 199528
12601166 103864
12601413 604200
252721 91462
12611326 7256
12611336 212417
12613316 537814
12614592 148971
182868 31613
12619600 369674
12624903 333015
12625785 208027
12625842 295965
12625854 820060
12626778 943223
12626877 92825
12626907 627857
12627523 271450
12628729 2510135
12629721 452264
12630366 500014
12630612 223003
12632996 677438
12633036 9157
12635685 54561
12636318 316724
12637700 408692
12638972 828847
2625436 56033
12641149 68451
12642271 101774
12642545 93376
12648556 275230
12653107 100512
12653110 52773
12658802 396128
12658932 36989
12660755 97743
12660805 913451
12662385 27689
3789577 340478
12664362 353764
12671745 275195
12672362 330373
12676587 526738
12677668 221741
12677696 742017
12678044 293444
12680143 173966
12682773 21988
744806 269882
12688322 141789
12689739 275194
12690043 1036254
12690213 1640744
12694178 543655
12697393 73866
12701119 628649
12707675 109096
12717714 876751
73651 192468
182893 319683
6207914 1003150
12720048 156941
1205120 105860
8059438 20836
12733223 428797
12733766 138393
12734969 1705612
12743733 109741
12744392 333690
12744868 108414
12745929 56835
12746564 53860
12753992 87760
12756588 621693
12763310 408330
12763945 79928
12764264 683117
12767262 202838
12770289 93665
12772140 96155
12774361 534356
12775766 424245
12783807 22780
296691 334562
12793780 332487
2485981 316558
12804015 224515
12805343 1006952
12806810 103377
12808042 706457
12816338 731470
12910688 660888
12916344 136004
12919991 527714
12921175 332576
12922275 146557
12927340 186998
12927577 344217
12927891 83933
12928838 115157
12683846 99403
12929919 370109
12932361 171614
12942660 641714
12946169 711315
12946236 889947
12950860 213164
11094717 40899
12958850 38891
12961120 131191
12961279 222476
12962624 5465
1205121 74931
12965545 371696
12994283 146125
12996586 95060
13006040 60113
13008825 867192
1356419 49102
13022641 211889
13024536 189562
252480 361646
13034912 35265
13038547 99523
13039588 489201
2102167 1207230
13044170 335391
13047651 566875
13050477 138693
13050620 1499385
13051360 828718
182966 95993
13056135 50641
6004140 181344
13061507 1152353
13061876 53914
13071250 92099
13080879 112084
13082442 158183
13082463 438394
13087796 449374
13089187 192081
13091595 179708
1280937 63648
13092655 177127
13093266 35308
13095047 407739
13096599 333654
13096927 174339
13099021 313589
13104701 207400
13105666 43404
8912144 73323
13116534 233492
13116790 123905
13116842 393094
13117004 219936
65611 8726
13117857 70879
13118198 326973
13120331 188506
13121801 947047
12372487 164479
13122836 101653
13122944 147167
13125319 392706
13125354 133581
13126156 50847
13126726 5458
13128206 55923
13128513 47642
1285729 109953
13129894 135883
13130286 267547
13130402 385926
13130902 66234
13130913 143461
13132449 260843
13132606 299760
742842 230942
13137755 103861
13139250 101893
13139710 108200
13139732 110313
744779 331028
13140565 199288
184779 570638
13169894 164414
13180932 22602
13181093 389456
13181182 128023
13182006 678134
13183007 393938
13183085 842775
742766 157140
13183417 39056
13184255 219628
13184584 622711
13184750 864500
13185555 358953
13185945 397003
13186684 398515
13189098 163885
13190472 329220
13190533 479642
13202990 334005
13209201 100612
13209294 22252
13209588 99036
14204685 99175
1205122 201889
380292 142914
14282536 352241
65615 252861
14330242 642640
3338309 48010
14341459 671677
14349410 5597
14382152 96101
14383428 68199
742462 241544
14402566 351863
14405516 149071
14410786 71289
14442006 156940
14450256 1489902
14460035 867410
14464380 473670
14466029 215260
14505132 94379
14529101 100174
14541555 10099
1312368 181904
742723 20890
14733219 228832
15282475 24603
3151366 361806
15373774 513057
15492415 586932
15529816 1040452
6612192 163482
15624582 346161
15637516 142067
15662594 160827
15664679 430458
22573702 1403
7887589 52722
2376051 65893
22723533 167922
22777803 322284
22795226 134470
22825104 322140
22827144 2601157
22856394 393787
22912760 282560
3396725 517524
23036732 72231
23064511 99120
4922239 2856
23149803 227537
23082425 98440
744290 316696
24350551 98988
24365124 119697
24386153 49454
24403187 626416
24408686 453520
985191 432102
28317703 45959
28361526 103059
742702 225889
28364267 150268
28361220 291056
10465035 857188
4785815 30988
13799283 500166
28383595 103631
28383865 344610
28383922 31259
12910690 56306
29369267 1587135
30312013 263195
30313033 325279
30318967 62428
30318974 510844
30319373 1073671
30320489 86178
30320947 1488841
30321357 151981
30322053 162833
30324135 1553040
30333405 663935
30342562 235251
30343503 180837
30346681 396333
30348321 17882
30350440 41906
30351604 223921
30355510 322840
30355968 60040
30356413 1088397
30356415 83634
30356416 990736
30363393 17197
30365328 262703
30365331 213367
30367037 597428
9943381 129846
742851 46897
30376581 54867
30377874 102300
30378989 456341
30380942 186974
30380951 341221
30382593 63457
30390458 99638
30390770 22872
30390884 623552
30392246 880101
30393466 43409
31153082 242209
2376054 95247
34381338 338371
34383506 209913
34418577 104318
34795469 164539
34795981 462448
34925115 316876
36729561 92391
36768211 107608
40048724 101380
40048729 49394
40048730 109556
40048732 335602
40049091 189254
40049119 193147
40049826 581765
40094477 62354
40098056 363127
40126293 275945
40157407 342868
40161756 732570
40764462 342605
40764528 119700
42216601 343987
45141353 391402
45141354 338948
45141355 161412
45141356 96570
45141357 51647
45141358 186085
45141359 313191
45141360 785189
45141361 632212
45141362 139147
45141363 25483
45141364 28807
45141365 764555
45141366 314617
45141367 1503484
45141368 82054
45141370 634973
45141371 30283
45141372 21712
45141375 1303956
45141376 620308
45141377 119809
45141378 196376
45141379 552949
45141380 94383
45141381 109095
45141382 98992
