5028055 5028057
110439 355101
426410 1069363
335711 918406
893050 1705673
685129 1438563
262333 760139
995950 1843772
84075 288521
520338 1222479
84076 288708
790286 1578287
609460 1346700
288462 803733
685135 1439016
958665 1793480
825262 1633906
437970 1085151
803619 1603069
426412 1069521
958372 1792942
435797 1083278
1002007 1851442
961041 1797889
288464 803924
1605 19401
2418146 3104772
4564903 4580050
1756477 2577272
4269526 4360562
958332 1792743
3118682 3597890
4651255 4658091
6579060 6579074
6628935 6628943
6899801 6899809
606033 1343316
4428787 4473028
7035443 7035448
4163770 4293488
7093766 7093773
7715093 7715096
1406778 2281566
8492232 8492238
8627523 8627533
1835453 2641485
4279142 4368811
8974213 8974221
2568880 3208115
9136658 9136661
9234678 9234685
7465645 7465660
651986 1394194
9488369 9488377
9537716 9537723
9579417 9579422
9579893 9579900
9603112 9603121
3613424 3935683
5578456 5578499
657788 1400365
10328299 10328305
10335107 10335112
2649896 3269697
224810 697050
10857975 10857978
10890455 10890459
10942284 10942288
10944709 10944712
10960253 10960256
10970195 10970198
11120256 11120260
10356130 10356139
2533517 3189916
2439144 3121054
11513998 11514001
11626932 11626937
11725241 11725245
11786730 11786733
826214 1636135
11946128 11946133
11982660 11982662
12064346 12064349
12172223 12172226
1908344 2686850
13107719 13107722
1094681 1960603
13380367 13380369
13395255 13395257
13426034 13426037
13514633 13514637
13517377 13517379
1435686 2305111
13966324 13966326
9921742 9921752
14230344 14230348
14239049 14239053
14310889 14310893
14373413 14373416
8546571 8546662
14452069 14452071
14458774 14458776
14460090 14460092
14465620 14465622
14493453 14493455
14564791 14564794
2458675 3137035
14611382 14611384
14629005 14629007
14642050 14642052
14655019 14655023
14662386 14662390
6932986 6933056
14950336 14950338
13239558 13239562
14978423 14978425
14987204 14987206
15039866 15039869
15098405 15098407
15039868 15039873
14661712 14661730
15228698 15228700
15236680 15236682
15239812 15239814
4533777 4554300
15496117 15496120
15579106 15579108
3709944 3997086
21617741 21617743
21625188 21625190
21652729 21652731
21666921 21666923
21669617 21669619
21670271 21670273
21672555 21672557
21695506 21695509
21724814 21724816
21735926 21735929
21736696 21736698
21751456 21751458
21753390 21753392
21760527 21760530
21764316 21764318
21782134 21782136
21735928 21735940
21808028 21808030
21823360 21823362
21824216 21824218
21827264 21827266
21829706 21829708
21830058 21830060
21866473 21866475
21872808 21872810
21876039 21876041
21884806 21884808
21901530 21901532
21904891 21904893
8546574 8546683
21918350 21918352
21921817 21921819
21958997 21958999
22180048 22180050
22192195 22192197
25394701 25394702
25394707 25394708
25394775 25394776
25394783 25394784
25394792 25394793
25394797 25394798
25394800 25394801
25394809 25394810
25394814 25394815
25394817 25394818
25394822 25394823
25394830 25394831
25394849 25394850
25394857 25394858
25394867 25394868
25394870 25394871
25394874 25394875
25394879 25394880
3606960 3930831
25394884 25394885
25394887 25394888
25394891 25394892
25394901 25394902
25394908 25394909
25394919 25394920
25394923 25394924
25394928 25394929
10282531 10282537
25394936 25394937
25394942 25394943
25394947 25394948
25394952 25394953
25394956 25394957
25394964 25394965
4679039 4683537
25394974 25394975
25394978 25394979
25394990 25394991
25394996 25394997
25395005 25395006
25395011 25395012
25395016 25395017
25395021 25395022
14650794 14650797
25395024 25395025
25395028 25395029
25395036 25395037
25395042 25395043
25395048 25395049
25395055 25395056
25395064 25395065
25395067 25395068
25395071 25395072
25395074 25395075
25395081 25395082
25395087 25395088
25395095 25395096
25395098 25395099
25395110 25395111
25395118 25395119
25395127 25395128
25395131 25395132
25395137 25395138
25395140 25395141
25395144 25395145
25395147 25395148
5004395 5004401
25395151 25395152
25395157 25395158
25395160 25395161
25395163 25395164
25395166 25395167
25395169 25395170
25395172 25395173
25395175 25395176
25395178 25395179
25395181 25395182
25395185 25395186
25395188 25395189
25395191 25395192
25395194 25395195
25395199 25395200
25395202 25395203
25395205 25395206
25395208 25395209
25395217 25395218
25395220 25395221
25395224 25395225
25395236 25395237
25395242 25395243
25395245 25395246
25395249 25395250
25395256 25395257
25395259 25395260
25395262 25395263
25395265 25395266
25395268 25395269
25395271 25395272
25395275 25395276
25395283 25395284
216273 656802
25395287 25395288
25395291 25395292
25395300 25395301
25395306 25395307
25395325 25395326
25395334 25395335
25395340 25395341
25395345 25395346
25395350 25395351
10309988 10310000
25395354 25395355
25395360 25395361
15500985 15500992
25395364 25395365
25395367 25395368
25395374 25395375
25395411 25395412
25395418 25395419
25395422 25395423
25395425 25395426
25395430 25395431
25395433 25395434
25395437 25395438
3606961 3930841
25395444 25395445
25395448 25395449
25395452 25395453
25395455 25395456
25395459 25395460
25395464 25395465
25395468 25395469
25395472 25395473
25395477 25395478
25395509 25395510
25395513 25395514
25395516 25395517
25395527 25395528
25395531 25395532
25395535 25395536
25395538 25395539
25395541 25395542
25395546 25395547
25395549 25395550
25395556 25395557
25395559 25395560
25395563 25395564
25395566 25395567
25395569 25395570
25395572 25395573
25395575 25395576
25395579 25395580
25395583 25395584
25395586 25395587
25395597 25395598
25395601 25395602
25395604 25395605
25395607 25395608
25395617 25395618
25395627 25395628
25395636 25395637
2534718 3191174
25395639 25395640
21823563 21823568
15150603 15150611
25395668 25395669
25395685 25395686
25395694 25395695
25395702 25395703
25395707 25395708
25395711 25395712
25395717 25395718
25395721 25395722
25395734 25395735
8546548 8546575
25395737 25395738
25395740 25395741
25395744 25395745
25395747 25395748
25395750 25395751
25395753 25395754
25395758 25395759
25395762 25395763
25395768 25395769
25395773 25395774
25395776 25395777
25395780 25395781
25395786 25395787
25395791 25395792
25395797 25395798
25395802 25395803
25395805 25395806
25395808 25395809
11725246 11725256
25395815 25395816
7218345 7218357
25395822 25395823
25395825 25395826
25395831 25395832
25395834 25395835
25395837 25395838
25395842 25395843
25395850 25395851
25395854 25395855
4649651 4656547
25395858 25395859
25395861 25395862
25395865 25395866
25395868 25395869
25395871 25395872
25395875 25395876
25395878 25395879
25395893 25395894
25395897 25395898
25395901 25395902
25395905 25395906
25395909 25395910
25395912 25395913
25395916 25395917
25395931 25395932
25395936 25395937
25395940 25395941
25395949 25395950
25395952 25395953
3930842 4138008
25395955 25395956
25395958 25395959
25395961 25395962
25395964 25395965
25395971 25395972
25395975 25395976
25395987 25395988
25395990 25395991
25395993 25395994
25395996 25395997
25395999 25396000
25396003 25396004
25396008 25396009
25396020 25396021
25396025 25396026
25396030 25396031
25396040 25396041
25396044 25396045
25396049 25396050
25396052 25396053
25396056 25396057
25396060 25396061
25396064 25396065
25396067 25396068
25396071 25396072
25396074 25396075
25396081 25396082
25396085 25396086
25396088 25396089
25396091 25396092
25396095 25396096
25396099 25396100
25396104 25396105
25396110 25396111
25396120 25396121
25396123 25396124
25396126 25396127
25396134 25396135
25396139 25396140
25396143 25396144
25396151 25396152
25396162 25396163
25396169 25396170
25396177 25396178
10971795 10971798
25396182 25396183
25396186 25396187
21971134 21971136
25396189 25396190
25396193 25396194
25396197 25396198
25396201 25396202
25396205 25396206
25396208 25396209
25396212 25396213
25396218 25396219
25396222 25396223
25396225 25396226
25396231 25396232
25396234 25396235
25396237 25396238
25396248 25396249
25396253 25396254
25396257 25396258
25396261 25396262
25396264 25396265
25396272 25396273
25396276 25396277
25396279 25396280
25396285 25396286
25396290 25396291
25396293 25396294
25396297 25396298
25396302 25396303
25396305 25396306
5357127 5357139
25396308 25396309
25395977 25395980
25396311 25396312
25396316 25396317
25396320 25396321
25396323 25396324
25396331 25396332
10564180 10564185
25396345 25396346
25396349 25396350
25396352 25396353
25396356 25396357
25396360 25396361
25396365 25396366
25396368 25396369
25396373 25396374
25396382 25396383
25396390 25396391
25396394 25396395
25396397 25396398
25396404 25396405
25396409 25396410
25395981 25395983
25396413 25396414
25396421 25396422
25396426 25396427
25396429 25396430
25396432 25396433
25396437 25396438
25396441 25396442
25396445 25396446
25396449 25396450
25396458 25396459
25396462 25396463
25396465 25396466
25396474 25396475
25396478 25396479
25396482 25396483
25396489 25396490
25396492 25396493
25396496 25396497
25396502 25396503
25396505 25396506
25396513 25396514
25396516 25396517
25396524 25396525
7714979 7714981
25396528 25396529
25396531 25396532
25396534 25396535
25396538 25396539
25396541 25396542
25396544 25396545
25396548 25396549
25396553 25396554
25396557 25396558
25396561 25396562
25396564 25396565
25396568 25396569
25396574 25396575
25396579 25396580
25396585 25396586
25396588 25396589
25396594 25396595
25396599 25396600
25396604 25396605
25396608 25396609
25398383 25398384
25398389 25398390
25398392 25398393
25398396 25398397
25398399 25398400
25398402 25398403
25398405 25398406
25398409 25398410
25398412 25398413
25398416 25398417
25398425 25398426
25398434 25398435
25398438 25398439
25398441 25398442
25398448 25398449
25398451 25398452
25398456 25398457
25398459 25398460
25398462 25398463
25398467 25398468
25398471 25398472
25398476 25398477
25398479 25398480
25398484 25398485
25398490 25398491
25398493 25398494
25398496 25398497
25398501 25398502
25398505 25398506
25398508 25398509
25398512 25398513
25398517 25398518
25398521 25398522
25398524 25398525
25398528 25398529
25398533 25398534
25398542 25398543
25398551 25398552
25398555 25398556
25398560 25398561
25398564 25398565
25398567 25398568
25398570 25398571
25398573 25398574
25398576 25398577
25398585 25398586
25398588 25398589
25398596 25398597
25398599 25398600
25398606 25398607
25398609 25398610
21642861 21642865
25398613 25398614
25398620 25398621
25398625 25398626
25398645 25398646
25398650 25398651
25398657 25398658
25398661 25398662
25398668 25398669
25398674 25398675
25398678 25398679
25398697 25398698
25398701 25398702
25398712 25398713
25398716 25398717
3606962 3930851
25398720 25398721
1964876 2734790
4734400 4735850
25398723 25398724
25398727 25398728
25398734 25398735
25398738 25398739
25398742 25398743
25398745 25398746
25398748 25398749
25398751 25398752
25398756 25398757
25398759 25398760
25398765 25398766
25398770 25398771
25398778 25398779
25398781 25398782
25398786 25398787
25398790 25398791
25398794 25398795
25398797 25398798
25398804 25398805
25398810 25398811
25398814 25398815
25398819 25398820
25398830 25398831
25398836 25398837
25398841 25398842
25398849 25398850
25398862 25398863
25398868 25398869
25398876 25398877
25395384 25395395
25398882 25398883
25398888 25398889
25398902 25398903
25398912 25398913
25398915 25398916
25398918 25398919
25398921 25398922
25398925 25398926
25398930 25398931
25398936 25398937
25398944 25398945
25398948 25398949
25398953 25398954
25398958 25398959
25398963 25398964
25398966 25398967
25398980 25398981
25398983 25398984
25398988 25398989
25398994 25398995
25398997 25398998
25399003 25399004
25399006 25399007
25399009 25399010
25399014 25399015
25399017 25399018
25399020 25399021
25399027 25399028
25399030 25399031
25399033 25399034
25399036 25399037
25399042 25399043
25399047 25399048
25399050 25399051
25399053 25399054
25399057 25399058
25399065 25399066
25399070 25399071
25399074 25399075
25399080 25399081
25399087 25399088
2305171 3016184
25399090 25399091
25399094 25399095
25399099 25399100
25399105 25399106
25399111 25399112
25399115 25399116
25399120 25399121
15013297 15013303
25399124 25399125
25399127 25399128
25399130 25399131
25399137 25399138
25399140 25399141
25399143 25399144
25399147 25399148
25399151 25399152
25399155 25399156
25399158 25399159
25399161 25399162
25399164 25399165
25399168 25399169
25399171 25399172
25399176 25399177
25399179 25399180
25399186 25399187
25399190 25399191
25399193 25399194
25399197 25399198
25399200 25399201
25399203 25399204
25399211 25399212
25399216 25399217
25399223 25399224
25399227 25399228
25399232 25399233
25399235 25399236
25399240 25399241
25399243 25399244
25399248 25399249
25399252 25399253
25399257 25399258
25399260 25399261
25399264 25399265
25399269 25399270
25399293 25399294
1417811 2292378
25399298 25399299
25399302 25399303
25399312 25399313
25399317 25399318
25399322 25399323
25399327 25399328
25396887 25396892
25399330 25399331
25399333 25399334
25399338 25399339
25399342 25399343
25399346 25399347
25399352 25399353
25399360 25399361
25399365 25399366
25399368 25399369
25399371 25399372
25399374 25399375
25399381 25399382
25399385 25399386
25399391 25399392
25399396 25399397
25399399 25399400
25399406 25399407
25399410 25399411
25399417 25399418
25399423 25399424
25399428 25399429
25399436 25399437
25399444 25399445
25399450 25399451
25399462 25399463
25399465 25399466
25399469 25399470
25399472 25399473
25399476 25399477
25399481 25399482
23373807 23373817
25399518 25399519
25399521 25399522
25399524 25399525
25399528 25399529
25399533 25399534
25399536 25399537
25399544 25399545
25399548 25399549
25399553 25399554
21823583 21823584
25399557 25399558
25399560 25399561
25399563 25399564
25399566 25399567
25399570 25399571
25399574 25399575
25399580 25399581
25399587 25399588
25399594 25399595
25399597 25399598
25399602 25399603
25399606 25399607
25399612 25399613
25399620 25399621
25399624 25399625
25399631 25399632
25399636 25399637
25399648 25399649
25399651 25399652
4430750 4474367
25399654 25399655
25399658 25399659
25399664 25399665
25399667 25399668
25399673 25399674
25399678 25399679
25399681 25399682
25399684 25399685
25399687 25399688
25399691 25399692
25399698 25399699
8546600 8546736
25399708 25399709
25399711 25399712
25399714 25399715
25399717 25399718
25399720 25399721
25399728 25399729
25399734 25399735
25399738 25399739
25399742 25399743
25399745 25399746
25399749 25399750
25399753 25399754
25399759 25399760
25399769 25399770
25399773 25399774
25399779 25399780
25399785 25399786
3884871 4108432
25399789 25399790
25399793 25399794
4108441 4256783
25399797 25399798
25399802 25399803
25399807 25399808
3884872 4108442
25399812 25399813
25399816 25399817
3533897 3884873
25399819 25399820
25399822 25399823
25399831 25399832
25399834 25399835
25399851 25399852
25399854 25399855
25399857 25399858
25399861 25399862
25399864 25399865
25399867 25399868
25399876 25399877
25399881 25399882
25399884 25399885
25399888 25399889
25399893 25399894
25399898 25399899
25399904 25399905
25399907 25399908
25399911 25399912
25399916 25399917
25399919 25399920
25399923 25399924
25399928 25399929
25399932 25399933
25399952 25399953
25399955 25399956
25399961 25399962
25399967 25399968
25399973 25399974
25397110 25397115
25399980 25399981
25399983 25399984
25399988 25399989
25399992 25399993
25399996 25399997
25400000 25400001
25400005 25400006
25400010 25400011
3562424 3902058
25400016 25400017
25400020 25400021
25400023 25400024
25400026 25400027
25400034 25400035
25400038 25400039
25400041 25400042
25400046 25400047
25400049 25400050
25400053 25400054
25400057 25400058
25400063 25400064
25400066 25400067
25400070 25400071
25400077 25400078
25400085 25400086
25400090 25400091
25400097 25400098
25400101 25400102
25400105 25400106
25400110 25400111
25400114 25400115
25400119 25400120
25400123 25400124
25400130 25400131
25400133 25400134
25400137 25400138
25400142 25400143
25400146 25400147
25400152 25400153
25400155 25400156
25400159 25400160
25400162 25400163
25400165 25400166
25400168 25400169
25400171 25400172
25400174 25400175
25400178 25400179
25400188 25400189
25400191 25400192
25400198 25400199
25400203 25400204
25400207 25400208
25400218 25400219
25400221 25400222
25400226 25400227
25400231 25400232
25400236 25400237
25400239 25400240
25400242 25400243
25400245 25400246
25400249 25400250
25400257 25400258
25400271 25400272
25400276 25400277
25400281 25400282
25400285 25400286
25400291 25400292
25400295 25400296
25400301 25400302
25400305 25400306
25400310 25400311
25400314 25400315
22087793 22087799
25400318 25400319
25400321 25400322
25400325 25400326
25400330 25400331
25400335 25400336
25400339 25400340
25400343 25400344
2230444 2961081
25400349 25400350
25400353 25400354
25400356 25400357
25400359 25400360
25400363 25400364
25400369 25400370
25400374 25400375
25400378 25400379
25400381 25400382
25400384 25400385
25400393 25400394
25400403 25400404
25400407 25400408
25400411 25400412
25400415 25400416
25400419 25400420
25400422 25400423
25400427 25400428
25400431 25400432
25400434 25400435
25400438 25400439
25400445 25400446
25400450 25400451
15208543 15208547
25400453 25400454
25400459 25400460
25400463 25400464
25400467 25400468
25400472 25400473
25400480 25400481
25400488 25400489
25400493 25400494
25400497 25400498
25400502 25400503
8966350 8966374
25400508 25400509
25397321 25397326
25399513 25399515
25400524 25400525
25400528 25400529
25400531 25400532
25400535 25400536
25400539 25400540
25400544 25400545
25400551 25400552
25400554 25400555
25400557 25400558
25400564 25400565
1450863 2321326
25400568 25400569
25400573 25400574
25400578 25400579
25400593 25400594
25400599 25400600
25400604 25400605
25400608 25400609
25400613 25400614
25400616 25400617
25400620 25400621
3533898 3884892
25400625 25400626
25400631 25400632
25400637 25400638
3884893 4108460
25400642 25400643
22005057 22005062
25400646 25400647
25400650 25400651
25400654 25400655
25400657 25400658
25400664 25400665
25400667 25400668
25400672 25400673
25400676 25400677
25400679 25400680
25400683 25400684
25400687 25400688
25400691 25400692
25400695 25400696
25400698 25400699
25400703 25400704
25400707 25400708
25400710 25400711
25400714 25400715
25400721 25400722
25400725 25400726
25400728 25400729
25400739 25400740
25400743 25400744
25400747 25400748
25400752 25400753
25400757 25400758
25400760 25400761
25400764 25400765
25400768 25400769
25400780 25400781
25400783 25400784
25400793 25400794
25400796 25400797
25400800 25400801
25400804 25400805
25400807 25400808
25400810 25400811
25400814 25400815
25400820 25400821
25400825 25400826
25400831 25400832
25400836 25400837
25400840 25400841
25400844 25400845
25400847 25400848
25400852 25400853
25400856 25400857
25400859 25400860
25400862 25400863
25400865 25400866
25400870 25400871
1405689 2279155
8306950 8306958
25400874 25400875
25400878 25400879
25397534 25397539
25400882 25400883
25400891 25400892
25400896 25400897
25400901 25400902
25400905 25400906
25400912 25400913
25400917 25400918
25400921 25400922
25400926 25400927
25400930 25400931
25400934 25400935
25400943 25400944
25400946 25400947
25400949 25400950
25400955 25400956
25400962 25400963
25400966 25400967
25400972 25400973
25400976 25400977
25400981 25400982
25400998 25400999
25401002 25401003
25401008 25401009
25401012 25401013
25401017 25401018
25401021 25401022
25401024 25401025
25401028 25401029
25401031 25401032
25401039 25401040
25401043 25401044
25401048 25401049
25401052 25401053
25401057 25401058
25401060 25401061
25401063 25401064
25401070 25401071
25401073 25401074
25401076 25401077
25401080 25401081
25401084 25401085
25401088 25401089
25401091 25401092
25401094 25401095
25401097 25401098
25401101 25401102
25401106 25401107
25401109 25401110
25401112 25401113
25401115 25401116
25401119 25401120
25401123 25401124
25401126 25401127
25401129 25401130
25401134 25401135
25401138 25401139
21638740 21638744
25401152 25401153
25401156 25401157
25401159 25401160
25401163 25401164
25401175 25401176
25401178 25401179
25401182 25401183
25401188 25401189
25401191 25401192
25401196 25401197
25401199 25401200
25401204 25401205
25401207 25401208
25401210 25401211
25401218 25401219
25401225 25401226
25401229 25401230
25401234 25401235
25401239 25401240
25401244 25401245
4256802 4352410
25401248 25401249
25401252 25401253
25401255 25401256
25401259 25401260
25401268 25401269
25401277 25401278
4352411 4417779
25401282 25401283
25401287 25401288
25401290 25401291
25401296 25401297
25401300 25401301
25401307 25401308
25401311 25401312
25401315 25401316
25401319 25401320
25401324 25401325
25401328 25401329
25401331 25401332
25401335 25401336
25401338 25401339
25401341 25401342
25401346 25401347
25401350 25401351
25401353 25401354
25401358 25401359
25401364 25401365
25401367 25401368
25401371 25401372
25401376 25401377
25401380 25401381
25401389 25401390
25401395 25401396
25401398 25401399
25401401 25401402
25401404 25401405
25401408 25401409
25401412 25401413
25401424 25401425
25401427 25401428
25401433 25401434
25401438 25401439
25401444 25401445
25401447 25401448
21617906 21617916
25401453 25401454
25401465 25401466
25401468 25401469
25401473 25401474
25401477 25401478
25401481 25401482
25401496 25401497
25401502 25401503
25401505 25401506
25401508 25401509
25401513 25401514
25401525 25401526
25401529 25401530
25401535 25401536
25401541 25401542
25401545 25401546
25401567 25401568
25401571 25401572
25401575 25401576
25401579 25401580
25401583 25401584
3469582 3842731
25401589 25401590
25401593 25401594
25401597 25401598
25401602 25401603
25401607 25401608
25401611 25401612
25401615 25401616
25401619 25401620
25401623 25401624
25401626 25401627
25401634 25401635
25401637 25401638
25401646 25401647
25401650 25401651
25401655 25401656
25401659 25401660
25401663 25401664
25401668 25401669
25401671 25401672
25401675 25401676
25401680 25401681
25401684 25401685
25401689 25401690
25401693 25401694
25401697 25401698
25401701 25401702
25401708 25401709
25401713 25401714
25401717 25401718
25401724 25401725
25401728 25401729
25401731 25401732
25401743 25401744
25401748 25401749
25401755 25401756
25401772 25401773
25401781 25401782
25401787 25401788
25401790 25401791
25401793 25401794
25401804 25401805
25401808 25401809
25401812 25401813
25401816 25401817
25401819 25401820
25401825 25401826
25401829 25401830
25401833 25401834
25401837 25401838
25401843 25401844
25401847 25401848
3935422 4141795
25401852 25401853
25401859 25401860
25401863 25401864
25401868 25401869
25401871 25401872
25401876 25401877
25401882 25401883
25401886 25401887
25401891 25401892
25401898 25401899
25401902 25401903
25401905 25401906
25401914 25401915
25401919 25401920
25401922 25401923
25401927 25401928
25401930 25401931
25401933 25401934
25401936 25401937
25401940 25401941
25401945 25401946
25401950 25401951
4593936 4604957
25401956 25401957
12260388 12260403
12260361 12260381
12260362 12260389
25401966 25401967
12260355 12260363
25401971 25401972
25401975 25401976
25401978 25401979
1636278 2480920
25401991 25401992
25401995 25401996
25402010 25402011
25402015 25402016
25402025 25402026
25402029 25402030
25402040 25402041
25402044 25402045
25402047 25402048
25402050 25402051
25402053 25402054
25402056 25402057
25402060 25402061
25402065 25402066
25402077 25402078
25402080 25402081
25402086 25402087
25402089 25402090
25402092 25402093
25402096 25402097
25402099 25402100
25402108 25402109
25402119 25402120
25402125 25402126
25402132 25402133
25402141 25402142
25402150 25402151
25402153 25402154
25402156 25402157
25402159 25402160
25402162 25402163
25402166 25402167
25402169 25402170
25402173 25402174
25402176 25402177
25402179 25402180
25402182 25402183
25402185 25402186
25402188 25402189
25402191 25402192
25402194 25402195
25402197 25402198
1394195 2267834
25402202 25402203
25402207 25402208
25402212 25402213
25402216 25402217
25402220 25402221
25402224 25402225
25402228 25402229
25402231 25402232
25402234 25402235
25402238 25402239
25402242 25402243
25402245 25402246
25402248 25402249
25402254 25402255
25402257 25402258
25402261 25402262
25402264 25402265
25402267 25402268
25402270 25402271
25402273 25402274
25402279 25402280
25402283 25402284
14732257 14732271
25402287 25402288
25402290 25402291
25402300 25402301
25395641 25395658
25402304 25402305
25402308 25402309
25402316 25402317
25402320 25402321
25398686 25398692
25402324 25402325
25402331 25402332
25395376 25395385
25402339 25402340
25402342 25402343
25402346 25402347
25402350 25402351
25402355 25402356
25402359 25402360
10570842 10570847
25402363 25402364
25402373 25402374
25402379 25402380
25402382 25402383
25402386 25402387
25402392 25402393
25402395 25402396
25402399 25402400
25402402 25402403
25402410 25402411
25402415 25402416
25402419 25402420
25402423 25402424
25402429 25402430
25402435 25402436
25402440 25402441
25402446 25402447
25402450 25402451
25402454 25402455
4798559 4798826
25402457 25402458
4796404 4796606
25402466 25402467
25402473 25402474
13477287 13477298
25402479 25402480
25402484 25402485
3533899 3884913
3025911 3533900
25402487 25402488
25402490 25402491
25402496 25402497
25402501 25402502
25402507 25402508
25402510 25402511
25402515 25402516
4706457 4709657
25402522 25402523
25402545 25402546
12345398 12345402
25402550 25402551
25402555 25402556
25402565 25402566
25402571 25402572
25402576 25402577
25402583 25402584
25402591 25402592
25402599 25402600
25402603 25402604
25402615 25402616
25402619 25402620
25402623 25402624
25402627 25402628
25402635 25402636
25402642 25402643
25402646 25402647
25402650 25402651
25402655 25402656
25402663 25402664
1796623 2611426
25402669 25402670
25402674 25402675
25402679 25402680
25402683 25402684
25402690 25402691
25402694 25402695
25402701 25402702
25402708 25402709
25402714 25402715
25402718 25402719
25402722 25402723
25402727 25402728
25402731 25402732
25402738 25402739
25402746 25402747
25402751 25402752
25402759 25402760
25398890 25398896
25402766 25402767
25402772 25402773
25402775 25402776
25402780 25402781
25402784 25402785
25402792 25402793
25402799 25402800
25402804 25402805
25402808 25402809
25402812 25402813
25402815 25402816
25402820 25402821
25402829 25402830
25402835 25402836
25402841 25402842
25402846 25402847
25402850 25402851
10683446 10683451
25402857 25402858
25402864 25402865
25402869 25402870
25402875 25402876
25402879 25402880
25402916 25402917
25402924 25402925
25402929 25402930
25402935 25402936
25402941 25402942
25402947 25402948
25402951 25402952
3953817 4152365
25402956 25402957
25402960 25402961
25402968 25402969
25402977 25402978
25402982 25402983
25404056 25404057
25404060 25404061
25404065 25404066
25404069 25404070
25404077 25404078
25404082 25404083
25404086 25404087
25404090 25404091
25404103 25404104
25404109 25404110
10309989 10310008
25404112 25404113
25404115 25404116
25404124 25404125
25404127 25404128
25404132 25404133
25404150 25404151
25404157 25404158
25404163 25404164
25404169 25404170
25404173 25404174
25404178 25404179
25404183 25404184
25404187 25404188
25404272 25404273
25404279 25404280
25404286 25404287
25404296 25404297
25404300 25404301
25404303 25404304
25404308 25404309
25404312 25404313
25404315 25404316
25404329 25404330
25404333 25404334
25404342 25404343
25404347 25404348
25404351 25404352
25404356 25404357
25404360 25404361
25404368 25404369
25404374 25404375
25404379 25404380
25404385 25404386
25404388 25404389
25404392 25404393
25404398 25404399
25404401 25404402
25404404 25404405
25404408 25404409
25404416 25404417
5630167 5630194
25404421 25404422
25404424 25404425
25404429 25404430
25404432 25404433
25404436 25404437
25404443 25404444
25404447 25404448
25404457 25404458
10309956 10309969
4256803 4352430
4108461 4256804
25404464 25404465
25404479 25404480
25404483 25404484
25404487 25404488
25404491 25404492
25404495 25404496
25404499 25404500
25404503 25404504
25404509 25404510
4585911 4597542
25404512 25404513
25404517 25404518
4108462 4256823
25404530 25404531
25404534 25404535
25404538 25404539
25404543 25404544
25404548 25404549
25404553 25404554
25404560 25404561
25404565 25404566
3154841 3626245
25404569 25404570
25404574 25404575
25404577 25404578
25404582 25404583
25404586 25404587
25404595 25404596
25404600 25404601
25404604 25404605
25404608 25404609
25404612 25404613
25398729 25398732
25404623 25404624
25404628 25404629
25404632 25404633
25404638 25404639
25404643 25404644
25404655 25404656
25404658 25404659
25404661 25404662
25404711 25404712
25404716 25404717
25404730 25404731
25404734 25404735
25404737 25404738
25404745 25404746
25404750 25404751
3138095 3613425
25404754 25404755
25404758 25404759
25404763 25404764
25404767 25404768
25404771 25404772
25404774 25404775
25404778 25404779
25404784 25404785
25404791 25404792
25404796 25404797
25404804 25404805
25404810 25404811
25402899 25402910
25404814 25404815
25404823 25404824
25404828 25404829
25402887 25402900
25404835 25404836
25404848 25404849
14998144 14998146
4417780 4464321
25404854 25404855
25404931 25404932
25404942 25404943
25404948 25404949
6932918 6932928
25404951 25404952
25404955 25404956
25404960 25404961
25404963 25404964
25404979 25404980
25404988 25404989
1435687 2305137
25404998 25404999
25405005 25405006
25405009 25405010
25405013 25405014
25405018 25405019
25405022 25405023
25405028 25405029
25405037 25405038
25405052 25405053
25405057 25405058
25405062 25405063
25405067 25405068
25405078 25405079
25405084 25405085
25405087 25405088
25405089 25405091
