282159 792675
9716181 1193418
4725435 2276514
2874462 1040483
4743449 1001107
9716282 323880
9716305 131191
281955 792364
46979 202437
9716358 226084
3788930 348205
2445143 52143
3860485 430299
984194 1314049
984195 1513900
2232160 2081168
1981487 8208
984196 1828065
6990617 453333
9718489 799546
9718520 80250
35554 141598
817495 340671
9723089 85550
9723539 102042
984198 109100
9723659 97001
984200 112353
290138 808296
68475 257302
5015213 350948
423339 401791
4152640 913321
9727312 687453
4152641 904630
984202 522783
9529854 53952
984203 628601
9529855 499841
984204 890210
3788931 299764
281815 50642
984205 390875
3160088 736758
9729092 297868
9730174 759229
9731467 98599
470633 301077
131079 417362
2129106 714483
9739713 327109
9741583 408665
71573 263194
4827380 1075562
4501687 141887
9748117 1550333
984206 339200
5000161 109521
984207 225723
4735565 1387228
11005994 884476
4827298 98512
11912227 337956
12338750 659647
12588459 701353
12180606 924881
13259591 333746
4132829 332520
13268801 99469
4809724 603139
9313454 1069304
13284815 766365
4131709 606653
4987475 621309
12588460 2216445
3913886 862066
3160089 332980
13293574 161229
13293621 1073646
13293858 1705612
792335 156446
13296143 102424
13296265 308527
13296876 642477
13297163 256715
12588461 295147
8332553 735935
4742161 876435
984211 1042128
13297561 179292
4011439 98510
4828049 96930
13300359 1213072
3356498 1818339
13301471 350975
13301495 458448
3397498 1042262
4501692 343227
13303074 882544
13303871 1594227
13304220 272266
13304241 134907
2862992 660935
984212 321835
13305057 2539781
4155890 879951
1501650 168356
984213 339915
13306837 230104
368567 248601
13307114 534084
12588464 121015
281892 646550
4809164 447997
13308009 146672
4810562 443598
13308217 241627
13308496 59467
13309246 9854
8613687 505962
13309811 362026
9529857 1180558
13310843 1362686
3168478 51836
3887985 648447
13313807 41924
13314466 249882
13314514 71954
5001014 1458617
3959922 311371
4810681 1058698
13315587 332281
13315790 261786
984214 108840
13315981 318147
13316085 828439
9529858 328587
3567747 478176
75969 48669
2578534 396055
1582752 989719
2226169 135881
13318834 296495
13318856 504512
13318922 671314
4744423 916558
13320129 67151
13320156 99641
13320261 5810310
13320308 332571
8613688 52042
1646020 215424
13320437 576719
13320628 329410
4811222 393910
13320884 527873
13321210 858694
13321346 48844
13322734 165791
13323599 1363688
12588465 394768
4827108 352059
13327233 267323
13329330 295527
13329986 330474
13331048 102228
13331149 216938
13331374 2062346
13335050 216360
13337581 740841
10668739 61752
13339615 165537
13341073 515193
1705492 1802542
984215 289060
423337 442056
13344491 1795676
13345711 96437
4811378 1139456
13346579 3859845
13347034 93117
13352385 220048
2535931 328782
13353053 1596098
13355014 543728
4155891 3359532
4501696 641714
4827550 9723
13381717 1451435
4714377 364505
4827026 413231
13396919 110842
12588468 962014
13398929 697805
13404131 99634
3361872 190184
3600386 94448
13417369 1400980
13420931 418448
13423008 210661
4368620 215721
13431772 96049
13440747 276393
13442544 359541
13483477 363620
13512487 102809
4811074 900742
14763624 893349
14763997 1372345
14764037 1218337
14764612 621693
14765836 512556
984222 165038
3959923 101166
3079159 338434
14766992 104822
4368621 1442012
14768196 101490
14768443 839469
14768668 328909
14768896 251767
4501698 337117
9529859 111138
4368622 905409
14772165 5458
14772526 617657
4807626 158897
13511812 362868
14773144 1168967
14775669 346920
14775711 397489
4501699 651951
14776828 705121
4501700 541470
13449532 2289607
14777863 1004898
14777916 928246
4807404 366090
14778032 6517
4131710 121432
15369411 328837
4152644 170981
15829158 112086
15833983 41133
15834275 931898
15837112 333538
126756 412241
15851210 615745
4939411 651803
15875038 205523
15876875 1986816
15878019 448747
1250500 340834
15889640 798589
22451518 308217
23665678 319682
23666297 8729
23666362 308523
23666488 642169
23666601 482475
4152647 1045958
2754593 95332
23668021 300337
4747599 500334
4501702 961434
2797433 392254
23672235 688857
23672404 129033
23672633 144182
23672790 344676
4368555 806793
23673366 1005204
1060143 271220
32946764 50792
3260345 149475
32947432 2054315
32947939 1256537
2459212 677511
32948602 39646
32948805 56469
32949069 605832
4155893 96665
4501705 859986
23703002 418140
32949254 1058590
32949266 729058
14777522 633066
32949484 2466634
32949605 100092
32949692 153438
32950025 21816
32950095 213070
33126259 1430929
28218731 369871
33126276 547933
33126315 1940514
33126328 356817
33126344 35362
4745442 100865
33126393 1097686
33126422 173145
33126437 123079
33126451 50641
4827643 91428
33126465 111505
33126487 2149858
4781379 98165
33126518 157929
4810882 287394
4808833 470760
33126533 47455
33126609 189636
33126695 886400
33126706 641036
33126719 393971
33126727 272372
33126740 392386
33126770 109361
33126815 863766
33126976 158613
33126994 954715
33127036 328877
15605711 544632
33135051 1207058
15605713 315341
33140717 5827
33141741 105229
33157667 296538
33157764 934412
4501706 597341
33162651 385926
33163969 218354
2232162 881693
30884178 272734
14484426 312631
33249899 352199
2458757 28719
15711294 361805
33251683 97128
33251724 228617
33251764 148836
34349675 884387
14959572 1801360
34375971 1506443
4152650 343902
4734184 2306415
23701693 321307
3774174 584285
34396354 381563
4368544 191024
34398318 454799
4828348 217288
4748801 405234
4807253 173059
4808154 283933
1653367 406147
4809011 503779
4688056 1247375
4811518 100562
4699896 344720
4827501 99399
4811640 109873
4826950 449570
4827914 279522
34428866 329458
2458758 173633
32958316 190417
30474044 1028747
33092197 362658
9529860 1382240
34470179 552824
34474465 82235
4152651 1960604
4828139 541704
34675791 347251
34675931 96336
34675951 343181
34675964 303181
34675973 1259932
34676273 256230
34677632 332018
984235 344822
34679035 648145
4501708 861615
34679809 108470
34680663 224044
34680676 1535593
34681295 604394
34681490 336761
12195856 346667
34681509 307045
34681536 677438
34681635 500884
34681690 510018
34681703 790893
34681716 874080
4042713 247269
34682069 53245
13511814 573868
34683008 676263
34683045 507447
34683120 485729
34683443 401056
34683479 670617
34683492 622133
34683636 131912
34683745 648681
34683782 857189
34683889 216932
34684228 844818
34684405 308723
34684492 768270
34684673 107816
34685320 308695
34685418 277764
34685439 882825
34685482 818802
34685512 1239144
984237 915679
34687348 122644
34687392 58968
34687419 308688
34687435 832043
34687442 308643
34687951 1042145
34688197 665684
34689452 507794
34689603 295602
34689712 220672
34689771 1742980
34689783 1165668
34689797 1701173
34689952 550718
34689993 1275388
34690013 108247
34690072 709491
34690083 231427
34690122 41578
34690665 922229
34691419 990175
34691459 20836
13517985 882781
34691618 197393
34691682 647504
34691709 100438
34691817 368402
34692267 100272
34692505 1023437
34692524 56670
34693093 385570
34693507 850260
34693544 919042
34693965 457804
34694947 294673
34695324 35360
34695382 323467
34696781 108582
34697905 2869216
34698111 102745
34698190 515801
34698440 332388
34698729 1078924
34698772 2282050
34698801 504439
984239 316226
34700100 828407
34700295 198583
34700425 1267061
34700679 273224
984241 344721
34700895 108681
34700930 692190
34701243 462525
34702048 1944582
34702207 129759
34702481 597313
34703565 436679
34704466 1213813
34704512 352063
30230572 95844
130005 416297
30745656 194338
1250503 334619
15605724 143678
4368625 2204357
10697339 716223
35018608 261454
4152657 170047
984244 362661
32702100 97167
984245 590642
33086952 130349
32843515 95292
984247 103862
33086953 267807
35019671 104821
35019941 728005
35020239 327726
35020249 460251
984249 74964
35020326 365153
35020349 31612
35020373 346161
9529861 100868
33774527 284181
12588478 76047
35020878 108491
35021052 98229
32958317 329133
984251 335430
984252 1828844
35021573 506115
984254 29823
4152659 356072
3994413 190194
33086954 17125
35022272 109651
984256 291954
30216530 279154
4368561 607512
35022687 23911
35022698 1427754
35022717 586485
35022784 181952
35022809 293695
13511815 226405
35022865 631042
35022901 1993475
35022943 933502
9529862 809170
35023205 1966618
35023311 137091
35023320 869815
35023328 869911
35023377 1658207
31193304 442193
35023404 838138
15605732 646133
984259 481991
14959573 152745
35025046 219988
35025086 730719
35025168 435680
35025270 554198
984260 359538
35026025 904410
35026172 2432523
35026474 96396
35026492 1017588
35026549 310249
35026656 176798
15711299 352650
35026696 101651
35026863 350445
35026879 994870
4152663 93877
35026993 594190
14959574 160827
35027138 1372391
35027159 2146804
35027435 100480
35027696 107618
35027852 559444
15605735 111874
30230573 665686
35028439 342603
4501711 1293363
35028469 1429208
30883397 212287
35028707 51778
15711301 1485352
15605738 675509
35029289 627895
35029321 544429
984270 43593
15605739 350262
15605741 92544
32843519 110236
4501712 449323
15605742 83793
984272 858162
15605743 1488251
35030230 24216
35030297 67175
35030376 94890
35030532 940030
35030862 502549
15605744 1225567
4501714 80046
4152664 51589
984277 101170
14959575 1258652
35031691 630138
35032016 133701
13266067 249884
15711302 358307
35032677 355720
35032832 622324
35032890 803747
15711303 913265
35033369 256074
32843520 213930
3994415 30905
35034752 1278014
8332559 173144
35034780 228582
4501718 655984
35034902 193148
13449538 420533
35034945 2947495
35035148 3676910
984286 1829219
35035486 605308
35035498 392146
35036294 43217
35036573 93874
35036581 33674
984289 1348601
35037067 196218
35037138 122364
30884179 215891
33086503 1406
35037309 109244
984290 392049
35017736 1996001
35037771 284568
35037853 1002550
35037965 343709
35038085 570638
35038218 24514
984291 101285
34689477 100733
35038458 318300
35038476 1160008
35038482 862266
4501719 49228
984293 94381
3959941 674243
35039781 369500
35039817 1089236
35039898 85355
5543103 360727
30884180 141571
35040427 27283
35040615 67203
13321068 396697
32955590 100091
15711304 827678
35041012 96281
35041032 684917
35068391 412299
35071292 258101
35077138 109558
35090951 406528
35102245 1682263
35102739 92200
35106679 297207
35108316 194339
35108790 663800
35109350 219829
35109497 401793
35109844 296708
129932 416172
32850916 190416
15170781 10677
35114275 3563662
15711307 335257
35115026 369891
35115111 13706
35047775 256852
984303 119994
35115192 479655
32958320 215261
15605765 221026
35115463 41922
35115719 51275
32843522 334392
35115776 290915
32957062 240706
35116051 225330
35116143 1575689
35116174 98034
35116574 394065
35116588 218570
35117430 397231
35118001 107453
35118013 1015231
35118290 361085
35118675 2770868
35118829 316339
35118879 753956
35119089 326857
35119227 1063280
35119840 353424
35119889 436242
35119956 692816
35120011 226589
35120022 319648
35120048 171524
35120311 273913
35120496 13193
35120534 1921334
35120568 53113
35120701 94291
35120747 53858
5000733 225048
35122205 1062310
35122638 316778
35122739 323029
35122756 287561
35122821 85238
35123072 48578
35123151 250542
35123469 582710
35123932 502799
35124004 672741
35124123 109197
35124137 357859
35124773 27186
35124834 1468906
35124906 640101
35124935 604376
35125396 397260
35125619 201114
35125770 164042
35126168 540399
35126214 97927
35126482 240527
35126620 891733
35126853 276475
35127132 226592
35127161 7445
35127291 199528
35127447 924333
35127957 898111
35128383 308708
35128803 343903
35129249 141979
35129280 265311
35129515 103059
35129610 65212
35129754 1029895
35129783 308124
35129788 407017
35129807 4483808
35129846 2694489
35129923 449404
35130089 637775
35130281 580822
35130816 97572
35130995 622371
35131054 428125
35131090 635986
35131255 54063
35131937 120911
35132103 882142
35133125 173635
35134572 274622
35135102 320316
33089419 104744
35135129 392814
33584819 63325
35138737 615282
35138809 53601
35139138 779716
35139738 596694
35139813 253352
35140387 407408
35140857 194268
35140963 162753
35141026 1386819
35141348 1007434
35141958 449761
35142484 221027
35142978 65893
35143048 191428
35144812 900250
35146048 1477274
1828748 356143
1250505 18418
35147550 327309
35147995 2657899
35148110 616967
35148249 276784
35148330 161406
35148743 632004
35151500 122841
35153298 171634
35153324 261556
35153582 325846
35153688 189037
35153701 89892
35155401 1433316
35155884 103866
35156434 1488195
35156828 351604
35157286 1211801
35157704 107620
35157740 1039492
35160558 211296
35162358 511637
33584820 25027
35162610 218183
35163482 1041231
35163677 809006
35163873 330444
35164274 497904
35049594 397460
35164451 213065
35165334 86208
35166088 37454
35167244 302576
35167302 106656
35167784 404561
1786020 132754
35169000 898591
35169124 1298134
35169648 41927
35170152 533026
35170534 222330
35171601 384103
35172131 352058
35172217 60367
35172468 198837
35172832 166801
35173123 1717385
35173419 177468
35173739 893708
35173764 910652
35173845 393692
35173918 636890
35174198 23770
35174205 279311
1250506 825419
35175719 38820
35176034 791605
35176497 879763
35177025 269828
35177126 316683
35178259 584877
35178511 505679
35179836 146738
35180616 6628
35180695 101274
35181867 338796
35182143 127360
35184010 156094
35184778 862062
32958321 916250
35186620 150971
35187111 226083
35187693 324314
35187814 1596825
4368582 2207959
35187900 398806
35188153 312634
35188228 108620
35188294 1209312
35188927 99578
35191552 1034956
35191845 119699
35191932 1194069
32958322 672742
35194687 52283
35194719 185659
35194844 349661
35194950 1051797
35194983 690418
35196035 38107
35196192 161423
35197156 345202
35197176 798708
35197193 468765
35197247 104742
35197776 662626
15605775 73937
35197877 1336664
35198580 175445
35198634 674898
35198884 67354
35200055 791892
35200555 104473
35200689 392050
35200748 126022
4152677 873817
35200955 1083422
35200996 961052
35201035 622094
35201091 415567
35201211 1338038
35202352 358481
35202413 54017
35203143 1115861
35203503 612418
35203538 320898
35203568 3330492
35204650 453068
35205445 49799
35205533 333297
35205685 449351
4152678 14342
35205925 1999281
35206053 216937
35206100 1303871
35206401 91300
35206416 344924
35206444 884019
35206562 2860463
35206700 435554
35206743 79784
35206756 477586
35207177 268350
35207375 443337
35207410 820839
35207632 332061
1250508 101987
35207657 1502735
35207767 80329
984322 196791
35208052 51073
35208094 548292
35208498 662160
32850918 344954
35208635 1461288
35208756 649796
35209433 1304273
35209782 248487
35210111 325246
35210359 341300
35210389 1469035
35210468 1073373
15605779 313830
35210917 94107
35211255 1180040
35211327 400158
35211907 100822
35212024 1295018
4152679 47746
35212065 2661815
4480510 107787
35212146 310250
35212155 51357
35212306 74111
35212518 337888
35212707 613918
35212802 1498909
35212852 138218
35213001 392181
35213182 1126244
30883406 285250
35213267 325150
35213296 1011628
35213306 931864
35213311 530844
35213338 207621
35213366 107549
35213371 46551
4152680 555381
35213679 54482
35213688 790345
35213731 79219
35213801 109042
35213811 832122
35213828 155202
35213925 851334
35213936 671147
35213956 921003
35213965 568702
35213975 157103
35214073 330582
30883407 523256
35214146 66896
35214215 48777
35214238 2053
35214251 122037
35214263 998470
35214282 579807
35214338 667983
35214388 914680
35214483 1625500
35214738 102181
35214973 84218
35215055 322839
33089422 171523
35215122 390788
35215320 93143
35215539 496883
35215578 1562749
35215616 360726
35215638 1197683
35215655 493094
35215703 1006839
35215712 350993
35215779 354667
35215864 218906
35215966 91379
35215989 468045
35215994 636143
35216007 701637
35216026 116478
35216040 449794
35216048 88601
35216119 60368
35216156 879616
35216292 692112
4368584 1041305
3428899 98040
4152681 181521
35216706 1968153
35216742 285814
35216798 48889
35216805 893124
35216812 94588
9529866 389369
35216884 273237
4152682 564766
35217261 101550
35217361 403011
35217493 92194
35217508 299911
35217547 885093
35217658 534577
35217706 325609
15605782 287978
35217815 946507
35217832 401505
35217986 237700
32958324 338370
35218042 142277
35218060 224008
35218067 437554
35218073 108226
35218100 159635
35218106 815129
35218252 51780
35218379 207400
35218402 23135
35218570 504137
35218683 301353
35218771 612421
35218994 180530
35219235 1547196
4368585 493681
15605785 28285
35219527 143197
35219628 53915
35219672 906957
35219858 809452
35219868 825765
35219877 425281
35219933 284546
35219971 534415
35219985 261712
35220418 818645
35220428 109522
35220836 868072
35220923 10440
35221005 1122047
35221014 468051
984331 95588
35221023 99038
35221032 248812
15711308 333016
35221364 134253
35221369 95800
35221423 326799
35221577 145051
35222037 1249028
35222193 877675
35222868 441056
35222976 848935
35223052 1582566
35223218 342727
35223253 135800
35223286 1417425
35223315 98318
35223385 896666
35223425 584773
35223478 1485738
35223505 931782
15627391 1119238
35229321 189500
984334 1829672
30782678 356722
14484428 401620
30782680 346598
984336 133439
35233353 62807
35233420 1428322
35233661 363171
35233720 507833
15605794 363586
35235086 107041
35237255 336587
35238570 736687
35239068 444623
35239939 297208
984338 1046030
35242105 316366
35243621 109192
35244270 358956
35244459 53002
15711314 507776
35244824 149752
15605798 65479
35246636 507190
35248091 1209402
35248281 329134
35248299 815387
15711315 788295
35248496 106407
35248630 100132
35248951 95948
15605799 144724
35249226 5619
30883411 13587
35249597 209888
35249645 602409
35249683 1158395
35249733 47849
15711317 621829
4501725 348545
35249901 223210
35249914 251763
35250018 243827
35250075 140104
35250173 161358
35250180 1428074
35250311 295679
35250389 112009
35250553 831
35250573 1771788
35250669 666182
35250832 325374
35250846 109690
35276055 338794
35276112 171449
35276525 142932
35276571 1187106
35276846 142972
35277095 248581
35277135 50387
35277459 255499
35277726 947387
4501726 97241
35281155 110009
35281449 457439
35281739 161359
35282273 362061
35282407 988701
15605803 584970
4152687 96337
35286069 105378
35286156 2351393
35286174 102808
15711319 878565
35286259 211832
35286482 202054
32958326 677538
32959307 549605
35286562 1040452
35286587 265991
35286600 1570463
32958327 99325
35286672 169322
35051962 5342
35286863 1291952
35286899 316247
35287242 726183
35287287 6104
35287326 96999
35287424 316790
35287500 121844
35287523 107100
35287542 108246
35049596 97305
35287603 361465
35287883 2031039
4987476 901051
33584822 7806
35289673 269785
4501728 118750
38310974 227326
32956457 269882
38313559 447987
38316234 1543014
38318995 613255
38321489 1072693
38323322 52508
38323934 1387281
38330803 228370
38331657 246536
38332306 899642
38335692 160353
38335923 324083
38336018 254767
38336762 390789
4987480 129244
38832634 2752599
38834093 140109
38834345 50755
38834354 1039426
38870310 1622294
38890080 332625
33584823 1597049
39014636 660147
39014693 60138
39014775 51650
39014780 448276
39014790 865698
39014794 329359
39014801 43510
39014807 200831
39014826 200832
39014830 200825
39014834 200826
39014845 679209
39015179 894475
39015223 718655
39015293 106764
39015473 151328
39015536 266066
39015827 915885
39015895 883239
39015900 293972
41796658 736385
44368139 465328
44368502 888454
44855354 668045
44948733 630506
47880395 170198
47972583 357529
48039356 229904
49345093 1855105
