9688626 9688629
11808105 11808108
11908317 2130672
129332 415751
13429519 13429521
13429519 13429522
13429519 13429523
13439645 13439647
415745 1055504
2846325 2200049
13503500 3796437
14762300 2200049
14764210 2130672
14764824 3404766
14765083 2130672
14765922 14765924
1328307 2200027
1328307 2200028
14770163 3404766
4956049 2937694
4956049 2200049
14776162 2200027
3796276 4046382
3796276 2200049
3796276 4046384
3796276 3404766
3796276 4046385
3796276 4046386
3796276 4046388
14778769 2130672
15120909 2200027
2846328 2200027
15298770 2200027
15336071 2130672
13110560 13110566
13110560 3404766
15488790 2200049
28409446 2130672
28409808 2130672
3796278 4046386
3796279 4046384
3796280 2200049
29040692 2200049
3796281 4046385
3796282 4046386
3796283 4046385
3796284 4046385
3796494 2093735
3796494 4046559
3796285 4046384
2846330 2200049
3796286 2200049
3796287 2200049
3796288 2200049
3796289 2200049
3796290 4046382
3796291 3404766
3796292 2200049
3796293 4046382
3796294 3404766
3796295 4046386
3796296 4046386
3796297 4046385
3796298 4046385
29040674 4046384
29040675 4046384
29040676 3404766
3796299 4046388
3796300 4046388
29045731 29045732
29040677 3404766
29040678 13110566
3796301 3404766
3796302 4046386
3796499 4046561
3796500 4046562
3796501 4046563
29040679 14765924
29040680 14765924
29040681 3404766
29040682 29040684
2846331 415751
3796303 4046388
3796305 4046382
3796306 4046382
3796307 4046384
3796308 3404766
3796309 4046386
3796310 2200049
3796311 2200049
3796312 3404766
3796313 2200049
3796502 4046564
1328354 2130670
29040683 29040685
3796314 4046386
29594956 2710498
29601737 29045732
15154401 15011543
15154401 4484529
15154401 15154424
28409447 2130672
30232915 2130672
1217336 2093735
1217336 2093739
1217336 2093740
30240067 4741983
30240078 2836814
30240085 2130670
30240085 30240089
13372725 2130672
13372725 13372737
30243574 2093735
30243574 30243578
30243590 2130672
30243590 30243592
30245256 2130660
30245256 30245258
30245256 30245259
30245256 3405004
30418470 2200049
30418481 30418482
30418484 2200049
2846333 2093735
30418487 30418489
30418493 2200049
2093719 2093739
30418496 9705833
30418497 2200049
30418500 3405007
14985365 14985380
30418502 415751
30418508 2130671
30418517 30418518
30418520 2093735
30418526 14985382
30418531 2200049
30418535 2200049
30418536 30418537
30418541 2130670
30418544 1055504
30418545 2913635
30418546 30418547
30418551 2200027
30418554 14765924
30418558 2200049
4186536 4307653
30418561 30418562
30418565 4046564
30418566 30418518
30418567 30418518
30418569 2933932
30418570 3404766
30418576 30418578
30418584 2200027
30418588 30418589
30418652 2130670
30418653 2200049
30418688 30418691
2846267 415751
30418695 2130671
30418696 30418697
30418696 30418589
14796853 2933932
9080499 9080519
30418736 14765924
30418760 29045732
30418767 4046564
30418787 4046384
30418789 2130672
30418824 30418825
30418833 2200027
30419058 30419059
30419126 14765924
30419133 4046564
30419134 29045732
30419143 30419144
30419158 4046559
30419193 2130672
30419196 2200049
30419201 2130673
2846334 2093739
30419234 30419235
30419234 30419236
30419234 30419237
30419239 14765924
30419241 30419242
30419263 30419264
30419265 30419267
30419268 2200027
30419308 3404766
30419382 2130671
30419382 2877909
30419388 14765924
30419430 14765924
30419436 30419437
30419499 30419502
30419552 2200049
30419562 2200027
30419564 30419565
2846268 3404741
30419604 30419606
4059417 4216843
28409433 28409434
28409433 28409435
28409433 28409436
28409433 28409437
28409433 28409441
30419625 30419626
30419711 2093735
2846269 415751
4958412 2130670
30419719 2130672
13446743 2093735
30419722 4046564
2846335 2130670
30419723 2200049
30419726 30419727
30419746 48754
30419756 4046382
30419768 30419144
30419782 2130672
30419824 30419826
30419883 29585936
30419906 2093735
30419908 30418518
30419934 4046564
30419981 3404875
30419982 30419985
30420000 2130673
30420000 30420001
30420032 2130673
2846391 3404945
30420053 2200027
4919353 2130672
30420076 4216843
30420077 4046384
30420107 13341872
30420115 2130671
3046738 2130670
30420187 30420188
30420189 2093735
30420192 4210212
30420226 9706266
30420284 4046384
30420322 4216843
30420328 30420330
30420332 29045732
30420355 30420356
30420382 2200049
30420383 4046564
30420491 2130670
30420497 2200027
30420770 2200027
30421019 2200027
2846392 2130670
10053586 2130670
10053586 2130671
10053586 2130672
10053586 2130679
30421134 30421136
30421142 30421144
30421146 3405007
30421147 13110566
30421151 30418482
30421153 3404945
30421155 3405007
30421158 30421159
30421161 30419144
2197287 2130670
30421162 2200027
30421170 415751
2846270 2093740
30421176 2200027
30421177 2200049
30421178 2200049
30421181 2200027
30421192 415751
30421195 2200027
30421201 9688629
30421234 14764371
30421258 30421259
30421310 2130674
30421318 30421319
3844211 48754
30421457 2130671
30421473 4046564
30421552 2130670
30421553 30421554
30421561 2200049
30421634 30418589
30421636 2130672
13292853 2130672
30421667 30421668
30421756 14764371
30421758 2200027
30421758 415751
30421758 14764371
30421780 30420188
30421781 2130673
30421783 2200049
30421784 30421786
8713994 2200049
30421855 2200049
30421861 4286163
30421865 30421866
30421879 30421880
30421885 2877906
30421890 2130672
30421972 30419236
30421973 2130670
9267976 9268017
30421998 30421999
30421998 30422000
30422036 3405007
30422057 2200049
30422057 30422059
14954423 3587387
30422085 30421880
30422108 3404945
30422109 30422110
30422114 13110573
30422118 30422119
30422501 415751
1252184 2130660
2868151 3418035
30422507 2093735
2846337 3404850
2846337 3404851
30422509 2200049
30422512 3404766
30422513 2200049
30422515 2200027
30422517 2130679
30422520 3418035
30422524 2200049
30422531 2200049
30422543 30422544
30422553 2130671
30422627 1055504
30422635 2200049
14985366 14985381
30422672 30420330
30422702 30422110
30422722 3404766
30422738 2093735
30422739 9080519
30422749 3405007
30422753 30422754
30422753 30422755
30422791 30422110
30422800 2200049
30422837 30420188
30422838 30421160
30421171 415751
30422842 3404875
30422845 2200049
30422847 2200027
30422855 2093735
30422858 30422860
30422862 3796437
30422865 14765924
30422867 30422868
30422896 2200049
30422936 2130660
30422937 2200049
30422939 48754
30422947 2130673
30422964 2200049
30422966 9268017
30422970 14765924
30422977 4046564
30423029 14765924
30423156 30421259
30423156 30422868
29045011 2200049
30423216 9705833
30423225 2200027
30423228 2200049
30423244 2130672
30423282 2130660
30423324 2200027
30423328 2130673
30423329 30419144
30423337 30423338
30423347 4210212
30423382 2200027
30423394 2130672
30423404 1564279
30423405 3405007
30423406 2200049
30423410 2200027
30423425 2200049
30423430 2937654
30423485 30419235
30423490 2200027
14764364 14764371
30423650 14765924
30423654 2130670
30423655 30423656
30423659 30423660
30423659 30423661
30423659 30423662
30423664 30423338
30423665 2200027
30423672 30423673
30423675 415751
30423676 415751
30423677 3405007
30423681 30418518
30423686 2200027
30423687 3404979
30423688 3404875
30423700 4046559
30423705 3404875
30423734 14985382
30423747 30422868
30423751 30423752
30423775 3405007
30423777 14985382
30423792 30418518
30423796 13377995
30423834 30422110
30423851 2200027
30423856 2836814
30423881 2937654
30423943 30423752
57817 236566
30423964 30423965
30423977 2130673
30423978 2130671
3404987 3405007
28314430 3404945
30424095 415751
30424096 2200027
30424100 2130672
30424102 30422110
30424103 14765924
30424104 9705833
30424108 2200049
30424111 30418518
30424114 3405007
30424115 2200049
30424209 4046559
14974746 2130671
30424241 3955366
30424256 13110566
30424267 30421880
30424269 3405007
30424270 30424271
30424276 14765924
30424303 4046564
30424305 14765924
30424448 13377995
30424453 30423338
30424456 30418518
30424457 9705833
30424458 3405007
30424460 3404766
30424461 30424462
30424463 9705833
30424464 2130672
30424466 2200049
30424467 3405007
30424468 14884168
30424474 2200049
30424478 2130673
30424490 2130671
30424495 30418589
13327064 3305019
30424501 30421259
30424567 30424568
30424569 2130679
30424570 3405007
30424597 2130679
30424625 2130672
30424648 2093735
30424713 2693903
30424715 2200027
30424721 2200049
30424721 3405007
2846422 3405015
30424725 415751
30424727 30424728
30424749 30424750
30424786 30424787
30424799 4046564
30424846 30418492
30424921 29585936
30424928 3404945
30424931 2200049
30424824 2130673
30424824 14308885
14664894 415751
30424976 2937654
30424983 2130671
30425027 4046564
30425032 30425033
30749225 14764371
14985367 14985380
2846396 2693903
31758073 3404875
4958413 2130670
777834 1564279
31758075 2200049
2846343 2093735
2846275 3404754
2846277 2200027
2846278 2200027
2846279 2200049
2846280 2200049
2349454 2130670
1934225 2200027
13349801 2200027
14985369 14985382
14985369 2130672
14985369 2093735
14985369 2130673
14985369 3404851
2846407 3404979
31758084 2130670
31758085 1187912
2846348 3404875
3296065 3725146
3296065 3725153
28218819 2200027
28218819 2200028
28218819 415751
2846349 415751
2846284 3404766
2846425 415751
31758089 3404875
15011567 3108900
9080549 2130670
15020421 2130660
14985372 2200049
2846412 2693903
10050591 3404851
31758099 1564279
2846415 3404996
2846287 2130660
2846416 3405004
2846354 2200049
9375888 415751
2846288 2200027
9375889 2200049
13514732 2130673
31758101 2130660
2846289 2130660
1934226 2709574
2846417 3405007
2423307 2130670
4958418 2130670
2846358 2200049
31758103 3404875
1328314 2200049
13429526 13429521
13429526 13429522
13429526 13429523
28409432 28409434
28409432 28409435
28409432 28409436
28409432 28409437
30239968 28409435
30239968 28409436
30239968 30239973
30237119 30237120
30237119 30237121
30237119 30237122
30239976 30239973
30237123 30237120
30237123 30237121
30237123 30237122
33222161 30418482
33250220 2093735
30422839 30421160
13413975 13413996
34236554 3405007
1328360 2200125
34254272 4962539
34262715 2130679
34262719 2130670
34266540 2130670
4356659 4420954
34287474 2130670
34305341 2130672
34305341 2130673
34311617 4216843
34314442 3404945
3353930 2130673
34392040 2200027
34426097 30421787
15011522 15011543
34492789 2200027
13514733 2130671
13514733 2130672
13514733 2130673
35062990 2200049
6701855 2130672
35063050 3418035
35063349 30423673
35402192 4046384
35405740 2130670
30424571 3405007
35405852 4046384
35406937 2200049
35406938 3405007
35407273 14765924
35407365 14765924
35407366 14765924
35407492 2130672
30422840 30422841
35408658 4046382
35408660 35408661
35408662 3404766
35408663 3404766
35408665 29040684
35408666 3404766
35408668 3404766
35408671 3404766
35408674 2200049
35408675 3404766
35408676 2877906
35408676 2200028
35408677 3404766
35408678 2200049
35408679 3404766
35408681 3404766
35408682 3404766
35408684 3404766
35408687 3404766
35408689 2200049
35408689 3404766
35408690 4046384
35408694 3404766
3844246 2836814
35409045 14308885
35409168 2200049
35409169 2200049
35409349 2200049
35409732 415751
35409733 2200027
35410013 14765924
35410014 2693903
34258300 2130673
35406940 3404945
35411384 35411386
10053577 2130670
10053577 2130678
10053577 2130679
35411651 415751
30421677 2130673
30421677 14308885
1252188 2130670
1252188 2130671
1252188 2130672
1252188 2093735
1252188 2130673
1252188 2130674
1252188 2130676
1252188 2130678
1252188 2130679
30423502 2130670
30423502 2130678
30423502 2130679
30420749 2130672
35411844 2693903
35411845 2693903
35411939 2130672
30738501 2130672
35412203 13439647
35412292 2200049
35412293 2200049
35412294 2200049
35412301 2200049
35412302 2200049
35412303 2200049
35412304 2200049
35412305 2200049
35412307 3404766
30422904 2130674
30422906 2130674
35412864 2200049
35413164 2200049
35413412 2200027
35413413 2200027
35439642 30419144
35772973 1823612
35772974 1823612
35772991 1327842
3620347 2130670
35773327 2130660
8393532 4046561
3591159 2130670
36387745 14765924
37924741 2093739
37924742 37924743
37924747 2130672
37924802 2200049
37924803 2200049
37924804 14765924
37924805 2200049
37925222 2130670
37925225 2130670
37925230 14765924
37925232 30421259
37925232 30422868
37925239 2200027
37925240 2130670
37925241 37925242
37925245 14765924
37925246 30421866
37925247 14765924
37925248 14765924
37925249 4046564
37925250 14765924
37925251 4046564
37925252 35410940
37925253 30419606
37925254 30421786
37925255 30419606
37925256 2200028
37925257 30419606
37925258 30422119
37925259 30419606
37925261 30419606
37925262 30419606
4925317 3305019
37925628 2200027
37925662 3405007
37925683 2200049
37925684 4153038
37925685 35407304
37925686 37925687
37925690 3955366
37925691 3955366
37925822 415751
37925832 415751
37925835 4046559
37926379 3405007
14308875 14308885
37926579 35062858
37926639 29585936
37926774 3405007
37926775 2200028
37926777 30423752
37926779 37926776
37926813 2200049
37926815 37926816
37926959 29040685
37926961 2200049
37926963 2200027
37926965 2200027
37926967 4046384
37926968 2200049
37926969 2130670
37926970 2200027
37926971 2200049
37927312 2200049
37927313 2130670
37927316 5029208
37927317 37927318
37927320 2130673
37927321 37927322
37927323 2130673
37927324 2130673
2710505 3305019
37927366 2200049
37927367 13110566
37927369 2200027
37927387 2200049
37927388 3405015
37927391 2130670
37927392 30419144
37927393 2200027
37927393 14764371
37927394 14765924
37927395 2200049
37927396 30419606
37927397 2200049
37927397 4046386
37927398 2200049
37927453 2130671
37927456 30424568
37927462 37927463
37927464 35411471
37927581 3404945
37927582 2093735
37927584 2200049
37927585 2093735
37927586 2130672
37927588 2093739
37927589 2200049
37927590 2093739
37927592 415751
37927593 2200027
37927594 3404945
37927598 2130670
37927583 3405007
37927599 415751
37927600 30419144
37927602 2130672
30237111 2093739
37927604 2130670
37927605 2200027
37927606 2130670
37927649 35408819
37927666 37927667
37927670 2200049
37927671 2200028
37927675 4046561
37927677 2937694
37927678 14765924
37927680 37927681
37927683 14765924
37927684 35407286
37927685 35407286
37927686 35411482
37927687 35407286
37927688 14765924
37927690 37927667
37927692 37927693
37927694 2200049
37927696 14765924
37927697 14765924
37927699 35407283
37927700 2130671
37927703 3955366
37927704 2200027
37927705 4046561
37927770 3404766
37927771 3404766
37927772 29040685
37927774 30424568
37927775 14765924
37927776 14765924
37927777 14765924
37927778 30418578
37927800 2200027
37927802 2200027
37927805 3404875
37927807 2200027
37927810 2200028
37927811 2200049
37927812 3404766
37927814 2130670
37927815 2200027
37927816 2200049
37927817 3404766
37927818 3404875
37927820 2200049
37927821 2877906
37927823 2200028
37927824 2200049
37927825 2130670
37927826 2200049
37927827 3404875
37927829 14765924
37927832 2130670
37927835 2200028
37927837 2130670
37927838 37927833
37927839 2130670
37927840 15112865
37927842 2200049
37927843 2200027
37927846 2130670
37927855 14765924
37927919 2093735
37927920 2093739
37927921 2093735
37927923 3404945
37927927 2200027
37927928 37924743
37927929 3404945
37927930 4962539
37927931 4962539
37927935 3405007
37927940 4962539
4962536 4962539
37927944 3404945
37927945 2200049
37928044 9375914
2197289 2933932
37928738 3305019
37928743 2200027
37929177 2130670
37929178 2130671
37929179 2200027
37929180 2200027
37929181 2130670
37929204 2130672
37929207 3305019
37929208 3405007
37929209 2130672
37929210 2130670
37929211 2130670
37929271 2200027
37929764 2200027
37929765 29045732
4116151 3587387
37929777 2693903
4116152 2093739
37929778 2693903
37929779 35409439
37929780 2200049
15011511 2093735
15031122 3305019
4095110 3587387
37929783 2693903
37929784 37929785
37929786 2200049
37929787 37929788
37929789 35409439
37929791 2693903
37929792 2093739
37929793 2693903
37929794 35409439
37929795 30423752
37929797 2693903
37929798 2693903
37929799 2693903
37929800 2877906
37929801 2693903
37929802 37929803
37929804 2200049
37929808 14764371
37929809 3404875
37929820 29045732
37929821 2200049
37929822 29045732
37929823 2200049
37929824 3405007
37929825 2200049
37929826 30419144
37929827 2200049
37929828 3404766
37929829 2200049
37929829 4046386
37929886 30419144
37929888 2130670
37929889 2130670
37929890 2200049
37929919 2130670
37930114 2200027
37930141 2200049
37930226 14765924
37930227 2200049
37930376 1557041
37930376 3305019
37930519 2200049
37930520 3404766
37930663 2200049
37930663 35406726
37930663 4046385
37930663 4046386
37930670 2200049
37930671 2200049
37930674 2200049
37930675 14765924
37930676 4046384
37930677 4046563
37930684 4046563
37930686 9706134
37930690 4046563
37930691 14765924
37930866 2130670
37930867 15145856
37930882 2130670
37930883 2130670
37930884 2200049
37930971 4046386
37930973 3404875
37930974 2200049
37930975 2200027
37930976 2200027
37930977 2200049
37931398 2200027
15011503 4307653
11645770 3587387
37931453 3305019
37931454 15145856
15011512 3305019
29585932 29585936
37931623 29585936
37931624 29585936
37931625 29585936
37931626 13377995
37931627 13377995
37931628 29585936
37931629 13377995
34247328 29585936
28409783 2130672
37932082 2200049
37932082 4046385
37932082 4046386
37932084 3405007
37932085 2200027
37932086 14765924
37932088 2130670
37932089 14765924
37932090 4046384
37932091 2200049
1934228 2200049
37932092 2200049
37932185 37932186
37932187 14765924
37932190 30419144
37932192 415751
37932193 2093739
37932194 37932195
37932197 35409439
37932198 35409439
37932199 2693903
37932201 2093735
37932203 14765924
37932210 14765924
37932212 14764371
37932213 35409439
37932214 37929788
37932217 14764371
37932218 14765924
37932219 14765924
37932320 2693903
37932369 4739663
37932467 2130670
37932468 2130670
37932476 37932478
4397494 2093739
37932636 2093739
37932639 15145856
3104263 3587387
37932674 2093735
37932675 37929788
37932676 34292844
37932677 14764371
37932678 14764371
37932679 14764371
37932681 415751
37932681 14764371
37932682 14764371
37932801 30423752
37932802 2130660
37933023 2200027
37933024 2200028
37933025 2200049
37933026 2200049
37933031 30418691
37933033 30422119
37933040 2130673
37933046 15112865
37933047 14765924
37933123 2093739
37933125 2200027
37933462 2200027
37933463 2200049
37933464 14765924
37933466 4046563
37933467 37933468
37933942 2200049
37933945 2200027
37934037 30424271
37934411 2130660
37934451 415751
37934489 2200027
37934526 2200049
37934529 4046384
37934972 2693903
37934973 2200027
37934976 2693903
37934977 2693903
37934981 415751
37934983 2200049
37934984 2200027
37935186 2200027
37935188 2200049
37935213 2200027
37935214 2200027
37935216 4153038
37935219 37935217
37935440 30422110
37935441 30420188
37935441 30422110
37935482 30418691
37935484 37935485
37935490 2200027
37935491 2200027
37935493 37933468
37935494 14765924
37935499 4153038
37935500 14765924
37935501 37935485
37935502 4153038
37935506 37935485
37935518 2200049
37935520 2200049
37935522 2200049
37935525 2200049
37935527 2200049
37935528 2200027
37935531 3405007
37935532 14985380
37935534 30422868
37935535 3405007
37935538 14765924
37935539 2200049
37935542 2200049
37935543 14765924
37935546 30422868
37935548 3405007
37935549 2877906
37935550 2200049
37935551 2200027
37935552 2200049
37935553 2200049
37935590 2200049
37935591 2200027
37935592 2200049
37935592 37935593
37935608 30421880
37935609 30421880
37935609 30421883
30235017 2130674
37935610 2200049
37935611 30419144
37935804 30423752
37935805 2130660
37935806 2130670
37935862 2130660
37935863 37925242
37935864 2130670
37935879 4046384
37936026 2200027
37936027 2200049
37936066 2200049
37936067 3404875
37936068 3404875
37936069 2200027
37936075 2130660
37936206 2093735
37936207 2693903
37936225 14985382
37936226 37936227
37936228 37936229
37936231 14985382
37936232 14985382
37936233 14985382
37936234 14985382
37936237 2200027
30240055 30240064
30240056 2130670
37936419 4046561
37936933 3404851
37936936 3404851
37937031 14765924
37937033 2200049
37937034 4046384
37937035 4046384
37937040 37933468
37937041 37933468
37937057 4046386
8713995 2200049
37937058 3404766
37937059 2200049
37937424 37937425
37937478 2200049
37937479 2200049
37937480 2200049
37937481 4046384
37937542 48754
37937543 48754
4919351 2130672
37937647 2130670
37937859 2130660
37937890 2093735
37937891 35409439
37937892 14764371
37937893 2693903
37937894 2093735
37937899 415751
37937900 34239396
37937901 415751
37937904 415751
37937905 2093735
37937907 2693903
37937908 2093739
37937910 14764371
37937953 37933468
37938010 34222397
37938011 37927667
37938012 14765924
37938012 2200049
37938012 3404766
37938012 4046386
37938013 3955366
37938014 4153038
37938015 2200049
37938016 2877906
37938017 14765924
37938018 3955366
3642367 3955366
37938019 35407328
37938020 3404766
37938021 4046561
37938022 14765924
37938023 4046561
37938024 4046561
37938025 4046561
37938025 3955366
37938026 30423656
37938027 2200049
37938028 2200049
37938029 37938030
37938031 35407328
37938032 37927667
37938033 4046384
37938034 14765924
37938035 37925687
1328317 2200027
37938037 14765924
37938038 14765924
37938039 4046382
37938040 4046561
37938041 3955366
37938042 3955366
37938043 14765924
37938044 14765924
37938045 2200049
37938046 14765924
37938048 14765924
37938049 4046561
37938050 4046561
37938051 4046561
37938052 4046561
37938053 2200049
37938054 4046382
37938055 4046561
37938056 3404766
37938057 3404766
37938058 4046386
37938059 2200049
37938060 2200049
37938061 4046386
30239969 2130672
37938153 2130672
37938154 30420001
37938162 2200049
37938163 2130672
37938165 2130672
37938298 2937694
37938300 3471517
37938345 2200049
37938346 14765924
37938347 14765924
37938437 2130670
30742363 2200028
37938438 2200027
37938440 2200027
37938441 2200027
37938443 2200049
37938444 2200027
37938445 2200049
37938446 3404875
37938447 2200049
37938747 3404875
37938756 2130660
37938758 2200027
37938763 2130660
37938765 35411468
2082322 2836814
37938926 4046561
37938940 14765924
37939005 2693903
37939134 2836814
37939135 2130670
37939136 2200027
37939140 2200049
37939141 3404875
37939877 2130670
37939906 9080519
37939923 2200027
37940059 2877906
37940060 2130660
37940179 2200049
37940254 14765924
37940348 13110566
37940458 2130670
37940479 2200027
37940493 2130670
37940499 2836814
37940500 2200027
37940502 2130674
37940538 37925242
37940540 2693903
37940541 2693903
37940542 4046563
37940543 4046384
37940544 2200049
37940545 2693903
37940546 2693903
37940548 2200049
37940552 4046561
37940617 2200049
37940622 30423660
37940623 30420356
37940624 2200049
37940626 2200027
37940628 2200049
37940628 35406726
37940628 4046385
37940628 4046386
37940630 3404851
37940696 37940697
37941289 37941290
37942019 30422544
37942106 14765924
37942138 13377995
37942161 4046384
37942164 2200049
37942164 3404766
37942169 3404875
37942173 2200049
37942184 2200049
37942186 37942187
3908791 2130672
37942414 2130670
37942417 14985382
37942418 2130670
37942427 2200049
37942432 2200027
37942433 30421787
37942433 2130672
37942433 3404850
37942479 2130670
37942488 9688629
37942564 2200049
37942566 2200049
37942568 2200049
37942616 30420188
37942674 2877906
37942675 2130679
37942696 14765924
37942699 4046384
37942700 14765924
37942702 2200049
37942706 2200049
37942707 2200049
37942708 4046564
37942711 3405007
37942712 14765924
37942713 1055504
37942714 2200049
37942716 37933468
37942717 14765924
37942720 2200049
37942721 2200049
37942753 15145856
37942754 3404875
37942777 9688629
37942778 9688629
37942818 2200027
37942820 2200027
37942822 2200027
37942824 35409266
37942825 2200049
37942826 2130670
37942827 2200027
37942828 2130670
37942890 30421787
37942904 415751
37942907 415751
37942908 4046384
37942940 2200027
37942983 415751
37942985 2093735
1917066 2693903
37942988 415751
37942992 35409440
37942993 35409315
37942994 2093735
37942995 2093735
37942999 2093735
37943001 2093735
37943002 2093735
37943003 3404945
37943004 35409315
37943005 2093735
37943007 35409315
37943008 14765924
37943010 14765924
37943011 14765924
37943012 14764371
4354870 3305019
37943014 2200049
37943015 14764371
37943016 2693903
37943017 35409439
37943018 14764371
37943019 14764371
37943028 14764371
37943031 2093735
37943034 34239396
37943037 14764371
30744746 14764371
37943067 2130671
37943079 3404766
37943080 30423656
37943082 14765924
37943082 30418578
37943082 30421259
37943082 4046561
37943082 3955366
37943082 30423656
37943082 30422868
37943084 30419727
3955361 4153038
37943085 30422841
37943087 3955366
37943089 14765924
37943092 3955366
37943094 2200027
37943096 30422868
37943099 2200027
37943100 2200027
37943101 30422841
37943103 30419985
37943104 4153038
37943106 14765924
37943108 14765924
37943109 2200027
37943133 30419144
37943134 3405007
37943134 4046384
30739155 14765924
37943140 4046384
37943141 2130670
37943143 2200049
37943145 2200049
37943146 2200027
37943148 2200049
37943149 2130670
37943151 4046386
37943152 37943137
37943156 30419144
37943158 2200027
37943161 2130670
37943166 2130670
37943167 2130670
37943171 2130676
37943172 2130670
37943173 4046384
37943174 2130670
37943175 37943137
37943210 37927667
37943211 2200049
37943212 2937694
37943213 2200049
37943214 4046384
37943215 2200049
37943216 4046384
37943217 4046384
37943219 4046384
37943328 2130670
37943340 2200049
37943341 2200027
37943342 2130670
37943354 2130673
13399816 2130673
37943554 2200027
37943576 2200027
37943581 35406996
37943582 35406996
37943645 13110566
37943722 2130660
37943723 35411241
37943724 30423752
37943725 30423752
37943727 30423752
37943729 37932478
37943730 2200027
37943730 35411241
37943931 3955366
37943932 2200049
37944378 3404979
37944509 2130670
37944510 37935485
37944613 1564279
37944617 2200049
37944668 2200027
37944669 14765924
37944819 2130672
37944826 3404875
37944827 2130670
37944828 2130670
15135580 3418035
37944862 30419985
37944864 2130670
37945301 2200027
37945318 2200049
37945319 14765924
37945321 30424568
3046318 2130670
30423994 3108900
38025628 3108900
30306671 2693903
38658026 14764371
38823680 2200049
39653857 2130660
39658169 30423752
34232988 2093739
39671378 15145856
39674212 39674108
39674212 39674213
39688677 30421880
39696940 3404875
40035174 30424451
40035174 40035175
40035461 14764371
30245260 30245259
42503169 30419502
13446749 2093739
42503181 2200049
42503210 15145856
42503213 14764371
42503214 14764371
42503244 14764371
42503245 2200049
42503255 2093739
42503268 14765924
42503306 9679862
42503335 14764371
42503336 3404945
42503337 2093735
42503338 2200027
42503392 2200049
42503417 415751
42503504 415751
13514977 3305019
42503511 15145856
42503512 15145856
42503537 2130672
42503619 2200049
42503638 3404766
42503667 2130660
42503756 2200049
42503773 2093735
42503793 2200027
42503845 2130670
42503859 2130660
42503877 37935867
42503886 4046384
42503894 3405007
42503897 2200049
42503914 2093735
42503915 3796437
42503916 2093735
42503921 29040685
42503969 2200049
42503971 3404945
42503976 2200049
42503986 42503985
42504003 2200027
42504030 2200027
42504034 42504035
42504046 30422110
42504048 30418589
42504049 30422110
42504050 30420188
42504054 14765924
42504075 2200049
42504081 42504082
42504088 34259218
42504090 4046561
42504137 2200027
42504154 2200049
42504176 15064766
42504177 3404875
42504190 2200049
42504197 3405007
43416220 30421787
43436508 2200049
43464681 30422110
43485498 2130674
30039239 2693903
43535784 43535785
43624669 2093735
43669643 2130674
43669887 3305019
43712919 2093735
43717219 2200049
15145851 15145856
43747372 2093735
28409456 2130672
45867332 1564279
48146014 2130672
48148214 2200049
48148282 30421880
15626117 9688629
48149270 14765924
48151015 2130660
48151154 2093739
48152102 415751
48152412 2093739
48152892 415751
48152895 37929803
48152913 1564279
48152939 14764371
48152954 14764371
48152969 2093739
48159749 4386286
48159823 2093735
48163360 2200049
48164903 2200049
48164919 2093739
48165108 4046562
48165142 4046384
48166348 804675
48166355 3404945
48166359 2200027
48168855 3305019
48169023 15064766
48169024 15064766
48169029 14985380
48169039 13341872
48169043 13377995
48169044 13377995
48169167 2877906
48169256 2130670
48169258 48169259
48169281 2709574
48170093 3405007
48170095 30420188
48170096 30418589
48171553 2130670
48172224 2130671
48172959 14765924
48173001 2200049
48173012 2200049
48173012 4046386
48173047 29040685
48173048 4046561
48173127 2200049
48173609 14765924
48173891 2200027
48174079 13335423
48174095 2200049
48174097 2200049
48174179 2200027
48178368 30418691
48179034 30422059
48179040 30422059
48181648 35409441
48185148 2200027
48185362 35410945
48185384 2200027
48185393 2200027
48185478 14765924
48185592 3404766
48185638 14765924
48186338 3404766
48186605 2130670
48187236 3404766
48187357 2130660
48187357 35407676
48187442 2130660
48187484 14765924
48187655 1564279
48187965 2200049
48188798 2130660
48188823 2130670
48188823 30423752
48188823 30419606
48188823 37925242
3732408 2933932
48188948 2200049
48189107 2836814
48189130 2130670
48189131 30422119
48189307 30419144
48191186 2200049
48191227 2130671
48191280 14765924
48192147 3955366
48192236 3955366
48192237 4046561
48193076 13110566
48193381 4046564
48193535 2200027
48193537 4046382
48193537 2200049
48193537 3404766
48193537 4046385
48193696 2200049
48194372 48194373
48195628 2200027
48195698 3404945
48200087 2200027
48200146 2130679
48200147 2130679
48447528 4046561
48447948 2200049
48448301 14985380
48448342 1564279
48448344 14985380
48450136 2200049
48450204 2200027
48450548 2130670
48450556 2200049
48450577 2130660
48450617 2130672
48450635 2200049
48450645 14985382
48450724 2130670
48450725 2200049
48450939 48450940
48453316 2200049
48454490 2200049
48454783 2200049
48458794 3404850
48459802 3405007
48460604 30421880
48460607 30421880
48460608 30424271
48460861 2200049
48460864 2200049
48460870 4216843
48460879 2130672
48463538 2130670
48464268 14765924
48464551 14764371
48464552 415751
48465260 2130670
48469265 35407286
48469424 2200049
48489220 2200049
49166941 2093740
34305001 30420188
14890343 2130673
37930371 37927754
37930371 37927755
37930371 37930374
37930372 37930375
3405009 2130660
30245264 2130660
9375900 9375914
15154413 15154424
3725124 1252185
30229663 3305019
3725132 3405004
30240062 30240065
50305162 14764371
50308157 2200027
50308315 2093739
50308317 2130670
50308323 2130660
50308329 2200027
50308512 30421136
50308614 15145856
50308784 13377995
50308843 2200049
50308844 2200049
50308846 2200049
50309294 13377995
50310686 2130672
50310963 4739663
50311516 13377995
50312384 1055504
50313847 13377995
50314797 2130660
50315093 2130672
50315557 30420188
50316317 4046384
50316526 35411510
50316660 2200049
50316681 2130672
50316715 1055504
50316754 2130673
50316871 30421136
50317071 2200049
50317083 2130670
50317570 2200027
50317618 30418518
50317906 3404945
50317964 3404875
50317994 2200049
51003185 9688629
51003325 13377995
51003586 14765924
51003647 2200049
51003660 2200049
51003680 2200049
51003685 30423965
51003696 2130670
51003748 2130671
51003778 3405007
51003797 14764371
51003804 2130670
51003824 37932186
51003832 4046386
51003844 2200027
51003852 2200049
51003855 14764371
51003864 2130660
51003867 2093735
51003875 2200049
51003876 2130670
51003879 2200049
51003886 2200049
51003888 2093735
51003893 42504145
51003913 4046563
51003921 2093739
51003925 14764371
51003929 14765924
51004238 14765924
51004238 14765926
51004238 4046564
51004239 14765924
51004239 14765926
51004239 4046564
51004239 48188407
51004240 2200049
51004241 2200049
51004242 2200049
51004243 2200049
51004244 2200049
51004245 2200049
51004246 2200049
51004247 2200049
51004248 2200049
51004249 2200049
51004250 2200049
51004251 2200049
51004252 2200049
51004253 2200049
51004254 2200049
51004254 3404766
51004255 2200049
51004256 2200049
51004257 2200049
51004258 2200049
51004259 2200049
51004260 2200049
51004261 2200049
51004263 2200049
51004264 2200049
51004266 2200049
51004267 2200049
51004268 2200049
51004269 2200049
51004270 2200049
51004271 2200049
51004272 2200049
51004273 2200049
51004274 2200049
51004276 2200049
51004277 2200049
51004278 2200049
51004279 2200049
51004280 2200049
51004281 13110566
51004282 29040685
51004283 29040685
51004284 14765924
51004285 14765924
51004286 14765924
51004287 14765924
51004288 14765924
51004289 14765924
51004290 14765924
51004291 14765924
51004292 14765924
51004293 14765924
51004294 14765924
51004295 14765924
51004296 2130671
51004297 2130671
51004298 30423752
51004299 3405007
51004300 4046561
51004301 30418518
51004302 30418518
51004303 3404766
51004304 3404766
51004305 35407328
51004306 35407328
51004307 2093739
51004308 2130660
51004309 2130660
51004310 2130660
51004311 2130660
51004312 9688629
51004313 2877906
51004314 2200028
51004315 37932478
51004317 40008212
51004318 3404875
51004319 3404875
51004321 14764371
51004322 14764371
51004323 14764371
51004324 2200027
51004325 2200027
51004326 2200027
51004327 2200027
51004328 2200027
51004329 2200027
51004330 2200027
51004331 2200027
51004332 2200027
51004334 2200027
51004335 2200027
51004336 2200027
51004337 2200027
51004338 37943137
51004339 30419144
51004340 30419144
51004341 3955366
51004342 3955366
51004343 3955366
51004344 3955366
51004345 3404945
51004346 3404945
51004347 3404945
51004348 415751
51004349 415751
51004350 415751
51004351 415751
51004352 415751
51004353 415751
51004354 415751
51004355 2093735
51004356 2093735
51004357 2130670
51004358 2130670
51004359 2130670
51004360 2130670
51004361 2130670
51004362 2130670
51004363 2130670
51004364 2130670
51004365 2130670
51004366 2130670
51004367 2130670
51004368 2130670
51004369 2130670
51004370 2130670
51004371 2130670
51004372 2130670
51004373 2130670
51004374 2130670
51004375 2130670
51004377 3796437
51004378 2937694
51004379 2937694
51004380 2130673
51004381 2130673
51004382 2130673
51004383 2130672
51004384 2130672
51004385 2130672
51004386 4210212
51004387 3418035
51004388 2693903
51004389 2693903
51004390 2693903
51004391 4286163
51004392 4286163
51004393 37936227
51004394 2836814
51004395 2130676
51004396 3404851
51004397 51004398
51004399 4046563
51004400 4046563
51004401 37929785
51004402 4927255
51004403 34259218
51004404 29040684
51004405 42503984
51004406 35411453
51004407 30418537
51004408 34292844
51004409 35406726
51004410 3555995
51004411 1252185
51004412 37925687
51004413 37925687
