4931545 4931534
9716380 9716385
9716417 9716423
9716677 9716685
9716677 9716686
3260344 3701688
9726816 9726822
9727261 9727264
9728564 9728571
4931883 4931875
4931883 4931890
4931883 4931891
9728892 9728896
9728892 9728898
9728892 9728901
9728949 9728951
9728949 9728956
9728951 9728949
9728951 9728956
13320230 13320235
13320358 13320364
13343447 13343449
4931875 4931883
4931875 4931890
4931875 4931891
14763233 14763236
15830639 15830643
32948661 32948663
33134837 33134839
33251200 33251201
33251226 33251228
15336905 15336910
33252148 33252150
34342205 34342206
34347743 34347746
34597712 34597713
35018475 35018477
35020763 35020765
35021732 35021734
35021732 35021735
35025390 35025392
9728896 9728892
9728896 9728898
9728896 9728901
35028901 35028903
35032049 35032051
4931888 4931922
35032813 35032815
35033855 35033856
35036586 35036588
35037100 35037103
4931890 4931883
4931890 4931875
4931890 4931891
13343449 13343447
35039486 35039488
35288687 35288689
35288688 35288694
1500953 2365226
35289265 35289266
35289266 35289265
35291018 35291020
37739341 37739343
8332560 8332663
15903997 15904007
33937388 33937391
38230377 38230379
38231461 38231463
38312943 38312945
38314701 38314702
38314705 38314706
38315924 38315925
38316067 38316068
38317748 38317749
38317858 38317859
38319171 38319172
38319780 38319781
9728898 9728892
9728898 9728896
9728898 9728901
38322233 38322234
38322521 38322522
38324705 38324706
38325028 38325030
38325109 38325111
38325643 38325644
38325690 38325691
38326425 38326426
38328933 38328935
38331764 38331766
38331897 38331899
38332938 38332940
9727264 9727261
4931533 4931540
4931534 4931545
30066116 30066119
34347746 34347743
38669788 38669791
38670319 38670320
38670320 38670319
38670923 38670924
38670924 38670923
33172010 33172011
38678128 38678129
38678129 38678128
38679942 38679943
38679943 38679942
38312603 38312608
38752747 38752748
38761148 38761149
2021147 2786011
38828642 38828644
38830141 38830142
38830265 38830266
38830871 38830872
38831059 38831060
38832370 38832371
38832390 38832391
38832406 38832407
38832438 38832439
38832566 38832567
38832755 38832756
38833066 38833067
38833295 38833296
38833345 38833346
38833455 38833456
38833608 38833609
38833687 38833688
38833726 38833727
38833952 38833953
38834376 38834377
38834400 38834401
38834507 38834508
38834686 38834687
38835483 38835484
38835841 38835842
38835842 38835841
38837382 38837383
38837561 38837562
38837619 38837620
38837959 38837960
38839569 38839570
38839720 38839721
38839770 38839771
38842393 38842394
38846588 38846589
38848351 38848352
38857027 38857028
38862290 38862291
38866480 38866481
38866493 38866494
38866528 38866529
38866647 38866648
38866964 38866965
38867016 38867017
38867166 38867167
38867183 38867184
38867216 38867217
38867337 38867338
38867617 38867618
38867623 38867624
38867805 38867806
38867852 38867853
38867889 38867890
38867992 38867993
38868049 38868050
38868071 38868072
38868099 38868100
38868450 38868451
37770427 37770428
38876411 38876412
38879302 38879304
38879625 38879626
38879653 38879654
38879685 38879687
38879762 38879763
38880363 38880365
38881936 38881937
38882010 38882012
38882763 38882764
38883599 38883601
38884562 38884564
38884621 38884622
38884802 38884803
38887974 38887975
38888244 38888245
38888489 38888490
38889473 38889474
38889833 38889834
38897637 38897638
38898550 38898551
38898607 38898608
38899195 38899196
38902527 38902528
38905351 38905353
38906239 38906240
38906265 38906266
38906427 38906428
38906578 38906579
38908978 38908979
38911065 38911067
38912519 38912521
38912614 38912615
38915362 38915363
38916874 38916875
38919278 38919279
38919384 38919385
38919440 38919441
38919590 38919591
38919869 38919870
38920032 38920033
38921705 38921706
38922235 38922237
38922479 38922481
38922663 38922664
38923227 38923228
38924406 38924407
38924587 38924588
38924787 38924788
38925984 38925986
38926086 38926087
38926517 38926518
38927043 38927044
38928031 38928032
38928480 38928481
38928814 38928815
38928961 38928962
38928978 38928979
38929020 38929021
38929047 38929048
38929303 38929304
38929415 38929416
38929606 38929607
38929613 38929614
38929756 38929757
38929846 38929847
38929956 38929957
38931337 38931338
38931691 38931692
38931697 38931698
38933051 38933052
38934176 38934177
38935162 38935163
38947865 38947866
38948423 38948424
38965943 38965944
38966248 38966249
38995414 38995415
38995544 38995545
38995606 38995607
38995675 38995676
38995792 38995793
38996262 38996263
38996311 38996312
38996363 38996364
38996608 38996609
38996804 38996805
38997065 38997066
38997255 38997256
38997653 38997654
38997691 38997692
38997831 38997832
38998058 38998059
38998059 38998058
39000871 39000872
39000925 39000926
39000952 39000953
39001212 39001213
39001616 39001617
39001764 39001765
39002270 39002271
39004565 39004566
39006546 39006547
39007773 39007774
39009884 39009885
39014611 39014612
39015130 39015131
39016337 39016338
39017536 39017537
39021417 39021418
39023322 39023323
39029926 39029927
39030005 39030006
39030361 39030362
39030529 39030530
39030686 39030687
39034682 39034683
39043014 39043015
39044769 39044770
39044921 39044922
39044956 39044957
4931891 4931883
4931891 4931875
4931891 4931890
39045005 39045006
39045006 39045005
39045282 39045283
39045283 39045282
39045295 39045296
39045330 39045331
39045296 39045295
39045450 39045451
39045468 39045469
39045587 39045588
39045677 39045678
39045889 39045890
39046130 39046131
39046657 39046659
39049076 39049077
39049192 39049193
39049377 39049378
4931540 4931533
39051625 39051626
39052107 39052108
39052941 39052942
39053769 39053770
39053893 39053894
39054091 39054092
39054197 39054198
39054237 39054238
39054251 39054252
39054280 39054281
39054311 39054312
39054312 39054311
39054333 39054334
39054464 39054465
39054548 39054549
39054613 39054614
39054669 39054670
39054693 39054695
39054983 39054984
39055587 39055589
39055597 39055599
39055659 39055660
39055670 39055671
39055815 39055817
39056091 39056092
39056157 39056158
39056236 39056238
39056401 39056402
39056783 39056785
39056841 39056842
39057196 39057197
39057308 39057309
39057879 39057880
39058239 39058240
39058284 39058285
3967635 4161251
39059065 39059066
39059344 39059345
39059729 39059730
39060548 39060549
39060817 39060818
39067634 39067635
39067788 39067789
39068023 39068025
39068630 39068631
39069784 39069785
39073851 39073852
39074948 39074950
39078053 39078054
39078570 39078571
39078584 39078585
39078661 39078662
39078851 39078852
39078936 39078937
39078942 39078943
39078945 39078946
39079886 39079887
39079976 39079977
39081191 39081192
39081208 39081209
39081503 39081504
39083493 39083494
39084048 39084049
39084770 39084771
39087603 39087604
39097241 39097243
39111447 39111449
39112349 39112350
39115108 39115110
39115384 39115385
39115494 39115495
39115519 39115520
39115527 39115528
39115866 39115867
39116105 39116106
39142291 39142292
39143105 39143106
39143192 39143193
39143200 39143201
39143257 39143258
39143284 39143285
39143466 39143467
39143613 39143614
39143667 39143668
39143689 39143690
39143753 39143754
39143850 39143851
39144026 39144027
39144081 39144082
39144279 39144280
39144302 39144303
39145036 39145037
39145065 39145066
39146008 39146009
39146020 39146021
39146025 39146026
39146165 39146166
39146594 39146595
39148268 39148269
39149300 39149301
39150555 39150556
39151637 39151638
39153509 39153510
39154506 39154507
39155111 39155112
39155129 39155130
39155138 39155139
39155473 39155474
39156072 39156073
39156395 39156396
39156597 39156598
39156766 39156767
39087604 39087603
39182533 39182534
39183166 39183168
39183171 39183173
39183483 39183485
39183704 39183706
35021734 35021732
35021734 35021735
39185493 39185495
39187452 39187454
39187783 39187784
41360100 41360101
39009885 39009884
41362575 41362576
41366697 41366698
41369315 41369316
41370496 41370497
41372351 41372352
41373771 41373772
41378838 41378839
41378898 41378899
41380426 41380427
41381557 41381558
41383494 41383495
41384252 41384253
41385961 41385962
41386224 41386225
41389885 41389886
41390234 41390235
41392464 41392465
41393947 41393948
41395513 41395514
41398908 41398910
41398968 41398969
41401578 41401579
41401682 41401684
41401728 41401729
41402678 41402679
41403882 41403883
41404630 41404631
41405167 41405168
41409163 41409164
39054281 39054280
41727752 41727753
41727753 41727752
41727757 41727758
41727758 41727757
41727760 41727761
41727761 41727760
41727763 41727764
41727764 41727763
41727768 41727769
41727769 41727768
41727772 41727773
41727773 41727772
41727777 41727778
41727778 41727777
41727782 41727783
41727783 41727782
39142292 39142291
41727785 41727786
41727786 41727785
41401579 41401578
41727790 41727791
41727791 41727790
38902528 38902527
41727793 41727794
41727794 41727793
41727796 41727797
41727797 41727796
41370497 41370496
38319781 38319780
39073852 39073851
39067789 39067788
41727800 41727801
41727801 41727800
41727803 41727804
41727804 41727803
41727806 41727807
41727807 41727806
39068025 39068023
41727810 41727811
41727811 41727810
41727814 41727815
41727815 41727814
41727819 41727820
41727820 41727819
38916875 38916874
41727823 41727824
41727824 41727823
39068631 39068630
38317749 38317748
38325030 38325028
41727829 41727830
41727830 41727829
41727832 41727833
41727833 41727832
39059730 39059729
41727835 41727836
41727836 41727835
41727839 41727840
41727840 41727839
41727843 41727844
41727844 41727843
41727846 41727847
41727847 41727846
39112350 39112349
41727849 41727850
41727850 41727849
39059345 39059344
39015131 39015130
39014612 39014611
41727852 41727853
41727853 41727852
41727857 41727858
41727858 41727857
41727860 41727861
41727861 41727860
41727864 41727865
41727865 41727864
41727867 41727868
41727868 41727867
39153510 39153509
30066119 30066116
39156073 39156072
41727870 41727871
41727871 41727870
41727875 41727876
41727876 41727875
39069785 39069784
38325111 38325109
41727878 41727879
41727879 41727878
41727881 41727882
41727882 41727881
41727884 41727885
41727885 41727884
39052108 39052107
41727890 41727891
41727891 41727890
41727894 41727895
41727895 41727894
39182534 39182533
41727898 41727899
41727899 41727898
41727902 41727903
41727903 41727902
41727906 41727907
41727907 41727906
41727910 41727911
41727911 41727910
41727915 41727916
41727916 41727915
41727918 41727919
41727919 41727918
41727922 41727923
41727923 41727922
41727925 41727926
41727926 41727925
41727927 41727928
41727928 41727927
41727930 41727931
41727931 41727930
41727935 41727936
41727936 41727935
41727939 41727940
41727940 41727939
38332940 38332938
41392465 41392464
41727941 41727942
41727942 41727941
38922664 38922663
41727944 41727945
41727945 41727944
35039488 35039486
35028903 35028901
39001617 39001616
15830643 15830639
38312945 38312943
38879687 38879685
39187784 39187783
41727947 41727948
41727948 41727947
41727951 41727952
41727952 41727951
41727955 41727956
41727956 41727955
41727958 41727959
41727959 41727958
41727964 41727965
41727965 41727964
41727968 41727969
41727969 41727968
13320235 13320230
41727971 41727972
41727972 41727971
41727976 41727977
41727977 41727976
38931692 38931691
41727979 41727980
41727980 41727979
41727983 41727984
41727984 41727983
38928815 38928814
41727985 41727986
41727986 41727985
39045588 39045587
41727990 41727991
41727991 41727990
41727994 41727995
41727995 41727994
41727996 41727997
41727997 41727996
41727998 41727999
41727999 41727998
39143201 39143200
41728001 41728002
41728002 41728001
35021735 35021732
35021735 35021734
38833067 38833066
38834377 38834376
41728004 41728005
41728005 41728004
41728006 41728007
41728007 41728006
41728008 41728009
41728009 41728008
41728010 41728011
41728011 41728010
41728012 41728013
41728013 41728012
41728014 41728015
41728015 41728014
41728016 41728017
41728017 41728016
41728021 41728022
41728022 41728021
41728023 41728024
41728024 41728023
41728025 41728026
41728026 41728025
41728027 41728028
41728028 41728027
41728029 41728030
41728030 41728029
38929021 38929020
33251201 33251200
41728031 41728032
41728032 41728031
41728035 41728036
41728036 41728035
38996263 38996262
41728040 41728041
41728041 41728040
39056842 39056841
38835484 38835483
38919441 38919440
41728044 41728045
41728045 41728044
38997066 38997065
39002271 39002270
41728048 41728049
41728049 41728048
38331899 38331897
38997654 38997653
38915363 38915362
39045469 39045468
39054092 39054091
38331766 38331764
39054238 39054237
38839771 38839770
38919870 38919869
33251228 33251226
38887975 38887974
38919591 38919590
15336910 15336905
33134839 33134837
9728956 9728949
9728956 9728951
39049378 39049377
39043015 39043014
41362576 41362575
38669791 38669788
39056158 39056157
39054549 39054548
41728053 41728054
41728054 41728053
41728058 41728059
41728059 41728058
41728062 41728063
41728063 41728062
41728068 41728069
41728069 41728068
41728073 41728074
41728074 41728073
41728078 41728079
41728079 41728078
41728082 41728083
41728083 41728082
41728086 41728087
41728087 41728086
41728091 41728092
41728092 41728091
41728095 41728096
41728096 41728095
41728099 41728100
41728100 41728099
41728104 41728105
41728105 41728104
39055589 39055587
39143258 39143257
41728108 41728109
41728109 41728108
38934177 38934176
39056238 39056236
39144280 39144279
38328935 38328933
39054614 39054613
39055671 39055670
41728111 41728112
41728112 41728111
38326426 38326425
39143467 39143466
41728116 41728117
41728117 41728116
41728120 41728121
41728121 41728120
38837383 38837382
39046131 39046130
41728127 41728128
41728128 41728127
41728131 41728132
41728132 41728131
39044957 39044956
38867217 38867216
38867890 38867889
38997832 38997831
41728135 41728136
41728136 41728135
41728138 41728139
41728139 41728138
41728143 41728144
41728144 41728143
41728149 41728150
41728150 41728149
41728154 41728155
41728155 41728154
41728158 41728159
41728159 41728158
38928979 38928978
41728161 41728162
41728162 41728161
41728166 41728167
41728167 41728166
41728168 41728169
41728169 41728168
38898608 38898607
41728170 41728171
41728171 41728170
38317859 38317858
39045890 39045889
39156396 39156395
41728173 41728174
41728174 41728173
41401684 41401682
41728176 41728177
41728177 41728176
38897638 38897637
39155474 39155473
41728179 41728180
41728180 41728179
38965944 38965943
41728183 41728184
41728184 41728183
41728187 41728188
41728188 41728187
41728190 41728191
41728191 41728190
38889834 38889833
38947866 38947865
38846589 38846588
38866529 38866528
41728193 41728194
41728194 41728193
39078937 39078936
39078946 39078945
39078852 39078851
39078585 39078584
39078662 39078661
39078943 39078942
39016338 39016337
37739343 37739341
39017537 39017536
41728196 41728197
41728197 41728196
38862291 38862290
38315925 38315924
41728202 41728203
41728203 41728202
41728205 41728206
41728206 41728205
39074950 39074948
38842394 38842393
41728210 41728211
41728211 41728210
39084049 39084048
39156767 39156766
38230379 38230377
41728213 41728214
41728214 41728213
39081192 39081191
39081209 39081208
41401729 41401728
41728216 41728217
41728217 41728216
41728219 41728220
41728220 41728219
38857028 38857027
41398910 41398908
38929304 38929303
41728222 41728223
41728223 41728222
41728225 41728226
41728226 41728225
41728228 41728229
41728229 41728228
41728231 41728232
41728232 41728231
38832567 38832566
33172011 33172010
41728234 41728235
41728235 41728234
41728237 41728238
41728238 41728237
38928481 38928480
38931338 38931337
41728240 41728241
41728241 41728240
41728243 41728244
41728244 41728243
38931698 38931697
38929416 38929415
39143285 39143284
38929607 38929606
38928962 38928961
39115495 39115494
41728246 41728247
41728247 41728246
39115520 39115519
38928032 38928031
41728250 41728251
41728251 41728250
38924588 38924587
41728254 41728255
41728255 41728254
38314706 38314705
38923228 38923227
41728257 41728258
41728258 41728257
41728262 41728263
41728263 41728262
41728265 41728266
41728266 41728265
41728268 41728269
41728269 41728268
41728271 41728272
41728272 41728271
41728274 41728275
41728275 41728274
41372352 41372351
39143754 39143753
41386225 41386224
38995545 38995544
41728277 41728278
41728278 41728277
39007774 39007773
38888245 38888244
39006547 39006546
39044922 39044921
39067635 39067634
38929048 38929047
41728281 41728282
41728282 41728281
39054198 39054197
38933052 38933051
38839570 38839569
39143193 39143192
38995676 38995675
38830872 38830871
41728283 41728284
41728284 41728283
35288694 35288688
39146021 39146020
41728290 41728291
41728291 41728290
41728294 41728295
41728295 41728294
41728296 41728297
41728297 41728296
41728298 41728299
41728299 41728298
38899196 38899195
38314702 38314701
41378839 41378838
41728301 41728302
41728302 41728301
39079977 39079976
41728305 41728306
41728306 41728305
38831060 38831059
41728309 41728310
41728310 41728309
39059066 39059065
41728311 41728312
41728312 41728311
41728313 41728314
41728314 41728313
41728316 41728317
41728317 41728316
41728318 41728319
41728319 41728318
41728320 41728321
41728321 41728320
41728323 41728324
41728324 41728323
41728327 41728328
41728328 41728327
41728330 41728331
41728331 41728330
41728335 41728336
41728336 41728335
41728337 41728338
41728338 41728337
14763236 14763233
2365226 1500953
41728339 41728340
41728340 41728339
41728346 41728347
41728347 41728346
39056092 39056091
41728353 41728354
41728354 41728353
38324706 38324705
38876412 38876411
41728357 41728358
41728358 41728357
39045451 39045450
41728365 41728366
41728366 41728365
41728371 41728372
41728372 41728371
41728375 41728376
41728376 41728375
41728379 41728380
41728380 41728379
38316068 38316067
38921706 38921705
38832756 38832755
35032815 35032813
41728382 41728383
41728383 41728382
38919279 38919278
38832407 38832406
38929757 38929756
41728386 41728387
41728387 41728386
38922481 38922479
41409164 41409163
39185495 39185493
41728391 41728392
41728392 41728391
41728396 41728397
41728397 41728396
41728400 41728401
41728401 41728400
41728405 41728406
41728406 41728405
41728409 41728410
41728410 41728409
39146595 39146594
41728412 41728413
41728413 41728412
39150556 39150555
39151638 39151637
41728415 41728416
41728416 41728415
41728418 41728419
41728419 41728418
41383495 41383494
38929847 38929846
41728421 41728422
41728422 41728421
38919385 38919384
41728426 41728427
41728427 41728426
41728428 41728429
41728429 41728428
32948663 32948661
41728430 41728431
41728431 41728430
41728432 41728433
41728433 41728432
41728435 41728436
41728436 41728435
41728439 41728440
41728440 41728439
41728442 41728443
41728443 41728442
41728448 41728449
41728449 41728448
41728453 41728454
41728454 41728453
41728458 41728459
41728459 41728458
41389886 41389885
41728463 41728464
41728464 41728463
41728468 41728469
41728469 41728468
41398969 41398968
41728471 41728472
41728472 41728471
41728474 41728475
41728475 41728474
41728476 41728477
41728477 41728476
41728479 41728480
41728480 41728479
41728482 41728483
41728483 41728482
41728485 41728486
41728486 41728485
41728488 41728489
41728489 41728488
41728491 41728492
41728492 41728491
41728496 41728497
41728497 41728496
41728501 41728502
41728502 41728501
41728503 41728504
41728504 41728503
41728506 41728507
41728507 41728506
41728509 41728510
41728510 41728509
41728511 41728512
41728512 41728511
41728516 41728517
41728517 41728516
41728518 41728519
41728519 41728518
41728522 41728523
41728523 41728522
41728525 41728526
41728526 41728525
41728528 41728529
41728529 41728528
41728532 41728533
41728533 41728532
41728535 41728536
41728536 41728535
41728537 41728538
41728538 41728537
41728539 41728540
41728540 41728539
41728544 41728545
41728545 41728544
38312608 38312603
35288689 35288687
39084771 39084770
39054695 39054693
41728546 41728547
41728547 41728546
41728550 41728551
41728551 41728550
41728552 41728553
41728553 41728552
38908979 38908978
39143851 39143850
41728555 41728556
41728556 41728555
38906428 38906427
38912615 38912614
38912521 38912519
38996364 38996363
39116106 39116105
38834401 38834400
38832391 38832390
38926518 38926517
38832439 38832438
38996609 38996608
37770428 37770427
39045678 39045677
41728559 41728560
41728560 41728559
41728561 41728562
41728562 41728561
41728563 41728564
41728564 41728563
41728565 41728566
41728566 41728565
41728567 41728568
41728568 41728567
41728569 41728570
41728570 41728569
39115110 39115108
9726822 9726816
41728572 41728573
41728573 41728572
41728575 41728576
41728576 41728575
39000926 39000925
39000872 39000871
38926087 38926086
41728577 41728578
41728578 41728577
38966249 38966248
41728579 41728580
41728580 41728579
39000953 39000952
41728584 41728585
41728585 41728584
39051626 39051625
41728588 41728589
41728589 41728588
41728591 41728592
41728592 41728591
38832371 38832370
38920033 38920032
41728593 41728594
41728594 41728593
41728595 41728596
41728596 41728595
41728597 41728598
41728598 41728597
35018477 35018475
41728602 41728603
41728603 41728602
38231463 38231461
9728571 9728564
41728604 41728605
41728605 41728604
41728609 41728610
41728610 41728609
41728612 41728613
41728613 41728612
41728616 41728617
41728617 41728616
41728619 41728620
41728620 41728619
41728624 41728625
41728625 41728624
41728628 41728629
41728629 41728628
41728630 41728631
41728631 41728630
35020765 35020763
41728633 41728634
41728634 41728633
35037103 35037100
41728635 41728636
41728636 41728635
39057309 39057308
41728638 41728639
41728639 41728638
41728641 41728642
41728642 41728641
41728644 41728645
41728645 41728644
41393948 41393947
41728646 41728647
41728647 41728646
41728648 41728649
41728649 41728648
41390235 41390234
41366698 41366697
41728650 41728651
41728651 41728650
41728652 41728653
41728653 41728652
41728654 41728655
41728655 41728654
41728656 41728657
41728657 41728656
41728660 41728661
41728661 41728660
41728662 41728663
41728663 41728662
41728664 41728665
41728665 41728664
41728668 41728669
41728669 41728668
41728672 41728673
41728673 41728672
41728674 41728675
41728675 41728674
41728676 41728677
41728677 41728676
41728680 41728681
41728681 41728680
41728682 41728683
41728683 41728682
41728684 41728685
41728685 41728684
41369316 41369315
41728687 41728688
41728688 41728687
41728689 41728690
41728690 41728689
41728692 41728693
41728693 41728692
41728694 41728695
41728695 41728694
41728697 41728698
41728698 41728697
41728699 41728700
41728700 41728699
41728701 41728702
41728702 41728701
41728703 41728704
41728704 41728703
41728705 41728706
41728706 41728705
41728707 41728708
41728708 41728707
41728709 41728710
41728710 41728709
41728712 41728713
41728713 41728712
41728716 41728717
41728717 41728716
41728718 41728719
41728719 41728718
41728720 41728721
41728721 41728720
41728723 41728724
41728724 41728723
41728725 41728726
41728726 41728725
41728728 41728729
41728729 41728728
41728732 41728733
41728733 41728732
41728736 41728737
41728737 41728736
41728738 41728739
41728739 41728738
41728741 41728742
41728742 41728741
41728743 41728744
41728744 41728743
41728746 41728747
41728747 41728746
41728749 41728750
41728750 41728749
41728753 41728754
41728754 41728753
41728756 41728757
41728757 41728756
41728760 41728761
41728761 41728760
41728762 41728763
41728763 41728762
41728765 41728766
41728766 41728765
41728767 41728768
41728768 41728767
41728769 41728770
41728770 41728769
41728771 41728772
41728772 41728771
38867184 38867183
41728773 41728774
41728774 41728773
38867624 38867623
38867618 38867617
41728776 41728777
41728777 41728776
38867017 38867016
38867167 38867166
41728779 41728780
41728780 41728779
38866965 38866964
38867338 38867337
41402679 41402678
41728783 41728784
41728784 41728783
41728787 41728788
41728788 41728787
39155112 39155111
38867993 38867992
41728793 41728794
41728794 41728793
38867853 38867852
41395514 41395513
38867806 38867805
41728798 41728799
41728799 41728798
38866648 38866647
39155130 39155129
38866494 38866493
39155139 39155138
38866481 38866480
41381558 41381557
38868100 38868099
38868072 38868071
38868050 38868049
38868451 38868450
41404631 41404630
41728801 41728802
41728802 41728801
41728804 41728805
41728805 41728804
41728807 41728808
41728808 41728807
41728810 41728811
41728811 41728810
38929614 38929613
41728815 41728816
41728816 41728815
39034683 39034682
39052942 39052941
41385962 41385961
41728818 41728819
41728819 41728818
38830142 38830141
41728822 41728823
41728823 41728822
39146026 39146025
41728825 41728826
41728826 41728825
38830266 38830265
39146009 39146008
41728830 41728831
41728831 41728830
39054984 39054983
41728835 41728836
41728836 41728835
39143614 39143613
41360101 41360100
39115867 39115866
41728841 41728842
41728842 41728841
38995415 38995414
41728844 41728845
41728845 41728844
38948424 38948423
41728848 41728849
41728849 41728848
39143668 39143667
38995607 38995606
41728851 41728852
41728852 41728851
41728854 41728855
41728855 41728854
39046659 39046657
41728856 41728857
41728857 41728856
39143690 39143689
38906266 38906265
38906240 38906239
41728860 41728861
41728861 41728860
38906579 38906578
38839721 38839720
39060818 39060817
41728864 41728865
41728865 41728864
41728869 41728870
41728870 41728869
39057197 39057196
38752748 38752747
41728872 41728873
41728873 41728872
41728875 41728876
41728876 41728875
41728879 41728880
41728880 41728879
41728881 41728882
41728882 41728881
41728884 41728885
41728885 41728884
13320364 13320358
35291020 35291018
38834508 38834507
39030362 39030361
38833953 38833952
41728888 41728889
41728889 41728888
39054670 39054669
38833688 38833687
39144303 39144302
38833727 38833726
38833609 38833608
41728891 41728892
41728892 41728891
41728897 41728898
41728898 41728897
41728902 41728903
41728903 41728902
38833456 38833455
41728905 41728906
41728906 41728905
41728913 41728914
41728914 41728913
38884803 38884802
39187454 39187452
41728917 41728918
41728918 41728917
41728923 41728924
41728924 41728923
38924407 38924406
39055599 39055597
41728928 41728929
41728929 41728928
41728932 41728933
41728933 41728932
41728935 41728936
41728936 41728935
39058285 39058284
39115528 39115527
41728937 41728938
41728938 41728937
41728941 41728942
41728942 41728941
41728944 41728945
41728945 41728944
39057880 39057879
41728949 41728950
41728950 41728949
38848352 38848351
41728952 41728953
41728953 41728952
39054252 39054251
39054334 39054333
41728957 41728958
41728958 41728957
41728962 41728963
41728963 41728962
33252150 33252148
41728964 41728965
41728965 41728964
41728968 41728969
41728969 41728968
41728972 41728973
41728973 41728972
39081504 39081503
39053894 39053893
39001213 39001212
39029927 39029926
38834687 38834686
39083494 39083493
41728975 41728976
41728976 41728975
41384253 41384252
41728977 41728978
41728978 41728977
41728980 41728981
41728981 41728980
41728982 41728983
41728983 41728982
41728988 41728989
41728989 41728988
41728991 41728992
41728992 41728991
38884564 38884562
41728996 41728997
41728997 41728996
41728999 41729000
41729000 41728999
41729004 41729005
41729005 41729004
38898551 38898550
41729007 41729008
41729008 41729007
41729010 41729011
41729011 41729010
39030530 39030529
38927044 38927043
39030687 39030686
41729016 41729017
41729017 41729016
39143106 39143105
41729021 41729022
41729022 41729021
41729025 41729026
41729026 41729025
41729028 41729029
41729029 41729028
41729031 41729032
41729032 41729031
41729035 41729036
41729036 41729035
41729039 41729040
41729040 41729039
41729042 41729043
41729043 41729042
39053770 39053769
39115385 39115384
39049193 39049192
41729046 41729047
41729047 41729046
41729048 41729049
41729049 41729048
41729053 41729054
41729054 41729053
41729056 41729057
41729057 41729056
39078571 39078570
41729060 41729061
41729061 41729060
41729063 41729064
41729064 41729063
41729066 41729067
41729067 41729066
41729069 41729070
41729070 41729069
38883601 38883599
39149301 39149300
41729075 41729076
41729076 41729075
39044770 39044769
39055817 39055815
2786011 2021147
41729078 41729079
41729079 41729078
41729081 41729082
41729082 41729081
39055660 39055659
38925986 38925984
41729083 41729084
41729084 41729083
38911067 38911065
41729086 41729087
41729087 41729086
41729088 41729089
41729089 41729088
41729091 41729092
41729092 41729091
41729093 41729094
41729094 41729093
41729097 41729098
41729098 41729097
41729100 41729101
41729101 41729100
41729105 41729106
41729106 41729105
41378899 41378898
41729110 41729111
41729111 41729110
34342206 34342205
39079887 39079886
41729114 41729115
41729115 41729114
38935163 38935162
41729118 41729119
41729119 41729118
38319172 38319171
39001765 39001764
38325691 38325690
35032051 35032049
41729122 41729123
41729123 41729122
41729126 41729127
41729127 41729126
41729130 41729131
41729131 41729130
41729134 41729135
41729135 41729134
38882764 38882763
4161251 3967635
39054465 39054464
41729138 41729139
41729139 41729138
39060549 39060548
39097243 39097241
41729142 41729143
41729143 41729142
41729146 41729147
41729147 41729146
15904007 15903997
39145066 39145065
41729150 41729151
41729151 41729150
41729155 41729156
41729156 41729155
41729160 41729161
41729161 41729160
41729165 41729166
41729166 41729165
39144027 39144026
41729168 41729169
41729169 41729168
41380427 41380426
41729172 41729173
41729173 41729172
41729177 41729178
41729178 41729177
41729181 41729182
41729182 41729181
39030006 39030005
41729186 41729187
41729187 41729186
41729194 41729195
41729195 41729194
33937391 33937388
41729196 41729197
41729197 41729196
38761149 38761148
39156598 39156597
39078054 39078053
39183168 39183166
39183173 39183171
41729199 41729200
41729200 41729199
38837960 38837959
41729203 41729204
41729204 41729203
41729205 41729206
41729206 41729205
41729207 41729208
41729208 41729207
39058240 39058239
41729213 41729214
41729214 41729213
41729220 41729221
41729221 41729220
39049077 39049076
41729224 41729225
41729225 41729224
41729229 41729230
41729230 41729229
35036588 35036586
39144082 39144081
38929957 38929956
41729232 41729233
41729233 41729232
38996312 38996311
41729234 41729235
41729235 41729234
41729239 41729240
41729240 41729239
41729243 41729244
41729244 41729243
38880365 38880363
38828644 38828642
41729247 41729248
41729248 41729247
41405168 41405167
41729252 41729253
41729253 41729252
39154507 39154506
38881937 38881936
38922237 38922235
38905353 38905351
41729257 41729258
41729258 41729257
41729259 41729260
41729260 41729259
38322234 38322233
38322522 38322521
39056785 39056783
41729264 41729265
41729265 41729264
41729267 41729268
41729268 41729267
39021418 39021417
41729271 41729272
41729272 41729271
39045331 39045330
41729275 41729276
41729276 41729275
41729277 41729278
41729278 41729277
41729280 41729281
41729281 41729280
41729282 41729283
41729283 41729282
4931922 4931888
41729285 41729286
41729286 41729285
41729289 41729290
41729290 41729289
34597713 34597712
41729291 41729292
41729292 41729291
41729293 41729294
41729294 41729293
41729295 41729296
41729296 41729295
41729297 41729298
41729298 41729297
41729299 41729300
41729300 41729299
41729301 41729302
41729302 41729301
41729303 41729304
41729304 41729303
41729305 41729306
41729306 41729305
41729307 41729308
41729308 41729307
41729309 41729310
41729310 41729309
41729312 41729313
41729313 41729312
41729314 41729315
41729315 41729314
41729316 41729317
41729317 41729316
41729318 41729319
41729319 41729318
41729320 41729321
41729321 41729320
41729322 41729323
41729323 41729322
41729324 41729325
41729325 41729324
41729326 41729327
41729327 41729326
41729328 41729329
41729329 41729328
35025392 35025390
41729330 41729331
41729331 41729330
39145037 39145036
38997692 38997691
38996805 38996804
38888490 38888489
38837620 38837619
38837562 38837561
41729335 41729336
41729336 41729335
41729338 41729339
41729339 41729338
41729342 41729343
41729343 41729342
41729344 41729345
41729345 41729344
41729348 41729349
41729349 41729348
38924788 38924787
41729352 41729353
41729353 41729352
41729354 41729355
41729355 41729354
41729359 41729360
41729360 41729359
41729363 41729364
41729364 41729363
41729366 41729367
41729367 41729366
41729370 41729371
41729371 41729370
41729374 41729375
41729375 41729374
41729376 41729377
41729377 41729376
41729380 41729381
41729381 41729380
39111449 39111447
9716685 9716677
9716685 9716686
9716686 9716677
9716686 9716685
3701688 3260344
9728901 9728892
9728901 9728896
9728901 9728898
9716423 9716417
41729385 41729386
41729386 41729385
38879304 38879302
9716385 9716380
41729391 41729392
41729392 41729391
38879654 38879653
39004566 39004565
39146166 39146165
38882012 38882010
41729393 41729394
41729394 41729393
41729395 41729396
41729396 41729395
41729398 41729399
41729399 41729398
41729402 41729403
8332663 8332560
41729404 41729405
41729405 41729404
41729406 41729407
41729407 41729406
41729411 41729412
41729412 41729411
41729416 41729417
41729417 41729416
41729420 41729421
41729421 41729420
39056402 39056401
41403883 41403882
41729424 41729425
41729425 41729424
38833296 38833295
41729430 41729431
41729431 41729430
41729433 41729434
41729434 41729433
41729438 41729439
41729439 41729438
38833346 38833345
41729443 41729444
41729444 41729443
41373772 41373771
41729448 41729449
41729449 41729448
41729451 41729452
41729452 41729451
41729453 41729454
41729454 41729453
41729456 41729457
41729457 41729456
38997256 38997255
38995793 38995792
41729460 41729461
41729461 41729460
41729464 41729465
41729465 41729464
38879626 38879625
39183706 39183704
38879763 38879762
38884622 38884621
35033856 35033855
39183485 39183483
41729466 41729467
41729467 41729466
41729470 41729471
41729471 41729470
39148269 39148268
38325644 38325643
41729474 41729475
41729475 41729474
39023323 39023322
41729478 41729479
41729479 41729478
38889474 38889473
