140631 227537
6617723 2488232
5161861 87261
3893164 402554
1789339 180780
9987735 131582
41197 170005
1725591 866523
2930426 475329
281769 493681
4817508 623006
649044 1624
888417 814008
226470 159309
226561 381771
10177084 2981346
1565757 5469
227183 55338
173187 261554
173188 534406
10438750 325407
222975 97406
10438752 220199
10438754 234986
10438761 376223
10438764 55339
698319 267323
10438774 1738113
226250 41541
2263681 260843
698320 62372
10438776 1052183
213128 34680
10438779 1416283
10438781 366316
10438786 342725
1716699 246840
10438789 1581433
5479041 355109
10438791 230942
10438883 299760
10438888 66234
10438893 324174
10438900 698249
677054 100050
5186408 1403
10438903 607980
10438905 960474
1449263 310730
10438913 75544
227184 701928
10438935 916940
2211881 1621
10438937 95843
10438939 598962
10438978 71954
1449264 53912
10438988 1471375
10438991 364191
10438993 77299
687647 362064
2321306 53309
4108541 53309
10439012 238000
1391248 902029
688171 100173
10439017 333369
10439019 192467
10439021 89846
10438795 265798
10439023 140562
10439026 770066
10439028 325865
1914042 1671471
10439035 614315
10439073 408307
1089285 137091
10439076 684917
8058260 237024
2211882 53112
3209200 1180000
7127985 362319
218759 52143
10439078 500883
224392 207149
697393 47116
10439080 96102
10439084 50955
7438673 98439
10439086 104604
10439097 445148
215163 121808
10439100 95477
10439108 159430
10439114 539513
10439116 345201
10439119 352457
686545 105965
10439123 784329
10439126 46551
10438915 758426
10439136 451865
10439177 85355
3637911 468523
8768381 629407
9698643 248635
10439226 272793
10439229 347117
10439231 98090
10439239 1020747
10439242 70132
1449265 445273
7938588 331495
10439259 1102392
10439264 361082
354457 172043
10439274 325688
10439280 932236
3537594 341071
6473468 316131
1454141 1404
10439289 340921
10439369 349477
223350 16954
648899 105228
1090773 57951
10439373 171918
10439395 49226
10439397 2212769
213129 649577
213129 649578
10439402 190850
10439407 209913
1419978 54271
904355 770258
10439421 318539
10439441 1171292
10439443 76283
10439461 76283
10439463 115808
110245 217865
10439468 1689416
10439470 448604
10439472 654
773357 251760
773358 100612
1438454 131310
10439484 198125
10439486 180264
3672418 906207
218760 48180
2411757 369918
1633543 369909
10439488 72776
85984 1405
2441225 365152
936960 1623
696207 45764
698321 194014
10439491 355110
10438995 70658
2552479 369671
222976 99838
10439496 326369
10439498 237811
10439500 364223
10439503 213164
10439506 1203231
10439508 865424
225022 226083
213130 649587
10439512 202836
3531545 236667
10439516 221631
10439520 217003
10439523 109825
701903 21100
224100 694897
10439525 666289
10439534 1857026
10439536 199356
10439540 1433763
676162 612424
5436345 98711
2552480 398052
10439544 934545
41874 72676
10439546 944425
10439549 100679
10439569 52722
10439576 754241
10439578 1105924
10439580 43098
10439583 2693836
10439587 222117
1847097 175348
1847097 131815
10439589 199694
4090399 1232390
10439596 332678
10439607 1044928
893093 464082
3073409 1823
10439609 1752201
224488 100677
1705880 1338038
10439612 793828
5471597 215784
226251 36838
614756 458448
10439614 710951
237285 60164
10439617 756206
225023 697354
10439619 906817
1182747 1046009
10439624 1062495
10439628 959503
10433438 953611
2217030 97458
4883916 1535480
3887137 56780
10439630 56166
10439637 1249462
10439643 1341329
10439660 277547
10439663 100354
10439665 909047
10439673 246686
10439689 333606
10439691 2203792
10439699 322673
3031855 118269
10439701 1332185
10439703 117470
2217031 889582
10439710 422196
10439713 1438951
1449266 582470
685588 117648
6457707 222331
10439715 94293
10439717 311398
10439719 347816
5860836 98796
10439721 204497
10439723 302576
10439727 1071196
10439734 93117
10439738 58553
10439750 428797
2217032 789166
689143 224122
2217033 63980
173189 534415
2217034 388850
2217035 364888
2217036 438334
2217037 595603
2217038 652417
2217039 155243
10439755 224940
10439760 613622
10439770 313242
10439774 322787
10439785 791605
2217040 52043
10439789 1921334
2217041 293985
1391156 580069
2217042 323414
8533002 1720394
2217043 112082
10439791 878243
2211883 153674
10439793 397231
10439796 882878
10439800 248621
1598630 895052
10439804 899680
696370 1451227
10439845 944119
10439847 76395
10439856 1019194
2287890 895165
10439858 181901
2217044 387074
10439860 404992
10439862 189478
5429421 338948
8677174 841674
10439866 96766
10439868 79283
10439868 2459736
10439882 1026446
677055 141402
10439887 738417
2263682 342010
10439889 3721815
222977 213165
10439892 1724920
10439917 691567
10439921 218794
10439927 225756
405423 54186
5443349 17120
2263683 160353
10439930 927528
10439932 575667
8852726 161358
10439936 507776
219879 37053
10439939 409740
3650929 253352
10439854 316453
10439941 1490115
10439943 390358
10439945 148598
157877 105473
213609 389158
10439947 652418
649583 361760
10439956 123343
6108968 226888
10439963 1003192
10439968 333657
5401483 878112
2321834 342726
3025848 342726
6762786 722799
7848808 1094298
10439971 323272
10439973 1189365
10439975 851232
5281471 365474
10439977 56835
10439980 1742814
1449267 154332
10439993 333822
10439409 50960
10439995 56113
10439999 222178
10440001 1101824
2217045 711923
5633068 440773
10440013 91103
10439413 228617
10440016 176541
1215415 363941
10440019 389939
4991954 1575703
10440052 20035
10440054 17050
10439417 343902
10440060 104743
10439244 105229
4417022 730719
5860837 1988941
10102015 688198
10440062 54017
7101120 425608
10440064 224261
10440105 675812
997628 154403
686898 146221
10440107 1779676
10440109 2329032
10440115 1357720
10440122 659647
995047 702189
10440133 2653215
10440144 1960604
10440150 602876
10440152 2407896
224603 43404
686546 284243
10440156 803748
10440159 665481
10440159 101175
10440159 669134
10440164 385372
10440166 746637
7067542 715257
10440171 384794
10440176 228939
2536914 1578466
10440196 418707
10438890 401242
10440202 436636
10440205 40983
50927 215432
10440216 609041
10440220 447321
10440224 368333
672109 223272
10440230 77739
3344032 961615
10440233 736761
10440247 23135
10440066 95717
10440249 294962
10440253 1199227
1419782 97305
10440184 2657899
10440257 97670
1342794 651770
3017606 1813920
2984341 528891
10440266 892538
213131 649606
10440268 866590
10440273 361898
1295793 107199
3537733 5455
1438098 1115863
10438963 441056
10440282 328834
10440290 93143
110246 354467
10440292 299986
10440294 1643782
2312153 1409458
10440311 126764
10440323 691225
10440326 323632
10440330 824253
687034 461364
222685 149569
10440334 686575
6070953 842555
10440336 16412
10440178 2097002
10440339 90010
6070954 109822
10440349 1027159
10440384 201912
10440386 1844116
10440388 3064556
10440388 2370492
10440395 320102
2217046 1660451
117073 226965
135226 424410
10440398 218719
996484 314098
10440400 235856
10440402 111506
10440404 838367
4778031 287360
10440412 323633
10440414 856726
10440417 329328
686547 195704
9695343 195927
10440429 1305231
687648 1066487
10440433 53048
688052 218065
10440435 1432259
10440444 227510
10440446 961052
10440453 480440
10440501 108201
10440505 349774
10440510 1162826
10440512 882214
10440514 116950
10440517 215088
10440525 2835566
10438300 1527572
4337780 585366
224604 54865
10440527 84411
10440538 354664
224605 78274
10440542 293446
2321504 222723
10440544 2426404
10440549 346486
10438324 1031550
10440557 699071
10440560 109558
10440562 1039224
10438573 221560
10440569 616661
10440574 339516
5603108 308646
1390730 90718
1449268 112305
10440576 308672
10440580 250195
10440582 809717
10440584 249794
10440190 308643
10440588 196550
222049 49225
213042 308712
994953 164078
10440596 351809
10440598 1611852
10440604 329680
3239561 79956
10440616 19594
10440618 87060
1447855 83928
10440622 83737
687519 49841
10440662 1742478
10440670 814181
686548 72284
10440676 442640
10440678 1425145
10440680 701770
10440684 229283
10440686 50033
10440694 540496
687035 61751
10440697 23007
2947397 144456
2607459 334000
2607459 2220986
10440712 1346137
10440715 299354
10440717 5160
10440723 3505202
10440725 327305
10440738 370705
213610 349070
10440740 278520
10440743 2312368
773359 15542
10440745 901905
687520 648351
10440748 341133
10440751 287828
10440754 962972
904356 1715736
2217047 897969
10440769 240413
221857 684567
10440771 622839
3025934 331403
10440784 130089
2321875 190301
10440789 321766
3025935 20727
10440793 163887
10440801 215089
3026185 512930
5924593 447082
687036 17961
10440807 862267
5475052 158897
10440811 224835
1841442 1724211
10440813 249624
10440818 95423
10439870 199191
701742 54104
10440827 1450718
8214389 3697796
10440829 112011
5475053 52395
8261820 158461
10440835 729827
10440837 340003
10440839 828847
10440846 1289248
10440848 3180337
10440850 53976
2350518 57299
10440857 392220
10440865 508128
10440880 199164
1454164 72378
10440948 676002
10440951 2134419
354639 175111
10440960 1256362
686549 4144
10438011 582016
10440962 633762
10440968 3087819
10440973 929854
8863385 97543
10440977 374294
10440979 1485794
10440987 2459355
10440995 376113
10440999 1062204
10441002 651063
10441004 645226
687521 249951
10441008 407823
10441011 599587
7781595 480311
10441019 1033509
10441023 662883
222686 35922
2607460 305870
1705881 118038
10441025 1366824
41875 172771
3032559 1339324
10441037 433867
10441039 96888
10441052 946213
1442629 389771
2607461 21102
224393 696119
10441054 540816
10441057 544005
10441062 323743
10441066 277416
10441068 160826
3878228 3078756
10441079 78042
2876668 2633405
10441086 298977
10441092 739896
6108969 60040
10441100 926319
3022014 2639265
10441104 128473
10441107 165853
10441109 28899
10441127 1060287
10441129 348489
5926849 504872
10439410 673148
7799945 488630
513678 249707
10441131 2729558
10441134 4017373
10441136 467800
10441139 445641
10441149 366160
10441151 99117
10441156 86095
3119579 688086
240627 205334
10441160 1781433
5926850 278712
5411393 2707055
2565004 126373
8875226 4881434
10441175 4171617
10441184 626250
10441191 53977
5926851 362660
687522 760083
686678 502180
10441193 318363
10441195 551245
10441204 18111
10441206 565098
224606 98896
224606 298074
224394 51996
10441209 62320
10441211 174758
1188538 100475
10441231 91465
2822152 351208
4084959 111618
10420204 3077500
10441233 60920
10441236 35776
10441282 124987
10441284 101651
10441288 306963
10441290 186884
994954 566709
10438807 102297
10441417 94380
10441419 1900991
10441429 566891
10441431 1795210
10441434 53245
10441436 2279209
10441438 673510
2607462 267604
10441440 1298717
10441440 118270
10441440 2283913
10441440 1249331
10441452 2214421
3680292 5545
10441454 1140027
10441461 25483
604469 1341603
697394 14801
10441463 13587
10438919 1520293
10441465 350194
10441479 860766
10441481 9726
1419783 341182
10441244 11830
698322 1454865
4548593 4566050
10441483 412175
10441551 13925
1450902 62882
3239562 55923
4463486 3366087
10438916 492438
10441553 52565
10441563 22249
10441566 2334192
10441568 2059872
10441570 1788873
10422231 1733047
10441572 1147629
10441575 98443
10441577 1719364
213043 295450
10441579 374104
10441041 187505
10441581 196389
10438803 222332
10441584 57140
10441586 399613
10441588 577422
1454142 403793
10441607 325410
10441609 140106
10441617 95588
10441621 2252333
10438816 759166
10441625 30625
10441627 30716
10441629 38621
5691361 37582
1930315 960097
2312442 1101587
10441640 1112277
10441642 3338854
10441644 3065807
10441647 226498
5270282 1638438
10441649 102229
10441651 118656
3992024 344954
10441655 3022077
2264190 417362
10441673 2158256
10441675 1342143
1450859 503442
10441678 102299
10441680 1860670
10441685 507809
1010991 42805
1185986 610262
10441688 424839
5621096 541679
2947419 385818
10441690 1818658
10441692 1076583
10441697 2538660
10441699 445998
10441703 2220397
10441711 213066
10441714 14804
10441716 1625749
689057 712705
10441718 2989601
10441720 917129
10441248 9967
10441723 1186085
10441732 935839
10441734 279773
10441736 1455395
5825721 105613
10441738 2332934
2552333 14677
10441740 102223
685077 1437944
42103 1401
10441742 1394047
1163817 1692698
685442 853465
10441752 486340
10441754 27993
10441756 4549515
2947398 11937
10441761 33574
3675955 1252432
10441764 2192944
1715794 1549617
10441766 2819916
10441768 500884
10441770 2293385
10439111 1311331
222978 80515
2327912 36588
10441772 220317
5536614 2496092
10441774 387542
222979 689093
10441776 1182548
10441781 113362
10441785 99523
10441787 4878862
10441790 34931
10441796 79168
10441798 3120866
213252 51079
10441800 1756051
10441805 338314
19352 80303
1442764 360804
10441807 327056
10440193 146381
10441810 186151
10441817 841506
10441823 363621
10441827 1516
10441830 926760
10441835 338860
1393441 427543
649046 218291
10441837 35361
773360 396332
1456851 225354
10441839 764464
10441839 2328455
10441839 2036844
10441850 54792
10441853 1018691
10441855 257077
5603851 19587
10441859 1907444
687523 947051
10441862 626251
10441864 1210953
649047 324240
10441866 2202661
10441868 2528855
10441870 62883
10441872 1418984
2350003 219935
10441874 412299
5928682 607424
10441878 615141
10441881 1002741
213132 336758
10441884 36680
10441886 100092
3018585 1585022
10441888 1131681
998481 91965
10441890 1336436
10441892 198874
476170 1148755
1499808 150039
10441495 230762
10441894 224633
10441899 854156
10441906 2333975
10441908 83634
10441920 1145299
10441934 1039280
10441936 2035782
10441938 356721
3256624 1185818
10441940 875420
10439233 36477
10441942 1017561
10441944 2140747
10441947 844371
7194094 2228953
10441951 2848893
10441953 1044600
10441955 1148871
10438954 1083423
10441959 2262290
1340360 817711
1340360 218066
10441961 344794
9056672 1156948
684660 323741
685244 57930
10441963 119439
10441968 100051
10441973 430138
10441975 329410
10441977 571657
10441979 572982
10441981 524566
1499375 185722
10441983 646816
10441985 1318672
50928 215448
10441987 53576
698672 56307
10441998 95952
10442002 889798
10442011 863740
4499083 104224
10442023 1589590
10442025 2144544
648900 54269
4104399 211889
648901 94516
648901 1390551
1419177 137888
10442029 329359
686679 180530
10442031 387913
10442035 51777
215437 158778
994955 126782
10442046 1009302
10442048 521136
10442054 858162
10442060 339827
10442070 51778
10442075 602088
1067784 520820
10442077 310315
10442088 393907
10442090 52191
686680 511270
10442092 333689
10442094 162694
10442102 243060
10442105 135881
5633069 65479
224607 86013
1089216 709455
10442107 396416
10442109 809897
10442111 1686286
10442113 1118881
10442115 349828
10442117 574124
221858 658919
10442119 1655693
10442125 1479916
8186460 119473
8186460 1996714
8186460 1342693
10442136 1124685
10442141 484324
10442143 16635
10442145 781132
3010199 747605
10442147 398095
10442151 419472
5475054 35779
10442153 22782
10442161 438115
6826368 355930
10442169 21610
10442171 90495
10442174 715039
10442176 635078
10442178 327597
2647290 506676
10442182 224634
10442184 327702
213133 649642
10442192 877895
10442196 416106
3386212 804184
10442201 881183
10441238 92319
10442207 670587
222687 460589
10442216 1104410
10442218 278225
10442220 2152014
10442222 1607021
10442224 666182
10442228 102177
10442230 1612138
5642186 224515
700666 392394
226563 102181
10442232 914078
10442232 224151
10442242 143418
8636607 962703
10442247 1362183
10442253 36067
1089217 338373
10442256 1253843
10442256 845179
10442256 734852
10442260 122986
3599831 52566
8636608 2494563
8636609 1921912
10442263 90543
226564 344259
7887634 961063
5926852 263476
5860838 44313
10442270 234356
10442272 39294
3878208 39298
10442276 5793591
2869035 878901
10442279 2510467
10442284 1005232
10442292 119698
10442295 150719
10441421 48776
5924594 180835
10442297 101167
10442312 180836
10442316 2226289
10442326 1015635
10442328 1581593
605497 1342201
10442332 1382243
10442334 269202
10442336 809504
1390905 699007
173191 406442
10442340 423869
10440351 945514
5536537 444554
5928529 107619
10442343 459910
10442351 3924
10442360 1090531
10442362 945921
10442370 2300156
1731169 16633
10442374 2109100
10442377 68451
3047208 108043
10442379 328732
10442382 327727
3523367 88202
10439418 195397
10442384 459983
10442386 35962
226700 701201
649025 214743
110248 354475
10442345 312632
10442390 52568
10442394 1309505
10442397 196362
1841479 798178
328775 110840
4165760 4294671
10442399 634231
10442401 334039
10442408 61342
1748313 589105
4788627 97000
10442413 191023
440804 119881
10442434 77789
3523345 238003
10442436 111083
8003819 308152
687315 189086
9698652 365151
10442438 54527
685589 62880
10442442 1024560
10442444 2247993
1294451 1863442
10442450 49767
10442454 1859344
10442456 635592
10438019 1289957
10442463 3504784
10442465 2412370
10442467 51430
10442495 1020723
10442556 4981034
10442558 1340878
10442565 2948378
10442469 51188
686681 1041138
10442569 2258765
10442571 873004
10442573 884210
10442475 305811
10442576 352458
10442578 2205623
773361 827853
10442580 85821
10442583 360577
10442497 2553313
1390623 327613
10442585 1863669
3512086 83932
3512086 1118317
1067785 972816
10442591 1578987
10442594 397528
10442597 5745765
10442599 3155752
6034105 475318
10442601 1799323
10441491 6647169
10442604 1312619
10442604 115301
2983383 1582837
722203 19573
722203 904525
10442607 213179
10442609 2353941
10442504 2423583
686550 559207
226252 36179
226252 700687
10442615 1779146
10442617 655472
10442617 1255419
10442620 2481035
10442622 2604957
10442624 895038
10442626 1634914
10442628 5674020
4315528 1709145
10442630 356555
10442640 1020301
685797 354943
1067786 339580
10442642 9203751
10442647 1295153
10442656 2754531
10442661 363302
10442663 521658
10442672 291294
3022008 73593
10442674 2329355
1390591 325920
10442676 519977
3903888 643266
10442678 3611748
1396802 43804
226253 177027
905496 96157
2329015 116952
10441239 336682
10442688 888455
10442690 620596
2550715 129322
649365 325412
5536538 40834
687524 95154
5331844 391910
10442694 10347
7191170 17967
10442697 153672
10441286 29639
5482359 29370
10442699 165464
10442701 107608
10442705 392486
173192 534426
222688 343622
10442709 257215
696298 328780
10442721 392581
8007324 99706
10442723 312633
10442726 1134871
10442728 92266
1440611 102919
10442730 216579
10442733 1075563
10442735 286077
10441505 99994
10442737 98512
1458645 213157
10442739 554805
10442741 447805
10442750 172045
10442752 172045
10442758 406528
10442761 41906
10442767 626371
10442778 694194
8007325 519106
3019268 636115
10442780 178785
10442785 590251
1458646 1932
10442787 338717
700836 83547
649151 92201
10442791 278827
10442795 158183
1447298 101170
10442803 162083
10442805 447542
10442808 366156
10442813 359418
10440463 22827
10442836 44908
2329447 23130
10442838 677438
10442840 60113
1458701 120746
10442842 86550
822614 322056
10442845 651803
10442849 35613
10442851 384761
10442853 98762
10442870 316876
10442873 1278014
222689 82978
905497 71288
649366 688857
3604834 105278
700616 130350
1458529 172689
10442875 418066
649367 339676
10442877 504137
1443889 332423
10440553 41923
10440551 293393
10442879 1039364
10442882 387750
224608 225055
651024 637466
10441487 17883
10442884 189212
4106191 224416
3528200 621829
1439628 479599
3881129 405623
3957471 37923
5765181 54561
10438895 156094
10442887 336996
1441995 100823
10442889 900808
10440179 99777
697776 36989
10442891 39501
10442894 538653
10440474 900946
10442896 272373
10442898 322357
213134 377652
10442900 94298
1841480 99119
10442909 102300
685590 1040452
2984992 711315
10442914 729546
10442918 199249
10442920 364998
697777 170839
10442922 383788
2215097 21713
1454753 271960
698560 92099
4480913 104746
1010992 40952
10442924 98759
10441081 1452349
10442926 56377
10442932 390412
10442934 17968
10442953 327581
10441485 284693
10442959 353693
3859022 142571
10442665 500166
226701 517524
10442961 164957
10442966 103138
226254 138264
10442968 165038
10442970 218887
10442974 150245
687946 339405
10439538 922677
10442977 22715
687947 110789
10442979 40041
687649 135340
1453519 5794
10442982 825414
604470 1098806
10442986 132324
687525 1442608
10438941 270764
2264611 95590
10442991 119008
956718 157102
10442994 83419
649817 273155
10443004 660082
649368 34779
10443006 393692
700780 51065
10443008 132608
3435027 121809
3018267 121809
3528107 121809
10443010 48345
2321316 157454
10442936 340925
10442946 121381
10442763 95247
10441221 129244
213348 57007
10443016 128662
10443018 126924
10443022 59850
10443029 252474
10443031 382663
10443033 361305
10443038 353310
10443047 105190
10443055 394982
1454166 70134
3172221 37051
10443060 142877
10443064 467358
10443066 484753
1390681 658702
10443068 346052
10443072 147251
10443078 186204
10443100 68046
6560180 363944
10443106 554776
10443108 310465
10443110 120910
10443134 498040
6902015 1223064
10443137 917825
10443139 836889
10443146 316789
10443150 459674
10443152 217820
10443162 424751
10443165 665685
157878 497530
10441213 150832
10443167 310250
10438817 43324
1449269 41911
10443170 97170
1442346 151020
10443172 90055
10442815 17884
698323 345618
10443174 939336
10443176 1064465
224395 635743
10443180 4765
224396 655449
224397 696148
10438818 55627
10443211 550095
10443213 1025079
5475055 100177
649273 197434
10443216 21822
10443225 528987
10443237 628454
10443239 1154425
10443243 51594
10439128 43894
10443248 887614
3878230 95895
4104441 235921
4253903 202483
4350738 51523
4416503 820593
4526283 213280
10443250 53374
10443252 340058
10443254 340058
226255 94102
1705882 463451
10443258 216359
1089218 573875
700669 74931
10442816 453904
1454754 130413
5603852 117407
686551 338572
10443272 1036051
226256 40038
10443274 109599
10440552 836927
697579 655984
10443277 255961
10443280 344925
10443283 339142
10443285 326970
10443293 97509
6404067 524701
10443295 346358
10443299 346358
