4283786 6529
4114916 6529
1045351 6529
4114917 6529
3896303 266
4260036 6529
14883554 21467
14886569 33230
14909253 38516
14911221 312
14917788 89691
14941513 29263
15016357 78441
15096371 1015
4920215 1020
4919391 218299
23821289 124
1767313 220318
24488627 199489
14917854 4874
24505847 78441
24505932 234566
24506262 133397
24516112 9633
24526507 64909
408866 7132
24867906 123619
24884627 21460
24986923 78441
24995714 2515
24996955 26479
21647239 13200
14918039 128249
14918074 253973
14917988 135218
14918035 14811
25007838 24308
25007863 92204
25007936 25890
14917810 11833
14886571 123619
25008300 21043
25008352 15924
25008384 9530
25008449 312
3221644 74542
25008479 72777
25008515 134019
25008532 151982
25008553 92204
25008579 8216
14917811 146182
25073256 89600
24516200 135218
25087116 151982
25153950 38470
25157309 174943
25190075 23433
25190483 154431
25190849 23434
2245282 13592
25209238 9635
15096410 1021
24516147 11833
25380605 8216
25389417 4499
25389431 1019
25389448 11833
14917827 8216
30249696 1018
30249697 1019
30249698 2517
4371371 266
30249699 133686
30249814 146182
30249899 218299
30250008 71778
30250097 89600
30250113 157655
30250156 35097
30250174 89691
30250183 43770
30250191 9633
30250205 9635
30250228 75039
30250233 177219
30250251 154431
30250256 128427
30250261 238822
30250268 121383
30250282 89509
30250287 239509
30250292 77482
30250297 9633
30250298 9635
30250299 71778
30250304 89600
30250313 157655
30250318 35097
30250322 89691
30250326 43770
30250330 9633
30250334 9635
30250338 75039
30250342 177219
30250346 154431
30250351 128427
30250369 238822
30250374 121383
30250412 89509
30250430 239509
30250444 71778
30250445 157655
30250447 89691
30250448 177219
30250449 121383
30250451 77482
30250455 20341
30250459 89691
30250464 43770
30250469 9633
30250474 9635
30250478 75039
30250483 177219
30250487 154431
30250492 128427
30250375 238822
30250497 121383
30250431 89509
30250502 239509
30250506 77482
30250511 43770
30250512 9635
30250513 75039
30250514 157655
30250518 35097
30250522 20341
30250526 90189
30250530 43770
30250534 9633
30250539 9635
30250543 75039
30250547 177219
30250553 154431
30250557 128427
30250562 238822
30250567 121383
30250572 89509
30250577 239509
30250582 77482
30250586 20341
30250591 90189
30250597 75380
30250603 9633
30250605 89691
30250609 43770
30250615 9633
30250620 9635
30250625 75039
30250630 177219
30250635 154431
30250640 128427
30250645 238822
30250650 121383
30250655 89509
30250660 239509
30250665 77482
30250669 20341
30250674 90189
30250679 75380
30250683 7809
30250689 43770
30250690 177219
30250692 121383
30250693 89509
30250694 9633
30250700 9635
30250705 75039
30250710 177219
30250715 154431
30250719 128427
30250724 238822
30250729 121383
30250734 89509
30250739 239509
30250743 77482
30250747 20341
30250752 90189
30250757 75380
30250762 7809
30250767 135708
30250772 75039
30250774 177219
30250775 128427
30250776 75039
30250781 177219
30250786 154431
30250791 128427
30250796 238822
30250801 121383
30250806 89509
30250811 239509
30250816 77482
30250821 20341
30250825 90189
30250830 75380
30250834 7809
30250838 135708
30250843 128427
30250844 121383
30250845 239509
30250846 97075
30250850 63983
30250854 177219
30250858 154431
30250862 128427
30250866 238822
30250870 121383
30250874 89509
30250878 239509
30250882 77482
30250886 20341
30250890 90189
30250894 75380
30250898 7809
30250902 135708
30250906 97075
30250911 63983
30250916 128427
30250917 135884
30250921 128427
30250926 238822
30250931 121383
30250936 89509
30250941 239509
30250946 77482
30250950 20341
30250954 90189
30250958 75380
30250963 7809
30250968 135708
30250972 97075
30250977 63983
30250981 135884
30250987 82592
30250991 121383
30250992 89509
30250993 239509
30250994 82592
30250995 121383
30250999 89509
30251003 239509
30251007 77482
30251011 20341
30251015 90189
30251019 75380
30251024 7809
30251029 135708
30251034 97075
30251038 63983
30251042 135884
30251046 82592
30251051 239509
30251052 20341
30251053 238822
30251057 121155
30251061 4874
4919464 7604
30251066 4499
30251095 8216
14917841 40273
4919487 25890
30251099 1020
30251103 1021
30251112 7132
30251126 1022
30251130 11833
30251134 122
30251142 29263
30251159 1317
30251175 7605
30251179 7964
15096420 1015
4919488 1016
15096442 10688
30251211 1019
30251215 121383
30251219 239509
30251223 77482
30251228 20341
30251232 75380
30251236 63983
30251240 82592
30251245 95105
30251250 77482
30251251 20341
30251252 95105
30251254 89509
30251258 90189
30251262 7809
30251266 135708
30251270 97075
30251274 135884
30251278 121155
30251282 20341
30251286 75380
30251290 63983
30251295 135884
30251299 82592
30251303 121155
30251308 95105
30251313 90189
30251317 7809
30251321 135708
30251325 97075
30251329 93930
30251333 135708
30251337 82592
30251341 121155
30251346 95105
30251351 93930
30251356 242084
30251360 95105
30251361 242084
30251362 7809
30251366 97075
30251370 63983
30251374 135884
30251378 135708
30251382 82592
30251386 121155
30251390 95105
30251394 93930
30251399 242084
30251404 97075
30251408 63983
30251412 135884
30251416 77179
30251420 95105
30251424 93930
30251429 242084
30251433 77179
30251437 64947
30251441 121155
30251445 242084
30251446 64947
30251447 93930
30251451 242084
30251455 77179
30251460 64947
30251465 89054
30251469 77179
30251473 64947
30251477 89054
30251481 34877
30251485 242084
30251489 89054
30251494 34877
30251498 77179
30251502 64947
30251506 89054
30251510 34877
30251514 64947
4919480 25890
14917887 7604
14917888 4874
30251525 1021
30251529 7132
30251533 1022
30251538 1015
30251067 40273
30251068 8216
30251069 11833
30251135 4499
30251143 122
30251160 29263
30251180 1317
30251181 7605
30251542 7964
30251562 27596
30251566 24610
30251622 10688
30251623 25890
30251624 10688
4919506 1016
30251630 1020
14917940 7604
30251656 1021
30251660 7132
30251664 1022
30251668 1015
30251673 10688
30251073 4874
14917812 40273
30251081 8216
14917813 11833
30251147 4499
30251164 122
30251185 29263
30251189 1317
30251543 7605
30251567 7964
30251568 27596
30251678 24610
30251710 23433
30251714 14684
4919500 1016
14917936 25890
30251799 1020
30251800 1021
30251801 7132
30251805 1022
30251809 1015
30251813 10688
30251817 1016
14917859 40273
14917860 8216
30251151 11833
30251168 4499
30251193 122
30251197 29263
30251547 1317
30251572 7605
30251576 7964
30251679 27596
30251715 24610
30251716 23433
30251821 14684
30251849 14566
30251882 1015
30251883 10688
30251884 25890
30251886 4499
30251085 7604
30251887 76851
14917921 40273
30251891 7132
30251895 1022
30251899 1015
30251903 10688
30251907 1016
30251911 25890
30251201 4499
24516129 122
30251551 29263
30251580 1317
30251584 7605
30251683 7964
30251720 27596
30251724 24610
30251822 23433
30251915 14566
30251943 76851
14917905 7604
14917917 4874
30251850 14684
30251972 8218
30251976 1022
30251980 1015
30251984 10688
30251988 1016
30251992 25890
30251996 7604
24516137 4499
30251555 122
30251588 29263
30251592 1317
30251687 7605
30251728 7964
30251732 27596
30251826 24610
30251854 23433
30251916 14684
30251944 14566
30252000 76851
30252030 8218
30252059 4874
25008582 40273
30252063 18254
30252067 1015
30252071 10688
30252075 1016
30252079 25890
30252083 7604
30251600 29263
30251691 1317
30251736 7605
30251740 7964
30251830 27596
30251858 24610
30251920 23433
30251949 14684
30252001 14566
30252031 76851
30252087 8218
30252115 18254
30252140 36430
30252144 23433
30252145 4874
14917874 40273
30251596 122
30251744 1317
30251748 7605
30251834 7964
30251862 27596
30251924 24610
30252150 10688
30252154 1016
30252158 25890
30252162 7604
30252166 4874
30252170 40273
30252174 8216
30251953 23433
30252005 14684
30252035 14566
30252088 76851
30252116 8218
30252179 18254
30252203 36430
30252229 171042
30252253 8216
30252254 29263
30252256 4499
30251695 29263
25389419 11833
30251611 122
30251838 7605
30251928 27596
30251957 24610
30252009 23433
30252038 14684
30252091 14566
30252120 76851
30252266 1016
30252270 25890
30252274 7604
30252278 4874
30252282 40273
30252287 8216
30252180 8218
30252204 18254
30252230 36430
30252292 171042
30252320 38470
30252348 7604
30251752 29263
14941515 1317
30252257 11833
30251866 7964
30251703 122
30252349 4499
30252354 25890
30252358 7604
30252362 4874
30252366 40273
30252370 8216
30252375 11833
30252379 4499
30251932 7964
30251961 27596
30252014 24610
30252042 23433
30252095 14684
30252124 14566
30252183 76851
30252209 8218
30252234 18254
30252293 36430
30252321 171042
30252384 38470
30252409 34971
30252437 25890
30252438 4499
30252440 4499
30252441 29263
30251870 7605
30251759 122
30251842 1317
30252442 89539
4114923 1018
30252446 1019
30252456 1020
1907675 266
30252447 2517
30252460 7604
30252464 4874
30252468 40273
30252472 8216
30252476 11833
30252480 4499
30252018 27596
30252099 23433
30252187 14566
30252213 76851
30252238 8218
30252297 18254
30252325 36430
30252385 171042
30252410 38470
30252485 34971
30252514 89539
30252542 29263
30251936 7605
14941516 122
30251874 1317
30251965 7964
30252547 11948
30252046 24610
30252128 14684
30252551 4874
30252555 40273
30252559 8216
30252563 11833
30252567 4499
30252571 122
30252576 29263
30252581 1317
30252585 7605
30252589 23433
30252191 14684
30252218 14566
30252242 76851
30252301 8218
30252329 18254
30252389 36430
30252414 171042
30252486 38470
30252515 34971
30252593 89539
30252617 11948
30252646 11216
30252682 8216
30252683 29263
30252684 1317
30252685 1317
30252686 7605
30252687 7605
30252688 7605
30252689 7964
30252691 27596
30252696 27596
30252697 24610
30252698 14566
30252699 36430
30252692 27596
30252022 7964
30252103 24610
30252700 72083
30252704 1317
30252708 40273
30252712 8216
30252716 11833
30252720 4499
30252724 122
30252728 29263
30252733 7605
30252246 14566
30252305 76851
30252333 8218
30252393 18254
30252418 36430
30252490 171042
30252519 38470
30252594 34971
30252618 89539
30252647 11948
30252737 11216
30252766 72083
30252794 9636
30252826 29263
30252827 29263
30252222 14684
30252132 24610
30252196 23433
30252107 27596
30252050 7964
30252828 31085
30252832 8216
30252836 11833
30252839 4499
30252843 122
30252847 29263
30252851 1317
30252855 7605
30252859 7964
30252863 27596
30252868 24610
30252309 14566
30252337 76851
30252398 8218
30252422 18254
30252494 36430
30252523 171042
30252598 38470
30252622 34971
30252651 89539
30252738 11948
30252767 11216
30252795 72083
30252872 9636
30252896 31085
30252921 29263
30252922 7605
30252923 8218
30252924 89539
30252925 89539
25190078 14684
30252926 23433
30252937 89608
30252941 15924
30252341 14566
30252945 11833
30252949 4499
30252953 122
30252957 29263
30252961 1317
30252965 7605
30252969 7964
30252973 27596
30252426 8218
30252498 18254
30252527 36430
30252602 171042
30252626 38470
30252655 34971
30252742 89539
30252771 11948
30252799 11216
30252873 72083
30252897 9636
30252977 31085
30253005 89608
30253033 29263
30253034 38470
30252402 76851
30252927 24610
30252313 14684
30253035 15924
30253039 312
30253043 28390
30252430 76851
30253047 4499
30253051 122
30253055 29263
30253059 1317
30253063 7605
30253067 7964
30253071 27596
30253076 24610
30253080 23433
30253085 14566
30252502 8218
30252531 18254
30252606 36430
30252630 171042
30252659 38470
30252746 34971
30252775 89539
30252803 11948
30252877 11216
30252901 72083
30252978 9636
30253006 31085
30253094 89608
30253118 15924
30253147 29263
30253148 27596
30253149 23433
30253150 36430
30253151 38470
30253152 89539
30253153 11216
30253154 14684
30253159 312
30253163 28390
30253167 26479
30252506 76851
30253171 24610
30253176 23433
30252535 8218
30253180 4499
30253184 122
30253188 29263
30253192 1317
30253196 7605
30253200 7964
30253204 27596
30252634 36430
30252751 38470
30252779 34971
30252807 89539
30252881 11948
30252905 11216
30252982 72083
30253010 9636
30253095 31085
30253119 89608
30253209 15924
30253235 312
30253259 28390
30253287 24610
30253288 23433
30253289 14684
30253290 38470
30253291 11216
30253292 9636
30252663 171042
30253293 14566
30253086 14684
30252610 18254
30253297 26479
30253301 64909
30253305 24308
30253309 122
30253313 29263
30253316 1317
30253320 7605
30253324 7964
30253328 27596
30253332 24610
30253336 23433
30253340 14684
30253344 14566
30253349 76851
30253355 8218
30252755 171042
30252783 38470
30252811 34971
30252885 89539
30252909 11948
30252986 11216
30253014 72083
30253099 9636
30253123 31085
30253210 89608
30253236 15924
30253260 312
30253359 28390
30253383 26479
30253407 64909
30253436 27596
30253437 24610
30253438 23433
30253439 8218
30253440 8218
30253441 36430
30253443 38470
30253444 11216
30253445 11216
30253446 9636
30253447 89608
30252638 18254
30253448 24308
30253452 123
30252667 36430
30253456 29263
30253460 1317
30253464 7605
30253468 7964
30253471 27596
30253475 24610
30253479 23433
30253483 14566
30252913 89539
30252990 11948
30253018 11216
30253103 72083
30253127 9636
30253214 31085
30253240 89608
30253264 15924
30253360 312
30253384 28390
30253408 26479
30253487 64909
30253512 24308
30253542 123
30253570 38470
30253571 89539
30253572 11216
30253573 72083
30253574 72083
30253575 9636
30253576 9636
30253577 31085
30252672 18254
30253578 8218
30253583 76851
30252759 36430
30252787 171042
30253587 122
30253591 14684
30252815 38470
30253596 78441
30253600 13200
30252889 34971
30253604 7605
30253608 7964
30253612 27596
30253616 24610
30253620 23433
30253624 14684
30253628 14566
30253633 76851
30252994 89539
30253022 11948
30253107 11216
30253132 72083
30253218 9636
30253244 31085
30253268 89608
30253364 15924
30253388 312
30253412 28390
30253488 26479
30253513 64909
30253543 24308
30253637 123
30253659 78441
30253689 11216
30253690 72083
30253691 9636
30253692 9636
30253693 31085
30253694 89608
30253695 26479
30253696 8218
30253700 36430
25153953 34971
30253705 18254
30252819 171042
30253709 13200
30253713 21043
30253717 38470
4260058 8909
30253728 266
30253733 1020
30253751 2517
30253761 1019
30253766 1021
30253770 7132
30253775 1018
30253781 7964
30253785 27596
30253789 24610
30253793 23433
30253797 14684
30253801 14566
30253805 76851
30253809 8218
30253813 18254
30253817 36430
30253136 11216
30253248 9636
30253272 31085
30253368 89608
30253392 15924
30253417 312
30253492 28390
30253517 26479
30253547 64909
30253638 24308
30253660 123
30253821 78441
30253848 13200
30253868 21043
30253893 8218
30253894 8218
30253895 8218
30253896 38470
30253897 11216
30253898 9636
30253899 89608
30253900 89608
30253901 26479
30253902 64909
30253718 171042
30253222 72083
30253026 89539
30252998 34971
30253903 9530
30253907 11217
30253111 11948
30253911 27596
30253915 24610
30253919 23433
30253923 14684
30253927 14566
30253931 76851
30253935 8218
30253940 18254
30253944 36430
30253948 171042
30253952 38470
30253956 11216
30253276 9636
30253372 31085
30253396 89608
30253421 15924
30253497 312
30253522 28390
30253551 26479
30253642 64909
30253664 24308
30253822 123
30253849 78441
30253869 13200
30253960 21043
30253984 9530
30254010 11217
30254034 36430
30254035 9636
30254036 89608
30254037 34971
30253252 72083
30254042 89539
30253140 11948
30254046 48396
30254050 11216
30254054 89539
30254058 24610
30254062 23433
30254066 14684
30254070 14566
30254074 76851
30254077 8218
30254081 18254
30254085 36430
30254089 171042
30253526 312
30253555 28390
30253646 26479
30253668 64909
30253826 24308
30253853 123
30253873 78441
30253961 13200
30253985 21043
30254011 9530
30254093 11217
30254118 48396
30254146 23434
30254170 38470
30254171 38470
30254172 89539
30254173 89539
30254174 11216
30254175 72083
30254176 9636
30254177 9636
30254178 89608
30254179 89608
30254180 312
30253647 26479
30253827 24308
30253280 72083
30253425 89608
30253501 15924
30254181 34971
30253376 9636
30253400 31085
30253226 11948
30254185 38470
30254189 128853
30253651 28390
30253831 64909
30254193 23433
30254197 14684
30254201 14566
30254205 76851
30254209 8218
30254213 18254
30254217 36430
30254221 171042
30254225 38470
30254229 34971
30254233 89539
30254237 11948
30254241 11216
30253877 123
30253965 78441
30253989 13200
30254015 21043
30254094 9530
30254119 11217
30254147 48396
30254245 23434
30254267 128853
30254287 115983
30254308 36430
30254309 36430
30254310 38470
30254311 89539
30254312 31085
30254313 89608
30254314 15924
30254315 28390
30254316 24308
30254317 78441
30253673 26479
30254318 72083
30254322 89608
30253559 312
30253530 15924
30254327 9636
30253429 31085
30253857 24308
30253835 26479
30254335 8218
30254339 18254
30254343 36430
30254347 171042
30254351 38470
30254355 34971
30254359 89539
30254363 11948
30254367 11216
30253881 24308
30253969 123
30253993 78441
30254019 13200
30254098 21043
30254123 9530
30254151 11217
30254246 48396
30254268 23434
30254288 128853
30254371 115983
30254400 4320
30254429 38470
30254430 38470
30254431 89539
30254432 89539
30254433 11216
30253534 89608
30253655 312
30253836 26479
30253882 24308
30253563 15924
30253861 64909
30253677 28390
30253535 89608
30253505 31085
30254434 9636
30254328 72083
30254438 76851
30254442 82877
30254446 89608
30254455 8218
30254456 18254
30254460 36430
30254464 171042
30254468 38470
30254472 34971
30254476 89539
30254480 11948
30254484 11216
30254488 72083
30254492 9636
30254496 26479
30253886 64909
30253973 24308
30253997 123
30254023 78441
30254102 13200
30254127 21043
30254155 9530
30254250 11217
30254272 48396
30254292 23434
30254372 128853
30254401 115983
30254501 4320
30254534 82877
30254564 89770
30254599 38470
30254600 89539
30254601 11216
30254602 9636
30254603 31085
30254609 89608
30254610 15924
30254611 312
30254617 28390
30254618 26479
30254619 64909
30254620 24308
30254621 24308
30254622 21043
30254612 312
30254604 31085
14911223 15924
30253840 28390
30254623 4321
30254627 70003
30254702 45529
30254739 36430
30254743 171042
30254747 38470
30254751 34971
30254755 89539
30254759 11948
30254763 11216
30254767 72083
30254771 9636
30254775 89608
30254779 312
30254106 78441
30254131 13200
30254159 21043
30254254 9530
30254276 11217
30254296 48396
30254376 23434
30254405 128853
30254502 115983
30254535 4320
30254565 82877
30254785 89770
30254793 4321
30254797 89539
30254798 89608
30254799 312
30254800 26479
30254801 26479
30254802 64909
30254803 24308
30254804 24308
25008463 26479
30253681 15924
30253977 64909
30254027 123
30254001 24308
30254447 31085
25008366 28390
30254805 171042
30254809 38470
30254813 34971
30254817 89539
30254821 11948
30254825 11216
30254829 72083
30254833 9636
30254837 31085
30254300 11217
30254380 48396
30254409 23434
30254506 128853
30254539 115983
30254569 4320
30254786 82877
30254628 89770
30254629 4321
30254703 70003
30254841 45529
30254873 38470
30254874 11216
30254875 9636
30254876 89608
30254877 15924
30254883 312
30254884 28390
30254885 26479
30254894 24308
30254258 21043
30254904 48396
30254905 115983
30254906 82877
30254259 21043
30254110 123
30254895 24308
24996958 64909
30254135 78441
30254163 13200
25008452 28390
30254886 26479
30254280 9530
30254907 89608
30254878 15924
25008355 312
30254911 11218
30254915 38470
30254919 34971
30254923 89539
30254927 11948
30254931 11216
30254935 72083
30254939 9636
30254943 31085
30254947 89608
30254384 11217
30254414 48396
30254510 23434
30254543 128853
30254573 115983
30254633 4320
30254634 82877
30254638 89770
30254708 4321
30254842 70003
30254951 45529
30254983 11218
30255011 21460
30255047 312
30255048 26479
30255049 64909
30255050 24308
30255051 115983
30255052 115983
30254887 28390
30254896 64909
30254139 123
30255053 10804
30255057 24612
25008303 13200
25008387 21043
30255061 89539
30255065 11948
30255069 11216
30255073 72083
30255077 9636
30255081 31085
30255085 89608
30255089 15924
30255093 312
30255097 28390
30255101 26479
30255105 64909
30255109 24308
30254577 128853
30254642 115983
30254646 4320
30254650 82877
30254712 89770
30254846 4321
30254952 70003
30254984 45529
30255012 11218
30255114 21460
30255147 10804
30255184 24612
30255216 11216
30255217 9636
30255218 9636
30255219 89608
30255220 89608
30255221 15924
30255222 312
30255223 28390
30255224 28390
30255225 26479
30255226 26479
30255227 64909
30255228 24308
30255229 24308
30255230 123
30255231 78441
30255232 13200
30255233 9530
30255234 23434
30255235 128853
30255236 128853
30255237 115983
30255238 115983
30255239 115983
30255240 115983
30255241 4320
30255242 82877
30255243 4321
30254547 23434
30254418 11217
24986926 123
30254388 9530
30254514 48396
30255244 34971
30255248 124
30255252 6529
30253752 1018
30253734 2517
30255257 8909
30255261 266
30253735 1019
30255266 1020
30255274 1022
30255275 7132
30255292 1021
30255296 1015
30255300 1021
30255301 1021
30255302 11948
30255306 11216
30255310 72083
30255314 9636
30255318 31085
30255322 89608
30255326 15924
30255330 312
30255334 28390
30255338 26479
30255342 64909
30255346 24308
30254392 21043
30254518 11217
30254582 23434
30254654 128853
30254658 115983
30254662 4320
30254716 82877
30254850 89770
30254956 4321
30254988 70003
30255016 45529
30255115 11218
30255148 21460
30255185 10804
30255350 24612
30255385 124
30255413 312
30255414 26479
30255415 24308
30255417 123
30255419 123
30255420 78441
15016361 123
25008315 78441
30254551 48396
25008398 13200
30255421 89539
30255425 100616
30255429 33230
30254422 9530
30255433 72083
30255437 9636
30255441 31085
30255445 89608
30255449 15924
30255453 312
30255457 28390
30255461 26479
30255465 64909
24526510 24308
30254522 9530
30255469 11217
30254586 48396
30254667 23434
30254671 128853
30254676 115983
30254720 4320
30254854 82877
30254960 89770
30254992 4321
30255020 70003
30255119 45529
30255152 11218
30255189 21460
30255351 10804
30255386 24612
30255473 124
30255507 100616
30255539 33230
30255579 89608
30255580 15924
30255581 312
30255582 28390
30255583 26479
30255584 64909
30255585 24308
30255586 24308
30255587 24308
30255588 24308
30255589 24308
30255590 123
30255595 123
30255596 78441
30255597 78441
30255598 78441
30255599 13200
30255600 21043
30255611 9530
30254587 48396
30255612 23434
30254672 128853
30255613 115983
30255614 82877
30255615 4321
30255591 123
30255601 21043
24505850 13200
30255616 11948
30255620 11216
30255624 123619
30255628 138000
30255632 78441
30255602 13200
30255641 9636
30255645 31085
30255649 89608
30255653 15924
30255657 312
30255661 28390
30255665 26479
30255669 24308
30254724 115983
30254858 4320
30254964 82877
30254996 89770
30255024 4321
30255123 70003
30255156 45529
30255193 11218
30255355 21460
30255390 10804
30255474 24612
30255508 124
30255540 100616
30255673 33230
30255707 123619
30255749 26479
30255750 64909
30255751 24308
30255752 123
30255753 78441
30255754 23434
30255755 23434
30255756 45529
30254555 9530
30254680 48396
30254592 11217
30254526 21043
30255633 123
30254687 128853
30255757 11216
30255761 72083
30255765 138000
30255769 23139
30255773 38516
30255777 31085
30255781 89608
30255785 15924
30255789 312
30255793 28390
30255797 26479
30255801 64909
30255805 24308
30255809 123
30255813 78441
30255818 13200
30255822 21043
30255826 9530
30255831 23434
30254728 128853
30254862 115983
30254968 4320
30255000 82877
30255028 89770
30255127 4321
30255160 70003
30255197 45529
30255359 11218
30255394 21460
30255478 10804
30255512 24612
30255544 124
30255674 100616
30255708 33230
30255835 123619
30255866 138000
30255901 23139
30255933 89608
30255934 15924
30255935 312
30255936 28390
30255937 26479
30255938 64909
30255939 24308
30255940 123
30255941 123
30255942 78441
30255943 13200
30255944 21043
30255945 9530
30255946 11217
30255947 23434
30255948 23434
30255949 128853
30255950 115983
30255951 82877
30255952 82877
30255953 70003
25190852 48396
30255954 11217
25190853 48396
30255963 72083
30255967 9636
30255971 38516
30255975 13592
30255979 133067
30254732 23434
30255983 89608
30255987 15924
30255991 312
30255995 28390
30255999 26479
30256003 26479
30256004 64909
30256008 24308
30256012 24308
30256013 24308
30256014 123
30256018 123
30256019 78441
30256023 23434
30256024 115983
30255482 21460
30255516 10804
30255548 24612
30256025 24612
30255678 124
30255712 100616
30255836 33230
30255867 123619
30255902 138000
30256026 23139
30256055 38516
30255164 4321
30255032 82877
30256083 13200
30255201 70003
30255955 9530
30256087 21043
30254694 48396
30255398 11218
30255004 4320
30254972 115983
25190866 11217
30254866 128853
30256091 9636
30256095 31085
30256099 13592
30256103 133067
30256107 24420
30256111 13337
30255364 45529
30255131 89770
30256115 23434
30256123 15924
30256127 312
30256131 312
30256132 28390
30256136 28390
30256137 26479
30256141 26479
30256142 64909
30256146 24308
30256150 24308
30256151 123
30256155 123
30256156 78441
30256160 78441
30256161 13200
30256165 13200
30256166 21043
30256170 21043
30256171 9530
30256175 9530
30256176 11217
30256180 11217
30256181 11217
30256182 11217
30256183 48396
30256188 23434
30256190 128853
30256192 115983
30256200 115983
30255036 4320
30256201 4320
30255135 82877
30256202 82877
30255168 89770
30256203 89770
30255205 4321
30256204 4321
30255368 70003
30255402 45529
30256205 45529
30255487 11218
30255520 21460
30256206 21460
30255552 10804
30255682 24612
30256207 24612
30255716 124
30255840 100616
30256208 100616
30255871 33230
30255906 123619
30256027 138000
30256056 23139
30256209 38516
30256238 13592
30254976 128853
30256184 48396
30256262 89608
30256266 133067
30256270 24420
30256274 13337
30256278 8219
30256282 21467
30256286 312
30256290 28390
30256294 26479
30256298 26479
30256299 64909
30256303 64909
30256304 24308
30256308 24308
30256309 123
30256313 123
30256314 78441
30256318 13200
30256322 21043
30256326 9530
30256330 11217
30256334 23434
30256335 82877
30256336 82877
30256337 4321
30256338 4321
30255491 45529
30256339 45529
30255524 11218
30255556 21460
30256340 21460
30255686 10804
30255721 24612
30256341 24612
30255844 124
30255875 100616
30256342 100616
30255910 33230
30256031 123619
30256060 138000
30256210 23139
30256239 38516
30256343 13592
30256364 133067
30256390 24420
30256418 13337
30256445 13337
30256446 13337
30256447 21467
30256512 21467
30256513 23434
30256193 128853
30256116 48396
30255140 4320
30255209 89770
30255040 115983
30255406 70003
30255172 82877
30256517 15924
30256521 8219
30256525 24613
30255372 4321
30256529 128853
30256533 28390
30256537 26479
30256541 26479
30256542 26479
30256543 64909
30256547 64909
30256548 64909
30256549 64909
30256550 24308
30256554 24308
30256555 24308
30256556 123
30256560 123
30256561 78441
30256565 78441
30256566 13200
30256570 13200
30256571 21043
30256575 21043
30256576 9530
30256580 9530
30256581 11217
30256586 48396
30256591 23434
30256596 128853
30256597 115983
30256607 4320
30256608 82877
30255376 89770
30256619 4321
30256627 4321
30256628 4321
30255495 70003
30255496 70003
30255528 45529
30255560 11218
30255561 11218
30255690 21460
30256629 21460
30255725 10804
30255726 10804
30255848 24612
30256630 24612
30255879 124
30255880 124
30255914 100616
30256631 100616
30256632 100616
30256633 100616
30256035 33230
30256634 33230
30256064 123619
30256635 123619
30256214 138000
30256243 23139
30256636 23139
30256344 38516
30256365 13592
30256637 13592
30256391 133067
30256419 24420
30256448 13337
30256449 8219
30256638 21467
30256663 21467
30256664 24613
30256609 82877
30256592 23434
30256598 115983
30256587 48396
30256582 11217
30255176 4320
30256693 312
30256697 13338
30256701 4148
30255377 89770
30255565 45529
30256705 26479
30256709 64909
30256713 24308
30256717 123
30256721 123
30256722 78441
30256726 13200
30256730 21043
30256734 82877
30256735 82877
30256736 4321
30255730 21460
30255884 24612
30255885 24612
30255918 124
30256039 100616
30256040 100616
30256068 33230
30256218 123619
30256737 123619
30256247 138000
30256348 23139
30256738 23139
30256369 38516
30256395 13592
30256739 13592
30256423 133067
30256453 24420
30256457 13337
30256639 8219
30256740 8219
30256665 21467
30256741 24613
30256762 13338
30255532 70003
30256791 48396
30256795 9530
30256611 4320
30255500 4321
30256620 89770
30255731 21460
30255694 11218
30255852 10804
30256799 11217
30256803 23434
30256807 115983
30256599 128853
30256811 82877
30255566 45529
30256816 28390
30256820 4148
30256824 186976
30256828 78441
30256832 64909
30256836 24308
30256840 24308
30256841 123
30256845 123
30256846 13200
30256850 13200
30256851 21043
30256855 9530
30256860 11217
30256865 48396
30256870 23434
30256871 128853
30256876 115983
30256877 4320
30256883 4320
30256884 82877
30256885 89770
30256891 4321
30256901 4321
30256902 4321
30256903 70003
30256905 45529
30256910 45529
30256911 45529
30255735 11218
30256912 21460
30256916 21460
30256917 21460
30255889 10804
30255890 10804
30255922 24612
30256918 24612
30256919 24612
30256044 124
30256920 124
30256921 124
30256072 100616
30256922 100616
30256923 100616
30256222 33230
30256223 33230
30256251 123619
30256924 123619
30256925 123619
30256352 138000
30256353 138000
30256373 23139
30256926 23139
30256399 38516
30256400 38516
30256427 13592
30256927 13592
30256461 133067
30256462 133067
30256466 24420
30256928 24420
30256929 24420
30256643 13337
30256930 13337
30256931 13337
30256669 8219
30256932 8219
30256933 8219
30256742 21467
30256934 21467
30256935 21467
30256763 24613
30256936 13338
30256966 13338
30256967 4148
30256996 186976
30256906 45529
30256872 128853
30256856 9530
30257030 23434
30256892 4321
30255570 70003
30255736 11218
30256861 11217
30257034 115983
30257038 82877
30256866 48396
30256878 4320
30257042 26479
30257046 115821
30257050 174943
30256886 89770
30253743 2517
30257054 1018
30257058 1022
30257059 7132
30255279 1021
30257070 266
30257075 6529
30257078 1015
30257090 10688
30257094 1016
30257098 25890
30255280 1020
30255267 1019
30257099 78441
30256431 38516
30257103 82877
30257107 24308
30257111 13200
30256470 13592
30256475 133067
30256647 24420
30256673 13337
30256746 8219
30256767 21467
30256937 24613
30256968 13338
30256997 4148
30257115 186976
30257141 115821
30257162 13200
30257163 82877
30257164 4321
30257169 70003
30257170 45529
30257171 45529
30257172 21460
30257173 21460
30257174 24612
30257175 24612
30257176 124
30257177 124
30257178 100616
30257179 100616
30257180 123619
30257181 123619
30257182 123619
30257183 123619
30257184 138000
30257185 138000
30257186 138000
30256404 23139
30257187 38516
30257188 38516
30256471 13592
30257189 133067
30257190 24420
30257191 13337
30257192 13337
30257193 8219
30257194 8219
30256255 33230
30257195 23434
30257199 4320
30255857 11218
30256405 23139
30255926 10804
30256048 24612
30255698 70003
30257203 11217
30256893 89770
30257207 115983
30256076 124
30257165 4321
30256357 123619
30257211 48396
30257215 9530
30256377 138000
30257219 128853
30255740 45529
30257223 123
30257227 174943
30257231 9637
30255894 21460
30257235 21043
30256227 100616
30257239 100616
30257240 23434
30256231 124
30257244 10804
30257248 13200
30257252 21043
30257256 9530
30257260 11217
30257264 11217
30257265 4321
30257266 45529
30257267 45529
30257268 21460
30257269 21460
30257270 10804
30257271 10804
30257272 24612
30257273 24612
30257274 24612
30257275 100616
30257286 100616
30257287 100616
30257288 123619
30257293 123619
30257294 123619
30256435 23139
30256436 23139
30256437 23139
30257295 23139
30256479 38516
30256483 13592
30257296 13592
30256651 133067
30257297 133067
30257298 133067
30257299 133067
30256677 24420
30257300 24420
30256750 13337
30256771 8219
30257301 8219
30257302 8219
30256940 21467
30256972 24613
30257303 24613
30257001 13338
30257116 4148
30257304 4148
30257142 186976
30257305 115821
30257329 174943
30257356 45529
30257276 100616
30257360 115983
30257364 21460
30257368 48396
23821305 33230
30257372 89770
30257376 4320
30257289 123619
30257380 128853
30257384 70003
30256409 138000
30257388 11218
30257392 24612
30257396 82877
30257400 4321
30257404 9637
30257408 8734
24867908 138000
30257412 9530
30257416 82877
30257420 45529
30257424 21043
30257428 4321
30257433 4321
30257434 45529
30257435 21460
30257440 24612
30257445 100616
30256413 123619
30256487 23139
30257446 38516
30256655 13592
30257447 133067
30257448 133067
30257449 133067
30256754 24420
30256775 13337
30256944 8219
30256945 8219
30256976 21467
30257450 21467
30257005 24613
30257451 24613
30257120 13338
30257146 4148
30257306 186976
30257330 115821
30257452 174943
30257482 9637
30257515 8734
30257441 24612
30257549 128853
30256488 23139
30257429 4321
23821293 100616
30256681 133067
30257553 48396
30257557 23434
30256755 24420
30257436 21460
30257561 11217
30257565 70003
24884629 10804
30257569 11218
30257573 115983
30257577 89770
30256656 13592
30257581 4320
30256492 38516
30257585 24309
30256381 33230
30257278 124
30257589 82877
30257593 24612
30257597 82877
30257598 4321
30257599 45529
30257604 21460
30257605 21460
30257606 10804
30257607 23139
30257608 23139
30257609 13592
30257614 13592
30257615 13592
30257616 13592
30257617 24420
30257619 13337
30257620 13337
30257621 8219
30257622 24613
30257151 13338
30257310 4148
30257333 186976
30257453 115821
30257483 174943
30257516 9637
30257623 8734
30257652 24309
30257688 115983
30256980 8219
30257692 89770
30257124 24613
30257610 13592
30256949 13337
30256779 24420
30257600 45529
30257696 48396
30257700 100616
30257705 70003
30257709 23139
30257713 11217
30257009 21467
30257717 11218
30257721 128853
30256496 138000
30257725 4320
30257729 4321
30257733 10804
30257737 23434
30257741 9530
30257745 132655
1369054 133067
30257749 21460
30257753 24612
30257128 21467
30257757 24612
30257758 100616
30257763 100616
30257764 123619
30257770 23139
30257771 13592
30257772 133067
30257773 24420
30257774 13337
30257775 13337
30257776 8219
30257777 21467
30257314 13338
30257337 4148
30257457 186976
30257487 115821
30257520 174943
30257624 9637
30257653 8734
30257778 24309
30257806 132655
30257834 244536
30256500 138000
30257862 70003
30257866 82877
30256783 133067
30257870 115983
30257874 89770
30257878 128853
30257765 123619
30257882 4321
30257886 48396
14909256 23139
30256953 24420
30257890 10804
30257155 24613
30256685 38516
30257894 23434
30257759 100616
30257898 11218
24867909 33230
30257902 124
30257907 4320
30256984 13337
30257911 11217
30257915 116957
30257919 45529
30257013 8219
30257923 138000
30257017 13337
30257927 82877
30257928 89770
30257929 4321
30257930 70003
30257931 45529
30257932 11218
30257937 21460
30257942 21460
30257943 21460
30257944 10804
30257949 10804
30257950 24612
30257955 124
30257960 100616
30257961 100616
30257962 33230
30257963 23139
30257972 24420
30257978 13337
30257979 8219
30257318 24613
30257984 24613
30257341 13338
30257461 4148
30257491 186976
30257524 115821
30257628 174943
30257657 9637
30257985 9637
30257779 8734
30257807 24309
30257835 132655
30257986 244536
30258010 116957
30258043 1565
30258073 1635
30258105 89770
30257964 23139
30258109 33230
30257951 24612
30258113 128853
30257980 8219
30257938 21460
30258117 115983
30258121 4321
30257973 24420
30257933 11218
30257956 124
30256957 133067
30258125 23434
30258129 82877
30258133 70003
30258137 123619
30258141 4320
30257945 10804
30258145 38516
30258150 100616
30258154 45529
30258158 48396
30258162 80385
30258166 13592
30258174 128853
30258178 115983
30258182 4320
30258185 82877
30258189 89770
30258193 4321
30258197 70003
30258201 45529
30258205 11218
30258209 21460
30258213 10804
30258217 24612
30258221 124
30258225 100616
30258229 100616
30258230 33230
30258234 123619
30258238 123619
30258239 138000
30258240 23139
30258244 23139
30258245 13592
30258250 13592
30258251 24420
30258252 13337
30258254 8219
30258255 8219
30258256 21467
30257345 24613
30257465 13338
30257495 4148
30257528 186976
30257632 115821
30257661 174943
30257783 9637
30257811 8734
30257839 24309
30257987 132655
30258011 244536
30258044 116957
30258074 1565
30258257 1635
30258286 80385
30257322 21467
30257132 13337
30256988 133067
30257965 138000
30258167 38516
30257022 24420
14883556 8219
30258319 23434
30258323 89581
30258326 13337
30258331 4320
30258335 4320
30258336 82877
30258340 89770
30258344 4321
30258348 70003
30258352 45529
30258356 11218
30258360 21460
30258364 21460
30258365 10804
30258369 10804
30258370 24612
30258374 24612
30258375 124
30258379 124
30258380 100616
30258384 100616
30258385 33230
30258389 33230
30258390 123619
30258394 138000
30258398 138000
30258399 23139
30258403 23139
30258404 38516
30258409 13592
30258413 24420
30258418 8219
30257469 24613
30257499 13338
30257532 4148
30257636 186976
30257665 115821
30257787 174943
30257815 9637
30258419 9637
30257843 8734
30257991 24309
30258015 132655
30258048 244536
30258078 116957
30258258 1565
30258287 1635
30258420 80385
30258444 89581
30258414 24420
30258477 8219
30257349 21467
30258487 133067
30258491 115983
30258495 11220
30258499 82877
30258503 89770
30258507 4321
30258511 70003
30258515 45529
30258519 11218
30258523 21460
30258527 10804
30258531 24612
30258535 124
30258539 100616
30258543 33230
30258547 33230
30258548 123619
30258552 123619
30258553 138000
30258557 138000
30258558 23139
30258562 23139
30258563 38516
30258567 13592
30258571 13592
30258572 133067
30258573 24420
30258578 13337
30258579 8219
30258585 21467
30257791 115821
30257819 174943
30257847 9637
30257995 8734
30258019 24309
30258052 132655
30258082 244536
30258263 116957
30258291 1565
30258421 1635
30258445 80385
30258586 89581
30258614 11220
30258642 133067
30257503 24613
30258580 8219
30257640 4148
30257669 186976
30258478 13337
30257474 21467
30258574 24420
30257536 13338
30258647 7458
30258651 89770
30258655 4321
30258659 70003
30258663 45529
30258667 11218
30258671 21460
30258675 10804
30258678 10804
30258679 24612
30258683 124
30258687 124
30258688 100616
30258692 100616
30258693 33230
30258697 33230
30258698 123619
30258702 123619
30258703 138000
30258707 138000
30258708 23139
30258712 23139
30258713 38516
30258717 38516
30258718 133067
30258719 24420
30258720 8219
30258721 8219
30258722 24613
30257673 4148
30258727 9637
30258086 132655
30258267 244536
30258295 116957
30258425 1565
30258449 1635
30258587 80385
30258615 89581
30258728 11220
30258752 7458
30257823 115821
30258023 8734
30258056 24309
30258780 8219
30258784 13337
30258723 24613
30257644 13338
30257999 9637
30257507 21467
30257851 174943
30258788 133067
30258792 24420
30258796 13592
30257795 186976
30257674 4148
30258800 133397
30258804 1018
30257063 1021
30258809 7604
30258841 25890
30258842 1016
30258857 10688
30258858 1015
30258865 2517
30257079 7132
30257080 1022
30258870 266
30258875 6529
15096512 1019
25389433 1020
30258879 4874
30258883 40273
30257827 186976
30258887 70003
30258891 45529
30258895 11218
30258899 21460
30258903 10804
30258907 24612
30258911 124
30258915 100616
30258919 33230
30258923 123619
30258927 123619
30258928 123619
30258929 138000
30258933 138000
30258934 23139
30258938 23139
30258939 38516
30258943 13592
30258947 13592
30258948 133067
30258952 133067
30258953 24420
30258957 24420
30258958 24420
30258959 13337
30258963 13337
30258964 8219
30258968 8219
30258299 244536
30258429 116957
30258969 116957
30258970 116957
30258453 1565
30258591 1635
30258971 1635
30258619 80385
30258729 89581
30258753 11220
30258972 7458
30258998 133397
30258027 9637
25157327 24613
30258271 132655
30257799 4148
30258060 8734
30257855 115821
30257680 13338
30258090 24309
30257540 21467
30259026 89310
30258003 174943
30258094 8734
30259030 45529
30259034 11218
30259038 21460
30259042 10804
30259046 24612
30259050 124
30259054 100616
30259058 33230
30259062 33230
30259063 123619
30259067 123619
30259068 138000
30259072 138000
30259073 23139
30259077 23139
30259078 38516
30259082 38516
30259083 13592
30259087 13592
30259088 133067
30259092 133067
30259093 24420
30259097 24420
30259098 13337
30259102 13337
30259103 13337
30259104 8219
30259108 8219
30259109 21467
30259114 24613
30259118 24613
30259119 24613
30259120 115821
30259132 174943
30259133 24309
30259134 24309
30259135 244536
30258595 1565
30258623 1635
30258733 80385
30258757 89581
30258973 11220
30258999 7458
30259136 133397
30259159 89310
30258275 24309
30258031 174943
30258303 132655
25157312 186976
30258457 116957
30259182 9637
30259186 4148
30259121 115821
30258433 244536
30259195 13338
30259199 147743
30259203 21467
30258307 24309
30259207 11218
30259211 21460
30259214 10804
30259217 24612
30259221 124
30259225 100616
30259229 33230
30259232 123619
30259236 123619
30259237 138000
30259241 138000
30259242 23139
30259246 23139
30259247 38516
30259251 13592
30259255 13592
30259256 133067
30259260 24420
30259264 24420
30259265 13337
30259269 8219
30259273 8219
30259274 8219
30259275 21467
30259276 24613
30259277 9637
30259278 24309
30259279 116957
30259003 11220
30259137 7458
30259160 133397
30259280 89310
30259300 147743
30258064 174943
30258035 115821
30258977 89581
30259122 186976
25157322 4148
30259187 13338
30259326 24613
30258279 8734
30258437 132655
30258599 116957
30258627 1565
30258760 80385
30258737 1635
30258461 244536
30258098 9637
30259330 21471
30259334 9637
30259007 89581
30259301 89310
30259344 147743
30259369 21460
30259373 10804
30259377 24612
30259381 124
30259385 100616
30259389 33230
30259393 123619
30259397 123619
30259398 138000
30259402 23139
30259406 38516
30259410 13592
30259414 13592
30259415 133067
30259419 133067
30259420 24420
30259424 24420
30259425 13337
30259429 13337
30259430 8219
30259434 8219
30259435 21467
30259439 21467
30259440 24613
30259444 24613
30259445 115821
30259455 174943
30259456 9637
30259458 9637
30259459 9637
30259460 9637
30259461 9637
30259462 24309
30259472 24309
30259281 133397
30258311 8734
30259473 186976
30258603 244536
30259477 21471
30259501 4148
30258764 1635
30259505 13338
30258631 116957
30259164 7458
30259446 115821
30258741 1565
30258465 132655
30259463 24309
30259140 11220
30258981 80385
30259509 56471
30259345 89310
30259478 147743
30259513 124
30259517 100616
30259521 33230
30259525 123619
30259529 138000
30259532 138000
30259533 23139
30259537 23139
30259538 38516
30259542 13592
30259546 13592
30259547 133067
30259551 24420
30259555 24420
30259556 13337
30259560 8219
30259564 8219
30259565 21467
30259569 24613
30259573 24613
30259574 13338
30259578 4148
30259447 186976
30259582 115821
30259586 9637
30259587 9637
30259588 24309
30259589 132655
30259285 7458
30259464 8734
30258635 244536
30258745 116957
30259167 11220
30259590 9637
30258985 1635
30259144 89581
30259305 133397
30259594 21471
30259614 56471
30258469 24309
30258768 1565
30259011 80385
30259335 174943
30258607 132655
30259630 24612
30259634 234566
30259638 124
30259642 100616
30259646 33230
30259650 123619
30259654 138000
30259658 23139
30259662 38516
30259666 38516
30259667 13592
30259672 13592
30259674 13592
30259675 133067
30259679 133067
30259680 24420
30259684 24420
30259685 24420
30259686 24420
30259687 24420
30259688 13337
30259692 13337
30259693 8219
30259697 8219
30259698 8219
30259699 21467
30259703 21467
30259704 24613
30259708 24613
30259709 24613
30259710 13338
30259715 13338
30259716 4148
30259720 4148
30259721 186976
30259726 186976
30259727 115821
30259731 115821
30259732 115821
30259733 174943
30259737 174943
30259738 9637
30259747 9637
30259748 9637
30259749 9637
30259750 8734
30259754 24309
30259762 24309
30259763 24309
30259764 132655
30259768 244536
30259776 244536
30259777 244536
30259349 133397
30259778 234566
30259595 147743
30259482 89310
30259309 7458
30259171 89581
30259802 1565
30259289 11220
30259015 1635
30258772 116957
30259148 80385
30259806 56471
30259615 21471
30259821 110723
30259755 8734
30259769 132655
30258989 116957
30259019 1565
30259152 1635
30259175 80385
30259293 89581
30259825 33230
30259829 123619
30259833 138000
30259837 138000
30259838 23139
30259842 38516
30259846 13592
30259850 13592
30259851 133067
30259855 24420
30259859 24420
30259860 13337
30259864 13337
30259865 8219
30259869 8219
30259870 8219
30259871 21467
30259875 24613
30259879 24613
30259880 13338
30259884 4148
30259888 186976
30259892 115821
30259739 174943
30259896 9637
30259900 9637
30259901 24309
30259905 24309
30259906 24309
30259907 244536
30259911 244536
30259313 11220
30259314 11220
30259352 7458
30259486 133397
30259599 89310
30259619 147743
30259807 21471
30259779 56471
30259912 234566
30259932 110723
30259951 37240
30259318 89581
30259356 11220
30259490 7458
30259603 133397
30259623 89310
30259810 147743
30259783 21471
30259913 56471
30259933 234566
30259955 110723
30259971 37240
30259992 123619
30259996 138000
30260000 138000
30260001 23139
30260005 38516
30260009 13592
30260013 133067
30260017 133067
30260018 24420
30260022 13337
30260026 8219
30260030 8219
30260031 8219
30260032 21467
30260036 21467
30260037 21467
30260038 24613
30260042 24613
30260043 24613
30260044 13338
30260048 13338
30260049 4148
30260053 4148
30260054 4148
30260055 186976
30260059 186976
30260060 186976
30260061 115821
30260065 115821
30260066 174943
30260070 174943
30260071 9637
30260075 9637
30260076 9637
30260077 8734
30260081 24309
30260085 24309
30260086 24309
30260087 132655
30260091 132655
30260092 244536
30260096 244536
30260097 244536
30260098 116957
30260102 116957
30260103 1565
30260107 1565
30260108 1635
30260113 1635
30260114 80385
30260122 80385
30260123 11220
30260124 11220
30260125 7458
30260126 133397
30260127 133397
30260128 133397
30260129 147743
30260130 58528
30260134 116957
30260138 1565
30260115 1635
30260142 80385
30259360 89581
30259494 11220
30259607 7458
30259814 89310
30259787 147743
30259917 21471
30259936 56471
30259956 234566
30259972 110723
30260146 37240
30260157 58528
30260169 138000
30260173 23139
30260177 38516
30260181 13592
30260185 133067
30260189 24420
30260193 24420
30260194 13337
30260198 8219
30260202 8219
30260203 8219
30260204 8219
30260205 21467
30260209 24613
30260213 24613
30260214 24613
30260215 13338
30260219 4148
30260223 186976
30260227 115821
30260231 174943
30260235 9637
30260239 9637
30260240 8734
30260244 24309
30260248 24309
30260249 24309
30260250 132655
30260254 244536
30260258 244536
30260259 1565
30260260 11220
30260261 147743
30260262 1519
24506265 7458
30260266 133397
30259791 89310
30259921 147743
30259940 21471
30259960 56471
30259976 234566
30260147 110723
30260158 37240
30260275 58528
30260291 1519
30260307 38516
30260311 13592
30260315 13592
30260316 133067
30260320 133067
30260321 24420
30260325 24420
30260326 13337
30260330 8219
30260334 8219
30260335 8219
30260336 21467
30260340 21467
30260341 21467
30260342 24613
30260346 24613
30260347 24613
30260348 13338
30260352 13338
30260353 4148
30260357 4148
30260358 186976
30260362 186976
30260363 115821
30260367 115821
30260368 174943
30260372 9637
30260376 9637
30260377 8734
30260381 24309
30260385 24309
30260386 24309
30260387 132655
30260391 132655
30260392 132655
30260393 244536
30260397 244536
30260398 116957
30260402 1565
30260406 1565
30260407 1635
30260411 80385
30260415 80385
30260416 89581
30260420 89581
30260421 89581
30260422 11220
30260430 133397
30260431 89310
30260432 21471
30260433 23139
30260437 76946
30260441 9632
30258810 25890
30258846 1015
30258811 10688
30260445 40273
30260461 4874
30260462 7604
30258812 1016
15096477 1021
30258847 1022
15096503 2517
30260469 266
30260475 1018
30260479 8216
30260483 133067
30260487 24420
30260491 13337
30260495 8219
30260499 8219
30260500 8219
30260501 8219
30260502 21467
30260506 24613
30260509 24613
30260510 13338
30260514 4148
30260518 186976
30260522 115821
30260526 174943
30260530 9637
30260534 8734
30260538 24309
30260542 132655
30260546 244536
30260550 116957
30260554 1565
30260558 1635
30260562 80385
30260423 89581
30260566 11220
30260571 11220
30260267 7458
30260572 7458
30259795 133397
30260573 133397
30260574 133397
30259925 89310
30259944 147743
30260575 147743
30259964 21471
30259980 56471
30260576 56471
30260150 234566
30260577 234566
30260162 110723
30260578 110723
30260276 37240
30260292 58528
14917814 1519
30260579 76946
24516151 9632
30260594 71978
30260598 128952
30260602 17969
30260606 13337
30260610 24420
30260614 24420
30260615 13337
30260616 8219
30260620 21467
30260624 21467
30260625 21467
30260626 21467
30260627 24613
30260631 24613
30260632 24613
30260633 13338
30260637 13338
30260638 13338
30260639 4148
30260644 4148
30260645 186976
30260649 186976
30260650 115821
30260654 174943
30260658 174943
30260659 9637
30260663 9637
30260664 8734
30260668 8734
30260669 24309
30260673 24309
30260674 24309
30260675 132655
30260679 244536
30260683 116957
30260687 1565
30260691 1565
30260692 1565
30260693 1635
30260697 1635
30260698 80385
30260702 80385
30260703 89581
30260707 89581
30260708 11220
30260712 11220
30260713 7458
30260717 7458
30260718 133397
30260722 133397
30260723 133397
30260724 133397
30260725 133397
30260726 89310
30260730 89310
30260731 147743
30260735 147743
30260736 147743
30260737 147743
30259984 21471
30260738 21471
30260739 21471
30260740 56471
30260750 56471
30260752 234566
30260754 234566
30260755 234566
30260756 234566
30260280 110723
30260757 110723
30260296 37240
30260758 37240
14917865 58528
30260759 58528
30260760 58528
30260580 1519
30260761 76946
30260779 9632
30260796 71978
30260800 128952
30260804 17969
30260808 31261
30260812 56741
30260816 128952
30260836 89310
30260840 147743
30260741 21471
24505935 56471
30260284 234566
30260300 110723
14917925 37240
30260583 58528
30260762 1519
30260780 76946
14917842 9632
30260844 71978
30260860 17969
30260883 31261
30260904 8219
30260908 8219
30260909 21467
30260913 24613
30260917 13338
30260921 13338
30260922 4148
30260926 186976
30260930 115821
30260934 174943
30260938 9637
30260942 8734
30260946 24309
30260950 132655
30260954 244536
30260958 116957
30260962 1565
30260966 1635
30260970 80385
30260974 89581
30260978 11220
30260982 11220
30260983 7458
30260987 7458
30260988 133397
30260992 89310
30260993 89310
30260994 89310
30260995 89310
30260996 56471
30260997 56471
30260998 56471
30260999 234566
30261000 234566
30261001 110723
30261002 110723
30261003 37240
30261014 37240
30261015 37240
30261016 37240
30261017 37240
30261018 37240
30261019 58528
30261020 58528
30261021 58528
30261022 1519
30261023 9632
30261024 234566
30261025 56741
30261029 72777
30260845 9632
30261033 11220
30261037 21467
30261041 24613
30261045 24613
30261046 13338
30261050 13338
30261051 13338
30261052 4148
30261056 4148
30261057 186976
30261061 186976
30261062 115821
30261066 115821
30261067 174943
30261071 174943
30261072 9637
30261076 8734
30261080 24309
30261084 132655
30261088 132655
30261089 244536
30261093 116957
30261097 1565
30261101 1635
30261105 80385
30261109 89581
30261112 7458
30261116 133397
30261120 89310
30261124 147743
30261128 147743
30261129 147743
30261130 147743
30261131 21471
30261135 21471
30261136 21471
30261137 21471
30261138 21471
30261139 56471
30261143 56471
30261144 56471
30261145 56471
30261146 234566
30261150 234566
30261151 234566
30261152 234566
30261153 234566
30261154 234566
30261155 234566
30261004 110723
30261156 110723
30261158 110723
30261159 110723
30261160 110723
30260587 37240
30261161 37240
30261162 37240
30261163 37240
30261164 37240
30260766 58528
30261165 58528
30261167 58528
30260784 1519
30261168 1519
14917893 76946
30261169 9632
30260817 71978
30261170 71978
30260861 128952
30260884 17969
30261171 31261
30261187 56741
30261203 72777
30261207 151982
30261211 2515
30261215 92204
30261219 89310
30261223 13338
30261227 13338
30261228 4148
30261232 186976
30261236 115821
30261241 174943
30261245 9637
30261249 8734
30261253 24309
30261257 132655
30261261 244536
30261265 116957
30261269 1565
30261273 1635
30261277 80385
30261281 89581
30261285 11220
30261289 7458
30261293 133397
30261297 147743
30261301 21471
30261305 56471
30261309 56471
30261310 56471
30261311 56471
30261005 234566
30261312 234566
30261313 234566
30261314 110723
30260771 37240
30260788 58528
30261318 58528
14917945 1519
30260849 76946
30261319 76946
30260821 9632
30261320 9632
30261321 9632
30260865 71978
30260888 128952
30261172 17969
30261188 31261
30261322 31261
30261323 56741
30261339 72777
30261350 24613
30261354 151982
30261358 2515
30261362 92204
30261366 199489
30261370 134019
30261374 110723
30261378 4148
30261382 186976
30261386 186976
30261387 115821
30261391 115821
30261392 174943
30261396 174943
30261397 9637
30261401 9637
30261402 8734
30261406 8734
30261407 24309
30261411 132655
30261415 132655
30261416 244536
30261420 244536
30261421 116957
30261425 116957
30261426 1565
30261430 1635
30261434 80385
30261438 80385
30261439 89581
30261443 11220
30261447 7458
30261451 133397
30261455 89310
30261459 89310
30261460 147743
30261464 21471
30261468 21471
30261469 21471
30261470 56471
30261474 234566
30261478 110723
30261479 110723
30261480 110723
30261481 37240
30261485 37240
30261486 58528
30261490 58528
30260853 1519
30261491 1519
30261492 76946
30261497 76946
30260869 9632
30260892 71978
30261499 71978
30261176 128952
30261192 17969
30261500 17969
30261324 31261
30261340 56741
30261501 72777
30261505 151982
30261521 13338
30261525 2515
30261529 92204
30261533 199489
30261537 134019
30261541 74542
30261545 186976
30261549 115821
30261553 174943
30261557 9637
30261561 8734
30261565 24309
30261569 132655
30261573 244536
30261577 116957
30261581 1565
30261585 1635
30261589 80385
30261593 89581
30261597 11220
30261601 7458
30261605 133397
30261609 89310
30261613 147743
30261617 21471
30261621 56471
30261625 56471
30261626 56471
30261627 234566
30261631 110723
30261635 110723
30261636 37240
30261641 58528
30261645 58528
30261646 58528
30260825 1519
30260873 76946
30260897 9632
30261180 71978
30261647 71978
30261196 128952
30261648 128952
30261328 17969
30261649 17969
30261343 31261
30261650 31261
30261660 56741
30261506 72777
30261668 151982
30261680 2515
30261692 92204
30261709 4148
30261713 199489
30261717 134019
30261721 74542
30261725 6335
30261729 253973
30261733 7130
30261737 115821
30261741 115821
30261742 174943
30261746 174943
30261747 9637
30261751 9637
30261752 8734
30261756 8734
30261757 24309
30261761 24309
30261762 132655
30261766 132655
30261767 244536
30261771 244536
30261772 116957
30261776 116957
30261777 1565
30261781 1565
30261782 1635
30261786 1635
30261787 80385
30261791 80385
30261792 89581
30261796 11220
30261800 7458
30261804 133397
30261808 89310
30261812 147743
30261816 21471
30261820 56471
30261824 234566
30261828 110723
30261832 110723
30261833 110723
30261834 37240
30261838 58528
30261842 58528
30261843 1519
30261847 1519
30261848 1519
30261849 76946
30261853 76946
30261854 9632
30261858 9632
30261859 9632
30261860 71978
30261864 71978
30261865 71978
30261866 71978
30261332 128952
30261867 128952
30261869 128952
30261651 17969
30261870 17969
30261871 17969
30261661 31261
30261872 31261
30261510 56741
30261873 56741
30261874 56741
30261669 72777
30261875 72777
30261681 151982
30261876 151982
30261693 2515
30261877 2515
30261878 92204
30261886 199489
30261899 134019
30261903 74542
30261907 6335
30261911 253973
30261915 7130
30261919 128249
30261923 174943
30261927 9637
30261931 8734
30261935 24309
30261939 132655
30261943 244536
30261947 116957
30261951 1565
30261955 1635
30261959 80385
30261963 89581
30261967 11220
30261971 11220
30261972 7458
30261976 133397
30261980 89310
30261984 147743
30261988 21471
30261992 56471
30261996 56471
30261997 56471
30261998 234566
30262002 234566
30262003 110723
30262007 110723
30262008 37240
30262012 58528
30262016 1519
30262020 76946
30262024 76946
30262025 76946
30262026 9632
30262031 71978
30262035 71978
30262036 71978
30261652 128952
30262037 17969
30262041 17969
30261514 31261
30261673 56741
30262042 56741
30261685 72777
30261697 151982
30262043 151982
30261879 2515
30261887 92204
30262044 92204
30262045 199489
30262057 134019
30262065 74542
30262077 6335
30262081 253973
30262085 7130
30262089 128249
30262093 24609
30262097 14811
30262101 8734
30262105 24309
30262111 24309
30262112 132655
30262116 132655
30262117 244536
30262121 116957
30262125 116957
30262126 1565
30262130 1565
30262131 1635
30262135 1635
30262136 80385
30262140 80385
30262141 89581
30262145 89581
30262146 11220
30262150 7458
30262154 7458
30262155 133397
30262159 89310
30262163 147743
30262167 21471
30262171 21471
30262172 21471
30262173 56471
30262177 56471
30262178 234566
30262182 234566
30262183 110723
30262187 110723
30262188 37240
30262192 37240
30262193 58528
30262197 1519
30262201 1519
30262202 1519
30262203 1519
30262204 76946
30262208 76946
30262209 9632
30262213 9632
30262214 9632
30262215 71978
30262219 71978
30262220 71978
30262221 128952
30262225 128952
30262226 128952
30262227 17969
30262231 17969
30262232 17969
30262234 31261
30262238 31261
30262239 56741
30262248 56741
30262249 56741
30261701 72777
30262250 72777
30262251 151982
30262252 151982
30261891 2515
30262253 2515
30262046 92204
30262254 92204
30262058 199489
30262066 134019
30262255 74542
30262264 6335
30262268 253973
30262272 7130
30262276 128249
30262280 24609
30262284 14811
30262288 133867
1045375 1021
30260446 4874
30258816 1016
30260447 25890
30258817 10688
30258821 1015
30258822 1022
30262292 11833
30262297 8216
30262298 40273
30260448 7604
30262305 1018
15096482 2517
30262309 1019
30262313 2517
15096467 1020
15096425 7132
30262314 24309
30262318 132655
30262322 244536
30262326 116957
30262330 1565
30262334 1635
30262338 80385
30262342 89581
30262346 11220
30262350 7458
30262354 133397
30262358 133397
30262359 89310
30262363 147743
30262367 147743
30262368 147743
30262369 21471
30262373 56471
30262377 56471
30262378 234566
30262382 234566
30262383 110723
30262387 110723
30262388 37240
30262392 37240
30262393 58528
30262397 58528
30262398 1519
30262402 76946
30262406 76946
30262407 9632
30262411 71978
30262415 71978
30262416 128952
30262420 17969
30262424 17969
30262240 31261
30262425 56741
30262429 56741
25087119 72777
25008482 151982
30262430 151982
30262050 2515
24995717 92204
30262431 92204
30262070 199489
30262256 134019
30262432 134019
24516179 74542
25209286 6335
30262433 6335
14917815 253973
30262434 7130
30262438 128249
30262442 24609
30262446 14811
30262450 133867
30262454 20302
30262458 220318
30262462 135218
30262466 88657
30262470 89414
30262474 1565
30262478 1635
30262482 1635
30262483 80385
30262488 89581
30262492 89581
30262493 11220
30262497 7458
30262501 7458
30262502 133397
30262506 133397
30262507 133397
30262508 89310
30262512 89310
30262513 89310
30262514 147743
30262518 147743
30262519 147743
30262520 21471
30262524 21471
30262525 56471
30262529 56471
30262530 56471
30262531 234566
30262535 234566
30262536 110723
30262540 110723
30262541 110723
30262542 37240
30262546 37240
30262547 58528
30262551 58528
30262552 58528
30262553 58528
30262554 1519
30262558 1519
30262559 76946
30262563 76946
30262564 76946
30262565 9632
30262569 9632
30262570 71978
30262574 71978
30262575 128952
30262579 128952
30262580 17969
30262584 17969
30262585 31261
30262589 31261
30262590 56741
30262594 56741
30262595 56741
30262596 56741
30262597 72777
30262598 151982
30262602 151982
30262603 151982
30262604 2515
30262605 92204
30262609 92204
30262610 199489
30262611 134019
30262620 134019
30262621 134019
30262622 134019
30262623 74542
30262624 74542
14917869 6335
30262625 6335
3972261 253973
30262626 253973
14917998 7130
25209326 128249
14918040 24609
30262627 14811
30262631 133867
30262635 20302
30262639 220318
30262643 135218
30262647 88657
30262651 89414
30262655 88677
4919465 253973
30262659 1635
30262663 80385
30262667 89581
30262671 11220
30262675 7458
30262679 133397
30262684 133397
30262686 89310
30262691 147743
30262695 147743
30262696 21471
30262700 56471
30262704 56471
30262705 234566
30262709 234566
30262710 234566
30262711 110723
30262715 110723
30262716 37240
30262720 37240
30262721 37240
30262722 37240
30262723 58528
30262727 58528
30262728 1519
30262732 1519
30262733 1519
30262734 1519
30262735 76946
30262739 76946
30262740 76946
30262741 9632
30262745 71978
30262749 71978
30262750 71978
30262751 128952
30262755 128952
30262756 128952
30262757 128952
30262758 128952
30262759 17969
30262763 17969
30262764 17969
30262765 31261
30262769 31261
30262770 31261
30262771 31261
25008535 56741
30262772 56741
30262773 56741
30262774 72777
25008556 151982
30262778 151982
30262779 151982
30262780 2515
30262785 2515
30262786 2515
30262787 2515
30262788 92204
30262789 92204
30262790 92204
30262612 199489
30262791 199489
30262793 199489
30262794 199489
25008571 134019
30262795 134019
30262796 134019
30262797 134019
14917929 74542
30262798 74542
30262799 74542
4163868 6335
30262800 6335
30262801 253973
1767314 7130
30262802 128249
3221637 24609
14917949 14811
30262803 14811
30262804 133867
14918005 20302
30262808 220318
30262812 135218
30262816 88657
30262820 89414
30262824 88677
30262828 131129
30262832 133397
30262836 133397
30262837 89310
30262841 89310
30262842 147743
30262846 147743
30262847 21471
30262851 21471
30262852 21471
30262853 56471
30262857 56471
30262858 234566
30262863 234566
30262864 234566
30262865 110723
30262869 110723
30262870 110723
30262871 37240
30262875 37240
30262876 58528
30262880 58528
30262881 1519
30262885 1519
30262886 76946
30262890 76946
30262891 76946
30262892 9632
30262896 9632
30262897 9632
30262898 71978
30262902 71978
30262903 71978
30262904 128952
30262908 128952
30262909 128952
30262910 128952
30262911 128952
30262912 128952
30262913 17969
30262917 17969
30262918 17969
30262919 31261
30262923 31261
30262924 31261
30262925 31261
30262926 56741
30262930 56741
30262931 56741
30262932 72777
30262936 72777
30262937 72777
30262938 72777
30262939 72777
30262940 151982
30262944 151982
30262945 151982
25008536 2515
30262946 2515
30262947 2515
30262948 92204
30262952 92204
30262953 92204
25008557 199489
30262954 134019
30262958 134019
30262959 134019
25008518 74542
30262960 74542
30262961 6335
30262966 6335
2583424 253973
14918058 7130
30262967 7130
3673297 128249
30262969 128249
14917984 24609
30262970 24609
30262972 24609
25209318 14811
14918028 133867
4919513 20302
30262973 20302
30262974 220318
30262978 135218
30262986 88657
30262990 89414
30262994 88677
30262998 131129
30263002 89521
30263006 88841
30263010 133686
30249800 6335
30263014 21471
30263018 56471
30263022 234566
30263026 110723
30263030 110723
30263031 37240
30263035 37240
30263036 58528
30263041 58528
30263042 1519
30263046 1519
30263047 76946
30263051 76946
30263052 9632
30263056 9632
30263057 71978
30263061 71978
30263062 128952
30263066 128952
30263067 128952
30263068 17969
30263072 17969
30263073 31261
30263077 56741
30263081 56741
30263082 72777
30263086 72777
30263087 151982
30263088 151982
30263089 2515
30263094 92204
30263095 92204
30263096 92204
30263097 92204
30263098 199489
30263102 199489
30263103 199489
30263104 134019
30263105 134019
30263106 134019
30263107 74542
30263111 253973
3972262 7130
30263112 7130
30263113 7130
30263114 7130
14917999 128249
30262971 128249
25209327 24609
2583411 133867
24516208 20302
30262979 220318
30263115 88657
30263119 89414
30263127 89310
30263131 147743
30263135 88677
30263139 131129
30263143 89521
30263146 88841
30263150 133686
30263154 146182
30263158 218299
30263162 234566
30263166 234566
30263167 37240
30263171 37240
30263172 37240
30263173 58528
30263177 58528
30263178 1519
30263183 1519
30263184 76946
30263188 76946
30263189 76946
30263190 9632
30263194 9632
30263195 71978
30263199 71978
30263200 128952
30263204 17969
30263208 17969
30263209 17969
30263210 31261
30263214 56741
30263218 56741
30263219 56741
30263220 72777
30263224 151982
30263228 151982
30263229 2515
30263233 2515
30263234 92204
30263238 92204
30263239 199489
30263243 134019
30263247 74542
30263251 6335
30263255 6335
30263256 6335
30263257 253973
30263262 7130
30263270 7130
30263271 7130
30249804 128249
30249892 24609
30263272 24609
30263273 24609
3221638 14811
30250090 133867
30263274 133867
25209313 20302
14918006 220318
4919492 135218
30263120 88657
30263275 89414
30263283 88677
30263287 131129
30263295 110723
30263299 89521
30263303 88841
30263307 133686
30263311 146182
30263315 218299
30263319 71778
30263323 58528
30263327 58528
30263328 1519
30263332 76946
30263336 76946
30263337 9632
30263341 71978
30263345 71978
30263346 128952
30263350 17969
30263354 17969
30263355 31261
30263359 56741
30263363 56741
30263364 72777
30263368 151982
30263372 2515
30263376 92204
30263380 92204
30263381 199489
30263385 134019
30263389 134019
30263390 134019
30263391 74542
30263395 74542
30263396 74542
30263397 74542
30263398 6335
30263263 253973
30249786 7130
30249881 128249
30263402 128249
30249990 24609
24516219 14811
25209319 133867
14918018 20302
30263276 88657
14917950 89414
30263288 88677
30263403 131129
30263407 89521
30263415 88841
30263423 133686
30263431 146182
30263439 218299
30263455 220318
30263457 110723
30263461 37240
30263465 71778
30263469 89600
30263473 9632
30263477 71978
30263481 71978
30263482 128952
30263486 17969
30263490 17969
30263491 31261
30263495 56741
30263499 56741
30263500 56741
30263501 72777
30263505 151982
30263509 151982
30263510 151982
30263511 2515
30263515 92204
30263519 199489
30263523 134019
30263527 74542
30263531 6335
30263535 253973
30263539 7130
30263543 7130
30263544 7130
30263545 7130
30263546 128249
30263550 24609
30249790 14811
30249885 133867
30263554 133867
30263555 133867
30249994 20302
30250083 220318
25209308 135218
30263556 88657
4919473 89414
24516185 88677
30263408 131129
30263416 89521
30263424 88841
30263432 133686
30263440 146182
30263560 218299
30263572 71778
30263584 89600
30263596 1519
30263600 76946
30263604 157655
30263608 128952
30263612 17969
30263616 17969
30263617 31261
30263621 56741
30263625 56741
30263626 72777
30263630 151982
30263634 151982
30263635 2515
30263639 2515
30263640 92204
30263644 199489
30263648 199489
30263649 134019
30263653 74542
30263657 74542
30263658 74542
30263659 6335
30263663 6335
30263664 253973
30263668 7130
30263672 7130
30263673 7130
30263674 7130
30263675 128249
30249767 24609
30249866 14811
30249968 133867
24516209 20302
25209314 220318
14917994 135218
937317 88657
25209298 88677
4919444 89521
30263444 133686
30263561 146182
30263573 218299
30263679 218299
30263585 71778
30263680 89600
30263692 157655
24516192 89414
14917897 131129
24516152 88841
30263700 71978
30263704 35097
30263708 31261
30263712 56741
30263716 56741
30263717 56741
30263718 72777
30263722 151982
30263726 151982
30263727 2515
30263731 92204
30263735 199489
30263739 134019
30263743 74542
30263748 6335
30263752 253973
30263756 7130
30263760 7130
30263762 128249
30263766 128249
30263767 24609
30263771 24609
30263772 14811
30263776 133867
30249771 20302
30249867 220318
30263780 220318
30249972 135218
30250074 88657
25209304 89414
30263781 88677
4919460 131129
24516174 89521
30263448 88841
30263565 133686
30263577 146182
30263589 218299
30263681 71778
30263693 89600
30263785 157655
30263797 35097
30263801 131129
30263806 89691
15096437 4874
15096388 1016
15096402 25890
15096415 7604
15096457 40273
15096468 2517
15096453 1019
15096472 8216
15096487 11833
15096508 4499
15096521 122
15096426 1020
15096393 7132
15096374 10688
15096375 1022
4919421 133686
14917843 88841
25209287 89521
25209288 89521
30263810 89691
30263818 35097
25190509 157655
30263786 89600
14917797 71778
30263685 218299
30263826 151982
30263830 2515
30263834 92204
30263838 199489
30263842 134019
30263846 74542
30263850 6335
30263854 253973
30263858 7130
30263862 128249
30263866 24609
30263870 14811
30249747 133867
30249850 20302
30249947 220318
30250055 135218
30249775 88657
14917951 89414
4919474 88677
30263874 253973
30263875 253973
30263876 72777
30263880 43770
24516180 131129
24516141 146182
30263884 92204
30263888 199489
30263892 134019
30263896 74542
30263900 6335
30263904 253973
30263908 7130
30263912 128249
30263916 24609
30263920 14811
30263924 133867
30263928 20302
30263932 220318
30249751 135218
30249854 88657
30249948 89414
30250056 88677
30249776 131129
30263936 89521
4919445 88841
30250078 133686
25209273 146182
14917805 218299
30263790 71778
25190514 89600
30263819 157655
30263811 35097
30263940 89691
30263949 43770
30263953 253973
30263954 131129
14917806 218299
30263955 2515
30263959 9633
14917790 157655
30263963 6335
30263967 253973
30263971 7130
30263975 128249
30263979 24609
30263983 14811
30263987 133867
30263991 20302
30249729 220318
30249837 135218
30249930 88657
30250038 89414
30249752 88677
30249855 131129
30249952 89521
25209256 89600
30263941 35097
25190504 89691
30263995 43770
30264003 9633
30264011 146182
30264012 218299
30264013 71778
30264014 71778
30264015 157655
30264016 35097
30264017 35097
24516153 88841
25209280 133686
30264018 134019
30264022 74542
30264026 9635
24516130 71778
30264030 20302
30264035 220318
30264039 135218
30264043 88657
30249730 89414
30249838 88677
30249931 131129
30250039 89521
30249756 88841
30249859 133686
30249956 146182
30250067 218299
30264047 89600
30249983 157655
25190510 35097
30263996 89691
30264004 43770
30264051 9633
30264055 9635
30264059 218299
30264060 89600
30264061 35097
30264062 43770
30264063 253973
30264067 7130
30264071 128249
30264075 24609
30264079 14811
30264083 133867
30264087 75039
25209263 71778
30264091 135218
30249716 88657
30249826 89414
30249916 88677
30250025 131129
30249735 89521
30249842 88841
30249935 133686
30250043 146182
30249760 218299
30250220 43770
30264095 9635
30250399 75039
30264099 177219
30264103 218299
30264104 218299
30264105 89600
30264106 89600
30264107 35097
30264108 35097
30264109 43770
24516124 157655
14917798 71778
25190498 9633
30264110 220318
25209250 35097
30264114 35097
30264116 89414
30264120 88677
30249717 131129
30249827 89521
30249917 88841
30250026 133686
30249739 146182
30249846 218299
30249939 71778
30250047 89600
30250142 35097
30249963 89691
30250362 43770
30250243 9633
30250405 9635
30250423 75039
30264124 177219
30264128 154431
30264132 218299
30264133 71778
30264134 157655
30264135 35097
30264137 43770
30264139 9635
30264140 9635
30264141 135218
30264145 88657
25209257 157655
30264149 89414
30249706 88677
30249820 131129
30249906 89521
30250015 88841
30249721 133686
30249832 146182
30249921 218299
30250030 71778
30249743 89600
30249943 35097
25209240 43770
30250143 9633
30250214 9635
25190486 75039
30250275 177219
30250394 154431
30264153 128427
30264157 238822
30264165 35097
30264166 89691
30264167 43770
30264168 177219
30250129 157655
24516115 89691
30264169 88657
30264173 131129
30264177 89521
30249707 88841
30249821 133686
30249907 146182
30250016 218299
30249725 71778
30250120 89600
30249926 157655
30250034 35097
30250106 89691
30250133 43770
30250166 9633
30250357 9635
30250238 75039
30250385 177219
30250418 154431
30264158 128427
30264181 238822
30264185 121383
30264189 89600
30264190 9635
30264191 75039
30264192 177219
30264193 177219
30264194 154431
30264195 89414
30264199 88677
30249700 89521
30249815 88841
30249900 133686
30250009 146182
30249712 218299
30250114 71778
30249911 89600
30250021 157655
30250102 35097
30250125 89691
30250161 43770
30250197 75039
30250210 177219
30250269 128427
30250386 238822
30264203 121383
30264207 89509
30264212 9635
30264213 133686
30249701 146182
30250305 218299
30249901 71778
30250010 89600
30250098 157655
30250115 35097
30250157 89691
30250175 43770
30250184 9633
30250192 9635
30250206 75039
30250352 177219
30250234 154431
30250376 128427
30250413 238822
30250432 121383
30264217 89509
30264222 239509
30264227 9635
30264228 128427
30264230 121383
30264231 88841
4919466 7604
15096473 4874
15096438 25890
15096403 10688
15096416 1016
30264235 122
30264239 4499
30264240 11833
30264247 8216
30264251 40273
30264255 1019
30264259 1020
30264264 1021
30251104 7132
30264269 29263
30264273 1317
30264277 1022
30251113 1022
15096389 1015
30862513 7132
