431821 138209
431821 34850
431821 138176
431821 2472
431821 115783
431821 431797
575816 93220
575816 1291575
575816 179249
575816 309076
575816 206531
14977538 308949
14977538 90761
143196 15156
143196 128570
143196 37090
143196 79773
4025186 4198371
4025186 15317
4025186 495538
4025186 20997
4025186 1137788
3343044 15317
3343044 141988
3343044 36756
3547399 154253
4198397 2996
4198397 234022
4198397 487972
4198397 154572
3892660 17944
3892660 68443
3892660 171435
3892660 621
3892660 37573
3892660 1052006
3892660 286903
3892660 145815
3892660 412695
3892660 36275
3892660 538009
3892660 138261
3892660 242678
3892660 38366
3892660 156219
3892660 449291
3892660 855420
3892660 152661
3892660 1859655
3892660 4112237
3892660 452536
3892660 91338
3892660 171263
3892660 782623
3892660 1104120
3892660 4112238
15016396 4361
15016396 37440
15016396 199634
15016396 36566
15016396 155198
3046596 234716
3046596 376155
3046596 929680
2839441 56652
2839441 43863
2839441 50076
2839441 37034
4198400 2996
4198400 36825
4198400 3017
29355357 36531
29355357 29355358
32704253 17947
32704253 34757
32704253 90426
32704253 305562
32704253 55858
3826759 4068399
3826759 3826946
3451978 151584
3451978 3451988
3451978 460881
3451978 178302
3451978 470650
3451978 1152780
3451978 92688
4221608 119000
4221608 4330699
4221608 4221605
4221608 4221606
4221608 4330701
3452066 149881
3452066 230808
3452066 3054963
4330931 235641
4330931 1163698
4330932 235642
4330932 720300
4330932 57408
4330933 1163698
4330933 235679
4330933 235698
4330933 153962
4330933 1163701
4330933 57410
3453002 3829908
3453002 3829910
3453002 3828943
3450800 46203
3450800 382102
3450800 1163775
3450800 382106
2910377 46203
2910377 1152776
2910377 232175
2910377 3451075
2910377 2417325
2910377 1152779
2910377 460881
2910377 3451076
2910377 3451072
2910377 3451077
2910377 2910406
2910377 3451078
2910377 3451079
2910378 248803
2910378 151001
2910378 2587272
2910378 537988
2910378 3451096
2910378 3451097
2910378 3451078
2910378 2587274
2910378 3451098
3450023 452074
3449701 228821
3449701 228822
3449701 788053
3449701 294458
3449701 280479
3449701 153960
3451375 452074
3451375 522649
3451122 36437
3451122 143664
3451122 199549
3451122 143670
3451122 80681
3450836 143674
3824276 382375
3824276 598429
3824276 4065123
3451376 149912
3450916 235412
3450916 242398
3450024 788053
3450024 280479
3450024 522649
3451123 452014
3451123 452185
3451123 315202
3451123 92686
3824277 4065127
3824277 382375
3824277 788056
3824277 991868
3824277 4065107
3449703 351033
3449703 153960
3449703 472348
3449703 452089
3824278 4065130
3824278 4065131
3824278 788056
2910426 143662
2910426 3451373
2910426 3451374
3824279 382375
3824279 4065139
3824279 4065140
3824279 4065141
3826195 646158
3450759 719943
3450759 1770841
3450759 1141447
3824145 1351206
3824145 613060
3824145 1351210
3824145 1151934
3824146 2012827
3824146 1351210
3824146 1351211
3451124 1479671
3451124 1386924
3451124 204717
3449567 483096
3449567 47530
3449567 1351208
3450927 204757
3450927 204717
3824141 3826245
3824141 1351208
3449568 351033
3449568 1016199
4065588 4222171
4065588 4222172
4065588 4222173
4065588 4222174
4065588 137820
4065589 2640082
4065589 4222179
4065589 4221911
4065583 3824463
4222209 4222207
4065396 4221916
4065396 539306
4065396 4221917
4065396 4221911
4065396 4065389
4065592 1825261
4065592 377923
4065592 4222182
4065593 234959
4065593 4222205
4065593 4072116
4065593 4222206
4065593 4222207
4065584 4221911
4065594 4221710
4065594 4222213
4065594 4222182
4065594 4222193
4065594 4222214
4065595 4222219
4065595 4222220
3824484 3824477
4065273 2640082
4222175 117638
4222175 4331442
4066961 473545
3825362 4066953
3825362 4066954
4222472 4332066
4221717 4223881
4221717 4330886
4221717 4222467
4221717 1151887
3825363 473542
4222473 85748
4065808 4065811
4066962 473543
4223882 1151887
4222474 4332070
4066963 473540
4066963 4223886
4222560 153950
4222560 4222897
4222475 4332045
3828836 309883
3452466 985722
3452466 3828811
3452466 3452994
3452466 1236735
3452466 2911191
3452467 381450
3452467 3828821
3452467 3828823
3452467 941405
3828813 3828835
3828813 1236735
3823671 4064309
3828884 1661092
3828884 1661098
3823323 3828811
3823323 309883
3823323 3828991
3452468 2500580
3452468 522948
4064310 985722
4064310 1261370
4064310 4220728
3452469 432752
3452469 3452370
3825046 273129
3450034 201111
3450034 57326
3450034 3825099
3450034 85349
3825050 151528
3825051 151528
3825052 3825107
3824554 292425
3824554 85341
3450035 3825107
3825054 3825107
3452068 1262988
3452068 3828347
3451126 3826946
3451126 5154
3451126 3826949
3450410 119832
3450410 481262
3451127 511877
3451128 3826958
3827012 17948
3827012 57403
3827012 801611
3827012 149881
3827012 3054963
3827012 839077
3827012 155430
4311033 119804
4311033 4311032
4311033 1857541
4311033 85792
4311033 1614864
4311033 4389776
32706368 2511018
32706368 28176371
3449292 286181
3449292 3823572
3448915 1086486
3448915 3822938
3449293 3823572
3449293 3449290
3449293 3823583
3823324 3828239
3823324 1470732
3452053 1086486
3452053 3828288
2910741 382102
2910741 382106
2910741 2910735
3451100 3826844
3451100 3826845
3451100 3826846
3452002 3827342
3452002 111870
3452002 3827351
3452003 1201293
3452003 463039
3452003 3828237
3452003 258058
3452003 940687
3452003 350670
3452003 182037
3452003 3828238
3452003 3828239
3452003 1077027
3452003 1470732
3452003 453834
3452003 1086486
3452003 106530
3452003 3828240
3452003 1959222
3452003 590995
3452003 1113997
3451989 3451965
3451989 3828157
3451989 3828158
3451989 170771
3451989 682260
3451989 3827351
3451989 743157
3452059 3828297
3452059 1113993
3452059 144543
3452059 3828298
3452059 3828299
3452059 3828300
3452004 1163778
3449297 175497
3449297 3823596
3449297 3823572
3449297 3823597
3449297 3823598
3823574 286181
3823574 4064092
3452835 1330195
3452835 260540
3452835 3823596
3452835 2033736
3451967 3826844
3451967 3451966
3451967 3828072
3451967 3451988
3451967 1152780
3451967 3828073
3451967 3828074
3451967 743157
3452594 538508
3452594 3829305
3452594 3452578
3452583 3828852
3452583 122161
3452583 3829263
3452583 1122017
3452583 3828790
3452583 3829264
3452583 211863
2911004 21003
2911004 3452578
2911004 2911002
2911004 3452579
3452069 3828350
3452069 148861
3452069 144543
3452069 1117077
3452473 3828852
3452473 21003
3452473 2911002
3452473 3828853
3823327 3452577
3823327 122161
3823327 3828238
3823327 1113993
3823327 1113994
3823327 1119869
3823327 1113995
3452474 174387
3452474 1113991
3452474 182037
3452474 1077027
3452474 3828859
3451101 153966
3826196 235410
3826196 242401
3827256 178302
3827256 4069184
3827256 315180
3451130 235405
3451130 2787536
3451130 200906
3451130 471562
3451130 50191
3451130 3826963
3451130 1141443
3451130 2012827
3451130 5790
3451130 1141445
3451130 153966
3451131 235411
3451131 92688
3826197 211734
3826197 471562
3826197 646160
3826235 1141444
3450767 646158
3450767 204756
3450767 153961
3451133 235244
3451133 3617845
3451133 3826982
3451133 3825678
3451133 92688
3826270 153961
3826270 235410
3451134 315202
3451134 92688
3451135 235410
3451135 235412
3823290 1330199
3823306 4063756
3823306 715184
3823306 175497
3823306 3823573
3823306 3828879
3823306 4063739
3823306 381456
3823287 286181
3823287 715184
3823287 3823203
3823287 4063739
3828825 4070996
3828825 4070997
3828825 3828878
3825056 4065131
3825056 4066425
3825056 719339
3824784 4066088
3824784 146663
3824784 4066089
3824784 228827
3824784 121672
3824784 4066090
3824784 4066091
3824784 4066092
3824784 719339
3825369 4066425
3825369 3825447
3825369 4066985
3825057 55598
3825057 788053
3825057 4066123
3825057 4066431
3825057 4066432
4066094 4222867
4066094 4222869
4065596 377917
4065596 4222201
4330897 2799242
4330897 1654420
4330897 855256
4330897 1654424
4065597 2035292
4065597 1825238
4065597 982061
4221718 1163598
4222202 1825261
4222202 1825263
4222202 982061
4222202 982174
4065598 1163598
4065598 1163599
4065598 1163585
4065598 1163627
4221721 1163600
4221721 843632
4221721 2035336
4221721 4330896
4221721 1163603
4221722 715002
4221723 2462897
4221723 1825263
4221723 1612999
4221724 2462898
4221724 2462899
4221724 4330906
4221724 1612999
4222228 811168
4065599 1163585
4222224 2462897
4222224 1825262
4065600 377917
4065601 4221710
4065601 377919
4065601 4222237
4065601 4222238
4065601 4222214
4221712 4221710
4065602 1163585
4065602 486030
4221612 4330718
4221612 4222174
4065603 1825238
4065603 4222242
4065603 4222243
4065603 377927
4065603 4222244
4065603 377930
4065603 982174
2910379 46203
2910379 232175
2910379 3451079
3826374 3828168
3826374 4068081
3826374 3826982
3826374 4068082
3826374 3825678
3451326 3827341
3451326 3827342
3451326 3827343
3451327 3826769
3451327 1152780
3451327 528691
3451327 3827351
2910728 46203
2910728 315335
2910728 2910716
2910728 3451986
2910728 3451987
2910728 3451988
2910728 460881
2910728 1152780
3451136 46203
3451136 3451965
3451136 3451966
3451136 3826845
3451136 3826988
3451136 682260
3451991 3828168
3451991 235244
3451991 3827341
3451991 143674
3451991 3828074
3826375 528691
3826375 610303
3826375 3826785
3451086 3451966
3451086 460881
3451086 3451957
3451086 470650
3451086 3451105
3826376 4068090
3826376 3826769
3826376 229705
3826376 3826785
3826376 3825704
3826377 111870
3826377 229705
3826377 3826785
3826378 3829575
3826378 735932
3826378 4068073
3826378 3825704
3826379 153956
3826379 515187
3450295 1285436
3826382 515187
3826382 381455
3826382 2616188
3826382 3826982
3826382 610303
3826382 3825731
3826786 4068090
3826786 3826769
3452775 3829576
3452775 149019
3452775 3829577
3826383 153956
3826383 4068122
3826199 1479671
3826199 1351211
3826199 242401
3826968 1151934
3451137 94160
3451137 149403
3451137 3452064
3451139 3826845
3451140 43079
3451140 382117
3451141 2738520
3451141 3827004
3826951 1114871
3826951 94160
3826951 382105
3451102 43079
3451102 315335
3451102 382108
3451102 3826846
3823599 286181
3452475 763640
3452475 3823597
3452475 3828862
3452475 3828863
3823329 286181
3823330 91499
3823330 3828870
4220561 286181
3823331 286181
3823331 3828862
3823331 3828879
3823332 175497
3823332 3823597
3823332 3828883
3823333 4063862
3828814 175497
3828814 3828877
3452476 432752
3452476 3828823
3452476 3452997
3452476 3828870
3452477 381450
3452477 3828876
3452477 175497
3452477 3828877
3452477 941405
3452477 3828878
3452477 3828879
3452477 3828880
3826952 3828370
3452072 1244137
3826992 3828356
3826992 1334049
3826992 4068801
3826992 2314404
3826992 4068802
3826953 4068687
3825058 292488
3825059 4066435
3825060 1612980
3825060 461837
3825061 92747
3825061 85349
3825062 1612998
3825062 85350
3825062 292541
4066458 811166
4066458 315339
4066458 1612983
3825063 85346
3825063 292488
3825064 246639
3825064 1479448
3825065 315337
3825065 292484
3825065 811166
3825065 85346
3825065 1922190
3825066 16599
3825067 4066464
3825067 315338
3825067 852253
3825067 4065141
3825068 4066470
3825373 4066985
3825373 4067000
4065137 119427
4065137 292062
4065137 4067000
3825374 185398
3825374 198949
3825374 92746
3825374 109004
3825374 315338
3825374 292484
3826386 4068082
3826386 4068083
4221725 4330911
4221727 4330919
3825102 811166
3825102 292488
3825102 4066470
4222476 4332075
4222476 4332076
4066098 4222521
4066098 4222894
4222477 4332079
4222478 4332081
4222478 4332082
4222478 4223886
4222561 4332179
3452073 1415936
3452073 3828373
3452073 352972
3452073 273127
3452073 21003
3452073 3828374
3452073 3828375
3452073 501105
3452073 2622335
3452073 824881
3452073 1818335
3452073 3828376
3452073 779935
3452073 2404370
3452073 3828377
3452073 3828378
3452073 3828379
3452073 3828380
3451143 57403
2910993 70245
2910993 432752
2910993 46481
2910993 169317
2910993 763640
2910993 824881
2910993 121671
2910993 1661146
2910993 3452458
2910993 2911002
2910993 3452459
2910993 421633
2910993 2911191
2910993 596261
2910993 1227894
2910993 3452460
2910993 1227811
2910993 941651
2910993 1661099
3450019 153949
3450019 151528
3450019 280479
3450019 246639
3450019 461837
3450019 92747
3450019 788056
3452478 843593
3452478 91503
3452478 381452
3452478 847007
3452478 847066
3452478 3828883
3452478 309883
4071668 4227506
4071668 4227507
4071668 4227508
4071668 2018825
3452479 3828822
3452479 1661094
3452479 251389
3452479 847038
3452479 847044
3452479 311923
3452005 1201293
3452005 260540
3452005 3823315
3452005 3822938
3452005 1136485
3449160 452641
3449160 174387
3449160 3452577
3449160 175497
3449160 3452834
3451144 56727
3451144 56287
3451144 174387
3451144 314544
3451144 617163
3451144 352972
3451144 280200
3451144 840464
3451144 3827020
3451144 3452458
3451144 453834
3450147 42597
3450147 55598
3450147 119427
3450147 16599
3450147 185398
3450147 151528
3450147 146663
3450147 292425
3450147 198949
3450147 228827
3450147 85341
3450147 92746
3450147 85346
3824475 59551
3824475 117638
3824475 153957
3824475 3824477
3824475 377923
3824475 1825238
3824475 486027
3824475 317462
4065835 153950
4065835 514797
4065835 164246
4065835 4222558
3828381 755285
3450969 143674
4222562 4222902
4222562 4332179
4065274 3824463
4222252 4222263
4222252 1537117
4222252 4331737
4071669 4071665
4071669 798117
4135106 4273879
4135106 3187001
4135165 4273984
3452529 3448551
4071670 3828645
3828885 847066
3828885 311921
3828885 311922
2910380 3451075
2910380 3451107
2910380 3325377
2910380 3451098
3823673 1661146
3823673 4064316
3823673 4064317
3823673 4064318
3823673 1772894
3823673 941651
3452480 1661173
3452480 797432
3452480 3828880
3825103 16599
3825103 85341
3825103 85352
4227509 4273891
3827075 57403
3452481 3828821
3452481 3452459
3452481 3828870
2910381 36437
2910381 17948
2910381 119757
2910381 57403
2910381 43079
2910381 22198
2910381 200906
2910381 3335008
2910381 18297
2910381 143666
3452482 3828916
3452482 3828917
3452482 1122017
3452482 369516
3452482 3828918
3452482 421633
3452482 3828919
3452482 3452600
3449569 228826
3449569 153960
3449569 71206
2910742 56287
2910742 280200
2910742 105931
2910742 148861
2910742 279810
2910742 3452064
4065809 4222464
4065809 85748
4065809 4222466
4065809 4222467
4065809 1151887
4065809 4222468
3828957 4071663
3828957 204595
3828957 736797
3828957 4071664
3828957 4071665
3823674 596260
3823674 847007
3823674 847085
3452483 399763
3823703 311915
3823703 311923
3452484 1227810
3452484 525076
3452484 847044
3452485 847038
3452485 941651
3452486 432752
3823335 3828877
3823335 3828863
3452487 1661173
3452487 3828941
3452487 472092
3452487 3828942
3452487 3828943
3827025 351139
3827063 3827062
3827063 351139
3827063 4068935
3825716 3829575
3825716 3825703
3826387 3829576
3825377 4066953
3825070 4066393
4066099 4222897
4066099 4222890
4065211 710376
4065211 119000
4065211 4221605
4065211 4221606
4065211 4221607
4221613 4330721
4065605 4221710
4065606 1546772
4221729 843632
4221729 855256
4071397 4227251
4071671 4227525
4071671 1388670
4071672 1468865
4135107 4273882
4135107 4135117
4135167 4273991
3928198 4135163
4135168 4273994
4135168 4273995
4135108 4273886
4135108 523335
4135109 4135102
4135109 523335
4135109 4135104
4227535 4336321
4227536 4227533
4227537 4336325
4227537 4227533
4273887 4336321
4273887 4336323
4273897 4364215
4336337 235550
4071673 4227530
4071673 4227531
4071673 4227533
4071673 4227534
4135110 4273891
4135110 4273892
4135110 4273893
4135110 495776
4227538 4333248
3452488 1331935
3828886 4071395
3452489 525076
3452490 399763
3452490 522837
3452490 3828963
3452490 522841
2910994 1661173
2910994 941405
2910994 2910992
3452491 763640
3452491 2404370
3452491 3452600
3452491 3828968
3452492 1415936
3452492 3828373
3452492 3828972
3452492 3828790
3452492 3828973
3452492 595272
4066100 4222902
4273898 4333248
4273899 4364215
4135169 4273998
4135169 4273999
3823675 753980
3823675 1331935
4071675 2018825
4071675 4227548
3828887 311915
3828887 311923
4135170 4135163
4135170 4274005
4135170 420033
4071676 3828645
4227510 205710
4227510 4336192
4227510 4273994
4135111 306901
4227539 4336323
4227540 4336332
4071677 4227554
3452493 3828976
3452493 847038
3452493 1772894
3452493 3828977
3452493 1661099
3928171 4135102
3928171 4135104
3451147 617163
3451147 3827061
3451147 3827062
3451147 148653
3451147 351139
3451087 1152775
3451087 3451986
3451087 2417325
3451087 3451988
3451087 111870
3451087 682260
3451087 3826785
3823746 228820
3823746 228826
3823746 478001
4222563 153950
4222563 4332185
3449331 532609
3449331 753981
3449331 152332
3449331 1920744
3449331 199326
3449331 522835
3449331 596261
3449331 1244115
4227496 4336139
4227496 4336140
4227496 4333248
4227541 4336192
4227522 420033
3452495 311915
3452495 311923
3452496 3452996
3452496 3828941
3452496 797432
3452496 3452535
3827027 4068924
3827027 4068925
3827027 1008322
3452497 1661094
3452497 3828990
3452497 941651
3452497 3828991
3452060 3826845
3823676 4064325
3823676 4064326
3824281 788056
4221616 4221605
4221616 4330700
4221616 4330730
4065609 486028
4065609 486030
3451148 353002
3451148 382113
3451148 382116
3451148 3827068
3825072 4065131
3825072 3825447
3825073 292488
3825073 1612984
3825073 85352
4066101 4222521
4066101 4222904
4066101 4222905
4065610 4222263
4065610 117638
4065610 377917
4065610 377918
4065610 4222213
4065610 377924
4065610 3921679
4065610 4222173
4065610 4222264
4221730 235642
4221730 1163716
4221730 4330928
4221730 4330929
4221730 153962
4221730 703468
4221730 1480297
4221730 57408
4221730 704948
3450838 36969
3450838 3825078
3450838 515187
3450838 175497
3450838 292061
3450838 143666
3450838 229705
3450838 991233
3450838 1110265
3450838 3826371
3828958 4071685
4066957 473542
3451149 511877
3451149 1262988
3451149 840464
3451149 3826958
3452584 3828851
3452584 475706
3452584 3829270
3452584 3829271
3452584 755285
3452584 3829272
3452584 3120882
3452584 3452580
4065275 4221716
4065275 4173138
4065275 90594
4065275 198003
4065275 2462898
4065275 1163600
4065275 715002
4065275 486028
2910729 463039
2910729 2910716
2910729 3451965
2910729 3451997
2910729 3451998
2910729 3451966
2910729 3451075
1106925 128570
1106925 5420
1106925 134107
1106925 154802
1106925 147103
3343045 15156
3343045 5420
3343045 142019
1291578 5420
1291578 179249
2984 5420
2984 36415
2984 36416
2984 36417
2984 36418
2984 36420
32708911 142019
32708911 785276
32708922 613377
32708922 6897354
4198392 530447
4198392 37576
4198392 1121547
4198392 1817759
4315156 37695
4315156 4364
4315156 154714
4315156 264883
4315156 36461
4315156 535138
4315156 37104
32709675 28166111
32709675 151815
32709675 10987735
4065611 309891
4065612 153957
4065612 486030
4221617 4330699
4221617 4221605
4222254 1537117
4222254 4331748
4222254 4331749
4222566 4332195
4222566 164246
4222566 4222901
32710412 29895
4221619 4330736
4221619 4221607
4222176 377918
4222176 4222173
4222176 137820
3451151 382107
3451151 3826859
32711093 34756
2085650 139959
2085650 4364
2085650 153096
2085650 231266
2085650 56776
2085650 72734
2085650 22207
2085650 36826
14986267 6203
3825382 4067034
3452499 121671
3452499 3452579
3452499 1059846
3452499 115154
3452499 3828377
3452499 3452600
3828829 3828824
4070889 3452994
3452503 1661146
3452503 1661097
2911195 273127
2911195 3452996
2911195 1818335
2911195 3452994
2911195 3452997
2911195 3452370
2911195 3452999
2911195 3453000
4227760 311915
3452508 3829041
3452508 3829042
3452508 522837
3823678 522835
3823678 525076
3452510 1661146
3452511 3829048
3452511 3449330
3452512 522833
3452512 522836
3452513 1227811
32729460 37446
2732250 431699
2732250 1077071
2732250 1077134
2732250 228170
2732250 1077096
2732250 431659
2732250 3322710
2732250 3322711
2732250 1077099
2732250 3322734
2732250 3322735
2732250 431710
3322722 431699
3322722 1077096
3322722 434572
32730355 138180
32730371 34850
32730371 138176
32730371 284461
3322726 228170
14986261 6189
14986261 6203
14986261 452386
14986261 34756
14986261 63817
14986261 489982
14986261 6217
3960874 6189
3960874 430918
3960874 46352
3960874 231348
3960874 600764
3960874 546555
3960874 710309
3960874 204955
14986286 179669
14986286 34756
14986286 430408
14986286 307665
14986286 1267491
4329864 4402056
3452515 596258
3452516 399763
3452516 596261
3823459 596260
3452517 596258
3452517 198688
3452517 1082564
3452517 3829063
3452517 596261
3452518 596257
3452518 596261
3452518 3828963
3452519 3452999
3452520 3829072
32706147 105088
32706147 235946
32706147 57566
32706147 12053137
32706147 3546459
32706147 30057918
32706147 10672211
32706147 32706160
32706147 32706161
450662 130959
450662 48252
450662 1107723
450662 1107724
32743109 417158
32743190 1079736
4330935 315468
4330937 486107
4330938 57409
4330938 235682
3827028 3827061
3827028 3829270
3827028 4068929
3827028 3453163
3828384 3828376
3828384 3828918
3828384 3829272
3828384 3120882
3828384 4070494
3828384 4070495
3828384 3452580
4071841 3828377
4071841 3828379
3827029 4068924
3827029 4068933
3828386 149881
3828386 230808
3828386 3448641
3828386 3829277
3828386 4070516
3827030 107345
3827030 4068935
3452585 475706
3452585 3829277
3452585 3452580
2910385 3451076
3826315 3826988
4640557 3828963
4406444 847008
14986272 34756
14986272 90418
4112258 2117818
4112258 145692
4112258 133338
4112258 887759
4258903 2117818
4258903 887759
4258903 3487334
4258903 4353538
4258903 139549
4258903 481264
32961011 28165165
32961011 29829612
32961011 29909791
32961012 13528443
32961016 9440948
32961016 9440944
3046598 621
3046598 38307
3046598 77416
3046598 837852
3046598 119315
3046598 84029
3046598 46264
3046598 143579
3046598 454453
3046598 508681
3046598 458817
3046598 173499
3046598 133431
3046598 200088
3046598 599752
3046598 2397583
3547376 38307
3547376 143579
32961017 154441
32961017 2125891
32961017 487611
32961017 1166113
32961017 1166114
32961017 2801093
32961017 764823
32961017 2801114
32961017 1166116
32961017 2038153
32961018 784268
32961018 230119
32961018 292996
32961018 811900
32961018 784278
32961018 230120
32961018 1570702
32961018 707729
32961025 729712
32961025 1246681
32961019 707722
32961019 784268
32961019 707724
32961019 230120
32961019 277341
32961019 230121
32961019 55864
32961019 230124
32961019 707756
32961026 154441
32961026 533626
32961026 2125891
32961026 487610
32961026 1501274
32961026 533627
32961026 1166089
32961026 1246681
32961028 533626
32961028 1501274
32961028 533627
3547411 83032
3547411 1393
3547411 856407
32961031 989097
32961031 318302
3046599 366440
3046599 851417
3046599 173505
3046599 148976
2349646 621
2349646 461656
2349646 146317
2349646 48288
2349646 371047
2349646 133338
2349646 631
2349646 1979440
2349646 366440
2349646 2636533
2349646 173499
2349646 454597
2349646 932957
2349646 150751
2349646 3046597
2349646 2231245
4112259 366440
4112259 2131477
4112259 851417
4112259 173505
4112259 148976
3046600 3547391
3046600 37573
3046600 1052006
3046600 145815
3046600 289870
3046600 412695
3046600 56659
3046600 151321
3046600 242678
3046600 38366
3046600 464690
3046600 152661
3046600 2083941
3046600 2648237
3046600 151276
3046600 171263
3046600 157310
3046600 1149612
3046600 2030820
3046600 3547392
3547394 1492111
32704326 32704324
32961039 1943584
32961039 57212
32961039 36461
32961039 139539
32961039 1338177
32961039 1116344
32961039 1220834
32961039 2717073
31528679 424654
31528679 424655
3547377 16438
3547377 155997
3547377 3088964
3547377 251538
3547377 77416
3547377 11442
3547377 516132
3547377 763109
3547377 900184
3547377 981972
3547377 1152326
3547377 3892572
4043488 56652
4043488 171257
4043488 92569
4043488 538334
4043488 199282
32961042 56652
32961042 43863
32961042 50076
32961042 37034
32961044 91589
32961044 2500886
32961044 847513
32961044 1661609
3950411 119260
3950411 365369
3950411 435418
32961032 2193932
32961032 37541
32961032 7875990
3892635 175721
32961045 38059
32961045 199282
32961045 1643939
32961045 1463710
4112260 105676
4112260 148976
32715757 4364
32715757 72361
32715757 50076
32715757 56776
32715757 72734
32715757 37540
32715757 137860
32715757 22207
32715757 293071
32715757 615442
32961047 2126725
32961047 3424253
32961047 2874717
32961047 3806942
32961048 2126725
32961048 3424247
32961049 1054478
32961049 463235
32961049 527291
32961020 811898
32961020 292996
32961020 811900
32961020 1058801
32961020 811902
32961023 418938
32961023 292996
32961023 1058801
32961023 132024
32961052 292996
32961052 230120
32961053 2125891
32961053 1166114
32961053 2038148
32961053 2038149
32961054 2838
32961054 763625
32961054 1110739
32961054 143580
32961054 479052
32961054 855420
32961054 3487007
32961057 57002
32961057 4364
32961057 1008386
32961057 470993
2839446 22207
3046601 22194
3046601 154253
3046601 16438
3046601 621
3046601 233650
3046601 5145
3046601 206109
3046601 150287
3046601 292057
3046601 56659
3046601 151845
3046601 36975
3046601 84409
3046601 466764
3046601 482002
3046601 479052
3046601 198918
3046601 2656727
3046601 150751
13411998 200520
13411998 4364
13411998 317805
13411998 37909
13411998 36567
13411998 376461
13411998 1922801
13411998 3524346
13411998 3961049
32961068 131298
32961068 200520
32961068 433958
32961068 4364
32961068 716921
32961068 759776
32961068 156281
32961068 479298
32961068 550854
32961087 433958
32961087 145189
32961087 2881225
32961087 417704
3792473 4364
3792473 133419
3792473 57212
3792473 37613
3792473 199930
3792473 3024
3792473 748445
3792473 37104
32961089 91589
32961089 550070
32961089 2500886
32961089 1272997
32961089 312113
32961089 550071
32961089 2148590
32961089 179396
32961089 496213
32961089 847515
32961089 1661627
32961090 487611
32961090 1166113
32961090 1166114
32961090 764823
32961090 1166116
32961021 784268
32961021 784280
32961093 289701
32961093 1056684
32715749 4364
32715749 531354
32715749 317242
32715749 422854
32715749 46161
32715749 89875
32715749 498128
32715749 379531
3046602 37541
3046602 454453
3046602 370096
3046602 1250611
3046602 1393
3046602 2574511
32961096 171263
32961097 4364
32961097 146166
32961097 1238707
32961097 37768
32961097 307664
32961097 711129
32961097 127069
32961097 144564
32961097 36826
32961097 430406
32961097 317339
10412800 72731
10412800 157249
10412800 147144
10412800 462359
10412800 55602
10412800 232677
10412800 435466
10412800 4960
3547401 151040
32961099 91589
32961099 312113
32961099 2148589
32961099 2148590
32961099 2500865
32961099 1661567
32961099 847478
2502072 2264906
2502072 290788
2502072 859327
2502072 597344
32961100 847500
32961100 91589
32961100 847512
32961100 847513
32961100 847514
32961100 1661577
32961100 312118
32961101 91589
32961101 550071
32961101 550073
32961101 312117
32961102 30007666
32961102 30042288
3892636 22194
3892637 22194
32961108 22194
32961110 146166
32961110 545625
32961110 1162433
32961110 367036
32961110 833793
32961110 145369
32961110 470647
32961110 471739
32961112 4260434
32961115 1076462
32961119 550070
32961119 1272997
32961119 312113
32961119 2148590
3892638 93275
32961122 93275
32961122 3089024
32961122 1388627
32961125 76100
32961126 76100
32961127 3547399
3046603 16438
3046603 94631
3046603 50478
3046603 213935
3046603 222286
3046603 227297
3046603 148702
3046603 196360
3046603 715906
3046603 618389
32961120 312113
32961120 2148589
32961120 2148590
32961120 847478
3892639 37031
3892639 1124333
3892639 372194
3892639 467211
3892639 4112213
32961128 170037
32961128 48288
32961128 242678
32961128 101064
32961128 449291
32961128 150751
32961128 1556878
3046604 2838
3046604 101064
3046604 1128515
3046604 3046597
3046604 1556878
32961129 418938
32961129 411367
32961129 418939
32961130 2491203
32961130 551440
32961130 156441
32961130 3888679
32961130 501541
32961130 810714
32961130 741807
32961133 3424257
32961133 2874713
32961133 3424250
32961134 152661
3892640 16438
795659 17944
4112214 17944
32961143 17944
32961143 32961144
32961143 30519887
14949197 17944
32961147 46254
32961147 47512
32961147 56774
32961154 57323
32961154 18471
32961154 292260
32961154 489261
3547378 196360
3547379 196360
3547395 18241
32961157 18241
32961157 234799
32961160 18241
32961162 3177042
2442463 63012
2442463 2369380
2442463 760667
2442463 734098
2442463 1505516
2442463 245462
32961165 533626
32961165 1166089
32961166 15317
32961166 15156
32961166 73354
32961173 2838
32961176 68443
3547402 68443
32961178 37031
3547396 84409
32961182 63012
32961182 245458
32961183 154441
32961186 154441
32961188 264551
32708891 308989
32708891 90763
32708891 309310
32961190 179697
32961192 14977427
32961195 32961196
32961203 289870
32961211 1058815
32961211 418939
32961211 132024
32961211 1058819
32961213 30125001
32961214 30125001
3547403 5145
3547403 479052
4524686 4547504
32961215 453264
32961215 1112900
32961215 1112901
32961216 230120
32961217 10284964
1584145 2369371
1584145 245460
1584145 734076
1584145 1505500
3547380 1156982
3547381 454453
32961219 454453
32961220 67490
32961223 198005
32961227 91589
32961227 847513
32961228 245458
32961228 245460
3892573 686346
32961229 514794
32961232 514794
32961244 851414
3046605 932957
32961247 1166089
32961250 1166089
3892641 1135165
2908190 309076
4112215 279851
