336004 39729
5941200 54530
6135878 6135891
6283794 96781
7113361 7113369
7135755 7135774
2335 23208
7151856 7151873
7318555 7318575
7355238 7355249
6294367 6294399
995592 1843345
173886 537098
585668 1316033
7817504 7817509
7933817 7933835
8032558 8032576
8066503 8066520
8176828 8176841
8182858 8182864
8393115 8393135
585670 1316101
8463943 8463953
173868 536923
8914822 8914834
8958755 8958772
536595 1255296
9110669 9110682
9145876 9145894
9145923 9145943
42197 173707
9232454 9232459
5345238 5345300
3230626 3680321
9415744 9415759
9503261 9503276
536624 1255563
9544246 9544276
9562476 1093890
9658118 9658132
9659784 9659823
9801938 9801956
9924330 9924341
426 4103
17027 87845
21475 119380
203275 610133
16687 86123
13794 13869
111992 367490
54511 223952
76331 271689
40877 169153
1369 6516
51892 6516
85420 292614
111601 366788
162154 511707
19713 111836
80168 279108
47354 203381
6192 56404
42248 174121
94875 321437
2090 22267
1627938 2475059
10279363 50414
10283845 10283861
10302182 10302197
428732 1072503
10316711 10316723
10333202 10333224
10353944 58071
10359276 10359288
10362029 10362045
21065 117947
431873 2505
10667425 10667436
10688279 10688293
10762754 10762765
10782947 10782957
5281271 5281305
10797891 10797902
10800269 10800281
10803075 10803084
2724885 3316254
536625 23177
10839330 10839339
10844923 10844937
10847850 10847864
4914868 4914887
10871736 10871750
10917541 10917551
10936107 10936119
10957422 10957433
10960402 10960413
10967072 10967083
10970756 10970765
11000724 11000738
11027180 11027193
10982325 10982345
11122123 11122132
11124335 11124346
11124519 11124530
141063 443650
11128347 11128360
11157690 11157701
11167225 11167231
11181581 1779683
429722 1073967
11323771 11323782
11382129 11382141
1073938 1935438
11506398 11506408
11522184 11522196
11522204 11522217
11554654 11554669
11560039 11560049
11592778 11592787
11599786 11599798
11603491 11603499
592246 1326646
112389 368020
11655445 11655456
11703711 11703721
11783084 11783090
9951065 9951118
46664 201601
12287742 12287746
12291910 12291923
137158 429311
12311712 12311721
12336882 12336894
22199 121489
12377478 12377486
588147 1320123
12645037 12645041
1838441 2643950
12658434 12658438
12688957 12688969
3246455 11826
11566403 11566409
12732784 12732788
12741273 12741277
13059708 13059712
13113712 13113727
13144142 13144147
13154909 13154912
13157371 13157378
13176108 13176118
5683030 5683057
3057844 3554089
13197120 13197135
2466 34571
13235053 13235057
13235059 13235063
13235099 13235103
13235114 13235118
13235128 13235132
13235134 13235138
13235145 13235149
13235151 13235155
13235172 13235176
10714253 10714267
11526142 11526152
13235244 13235248
10295821 10295833
196948 2505
592585 1327166
13254424 1071273
13254433 13254438
973087 1813497
2472 34888
19715 111893
35145 139169
21866 120455
13319251 41030
13386738 11611695
366743 964769
5548104 6516
13471330 13471334
8844715 601478
3104854 3587847
5026051 5026093
10964412 10964428
14221980 14221991
14222069 14222079
14226555 14226566
14237853 14237861
14241233 14241242
14245102 14245110
14249664 14249673
14252626 14252637
14254898 14254909
14260578 14260587
14261771 14261780
11110309 11110314
14264924 14264934
14265436 14265438
14266612 14266620
11993442 11993459
7822157 7822175
14274077 14274086
14274291 14274302
14275481 14275489
14287636 14287642
14295531 14295533
14306250 20834
14310744 3135334
14311955 14311957
321404 869623
77355 274601
14327453 14327455
274388 779559
14337394 11826
14358631 14358640
8389249 8389290
3304623 3729750
14218290 14218306
14386977 14386979
14388009 14388011
14397124 14397134
3503905 201002
14412125 14412135
14414262 14414271
271713 775493
1227565 2106087
14437800 14437808
14439228 14439236
14439566 14439577
14444342 14444352
14444360 14444363
14465628 14465634
14481116 14481126
14481352 14481362
14484891 14484902
14485783 14485792
14493146 14493155
14495522 14495524
14500198 14500208
14503335 14503346
14504378 14504389
14511607 14511619
14520414 14520420
14525444 14525454
14529476 14529486
14536531 14536539
14537953 158931
14548799 14548802
14551046 14551057
14559908 14559910
14563141 14563152
14564044 14564046
14564454 14564457
14566561 14566568
14568661 14568672
14568825 14568827
14572247 14572249
14573577 14573579
14576592 14576602
14577575 14577577
14579044 14579046
14583145 14583147
3028791 3535231
14588144 14588146
14590812 14590825
14591602 14591605
14594807 14594809
14594830 14594832
14595195 14595197
14595199 14595201
14595203 14595206
14595223 14595225
14595227 14595229
14595600 14595608
14599118 14599120
14599480 14599482
14601246 14601252
14602628 14602630
14602632 14602634
14602650 14602652
14604179 14604190
14605511 14605513
14605515 14605517
14605524 14605526
14590852 14590870
14606402 14606404
14606406 14606408
14606410 14606412
14606414 14606416
14606418 14606420
14606423 14606425
14608208 14608218
14612417 14612419
14612421 14612423
14612428 14612430
14612439 14612441
14612893 14612902
366745 964784
14622024 14622032
14622737 14622746
14623354 14623356
14623942 14623951
14624308 14624318
14624519 14624521
14624560 14624562
14624769 14624771
14624777 14624779
14624978 14624980
14626587 14626591
14627113 14627115
14627117 14627119
14627178 14627190
14627229 14627231
14627233 14627243
14627727 14627729
14627735 14627737
14627830 14627832
14627834 14627836
14627838 14627840
14627945 14627947
14628843 14628853
14629892 14629900
14630020 14630023
14630160 14630162
14630164 14630166
14630168 14630170
8359531 8359537
14630172 14630174
14631039 14631044
14633345 14633357
14590853 14590884
14633526 14633539
14637557 14637559
14637691 14637699
4192206 3250221
14648991 14648998
14650962 14650972
14652623 14652629
14656436 14656438
14660026 14660028
14660055 14660058
14660785 14660794
14664196 14664207
14665126 14665132
125646 409788
14679386 14679395
14685586 1610812
1348067 2222955
14696418 14696429
14701391 14701401
3236047 3684962
485131 1162793
14888409 14888416
1082040 1943777
2717189 3309171
15055699 15055702
4062 41049
15146487 15146490
15194908 15194910
15198472 15198477
15203612 15203614
15204279 15204281
15206958 15206960
15207567 15207569
15207684 15207686
15207810 15207812
15208972 15208976
409898 1046585
15210275 15210280
125648 409806
125649 409813
15217238 15217247
15218003 15218006
15218056 15218058
15218464 15218469
15218473 15218475
15218718 15218721
15219406 15219410
15219681 15219683
15219711 15219713
15220140 15220146
15220421 15220423
15220812 15220816
15223889 15223891
15223900 15223902
15225772 15225774
15225776 15225779
15225789 15225791
15225793 15225795
196882 592039
15231384 15231388
15232744 15232746
15232893 15232898
15233210 15233214
15233987 15233990
15234082 15234087
15234090 15234097
15234771 15234773
15236502 15236505
15237690 15237692
15237710 15237716
15238872 15238879
15238983 15238985
15241342 15241347
15242053 15242059
15242121 15242127
15242200 15242209
15242381 15242386
15242439 15242441
15242443 15242449
15242936 15242941
15244509 15244513
15244628 15244632
15245549 15245555
15245690 15245693
15245726 15245731
10889588 10889602
15246813 15246820
15246842 15246847
15630494 15630497
28188292 28188295
1554839 2414950
2227823 2957960
28188322 28188323
366756 433341
2616997 3246457
28190924 4030741
28201053 271801
162311 511923
274324 274352
28306064 28306071
28375865 28375869
28375870 28375877
28378808 28378813
28383701 28383708
28486411 28486417
28486431 28486437
28486484 28486491
28494540 28494541
28518955 28518960
28520613 28520621
28520628 28520634
28520918 28520928
28520945 28520951
28520977 28520984
28521045 28521052
28521065 28521074
9102294 9102314
12351546 12351563
28521628 28521635
28521827 28521832
28521834 28521843
28521920 28521928
9139999 9140021
28521934 28521942
28522012 28522019
14620554 14620566
28522670 159802
28522804 28522810
588159 1320145
28524053 28524054
28524350 28524354
28524488 28524492
28524534 28524535
28524564 28524569
28524627 28524628
28524755 28524758
28524869 28524875
28525013 28525018
28525215 28525219
28525247 28525251
28525265 28525268
28525513 28525518
28525579 28525582
28525641 28525645
28525755 28525758
28525798 28525802
28525820 28525821
28525856 28525860
28525964 28525968
28526031 28526034
28526269 28526276
28526674 28526676
28526693 28526694
28526722 28526724
28526793 28526801
1687648 2523670
28527016 28527024
28527196 28527197
28527416 28527420
28527448 28527451
28527578 28527586
28527634 28527641
28527735 28527742
28527812 28527821
28527920 28527928
28528703 28528704
28528793 28528801
28528856 28528860
28528985 28528988
28529056 28529062
28529105 28529111
28529138 28529142
28529193 28529201
28529273 28529277
28529325 28529326
28529339 28529342
28529531 28529540
28529553 28529560
28529832 28529840
28530244 28530248
28530265 28530269
28530273 28530276
28530488 28530491
28530494 28530496
28531016 28531017
28531049 28531054
28531089 28531094
28531100 28531107
28531117 28531126
28531135 28531140
28531359 28531368
28531498 28531501
28531595 28531599
28531626 28531634
28531674 28531681
28531717 28531726
28531739 28531747
28532265 28532273
28532376 28532384
28532420 28532424
28532450 28532456
28532465 28532474
28532516 28532523
28532562 28532572
28532643 28532654
28532669 28532676
28532786 28532794
3740694 4013904
28527066 28527086
28533509 28533512
3684998 3980712
28533671 28533677
28533700 28533706
28533711 28533720
28533751 28533757
28533788 28533796
28533807 28533814
28533823 28533830
28533840 28533848
28533939 28533940
28533946 28533947
28533948 28533949
28533950 28533951
14590854 14590898
28534017 28534027
28534057 28534065
28534092 28534093
28534094 28534095
28534111 28534118
28534156 28534162
28534200 28534207
28534301 28534309
28534342 28534348
28534466 28534472
28534510 28534511
28534532 28534539
28534553 28534561
28534574 28534581
28534585 28534592
28534597 28534603
28534607 28534613
28534637 28534646
28534662 28534671
28534676 28534682
28534809 28534810
28534828 28534829
28534839 28534840
28534877 28534882
28534934 28534940
28534948 28534949
28534950 28534951
28535001 28535002
28535112 28535119
28535159 28535169
11094578 11094594
28535255 28535263
28535269 28535276
28535378 28535379
28535384 28535385
28535386 28535387
28535548 28535549
28535632 28535643
28535788 28535789
28535902 28535906
28535980 28535985
28536110 28536113
28536331 28536332
28536469 28536477
28536510 28536514
28536886 28536892
28536902 28536903
28536984 28536989
28537010 28537014
28537081 28537084
28537220 28537221
28537235 28537236
55860 230099
9613828 9613838
1280155 2156919
28537412 28537419
28537427 28537435
15242224 15242234
28537877 28537884
28537909 28537914
28538003 28538006
11372661 11372675
28538196 28538197
28538217 28538218
28538229 28538230
28538369 28538377
1934134 2709485
28538625 28538626
28538636 28538642
11126121 11126149
28538856 28538861
28538945 28538948
28538961 28538969
28539096 28539100
28539166 28539170
28539269 28539278
28539355 28539360
28539461 28539462
28539633 28539640
28540154 28540161
28534608 28534626
28540184 28540191
28540203 28540212
28540255 28540263
28540358 28540364
28540404 28540411
28540663 28540670
511680 1206748
28541281 28541285
28541315 28541322
28541337 28541341
28541383 28541389
28541631 28541643
28542265 28542268
28542366 28542372
28542403 28542411
28542715 28542721
28543042 28543049
28543092 28543101
28543396 28543400
28543572 28543576
28543600 28543602
28543787 28543791
28544026 28544033
28544251 28544255
28544580 28544581
274326 779542
28544979 28544981
28545137 28545142
28545471 28545477
28545526 28545534
28545556 28545562
28545587 28545590
28545603 28545606
28545725 28545726
28545740 28545741
28545797 28545802
28546014 28546019
28546077 28546082
28546135 28546138
28546174 28546175
28546256 28546260
28546303 28546306
28546469 28546477
28546526 28546529
28546907 28546911
28547192 28547195
28547530 28547534
28547768 28547773
28547936 28547937
28548692 28548700
28548833 28548834
28548871 28548878
28549123 28549131
28549200 28549202
28549689 28549690
28549804 28549806
28549841 28549849
28549905 28549906
28550085 28550089
12255682 12255720
28551076 28551083
28551098 28551106
28551356 28551365
15242225 15242245
28551455 28551462
28551489 28551496
28551551 28551557
28551569 28551576
28551637 28551644
28551649 28551656
28551682 28551690
28551697 28551706
28551722 28551728
28551742 28551750
28552091 28552098
28552248 28552253
28552327 28552330
416606 1056233
28552547 28552553
28552964 28552966
15688317 15688326
28553283 28553292
28553687 28553697
28555490 28555492
28555600 28555601
28555603 28555607
12377480 12377488
28555775 28555776
28555830 28555833
28556046 28556051
28556086 28556088
11165775 11165796
28556334 28556338
28556409 28556412
28556430 28556431
28556551 28556555
28556592 28556593
28556645 28556648
28556657 28556662
28556664 28556667
28556954 28556963
28557099 28557101
28557137 28557140
28557184 28557188
28557326 28557327
28558023 28558033
28558039 28558040
28558129 28558132
1561744 2421328
28558601 28558603
28558642 28558643
28558653 28558654
28558737 28558741
28558970 28558978
28559237 28559245
28559431 28559436
28559451 28559452
28559575 28559576
28559899 28559905
28560677 28560682
28560719 28560725
28561169 28561173
28561295 28561302
169132 522604
7066748 7066768
28561517 28561519
28561522 28561530
28561597 28561601
28561671 28561677
409899 1046592
28562070 28562079
28562132 28562140
28562187 28562189
201263 602072
28562577 28562584
28562615 28562621
28562761 28562767
28562783 28562786
7920601 7920612
28562855 28562862
28562869 28562873
28534725 28534732
28562917 28562922
28562976 28562982
28563044 28563051
28563061 28563066
28563089 28563095
28563138 28563143
28563186 28563191
28563225 28563230
28563307 28563313
28563336 28563341
14241398 14241416
28563384 28563388
28563448 28563453
28563488 28563493
28563501 28563507
28563530 28563535
28563545 28563551
28563597 28563602
28563610 28563615
28563617 28563623
28563632 28563637
28563715 28563716
120743 397786
28563741 28563742
28563769 28563770
28563791 28563797
3863014 4092896
28563818 28563825
28563853 28563859
28563870 28563871
8116709 8116724
28563880 28563881
28564031 28564039
1843343 2648407
28564048 28564056
28564064 28564071
28564086 28564092
28564096 28564106
28564111 28564115
28564137 28564145
28564149 28564156
28564163 28564170
28564205 28564213
28564254 28564260
28564358 28564359
28564364 28564365
28564367 28564368
28564369 28564370
449241 1105253
28564411 28564413
15151546 15151553
28564664 28564665
28564666 28564667
28564676 28564680
28564688 28564693
28564842 28564845
174403 538320
28565531 28565537
28565572 28565573
28565575 28565579
28565612 28565615
28565955 28565963
28565973 28565981
610106 1348075
13504702 13504716
2080713 2835331
28566401 28566406
776554 1561783
28566667 28566670
28566674 28566682
28566875 28566879
28567013 28567015
28567062 28567063
28567335 28567339
28567354 28567355
28567442 28567447
28567564 28567571
28567605 28567609
28567633 28567635
28567654 28567657
28567729 28567734
28568616 28568619
28568731 28568739
4873501 4873514
28568769 28568771
28568818 28568823
28388167 28388179
28275092 28275101
28569169 28569173
28569193 28569199
28569269 28569270
28569274 28569275
28569301 28569306
28569375 28569381
28569466 28569468
28569761 28569763
28569769 28569771
28569777 28569779
28569787 28569789
28569791 28569793
28569795 28569797
28569799 28569800
2085087 2838890
28570191 28570194
174070 537470
28570746 28570749
28572087 28572090
28572098 28572103
28572142 28572146
28572198 28572202
28572311 28572315
28572318 28572319
28572343 28572347
28572382 28572387
28572594 28572598
28572919 28572924
28573320 28573324
28573515 28573520
28573674 28573678
28573851 28573855
28573963 28573964
28573966 28573973
9130929 9130943
28574352 28574355
28574468 28574476
28574502 28574506
28574577 28574582
28574740 28574741
28574829 28574830
28574921 28574924
28575118 28575119
28575287 28575288
274402 779592
28575418 28575419
10942095 10942103
28575719 28575720
28575741 28575745
28575782 28575789
28575838 28575844
28576073 28576074
28576172 28576176
28576180 28576181
28576242 28576243
28576310 28576317
28576370 28576375
28576769 28576772
28577212 28577215
28577725 28577726
28578058 28578064
28578071 28578080
28578211 28578219
28578223 28578230
28578253 28578259
15576314 15576324
28578346 28578356
15242226 15242257
28578431 28578440
2227825 2957966
28612017 28612022
28619097 28619101
28619118 28619122
28619141 28619147
28633849 28633850
28639813 28639817
11127870 11127879
14645977 3151279
30295974 30295975
30297049 30297050
30297269 30297270
30298448 30298449
30301079 30301080
30306209 30306211
30310024 30310025
30311948 30311949
30312360 30312362
30317922 30317926
30319796 30319797
30325602 30325603
30329007 30329009
23140 125654
30339726 30339727
30341945 30341946
30344892 30344893
5345291 2505
30357423 30357424
30366925 30366927
30388374 30388375
30390670 30390671
30392581 30392582
30395696 30395697
30397354 30397356
30397376 30397378
30397394 30397395
30397436 30397437
30778896 30778900
30811652 30811655
30862571 28231669
31771979 3990736
32552617 32552619
32555428 32555430
32556754 32556756
1327164 35088
537052 537068
42206 173893
32955962 32955964
32957858 32957860
33015115 33015116
34899129 34899132
34900965 34900966
34903263 34903264
264895 763681
34911432 34911433
35085822 35085824
4260942 4354911
35938460 35938462
35940756 35940757
35941178 35941180
28539683 28539685
28564689 28564697
35938461 35938464
36065358 36065361
36687084 36687085
36736551 36736552
36768506 36768507
36768508 36768509
37659303 2619076
37695692 37695693
37695865 37695866
37695871 37695872
37695892 37695893
37695894 37695895
37695910 37695911
37695912 37695913
37695915 37695916
37695917 37695918
37695925 37695926
37695929 37695930
37695931 37695932
37695937 37695938
37695940 37695941
37695980 37695981
37696000 37696001
37696002 37696003
37696155 37696156
37696197 37696198
37696335 37696336
37696452 37696453
37696457 37696458
37696534 37696535
37696738 37696739
37696977 37696978
37698201 37698202
37698304 37698305
37698324 37698325
37698456 37698457
37698573 37698575
37698581 37698582
37698668 37698669
37698693 37698694
37699278 37699279
37699363 37699364
37699541 37699542
37699552 37699553
37699623 37699624
37700127 37700128
37700167 37700168
37700256 37700257
37700345 37700346
37700448 37700449
37700568 37700569
37700643 37700644
37700835 37700836
37700934 37700935
37701065 37701066
37701181 37701182
37701200 37701202
37852438 378592
7822145 7822161
87841 299112
39473958 39473961
39490975 39490977
39503014 39503018
39517782 39517786
39529319 39529322
39531777 39531781
39638740 39638742
40616399 40616401
40616442 40616444
40616457 40616459
40616643 40616645
40779367 40779368
40779369 40779370
40779371 40779372
40779373 40779374
40779375 40779376
40779377 40779378
40779379 40779380
40779381 40779382
40779383 40779384
40779386 40779387
40779388 40779389
40779390 40779391
40779392 40779393
40779394 40779395
40779396 40779397
40779398 40779399
40779400 40779401
40779402 40779403
40779404 40779405
40779406 40779407
40779408 40779409
40779410 40779411
14888417 14888424
40779412 40779413
2227856 2957969
40779414 40779415
40779416 40779417
40779418 40779419
40779420 40779421
40779422 40779423
40779424 40779425
40779426 40779427
40779428 19753
40779430 320533
40779431 28235331
40779432 40779433
40779434 40779435
40779436 40779437
40779438 40779439
40779440 40779441
40779442 40779443
40779444 40779445
40779446 40779447
40779448 40779449
40779450 40779451
40779452 40779453
40779454 40779455
40779456 40779457
40779458 40779459
40779460 40779461
40779462 40779463
40779464 40779465
40779466 40779467
40779468 40779469
40779470 40779471
40779472 40779473
40779474 40779475
40779476 40779477
40779478 40779479
40779480 40779481
40779482 40779483
40779484 40779485
40779486 40779487
40779488 40779489
40779490 40779491
40779492 433076
40779493 40779494
40779495 40779496
40779497 165702
40779498 588185
40779500 36065361
40779502 294551
40779503 40779504
40779505 366717
40779506 40779507
40779508 40779509
40779510 40779511
40779512 40779513
40779514 40779515
40779516 40779517
40779518 40779519
40779520 40779521
40779522 40779523
40779524 40779525
40779526 40779527
40779528 40779529
40779530 40779531
40779532 40779533
40779534 40779535
40779536 40779537
40779538 40779539
40779540 40779541
40779542 40779543
40779544 40779545
40779546 40779547
40779548 40779549
40779551 40779552
40779553 40779554
40779556 40779557
40779558 40779559
40779560 40779561
40779562 40779563
40779564 40779565
40779566 40779567
40779568 40779569
40779570 40779571
40779572 40779573
40779574 40779575
40779576 40779577
40779578 40779579
40779580 40779581
40779582 40779583
40779584 40779585
40779586 40779587
40779588 40779589
40779590 40779591
40779592 40779593
40779594 28232504
40779596 40779597
40779598 111577
40779599 40779600
40779601 40779602
40779603 40779604
40779605 40779606
40779607 40779608
40779609 40779610
40779611 40779612
40779613 40779614
40779615 40779616
40779617 40779618
40779619 40779620
40779621 40779622
40779623 40779624
40779626 40779627
40779628 40779629
40779630 40779631
40779632 40779633
40779634 433294
40779636 40779637
40779638 40779639
40779640 40779641
40779642 40779643
40779644 40779645
40779646 40779647
40779648 40779649
40779650 40779651
40779652 40779653
40779654 40779655
40779656 40779657
40779658 40779659
40779660 40779661
40779662 40779663
40779664 40779665
40779666 40779667
40779668 40779669
40779670 40779671
40779672 40779673
40779674 40779675
40779676 40779677
40779678 40779679
40779680 40779681
40779682 40779683
40779684 40779685
40779686 40779687
40779688 40779689
40779690 271623
40779691 40779692
40779693 779492
40779694 366582
40779695 40779696
40779697 40779698
40779699 40779700
40779701 40779702
40779703 40779704
40779705 165760
40779706 40779707
40779708 40779709
40779711 40779712
5187489 6516
40779713 40779714
40779715 40779716
40779717 176241
40779718 111769
40779719 381279
40779720 40779721
40779722 40779723
40779724 40779725
40779726 40779727
40779728 40779729
40779730 40779731
40779732 40779733
40779734 40779735
40779736 40779737
40779738 40779739
40779740 40779741
40779742 40779743
40779744 40779745
40779746 40779747
40779749 40779750
40779751 40779752
40779754 40779755
40779756 40779757
40779758 40779759
40779760 40779761
40779762 40779763
40779764 40779765
40779766 40779767
40779768 40779769
40779770 40779771
40779772 40779773
40779774 40779775
40779776 40779777
40779778 40779779
40779780 40779781
40779782 40779783
40779784 40779785
40779786 40779787
40779788 40779789
40779790 40779791
40779792 40779793
40779794 40779795
40779796 40779797
40779798 40779799
40779800 40779801
40779802 40779803
40779804 40779805
28528909 28528911
40779806 40779807
40779808 40779809
40779810 40779811
40779812 274556
40779813 40779814
40779815 40779816
40779817 40779818
40779819 139069
40779820 40779821
40779822 40779823
40779824 40779825
40779826 40779827
40779828 40779829
40779830 40779831
40779832 40779833
40779834 40779835
40779836 40384
40779837 40779838
40779839 40779840
40779841 321033
40779843 169220
40779844 40779845
40779846 40779847
40779848 40779849
40779850 40779851
40779852 40779853
40779854 40779855
40779856 40779857
