2122278 933556
3073767 513488
5040436 661681
3678231 737758
1789797 98556
5058985 448553
3901849 109191
5063815 11712
5068031 108438
5075232 228395
5075780 321575
5079034 442764
856434 622133
5105254 115767
5130883 475082
4306150 2791015
3784146 52557
5134264 643362
5134432 920918
5134951 1291952
5147031 573898
5149104 517069
1758662 14449
5171250 172630
723106 1484245
5185364 779287
583991 336190
583992 173144
2390736 167370
3833630 933671
5214210 307972
5236348 640881
5242359 370789
5246210 629850
5246683 2405391
5257474 1024767
5258844 1147715
5268778 145577
5280429 77874
5283975 289056
5286635 316413
2872336 578945
5308461 2696726
5163968 197393
5318766 596883
5319264 1115190
5333483 173634
5337012 660553
5340228 235082
4052699 668773
105982 103212
574056 1289798
5360899 144725
222661 360574
583995 926196
5368219 105527
323224 398235
3153651 424750
700665 394767
4510500 142570
3239029 396093
5382958 561986
537736 340343
5387164 392048
383676 342403
2908755 215339
772686 397101
730353 1501852
649926 853156
723976 700862
4091049 1256537
3816991 185879
1467018 514963
5415370 743
583705 295317
312572 797461
5430513 1576708
928828 783658
2180062 223417
5329804 631841
1525388 306175
5442646 299645
537738 725509
5448776 858723
5449655 77789
357468 659430
3563997 162343
340511 451847
534827 1250698
1527369 507357
2128435 584568
221937 370685
1444843 278790
4259 41914
173355 234327
50456 213276
2507023 83929
3967907 350373
4841250 1128516
1015360 64300
3843860 193708
5488146 631042
164728 219607
1972079 99944
2128436 104533
237238 369871
2875890 604421
928830 387273
318352 125902
5507636 252341
2815069 826593
3232052 319014
3786504 462525
2534105 364840
5519171 1678260
2187901 548292
5521429 353386
2884302 1751460
928835 343228
764157 84796
3418556 96159
106000 339737
479406 297829
1297747 467233
2917028 118750
2087253 912584
5550325 95890
2216896 186570
5550600 371676
1250773 152942
583718 386066
3314860 302381
1866877 354203
4408489 393743
344623 605222
3472538 172585
5561305 89895
4237650 127551
3522106 108744
1783024 1561431
1980138 279335
1244415 1452349
5567166 1021727
106005 125066
1216469 295714
836031 27689
4275554 349251
1250643 824632
747164 532587
5575383 505864
5575385 49069
874881 321767
3129047 199723
5028808 469385
5583491 111742
5586290 1709152
534829 312012
1299170 340337
79949 193650
3100494 603665
929942 12344
5617496 2127778
5619147 98317
2181756 97377
2328989 318153
853164 83426
1742059 318144
3211479 2128828
5633595 587007
189552 582710
2086294 887614
4849321 362662
5640819 94515
45067 26674
2325410 1724836
1939826 1613417
5168329 197101
2781007 860725
1946859 109247
1444845 1754654
513201 559444
3926938 2055558
2937334 1375350
760346 884908
5655419 108680
4849215 168241
5656111 102230
2881825 2087157
576096 339518
5659505 643666
3385746 883710
5663278 216618
742658 270991
5608279 93877
5669595 865971
172841 21163
5675642 344395
1084704 23425
5676877 763319
4230429 1271337
513202 191428
5682854 111618
2336282 1031314
928846 333203
5689714 392707
2570265 98555
3209537 669862
5698104 94383
141562 446545
4237651 100516
5703631 317342
849250 158658
2918053 1344273
747244 92394
5706374 28719
5717126 1998436
5718717 487422
5719975 327729
933214 236423
5725849 1041811
339792 138817
1256872 37239
1444938 246448
3877325 407867
5739855 642955
332188 18111
2109085 666574
512964 96040
1243142 1206102
3159816 576120
5753243 2229980
5754125 195778
4150658 468045
236881 667094
2389736 979077
933215 850943
5770004 760151
5770532 276555
513203 224736
5772219 49351
5778067 166350
853165 29254
4115491 83424
2907249 332388
1299190 305872
174152 223243
5791422 346091
5791424 51238
5794108 160352
1591697 320101
1671276 447683
5797900 451237
5810867 391991
3334151 101775
1866927 864982
2600492 388745
1015362 763285
2507024 210927
1324192 218398
111300 116254
1210997 107039
5827864 859873
5829843 1657691
929004 954925
4533118 1415703
5835376 911828
5835448 209888
1950145 122089
2592577 1004408
1911154 532831
5847185 889711
2181548 665684
928860 172686
2794586 531043
1202591 153479
3079124 1351531
5188884 206789
5873498 250134
4324265 284243
1486183 1006952
928861 55148
2720373 330882
2720373 666348
5878739 1817114
1074525 174290
5882120 609362
1501906 157653
1467019 120831
5344451 3420797
5889434 923437
5897184 828912
5899091 582465
5903069 880068
5906521 869672
1745426 1264777
928863 618288
3383821 382266
5916573 323993
197419 593690
2288132 731470
5922800 878564
5922819 850260
5923518 175614
5925185 333656
583758 329220
5938303 189568
5938617 384948
5714151 1491128
512911 164009
1486628 1828419
1486628 2354131
1671277 458828
1467020 2336303
5952337 363721
928381 660149
5960286 106507
3311238 2057673
3022939 150930
2937341 1667535
2570266 451573
5968968 95194
5969855 493383
5970771 51086
5970921 1214459
5971158 122205
5714778 94964
5972129 418794
5972347 1174430
5972584 359977
5972865 321342
5972865 701353
5973045 95478
5974306 419713
5974367 463192
5976655 96160
5978608 6967
5979509 72381
5986424 2544044
928868 189980
513204 1211129
3420178 100562
2366042 547933
5994239 53773
5994923 857575
4283942 496883
6001065 394367
6001439 110045
3664823 660935
1250644 219709
1970023 467743
6004183 217677
4905846 791356
928869 301353
6014391 705328
2385149 402637
3211945 663437
1250645 131099
2381341 663935
1550379 927380
6023342 1186004
6027253 746608
6027755 1069465
1396211 336225
6030279 1098483
3215561 1852635
6032770 1587135
6033193 479401
3008922 261456
803106 104822
6038646 706457
3564668 385819
6043043 316510
1210903 118167
4419576 440938
6050700 999248
6052388 1254867
933216 218117
871817 1581433
4192331 285537
2399588 892292
2385150 622165
5058987 828365
790077 1400980
6062999 792228
5430878 96961
172452 532183
647707 48777
6070885 532895
2128438 312323
2128439 1737682
5714126 1054634
1230252 798589
1526956 108979
6084225 341570
6095131 191234
4103851 907838
2599589 1207058
6099677 2048
3343734 62354
5279159 276368
2479241 350129
5387207 349805
6113738 97744
6114738 1175032
2868093 98445
5112590 42294
6122899 2860
227631 364791
3460844 669664
1949219 363287
2706726 50513
6129344 294494
6137079 1972203
3499014 518195
5017575 243051
3555759 1041232
3924841 957528
4786555 1667789
3214812 756189
6146240 1125978
903576 204038
6146404 328875
6147707 401152
6148840 343398
928874 1742685
6150521 175677
6151595 1007704
4506564 133703
2479331 46166
6152748 29823
6153874 1417425
6154037 2952432
6154471 597089
6154473 464927
6154575 322789
1500435 1417786
889056 362800
6156651 2321545
3564835 367954
6157513 1658342
2178931 2407444
3632344 91809
5344447 161171
6164043 1302372
6164748 132287
2893160 324698
4393125 348387
1917245 872388
5195906 363286
6176855 213500
6180486 573043
6181817 345358
3218058 912040
6183980 659265
2893162 649949
3212216 114988
2134280 94967
4956945 112006
2134281 211296
6187177 177468
6187336 46759
6187997 503738
6188298 440314
1647866 602365
3425061 1917969
1742421 325411
1327848 97341
6195979 99586
4805145 178964
6198724 1653341
6200763 901668
1303578 504316
1531443 2389596
6202506 186973
6203412 394310
6203864 296442
6204024 313882
2510117 2024537
6204300 1633
6206135 84296
6206292 354324
1976693 299346
6207015 481993
512711 1208059
1980131 1490912
6211585 314281
6211997 185406
6212176 79928
3321473 672448
6213801 325020
1484330 365386
6217771 388851
6218087 431575
2578563 279274
6219445 102721
1563543 311201
1182662 461456
583780 146916
933218 100319
6228322 5290495
3906146 858357
3382754 1101824
6235159 1115409
6235281 393692
1295703 1624
685365 1439914
6237545 636276
6239741 1194834
6241599 863725
6242135 13332
573973 1289544
6243407 943579
933219 256395
268175 770066
1336579 448219
6244015 935546
1211301 2087158
6244506 190193
6246353 446547
6248939 189526
6251019 330180
947116 318150
930790 332489
6255844 650980
6255995 220615
6256166 217044
6256280 58833
6256387 52403
6256437 748357
3212160 890307
2468286 516764
6257785 576843
4185060 333606
6260138 363125
4478619 23657
6262627 4491763
6262932 782923
1866929 880167
3967750 214971
1836462 227346
1282893 771031
6264550 1340800
2134282 597189
586286 328733
1218664 325920
6243613 38020
724679 897339
6271454 296379
6276494 325648
6276671 259606
449007 1088568
1216689 218352
2092973 466434
2055161 1029447
5722957 1682309
6280497 306140
2666264 2404372
6283129 671312
2572357 891661
928890 221973
2844486 488631
3074371 1433355
6292465 836306
6292718 352695
3995690 325204
2720610 375907
1215951 630332
516760 554111
4851845 345525
2875891 35595
996418 110252
933220 51835
6302256 257297
1527288 333539
3905874 353158
6304410 867192
1210904 355720
583793 178744
2720579 305937
2841662 578895
933221 229603
2147713 332943
6312685 6833
6316430 619962
512969 98896
3809613 5287
2881149 38315
6319575 705478
513206 550554
534833 857188
1714576 178965
6322638 262842
6322850 1625423
6322924 376498
2178837 1659547
6323028 276623
6323673 418186
6325050 1170136
6325404 327581
6326326 628389
2385853 393697
6329593 146084
6331629 3226106
253560 448648
6333889 395222
1484228 731515
6338394 648145
6213883 1113796
3665839 874792
6340918 699697
837115 92079
2364798 913265
2876330 2190411
6342073 277378
583798 29036
747245 274299
3640015 98511
6346563 328980
513207 895692
3742780 217935
1969915 46899
3382455 2133610
6362858 264961
6362978 314322
3941864 99946
2937346 367727
6364979 347079
4469329 830501
4075974 668248
3056874 434300
6370848 477141
6371280 567937
6372147 553948
1844793 1603081
6377962 106946
1298189 117147
6380447 1088004
6386985 679208
6387722 3986241
3669304 93547
1973268 86014
6213878 354945
6401993 353126
6404993 98377
6405672 389936
2169306 107618
6407474 776658
6407597 354565
6408559 405800
6411715 1312169
6414050 54414
5952339 675059
2607139 132380
1484229 521620
1391598 125067
3091418 1213802
2400465 1712992
933222 1101642
2949068 1968048
6424627 2947495
2753300 190413
3211907 397789
6431207 703880
4163166 330512
516238 1215249
6183010 506635
2055188 1271229
928898 923722
6445375 52445
6446454 468046
6448085 1039251
6449636 347120
928899 1005097
3780886 589732
3075489 763303
3708702 392846
6455773 1154193
4011168 219821
6457669 511735
724000 52727
6459443 95991
856436 215407
672115 242692
1441984 266274
6464375 660450
6464572 122447
6465938 930893
6010779 403792
6010779 664536
3584655 350446
2264087 1028769
619786 607424
6478854 598953
6480299 943364
6480347 300959
6483630 179794
2199671 390450
2431064 355535
3371995 1043458
6495904 234445
6496693 98222
4357574 827081
5344453 192301
6499418 2489407
1525303 39657
928900 171963
6514739 1771009
2087050 447165
5881071 864798
928901 7953
2336136 922053
1946862 121255
2134284 271925
6521231 376076
6521625 1673479
6523423 534084
6525194 98660
6530493 407626
2055197 80807
6148842 1279586
6533632 5395
935716 102106
6534472 652381
1209219 129458
1775167 249074
3522263 634197
5754152 360036
6550581 101712
6553304 1401979
6554084 396169
2697781 100904
2086730 36337
5769066 551080
3078013 763413
4026061 895775
3471030 20691
6564442 479410
928903 344721
928904 318363
6565149 212156
3232053 32311
6573393 387830
1250776 401794
6581575 322955
6585147 1576760
6586789 335647
6588473 313989
6589460 328785
6589462 343620
5969520 327702
106135 22874
278468 98163
2840706 39080
6602578 49996
2129077 395089
4122261 364329
448403 1103723
1557745 351208
6624441 230573
6627576 392182
6632685 1759759
6633341 3275215
332201 384163
3314725 70535
6641847 137914
2814811 776426
6645808 240303
6651495 1397
723977 126022
6661003 109246
6661270 396956
6661542 201488
5904948 3925
3751279 749651
6718254 94963
4848398 660857
6728575 351962
2385130 581863
2208272 397488
2208272 289058
3227675 192377
6742774 2363125
6743719 636209
3117885 127497
6570659 11469
1820911 360807
6764954 64670
6765087 409200
6766826 1126603
4367282 154671
106147 12558
6775097 2203855
6794242 296994
1273934 580900
6818331 102228
3145660 652753
6822190 237267
6822519 791770
6822708 1704354
6824427 649948
6830770 2018779
6840287 1197738
6841418 493147
3343906 864619
6851393 344516
6854372 1530750
2871387 613279
1759977 2580031
1592795 1250806
1720865 7256
6876410 50715
1946863 41924
6882149 671149
4846664 1401945
2380949 96395
4198900 2770868
4198900 659557
6897862 135801
1218514 354666
6900639 1433763
6902640 683284
6904956 505328
6908860 954210
6909367 194091
6909770 39913
6910683 1492038
6912932 103604
6913144 10678
6928223 312627
3212161 1438123
6931950 94965
1552647 1653648
6938355 2585413
6941970 197073
6944738 52925
3933534 115189
6945301 355723
6946656 809452
1969886 178743
6967960 981511
3742924 606898
6968751 13193
6969473 385182
6973237 322138
928410 327306
6986319 2861
6989409 61500
6989411 878112
6989412 294241
332180 53477
3476129 1230470
6992558 994036
1782933 332286
745016 290827
4384130 1845314
7004156 503442
7004186 468936
7008124 429009
2336137 405151
2134285 293194
3962760 2141
7023347 660886
7024375 96281
7025825 1541893
6156653 450789
7026758 83429
7026802 515703
7028026 25767
4520417 134385
7029262 273132
7034358 412241
7038880 502221
7041021 662611
3701675 198386
7043716 134867
7045727 530843
3177725 1117462
2400945 3126
7064717 961899
7067285 862444
3568512 263195
7078647 1262890
7082352 933284
7083577 300257
7084689 343180
7085707 1513714
4052612 1209099
7095811 298188
7099099 320187
7102105 716151
106164 346671
3659825 1001638
7110730 698589
7117942 681283
7119841 19420
7121656 1026098
7122650 620346
5968970 30717
7124645 355534
7132148 634160
7133007 884833
7134836 174758
7137394 22931
1560969 319245
7144555 609149
3051572 634572
1250647 418687
7154685 147703
7155983 186180
7159345 325536
7159995 272372
7164522 144485
4181182 1578880
7168070 230604
7170784 365740
7192122 39950
2814589 335324
7202235 2261160
7203213 676796
7203407 2383832
4204554 78379
932202 497530
7210352 866081
2732199 280327
723109 414255
5821062 332902
7214307 3339091
3047675 165239
7223085 1381195
2931826 504137
7228227 181041
7230457 334611
2173113 797339
7254966 218241
7258262 331769
7261347 336763
1980140 339994
7267942 671314
7275123 267997
7279759 1054482
4515794 111051
7283498 448747
2193423 1674603
7283787 2467018
933224 125065
7296289 857730
4277776 1153297
2743877 836889
1155889 452688
905799 602876
7311716 425778
6641849 1034646
7316919 1566952
7318623 504439
7318698 2061559
7321478 154266
3211636 415734
3739922 102809
7338431 623460
7339378 219513
7339410 10546
7339486 831387
7339615 450366
7342543 1466947
3597623 621829
2869661 1575351
2818809 1006876
7350683 418629
1541247 889800
7374348 346765
4230375 86472
6376936 193460
3037015 606764
3177686 1722037
6548476 63866
7394667 1180000
1256769 778691
7395624 1625980
7397536 2306415
3833985 259950
4000081 6349
7400625 1357519
1388743 364698
7408059 891660
517665 335680
7420013 3529295
7424213 532935
7425268 659887
3929713 180589
7439572 722687
6138581 96666
2123743 53574
7441129 96711
4389601 332247
1526808 545135
516566 306307
2844487 310403
7467595 109688
3049610 849763
7469006 331162
747166 96155
7478551 776684
7478676 43593
3218150 48932
1969916 686816
4115685 1387058
368405 189500
3460846 247643
1250649 986186
7502446 836886
4754842 2261170
2845553 1074815
7505797 487304
1209305 687553
7513171 30990
7513760 315220
1521687 703508
7520911 1200300
7372154 641714
7526122 104830
7530837 994783
7535448 202054
2352045 684816
1552743 108929
7541058 312404
1273938 360930
7234520 9967
2195101 623176
3466845 367800
5268781 47456
7545430 959448
7546941 915763
3466848 132785
7548078 1214510
7548510 546664
7548629 568401
7561404 225066
7564413 1834767
7570070 1717459
7570856 922566
7571392 423131
3059320 365474
928414 102180
7276053 38258
1084440 677603
3060684 257299
3807562 929448
7588488 908283
1486411 234858
7592657 308527
7599271 652570
7612520 150361
7613889 329460
2845554 898467
7628686 1925362
3584656 149298
7634546 62981
7635734 921219
7636039 53474
3022940 643478
7636666 122958
7638155 635789
1653671 1583334
7638186 1392791
7638337 467801
3404144 446543
7640839 395512
7641664 862936
6000340 663558
3751280 664446
7646478 676825
5698107 316557
7652058 1117659
3594925 899991
7656002 2382134
3807506 416236
7656117 276593
7656202 316778
7663135 678396
7667073 746593
5754156 221975
3166886 98277
5923521 900808
7677983 48326
7678830 21988
3670803 367547
7635736 455061
7679112 328519
7681877 299547
1527108 86651
7683379 341128
7684533 264567
5382960 2560675
7697564 291704
7697768 1054830
7697816 642169
7700249 633886
933227 922231
1741474 1616750
1754512 59434
933228 1758529
7708984 913449
3807366 71117
5689716 346889
7731501 333297
3487794 1122130
7294592 289157
2383728 679142
5236413 1058141
7748747 2564388
7749764 316791
7750014 51516
3129048 121017
7754919 659559
1557358 755252
7763129 425276
1085723 24216
7766079 378673
7258264 606763
7777465 154738
7778327 1075014
2383723 324798
3461174 322358
2382942 1224170
7799693 353504
2200560 1552965
929902 902402
3403287 78075
7697593 332624
7814114 678440
2091694 335704
7817234 717205
4213704 126797
2265005 1109056
7822565 50851
7823459 488696
4165894 2841940
7826158 261457
7829882 463743
7841133 17044
2169061 100732
7842970 199528
7845009 471248
1757978 387750
3056852 137513
7853093 554820
3807532 705122
7856373 453762
7856931 276475
7868500 343130
7868519 1142152
7868519 392746
1563610 1025426
1586001 649532
7872475 196191
7883676 418140
1784694 1012215
7884574 445640
512912 82906
3857500 7442
2764491 78465
2649435 858317
4419577 643439
7895567 96237
7897023 52681
7899347 678395
7899542 479165
7900499 342728
7902546 1024022
7702271 2367430
7910737 340479
7711149 915565
4407831 641877
5561372 250135
5876055 1429924
7925208 565726
1563611 49800
3382386 34100
7941227 224735
7946164 899680
1592796 519481
5730033 646550
7841182 867372
3565678 1777405
7957287 388854
7959111 145319
7959874 302054
7966338 1542768
7968905 622060
7972066 893150
3522295 538058
4587646 827551
7985642 52105
1527109 220672
3654178 90600
8003734 52777
8005923 1309505
1527289 622711
3306049 842056
8013945 730138
8016396 495284
8030661 895628
8030956 493280
8032324 325022
8040396 299424
8042859 546874
8046901 510187
8047606 543844
8048592 2595322
3834490 196551
8054833 1059241
8055642 217566
8064833 2087902
8070518 3844995
8074513 649878
8082840 624095
8085220 97852
4573813 47643
8094227 66943
8095298 494738
8095332 349911
8095745 683596
8097810 646578
6798578 28284
8102275 712300
8104255 132714
8104349 441934
2596111 447987
8110744 1286304
8111512 254800
3009153 357437
8112654 86211
5134499 92949
3794959 169539
5837662 1074176
3315114 360353
1458469 892371
8133364 103378
3503778 1708241
8146090 1696406
2390739 670990
2390739 1336405
8160898 940277
8163710 57415
8168632 544472
593678 188937
8176415 131450
8184207 723668
3233848 1389704
4936996 1707061
1745428 263197
3232115 356560
8212389 660798
3464152 1036129
8222564 671552
4850914 659850
8229057 217184
2743878 4036
4053003 962350
8246460 335393
5923522 99119
8251291 358365
1501609 96156
7502448 659619
1946864 148598
3290907 507388
6041390 298284
8286714 76774
8304495 548164
7038882 2398104
8305671 383788
3334044 79219
5188893 228371
3807545 633367
5566056 143027
3227943 831363
8317788 1277391
6999347 383532
8321310 487161
8332505 669816
8333071 550182
8333126 354475
8337215 27688
331933 598925
8338318 235131
8340814 102920
8344213 1684936
8345653 428413
8347529 34561
8351959 3246846
4290311 325721
4158932 665570
8241114 606581
8359449 201429
8363893 1107458
8366426 320316
8368361 287955
8368687 507278
3315557 500751
8373174 49495
1783026 360805
8376015 1617088
8393495 99472
8397685 638955
8399702 507096
8400377 236344
8402904 343274
8405103 869070
8405183 581832
1216488 794666
3314513 480441
730015 402597
730015 441528
8419310 205643
8420027 98510
8421282 728125
3668572 1199933
8423470 1115757
8425059 134678
2572495 623712
8425660 94642
2649436 1526671
2984946 799276
1945548 67203
8426395 390689
164953 349104
1482392 1238342
8435695 77153
3070730 670868
8439904 345203
4429017 97927
2264568 365095
8455116 789727
8461088 922298
8468100 1463931
8468756 340661
4163167 99706
8471821 1073135
4011169 1066217
2336138 107788
723112 628327
2288133 898171
8478578 228462
1526959 437264
1526960 49455
2167258 179452
2741429 98043
8495946 670409
3211908 270779
8499418 339677
1745429 652952
3522264 380465
892980 1705612
8504551 360582
1318302 58288
4393147 264076
4103961 226732
8518188 101827
3993920 634476
3400363 367612
8525680 724096
8528865 18380
4375092 735898
8540133 325866
3781062 218183
3073780 621209
8541659 89846
8542398 1020068
8542436 654566
2721572 73389
8543013 144517
8550569 93768
4309419 552680
7336477 402902
8551208 2804520
8552531 392429
8553704 352015
8554329 41133
5557656 196496
2921911 199249
933231 1758614
4262953 392253
8568840 73937
8569172 582428
8569518 687244
4804853 181694
3941900 36247
8572258 356721
8573530 325746
8575709 162021
8576167 905523
2572409 627950
1083750 337602
8580554 995996
3022941 505517
1758024 35923
2578566 95153
8590337 352543
952211 28392
8598758 320222
4388592 121014
8613418 38820
8613446 180892
8615137 411691
8618722 34012
8624544 141892
3929765 1513485
8627439 332217
1494770 321762
1291929 51186
8630032 312898
8635473 888313
2314163 325206
8645873 248043
8645873 395465
1592798 596694
2858608 358308
3667336 154173
3151638 932625
6412109 1759709
8656246 177217
8657848 671467
8660754 1036255
8669903 322057
8670579 1602583
8672537 673062
8673198 111557
4005354 237777
903577 258043
8688123 736758
8696606 671428
8699718 1686055
8700487 465047
5168341 822478
3567154 730363
7487772 406970
7681879 327309
8713365 49529
1450586 527000
8719436 1196227
3836935 1190139
929903 283331
2542308 592293
3232116 824633
1592800 100360
8751044 1277381
8759110 143768
8762861 1072415
4128296 478138
8773503 355113
8774308 599608
3090876 465328
8785410 32217
2572283 407167
8790331 401505
8794606 325150
2288099 806966
8797544 188811
8805305 1139130
8810306 408024
1717783 2101057
1717783 357529
8811826 625241
8811844 829114
8814952 1689816
8816933 95894
4136735 938511
7841183 112151
8826387 93721
8830769 98857
8836539 395766
8837844 2312645
8841314 1008018
8845023 1430985
8856392 2802390
8866894 742107
6749794 2370580
8877192 53777
8877212 505240
8878135 759564
2149601 640069
3597400 142181
8888179 123143
2510064 137782
8598774 1133424
8893417 915385
8909004 898555
8923367 286076
2920870 1001333
4186481 103162
8931007 316026
8932271 1630894
2845556 666063
8933071 132608
8934910 1373938
8937420 95104
8939281 321148
8952120 214022
4038965 105528
3568143 75159
1391374 635712
8966715 2143
8977688 1054436
4322351 388850
8981729 353125
8985345 918712
8986470 66613
8986484 118498
8988591 193833
8991640 265325
516938 95841
8996717 1431129
8138668 275622
3079125 311333
9000695 619569
9003540 297622
9009441 913354
9010041 338373
9011064 1006510
1212033 1648541
9012995 1362183
9015789 97128
3118182 669676
5970773 207400
2815098 862332
9042226 343326
9060678 329412
9063433 215685
2741642 95992
2609339 162523
9067951 405109
9070541 303209
4956946 749081
4441154 1029148
9075665 871265
9077396 323272
1328689 65644
9084352 355112
9087100 333950
9088656 604199
9088906 138490
9089073 41934
2753508 108525
9103274 13085
9107587 318654
9108511 928350
799831 21987
6420783 669611
9112993 225594
2420809 50640
2420809 2207959
3203976 97167
4384122 109042
9128706 288085
9131763 211807
2691541 634161
9145073 2090613
1527273 80183
9146510 97672
2577096 1345275
9152835 1262778
1745430 188805
9155417 3282639
933232 826893
9167371 631559
4303535 623598
5952340 95291
9177454 627481
512993 160909
9179318 662626
9181979 934105
9184106 83945
9186686 202359
9202264 221494
9210912 1843783
9229005 881183
3818983 39501
9236084 2869407
9236881 1017587
6138648 1547196
9241635 721816
9243936 572647
9244628 1416978
9245178 231557
9249712 1466885
9253204 2554516
9254361 2188768
5881698 109244
9264135 511637
9265065 91690
1527429 384164
747247 108813
9267791 1482940
747248 276069
9276565 110009
1694469 201151
2719244 99175
4052634 1476613
9288186 1797757
8856394 121
4190456 1107699
9295207 3191184
5974264 198445
9296102 1415328
9299184 534356
9299271 66791
9299417 314203
9299445 703527
8697876 55086
9300181 190785
7841214 589291
9300943 75958
9301069 423769
4447478 2479476
9301258 358131
9301400 2031837
9301806 347813
9301917 922130
4035654 917900
9308320 653376
4293084 118380
9315401 1300265
5063817 10254
9322542 1659454
9323440 385570
9331693 53049
3568064 271597
6362860 334397
9343025 859619
4235760 12343
9347388 370338
5179145 352199
9359280 13705
9371295 1273221
2840141 212531
9374189 98160
1972082 134292
3333845 333949
9380547 503329
9382267 111529
9382328 644510
9382372 288092
9382523 428078
2264446 107938
5561309 332576
9401527 950566
9413243 1709915
9417577 345652
9419324 137241
9422662 177574
1945209 500014
9432515 355109
9435833 348958
9449561 778050
9452742 423650
9456118 946940
6555892 468050
2121770 520888
9463245 21169
9463720 1024335
9469389 216944
744397 199854
2365799 1684885
9478774 216893
9480203 87868
2085408 360321
9487972 310918
928943 400828
9489999 307632
3751055 1041576
9492574 49531
1911155 1600288
9500868 501631
9500911 957481
1647249 100316
6420756 912392
9515642 300803
9515913 312634
9516991 1126290
9517991 255760
9519332 758073
9524643 1571080
1388744 1999281
3009154 231324
4161487 788295
4313326 224130
7535450 318932
1250655 380588
6146406 37054
3472504 721920
928945 628454
7038929 3329299
1775106 396608
9571851 1750265
9572740 1741536
9573439 19071
9573634 779716
2845210 641980
9573698 595574
1783028 800671
9574729 1394407
9576421 422956
3550434 468049
9576736 226594
3106800 68704
9580367 1417861
9586629 139853
9591477 523960
8116177 3109612
9595926 628418
933238 34593
9597866 1752431
9603577 53550
9603828 2251526
9605093 621309
5689748 1438951
9605974 428927
9606318 720995
9606945 453163
4149692 693202
9608573 1106488
9614028 810229
9614445 1455749
933241 1469035
9620873 588081
9622262 108470
5921059 15211
4054475 236502
1555542 337754
9635899 288532
9637489 156446
9638603 312586
9643914 352269
9646535 299709
8111161 922267
9653594 478259
9653797 686576
9654101 332821
9655053 361650
9656117 393093
3794931 521009
4016565 95545
366505 34013
9763470 618855
2920873 344720
4341755 202409
9774635 23911
9775655 228737
3125567 446123
9778471 352198
9778663 105938
9787526 856946
9790143 836287
9811116 2868638
747249 349966
9814502 7805
9814507 104531
9818760 724097
3049632 358255
9827174 51776
9830473 1095057
9832535 108620
9833159 1432860
9833258 331027
2839214 332216
9653390 270992
2691637 335683
9834419 1912925
1527290 994871
9836545 697409
4322285 98093
4185273 700007
9838192 130154
8291669 602875
1946573 233358
2085043 646530
9840425 1450856
9840711 1382004
9843022 14676
9856306 26161
9857033 52868
9858232 507189
4209389 252265
928946 102297
2385961 46804
9873796 1245302
9875363 389371
2552825 745065
9885261 487030
9898279 664538
9898754 346293
7942818 687555
9908758 10923
4645840 922188
9920962 517130
8149360 84705
2385949 881627
3079127 516196
197422 101651
1914008 101491
9935732 735897
3313889 630822
9939136 385817
9940080 789679
2385436 2878530
2838800 870863
9944148 50518
9944289 102103
9945434 39056
3290849 470596
4398909 116738
9949339 278741
9949737 1320104
1592841 174582
9951277 352241
9799667 579808
9952477 477880
9953032 1362686
9953392 316068
9953788 444027
9954435 97971
9954956 356720
9955589 629903
3463515 53245
9958744 1458616
9958874 825763
9959392 77553
9966950 218240
9967116 371901
8399753 86011
9968182 175235
9968714 1398752
9969058 265311
4180982 503395
2921747 859467
9972421 75760
3318144 313808
9973838 1003150
2267053 218467
9978088 832042
9978668 883241
9979131 253286
9979622 636083
6242138 124798
5282647 103163
9981148 1927990
1592804 50392
6435252 87924
9984363 7952
9985730 397071
9987798 101007
2385155 326290
9989062 1212285
9990438 476751
3654112 213929
9991429 275195
2577120 900946
9994281 237021
9994753 63612
1091386 49228
9995873 399383
1328532 500917
9995998 515193
4856799 345526
8399704 99469
928433 208623
10000310 27489
3145830 42274
10001647 736709
10004447 157843
10009663 1019628
996426 1198618
10009896 223920
3078984 560968
3567707 299987
3962088 622094
10014688 192154
10014747 678133
10015603 237700
4441668 486914
10022080 445994
3460440 2032894
10024372 78058
10027082 97706
10027763 131630
10028892 848479
10030511 1198727
10033846 634544
3079104 1131084
10047468 361169
10047475 228581
10047626 511955
2177432 341365
1209324 139712
10047791 319750
6567031 2069509
9792075 18419
10047806 353530
10047831 198691
10047870 299912
3585368 880117
10047888 245374
10030097 175445
4511204 332421
10047897 1291240
10047908 1112898
10047945 383536
10047970 221560
10048034 231427
6908862 93665
2572008 475582
10048050 3374672
10048073 1536057
1250656 267547
10048115 565640
10048128 65977
3708416 110791
10048166 29920
3814205 873283
10048261 1104452
10048282 418169
10048291 415565
10048321 877675
10048342 1213198
10048351 295529
10048361 911729
10048365 936619
10048373 1898462
10048390 676798
10048407 83208
2721573 1596852
10048446 526134
10048464 347024
10048485 98794
10048491 8613
4322335 1506443
10048520 322402
10048539 95670
10048555 460119
10048573 3943668
10048582 394982
10048601 1811693
10048621 959777
10048633 48442
10048636 339826
10048639 123617
10048654 274404
10048660 102397
10048667 13587
3145703 1323885
8748917 295900
2880421 296078
10048751 142891
10048772 353195
9315404 39414
10048793 52509
10048811 1058565
10048820 1087800
10048873 615905
2313752 462714
3620279 449570
2292729 1062310
2448539 199695
4182030 1777304
10048981 372556
6124989 9966
10049006 103869
10049032 347571
10049039 521368
10049051 875667
10049079 825303
10049125 782285
10049134 170914
10049162 361806
4427918 124902
10049198 122804
10049248 1098910
4824103 1338408
2086817 654167
10049310 756341
6641851 56964
10049326 142977
3969351 328135
10049353 339738
10049362 501271
10049385 549551
10049395 176702
2086576 338058
10049450 997779
9875365 675972
10049500 577267
10049527 550770
10049530 1566223
10049555 878566
10049565 96242
10049585 9519
10049608 419634
10049631 856259
7578377 643202
9524264 1067805
10049699 208771
10049765 361946
10049821 380152
10049965 581801
10049969 841115
10049989 214743
10050006 275802
10050023 52326
10050058 131582
10050065 842019
10050075 1020045
10050080 94296
10050089 876350
4198901 460796
3686515 93770
10050102 418814
10050121 348957
10050149 225888
10050160 1209312
10050201 466744
10050204 893909
10050233 218294
3075131 7712
6329457 101439
518360 820060
10050255 700115
10050264 101166
10050305 2298903
7281120 501544
10050312 237870
10050323 1967910
10050341 922456
10050385 933000
10050434 1327883
10050449 656052
10050466 215785
10050491 872
10050519 702657
10050548 236593
10050566 4411299
8641682 389623
9478837 317464
10050602 407017
10050635 106801
8296505 1060069
10050668 9025
10050672 788147
10050686 649642
10050752 42232
10050765 1579054
10050794 68622
6785830 8729
10050807 972062
10050821 435834
2128520 260998
10050831 1089233
4213707 524353
5820356 254448
10050838 1702233
929910 397003
10050846 98937
9653342 1303490
10050876 542796
10050897 1105085
10050916 402579
10050931 674950
10050958 33227
10050965 388746
10050995 18418
6791034 90543
10051053 1096903
10051060 325559
10051141 2445609
10051163 53781
10051204 8484
7501405 1326008
10051214 200400
10051246 238360
10051276 851693
8810447 729546
10051312 47222
10051322 343655
10051346 364065
3619485 110598
10051375 622062
10051425 662034
10051452 348064
10051478 215261
10051493 325330
10051519 607303
2926683 2054415
10051538 361163
10051541 924600
10051558 1396472
10051567 530808
10051584 197514
10051607 91704
10051627 1798886
10051635 141974
1216987 789065
10051678 138390
10051729 711023
10051738 664404
8978883 521134
10051761 409324
10051776 145297
10051800 91965
10051804 416393
10051829 1417377
10051841 1273621
10051876 2760015
10051912 102671
10051928 1220456
9446296 576530
10051943 338639
10051958 6428
10051966 49571
10051988 780144
1391047 294797
10051998 102460
10052022 345650
10052029 1746910
10052045 1201336
6033680 163844
4013433 97850
10052118 318147
10052138 101171
10052179 213512
10052196 154579
10052258 634129
10052268 205759
10052278 1055132
10052283 776555
10052310 590973
10052337 333067
10052369 622061
10052387 1306724
10052450 734300
3027088 42698
10052461 394471
10052481 83041
10052481 322140
10052498 342873
10052508 300384
10052575 33674
10052594 308367
3625345 822643
10052637 659192
10052663 1202844
3667018 340181
10052666 8614
10052671 236015
10052696 268861
10052724 346740
10052729 334001
4292349 250368
10052763 3926
10052788 365699
10052801 30988
10052835 1759988
10052840 1160819
2288134 1212683
10052857 223089
10052894 817500
10052931 218354
10052943 361304
10052965 25768
10052970 2028081
10053002 752434
2055180 347078
10053059 345995
2544615 202277
10053063 743917
10053113 3647373
10053139 516064
10053172 297123
10053192 54561
10053223 864103
10053246 62807
10053265 323169
8206833 505748
10053278 123079
10053305 341364
10053318 106763
10053324 275905
10053344 843010
10053373 891905
10053405 652417
10053414 505114
10053452 62877
10053456 2637239
3564837 5316
10053497 2426412
10053517 3152627
2122287 490159
1576799 1486118
10053538 1742284
10053545 441269
10053613 552639
10053660 753936
10053670 2738665
8952448 108682
10053688 444623
10053753 940495
10053761 466343
2055495 96887
10053799 118661
10053803 604894
10053807 397230
2190520 416297
2267031 137452
10053822 764188
10053830 379927
10053885 323563
10053902 668745
10053956 8898
10053964 577422
10053968 1745585
10053975 1115124
10053995 402170
10053998 13326
10054025 255961
3905969 278948
2558067 5795
10054066 604200
2086818 294583
10054111 1498909
10054169 100272
6329430 42453
10054204 378639
10054221 913320
10054267 324313
10054337 96336
10054373 316427
1775168 644985
7348429 349106
10054400 160737
10054405 245224
4397167 797617
10054408 98226
10054457 886026
10054486 1091504
2336284 534331
10054527 100051
10054572 896635
10054586 149278
10054595 101987
10054607 1559667
10054627 681815
10054667 294632
10054674 263569
10054689 351964
10054716 367329
10054723 425036
10054729 160777
10054741 53116
10054757 53860
4000083 300383
6422878 101168
10054788 123343
3584657 387985
10054825 246341
253577 362271
10054842 586737
10054864 568727
10054886 5655
4230432 108043
10054909 593389
10054918 3034188
10054934 106734
10054986 444375
10055027 18048
10055040 944599
10055055 2980145
10055058 3799017
1527336 377652
10055072 320069
10055085 160030
10055103 2349171
2385854 762492
9231424 1147641
10055149 241678
10055173 676039
10055176 547606
6146432 36923
10055202 1382498
10055212 1003117
10055231 1325888
10055242 193512
10055251 618341
10055256 879260
10055267 128056
10055298 395957
10055304 317168
10055313 757886
10055332 622225
10055365 538449
10055382 36044
10055392 1415155
4209465 728614
3625346 225153
10055414 198350
7222584 195397
10055446 670720
2193245 785401
10055472 396004
10055480 1017588
10055529 115589
10055539 100361
10055543 640101
10055552 32118
10055561 345074
10055588 1754844
10055599 383856
10055625 968478
10055641 178988
2385156 538653
10055660 666064
4587649 200005
10055680 500334
10055687 999879
10055707 529299
10055754 21822
10055769 60138
10055796 403793
1155891 155362
10055799 27374
10055825 109462
10055854 606519
10055920 1258674
10055962 55922
10055962 407533
10055988 85002
10056013 961464
3929731 709869
10056038 253463
10056059 1742980
10056089 35459
10056101 902030
10056109 1025868
10056114 355404
10056126 1493209
10051165 827852
10056171 94689
2128521 92145
10056211 383705
10056223 346786
10056239 296359
10056259 1030757
10056305 413550
10056336 1171762
10056382 269850
10056407 1738750
1914802 345957
4045353 320224
10056459 1029416
10056467 923602
747251 672300
10056490 619190
10056503 1340029
1717885 31716
10056526 66614
10056532 479292
2844490 151282
10056542 99252
10056548 54085
10056579 708932
2984948 607225
10056613 344923
10056613 371996
10056624 1981967
10056667 425041
10056701 699185
905900 449451
10056714 528240
3077667 1683798
10056726 924517
10056736 94808
10056741 268222
10056744 918210
10056755 344422
10056791 152109
10056810 912465
3929732 343495
10056889 1415672
1775169 250511
10056926 427882
10056942 1296849
10056948 39566
10056965 1742227
6750697 145939
4197929 288348
10056975 856757
1784696 171707
10057003 774359
10057015 678179
10057019 48578
10057046 276252
6986184 167107
10057105 1029176
6623426 766709
10057116 868152
10057125 162577
10057192 165791
3677084 132109
10057231 1397382
10057250 507054
10057282 1518912
10057288 698351
10057293 1154492
10057306 2074925
10057317 350421
8699997 1701173
10057337 2554515
10057375 637876
1592843 822644
10057384 887735
10057387 340532
10057391 1176724
5279157 346092
10057406 279522
10057419 97970
2385157 2039606
9653388 967988
5698210 306271
928948 61752
10057462 856700
10057497 462638
10057513 312776
3969081 929450
7107292 660048
10057516 99941
10057554 263196
10057578 438817
10057588 475508
10048911 520489
3382509 622095
8923369 389904
10057664 97000
10057674 529951
10057681 1277807
6276498 140109
8149361 1431875
10057735 311371
5134435 299824
10057769 98939
10057800 311736
10057806 806728
4162026 532832
10024374 711444
10057842 45299
10057855 827718
9622265 330881
10057879 103137
10057936 102351
1766279 880100
10057949 1711290
10057963 350813
5039336 1095788
10057978 95190
2385583 398095
2085472 122516
10057999 225889
2649438 513117
10058002 608159
10058009 131816
8402318 189088
10058015 339741
10058030 137008
10058039 1250270
10058060 96481
10058076 883557
2385541 532098
10058099 25028
10052803 1974027
10058120 699582
10058126 633066
10058134 464629
10058162 129365
4136778 328945
10058174 1064098
10028894 2570984
10058269 100870
3666314 296708
6944740 364578
2385348 344396
5028780 669886
10058277 40152
10058300 961009
10058403 101005
10058302 19043
10058418 100476
4315629 907083
10058493 396558
10058509 174672
10058530 330582
10058559 343623
10058566 358779
10058600 1257558
8332544 540399
10058609 53598
10058612 231884
1671279 2137588
10058634 1004631
1527081 915209
10058671 922798
2591874 197029
10058675 82873
9227096 55341
10058701 90671
10058720 352883
10058725 98513
2385472 926522
10058741 1613732
10058741 1724763
10058774 860684
10058786 1755510
10058848 267196
10058862 403971
10054068 110095
10058904 38610
5279158 231454
5279158 1908485
10058931 96708
10058956 60367
10058969 531359
10058975 99776
6329459 396332
10058995 988786
10059006 969875
10059014 636275
10059037 322403
10059049 1016654
10059087 341487
2132416 367380
10059116 94845
10059137 224125
10059177 24215
10059193 128756
10059219 554680
3072327 889480
10059229 856660
10059249 299913
5706056 394425
10059264 7121
3037027 94519
10059278 1088397
10059281 329929
10059287 72565
10059305 530842
9016918 264212
10059313 765457
10059327 1611016
10059344 418066
10059366 375676
10059387 618574
10059403 665217
10059423 328163
10059429 142868
10059451 105683
10059482 120911
10059489 912888
3678500 334429
10059510 3509368
10059537 353313
10059585 161418
10059592 116953
10059603 332981
10059615 2370606
10059642 910019
10059679 1949063
10059696 190184
10059726 328982
10059735 98381
10059755 459658
10059758 24304
10059775 1811933
10059800 2118698
10059832 2576111
10059835 2138653
2413224 190790
3212126 1633487
10059867 100822
10059893 503642
10059925 1641111
4050526 298843
10059930 1575567
10059960 916537
10059968 35778
10059974 394803
10060003 134075
10060012 186757
10060020 773659
9478777 331194
10060077 217003
10060112 1147659
10060129 1526664
933244 115123
10060181 5087
10060187 106658
10060196 199883
10060207 2951879
10051637 216939
10060263 92199
10060298 118657
10060354 177547
10060393 649653
10060442 593435
10060469 210661
10060502 503159
10060526 441446
10060537 549037
10060558 216620
10060578 190661
10060626 514649
10060649 989257
10060654 1025492
10060673 959504
1291931 56515
10060696 1067737
10060699 48997
10060716 8727
3906093 164357
5714194 392814
1965150 2460987
10060766 94745
10060776 102177
10060810 836355
10060403 196318
10060846 161376
10060867 548620
8419313 88042
10060883 251628
6492356 276032
10060890 226969
10060941 486053
10060950 358361
10060958 100092
10060981 389370
1527291 813300
2921912 628577
1591754 337605
10061009 348545
3667337 1214702
6270341 1732334
10061029 663912
10061038 669180
10061049 857189
8099529 41920
10061103 855950
1592805 545605
10061187 78336
10048912 91300
10061227 1760255
8158925 898999
10061232 148624
2173115 306172
10061269 108338
10061283 810089
10061287 916648
10061311 100825
7573865 493094
10061343 597202
10061350 342947
10061364 60369
10061419 911939
10061455 946318
10061478 320152
10061506 291928
10061532 78119
10061544 436353
10061559 206712
10061573 332345
10061582 92867
10061629 580551
2468113 1720186
10061662 99841
10061680 746678
10061699 363451
10061711 933042
8520879 321576
10061729 536492
1526962 609080
4275451 107453
9987502 391203
9622333 52565
10061773 664439
518361 870490
10061794 742017
10061837 336760
6614293 549605
10061881 462081
4748768 120269
10061900 343769
10061927 208222
10061963 436040
6868873 234631
10061982 349384
10061989 180723
10061996 514113
10062005 70720
2083713 185518
10062019 346529
10062049 638956
10062052 1073653
10062060 649180
10062074 594482
10062089 648636
10062116 345492
10062135 939930
5028768 329915
8175900 95588
10062168 469315
10062185 965582
3964086 621692
3670885 678929
10062209 445076
1393482 581812
10062224 909555
9653596 314875
10062229 64905
10062240 2857265
10062243 815029
10062246 694304
10062253 86178
10062320 2353879
10062332 665685
10062338 276130
10062387 169322
10062413 217063
10062416 917825
10062427 219828
10062458 11038
10062462 1257212
10062471 1481019
10051314 1508031
10062493 334000
3550436 468051
10062516 92352
10062577 98799
10062617 681300
10062620 860214
1484332 218570
10057753 335328
10062638 1802542
7838453 699752
10062663 397391
10062672 887847
10062697 1122047
10062700 159840
10062711 31258
10062716 321943
10062739 831887
10062749 909799
10062777 671844
10062787 39914
1210828 1285061
10062791 875007
10062809 52839
10062817 328876
10062829 2738213
2448568 1640744
10062855 651360
10024375 686349
10062890 172411
4115195 870529
10062908 1321205
10062954 616611
10062969 425129
3843852 1581447
10063009 811742
2128971 150269
10063038 754172
5016009 1338644
8150004 10679
10063123 97169
3177811 253462
4035655 394569
10063132 2743754
3905686 2705943
10063163 311674
10063192 1196352
10063219 715785
10063245 278157
10063249 9026
10063257 917845
10063276 49392
9826733 336996
10063304 320068
10063375 901356
512913 332423
10063398 586614
10063426 218120
1591755 27490
10063433 52774
10063450 472599
10063488 1691137
10063494 1701852
10063501 1090793
10063517 956940
10063540 313440
10063545 353529
10063568 35266
10063592 919543
10063606 110043
10063622 388205
10063654 98229
10063677 326854
10063694 173635
10063716 333659
10063778 895997
10063804 316854
10063821 706082
10063863 1740701
10063892 308479
10063959 412598
8907554 449957
8810308 364030
8662948 98039
3694453 173145
10063997 361513
10064028 216390
10064051 100821
10064060 735647
10064069 92140
10064075 202178
10064094 1079597
10064121 726246
10064142 284143
10064156 1476523
10064183 627895
2386494 422567
10064197 101654
10064231 318721
10064239 1004678
10064279 36008
10064301 566228
3736344 341573
3905687 2149862
10064332 77583
6749350 332487
10064349 1183942
10064353 347252
10064359 1333957
4184283 1034328
10064391 3476294
10064403 326970
10064423 1024065
10064432 340765
3682366 327566
10064502 877895
8699983 449985
10064547 633384
6724744 821099
10064555 2948525
3667339 1039905
10064567 364001
10064595 320099
10064620 328839
10064645 829900
10064672 630368
3227939 389939
10064690 431144
10064715 107910
10064733 332549
10064750 99777
10064782 848933
10064809 807199
10064821 202904
10064824 1660026
10064833 676938
4209391 407739
10064837 301019
2182035 873260
10064851 4857189
10064868 51280
8129604 15209
10064887 678930
10064902 92239
10064929 96439
3077515 341486
10064970 922958
6884821 332251
6717446 634231
10065003 2292473
10065011 12454
10065024 346357
10065038 1040452
10065056 636958
10065059 1350269
10065078 464702
10065081 53859
10065107 505392
10065152 1725114
10065161 534502
2109153 441673
10065192 1674877
10065202 680987
10065222 875008
10065240 104529
10065271 564099
10065279 2206856
10065332 656318
10065344 597888
10065356 175702
10065383 110317
10065395 1534561
10065405 330496
6364981 312585
10065420 97635
1328690 23549
10065427 990175
10065436 275194
3677860 882043
2921913 1484247
3212163 506045
10053904 288537
10065540 339740
10065561 407408
10065584 106701
9996835 1392084
10065627 570638
7838461 344719
10065644 659891
10065653 328784
10065660 930619
10065671 1537983
3145673 459910
10065705 1672975
10065726 97508
10065759 27187
10065785 361299
1674504 24810
10065840 95101
10065850 295848
10065888 518998
10065906 861845
10065910 336717
4136755 242209
10065919 51074
10065945 619437
10065957 236714
3312716 724360
4120401 133176
10065990 245338
8809493 347251
10066016 216389
10066016 63520
10066035 1112907
10066047 663936
821220 1628331
10066088 391907
10066108 544349
10066113 566330
10066129 340093
10066139 2203424
10066168 1387228
10066185 137371
10066192 98994
10066223 514838
10066250 1739295
3968855 413873
10066257 675376
10066266 838367
2719014 653552
2149845 832222
10066269 764554
7261349 3138580
10066293 101489
10066326 930026
8485860 323695
7961508 1164111
3736345 913812
10066338 380310
10066357 890638
10066410 51588
10066428 165498
10066432 2278948
10066441 625970
10066466 350993
10066481 385008
10066530 307118
10066543 524067
933245 100613
10066561 660625
2572361 49761
10066568 2508
10066602 772185
2385964 320427
1209307 204325
10066654 697909
4082523 351863
10066699 551443
10066713 1309698
10066724 494119
10066734 1191188
10063570 116902
7222603 332248
3315391 1738025
10066760 332679
10066768 362114
10066775 353427
10066787 1307006
4535002 333015
10066802 709897
4275452 316225
10066821 2625810
10066836 67560
10066843 94445
10066852 51715
10066892 226735
10066954 853464
10051062 37295
10066969 1029049
2385158 276436
10066982 657252
4045253 704701
5018439 977561
6211999 443681
3929766 440444
10067024 1405656
10067060 292159
10067071 332820
8233155 1851051
10067110 341572
10067117 393500
10067123 879283
10067146 1498786
10067164 1948624
7535088 61342
10067179 102344
10067216 2482951
4442016 1967875
10067254 101898
8072612 651852
9813035 629623
10067263 53575
3020786 662979
10067274 158676
10067293 221974
10067302 582963
10067323 171634
10067332 295422
10067353 343985
10067386 887233
10067408 101823
9184109 1119434
10067432 597964
10067447 443469
3522079 52281
10067481 893402
10067484 8485
10067492 1659051
3604065 191512
10067505 12655
10067516 53744
10067540 31612
10067554 295528
2840315 692003
10067582 805126
10067617 24515
1527111 167845
10067646 345521
10067654 1250417
1328691 613918
10067674 921194
9524677 393323
10067713 751543
10067720 540080
10067738 635986
10067755 2779194
10067782 793209
10067810 340189
4511215 678244
10067831 660120
5344406 27082
1052135 760501
10067836 451723
10067850 400985
10067860 637156
747252 238983
10067883 189492
3605545 235512
10067906 106657
5134500 791822
8399706 108873
10067922 97973
10067930 110601
10067952 91380
10067967 1143139
10067978 24603
3417966 527199
10068004 555460
10068020 49454
10068078 496149
10068090 142972
10068099 861051
10068106 356625
8103040 196362
4375614 629991
10068135 437554
10068152 123117
10068196 18113
10068204 52720
10068237 123904
5972867 701353
1209264 21712
10068259 965775
10068271 1198064
10068284 348206
747253 150171
10051878 388848
10068298 941158
3079197 152564
3127046 139588
10068335 84254
10068356 1443237
9382444 223004
10057397 441933
10068375 344034
10068391 233831
10068423 42806
10068426 252342
10068436 430458
4045370 324236
10068459 674089
10068483 813010
10068490 649295
10068496 384485
10068505 893318
10068520 39565
10068553 60599
6596289 1605477
10068579 268128
10068586 1085990
10068593 1166737
10068610 888774
10068620 945603
10068643 637467
10068666 55816
1781477 385372
10068710 313242
8569175 947907
10068745 339201
10068763 302282
10068770 498130
10068775 2462755
10068779 161295
10068798 103866
10068812 347572
10068819 1073373
10068866 1536226
10068884 743033
10068924 581902
10068957 1255414
6661633 65895
10068968 148746
10068988 340671
10068991 902354
10068999 308430
10069030 340338
4015563 161393
10069084 347780
10069089 831362
10069097 355405
10069113 685987
10069162 324552
10069175 288911
4104854 64903
10069193 428959
10069204 86851
10069032 26376
10069229 882781
10069239 78335
10069251 213789
3470683 821931
10069257 321150
10069265 262006
10069275 213162
10069283 36180
10069293 975803
10069300 41756
10069318 348157
10069330 945580
3892382 3509168
3046347 100129
10069337 669741
2921915 3236501
2351982 338795
3009108 879762
10069371 334665
10069392 858583
10069410 3168565
10069425 912427
10069435 584226
10069454 1086759
10069465 639088
10063306 9289
10069474 1041547
10069487 54212
10069523 143418
10065787 683305
10069573 663143
10069585 300804
3315541 923662
4315665 378505
10069588 915232
10056891 719583
10069667 578102
3905862 272373
10069680 485729
10069755 4110797
10069772 92053
10069781 1650514
2720342 861018
10069810 115046
10069821 2396727
10069040 2193993
10069840 1249028
10069850 236668
10069858 154121
10069875 526204
10069886 1716599
4120403 2128999
10069893 351603
10069903 143974
10069959 37546
10070026 1706375
10070032 466843
10070052 868825
10070078 540362
10070085 1088778
10070112 94804
10070125 753956
10052120 586931
10070141 515732
10070169 2250976
10070177 2943692
10070203 1097489
10070207 686815
10070234 230057
10070255 173969
10070266 121292
10070288 514112
2572284 514634
10070305 1003929
8543015 721268
9234271 49530
10070350 333788
10070358 1103354
10070369 1850160
10070380 866701
10070392 710246
799841 831607
6089897 284865
10070426 844818
10070463 220193
2544572 31712
10070519 1393024
3843879 193263
10070546 293977
6205194 2434933
10070585 300714
10070595 355300
10070598 963957
7318627 41709
10070620 883511
10070630 100823
10053194 1306852
10070646 71836
10070659 577316
10070665 790929
10070676 110093
10070752 219039
2360157 345589
2353543 167922
10070764 158028
10070809 271535
10070828 1818879
10070834 91908
10070849 99525
3759137 84730
10070877 719895
7118047 606653
10070915 630583
3834491 364699
10070943 901116
3074209 1376826
10070954 238896
10070975 225654
10070984 1003016
10070993 63908
10071014 345922
10071021 332004
10071031 51598
10071076 12656
10071089 1245806
10071101 643581
10071149 316339
10071163 1005906
10071174 388376
10071230 445089
10071252 107041
10071255 1001334
10071275 874961
10071304 345954
10071338 440972
10071359 867339
10071370 460650
10071385 1186077
10071400 1410
10071404 432025
10071408 270764
10071423 316247
10071448 586038
10071479 927693
10071506 752662
10071527 622554
10071535 288724
10071538 207771
3929761 285669
10071548 929454
10071562 402962
10050436 424660
10071582 416106
10071596 1992017
10071617 97380
10071631 508793
3670886 47408
10071653 102921
10071684 908633
10056173 179104
10071730 130795
1250658 900806
1485956 308526
8540136 96048
10071766 101979
10071791 328099
10071805 917602
10071822 59467
10071831 791302
10071856 26677
10071868 682014
10071900 1064733
10071933 108275
2510119 288534
10071971 1035181
10071997 477547
10072012 801238
10072027 417138
3665797 640360
10072108 673243
10072126 148061
10072143 697168
10072157 320314
10072170 348873
10072173 1836384
10072200 956462
10072246 839575
10072255 124987
10072271 1320964
4463856 216475
10072286 938895
9985733 32598
10072343 176391
10072357 668926
10072371 358956
10072436 325202
10072490 176323
7545506 363835
10072545 452491
10072549 325612
10072564 1303871
10072567 961051
10072609 288401
2077480 172386
1744668 491203
10072622 215408
4216422 862067
10072656 860334
7303246 898572
10064607 102350
10072691 105529
10072725 140706
10072776 866912
10072799 5342
10072817 905409
10054806 8902
10072838 160956
5881073 7447
10072887 117095
10072912 314657
10072966 867236
2386082 115699
10072978 1132774
10072988 898057
10073001 483048
10073014 256855
9501444 946161
10073022 343988
4570626 161359
1527475 98321
10073045 1694619
10073091 609558
10073097 84662
10073107 362463
10073133 1210932
10073136 651771
10073149 1415869
10073165 76725
10073172 861991
10073184 429226
10073206 332494
10073228 782547
3078482 2403909
10073267 1462181
10073297 32818
10073325 3676910
10073350 120905
10073354 370374
353727 92197
10073371 905072
10073374 497500
10073385 1249558
10073410 26476
3460441 104609
10073413 770927
10073432 873915
10073442 319357
10073462 43998
2123407 1147593
10073481 283287
10073495 494461
10073523 363881
10068712 310270
10052804 102104
3977643 1344462
10073565 51521
10073596 138858
10052896 101935
10073622 438816
10073650 219830
10073658 867235
10073662 335396
10073677 912793
1789816 401057
10073685 874793
1775170 228408
10073727 1724920
10073731 386689
10073749 828530
10073766 65261
10073788 384729
10073819 856
10073824 1672505
10073834 810080
10073860 2769830
10073860 683285
10073881 372719
10073893 149858
10073916 220225
10073942 290624
10073948 100678
10073953 844371
10073966 346918
10073975 1566995
10074000 841395
10074035 486481
4209467 333745
1947874 157140
10074065 332681
10074114 512504
10074123 2053
10074126 354468
10074143 424245
10074149 96435
6741004 342695
10074158 1684567
10074168 65972
6371610 63255
10074190 52728
10074211 226291
4115196 395771
10074273 30905
10074280 328781
10074293 71116
1250659 1341913
10074312 595927
3814635 1141162
10074355 338370
10074360 876751
3906097 1690822
360018 218796
10074382 228219
10074389 943103
10074393 47072
10074422 110044
10074437 791505
2720611 798798
9873693 1468584
10074459 1308379
10074480 1416283
10074523 1958369
6548492 193915
10074545 881164
1495633 1623476
10074581 938829
10074624 12224
2753248 53975
10074638 324363
9501465 837580
10074643 975894
8352647 5654
9299187 347850
10074677 224302
10074685 477243
3550437 459134
1760537 649391
8546780 98275
4120413 156684
10074713 94439
10074785 3380768
10074789 77830
10074844 1109958
10074851 321768
10074861 1842637
4508509 339672
10074895 1046379
10074926 83283
10074953 705306
10074961 1428008
10074969 502873
10074976 19416
10074982 121016
10062579 323170
4260257 396561
10075029 96397
10075040 626541
2179963 242561
10075068 605832
10002896 328946
1526964 814366
2741560 242883
10075166 859874
10060435 500439
10075175 178477
10075219 1311329
10075222 101379
10075251 399720
10075258 921540
10075270 161170
10075276 954070
10075280 2585987
7115204 323504
10075311 824522
10075333 622371
10075351 510545
10075396 111681
10075412 233222
3291542 2169358
10075433 1081289
3522297 418804
3037028 73359
933247 630138
10075468 662160
10075483 359417
3212164 931900
10075486 275968
10075509 131849
10075042 141816
10075545 1587870
10075591 353351
10075595 320269
10075610 420343
10075638 121785
10075641 2274653
10067410 823945
2183907 65976
3681489 914029
10075719 1444480
10075730 314617
10075740 136262
10075756 59789
5027553 26781
10075775 818840
10075800 1719407
10075808 99331
10075842 606158
10075855 907333
10075868 342402
7294574 459674
10075896 400914
6212039 299544
10075955 873005
10075965 675593
10063201 868205
10075988 132182
10075996 1570462
10076010 21894
10076019 309753
10076041 390050
6548521 621693
10076060 94241
10076081 2556250
8112669 317984
10076121 627857
10076136 221968
10076142 165538
10076157 150640
10076172 218800
10076201 970727
3078192 619086
10076223 699854
2385927 1684046
10076233 898542
10076264 28079
10076287 1010191
7963530 158522
10076296 136877
10076311 1487122
7578409 517252
10076338 897360
10076345 38612
2840409 395593
10076378 861813
10076388 412240
4565823 35677
10076430 64299
10076451 45649
10076487 308508
10076497 616581
10076505 581657
10076548 405623
9622362 812097
10076619 135510
10076627 102181
10076633 1340651
10076650 170336
744468 352201
10076653 655448
10076658 165503
4275454 659933
10076672 256715
10076685 12103
10076692 692396
2385160 572468
10076730 782812
10076751 291891
10076770 299644
10076804 900944
10076815 123271
10076841 220139
8338321 1210526
3736346 393787
10076864 265991
1319145 942907
10076900 384102
10076951 96240
10076999 1579581
10077014 97168
10077042 284185
1291933 123242
10077050 573858
10077060 70130
9435594 97170
10077100 459983
10077116 2816268
10077140 891600
10077157 898233
10077212 320153
1523645 1030815
10077216 343987
10077221 294606
10077234 791219
1946866 345852
10077241 103350
10077244 1042539
10077266 1417156
10077277 49494
2385542 2382532
10077305 1640554
10077317 78628
10077341 395840
10077356 348436
10077359 2308259
10077416 477587
10063400 1648972
10077432 1394938
10077451 208220
747254 1527206
726679 371894
10077462 868097
7838462 296250
10077528 361760
10077531 311113
3610266 103446
10063092 63993
10077551 877434
10077554 316768
10077565 831857
10077594 861770
5102139 498757
10077623 1488251
10077630 1776707
10077637 421952
10077643 109139
8923389 243348
10077669 484566
10077683 849715
10077691 271299
10077707 5656
10077720 95252
10077733 1007434
10077736 162460
10077760 256260
10077793 336587
10077808 43033
3568502 41916
10077817 412619
686262 924357
10077862 638433
10064710 948226
10077897 905527
10077913 94749
2891868 374049
10077945 791605
10077997 1444576
10078020 91891
10058743 641730
10078074 95587
10078085 410310
1614429 1723303
10078110 1821416
6677123 792732
10078139 215491
3461248 229135
10078146 676185
10072438 1246245
10078179 277415
3314670 375769
3945600 825414
2385418 97344
10078193 626369
10078203 1544401
3091727 664018
10078235 225723
3008998 41927
10078255 2507514
10053946 317138
8667622 341074
10078295 552949
10078312 122366
4076091 617000
10078336 409041
3405939 135453
10078365 836269
10078459 688942
2720501 126603
10078538 14555
10055222 53472
10078547 861478
1526965 880101
10078560 860986
10078587 2475689
10078616 101445
10078633 874892
3541367 1576752
4157104 10924
10078655 21890
10078663 328732
6641852 947136
10078666 920650
10078670 325690
10078694 1428792
10078703 358780
10078711 228579
10078718 537636
10078731 479423
10078749 325867
10078755 2307306
8868613 51597
10078788 638689
10078815 613418
2591876 336637
10078841 324885
3537681 612526
10078878 96828
10078892 428798
10078895 196514
10078904 92931
10078911 29919
10078916 1345771
10078931 276658
9998986 109690
10078953 146381
3501409 2185066
10078981 160290
10078988 223210
10079002 817333
10079019 902031
10079048 6683
10079057 323097
10079070 370299
10079079 18887
10079101 952898
10077915 131730
10079132 1796672
10079143 269202
10079149 374356
10079165 119994
10079180 654635
10079201 869425
10079222 118656
10079241 933162
10079252 945401
10079276 1732687
8809529 549855
10079305 305871
10079329 174712
10079340 60676
10079362 99524
10079392 8207
3967752 831279
10079401 1775210
10079421 1006908
10079427 607068
10079431 446544
10079465 1019840
2386238 179330
3722073 706552
10079488 227038
10079492 390192
10079527 340191
10079542 359041
10079556 779234
10079573 228582
10079594 1705690
2085443 53304
10079619 444124
10079640 227898
10079653 365874
10079667 2506449
10079673 915912
2164183 119698
10079683 104532
10079691 584970
4484267 921190
10079734 290980
4306999 147571
10079778 40041
10079799 1673925
1495635 190928
10079815 2241654
10079819 1328576
10079841 1219045
10079851 1710688
9778501 803556
7023033 2335553
4309185 711315
10079891 330209
4397169 1938988
10079935 97074
10079962 462328
10079966 98320
10049869 565727
8920315 255620
10079999 945921
10080020 14801
10080036 670587
10080099 890827
2659000 308509
4011135 889005
10080114 2912420
6545384 415567
10080138 205078
10050688 53884
10080169 129619
10080206 323990
10080215 233357
4168316 1775480
2085593 281002
10080249 516714
10080275 200197
10080284 874929
1527112 99120
10080307 6466
10080323 1382999
10080352 352370
6033627 384857
10080393 3242558
10080406 293528
10080420 1055975
10080434 325719
4281350 338311
10080529 1252936
744825 935609
10080558 180686
10080563 24915
10080570 1302817
10080583 945829
10080592 498008
10080611 676040
10080623 201556
10080638 627420
8699999 421508
3128910 674154
10080653 225655
10080669 328350
10080676 89892
4371480 386173
10080687 1477274
10080691 169196
10080706 253354
10080719 396168
10080747 9290
3737473 315623
10080756 1687510
10072786 387542
10080792 795298
10063894 886401
747255 1527220
10080855 189548
10080873 633843
10080879 1724084
10058176 703726
4209453 2880871
3942383 632004
10080912 498040
10059760 1017561
10080926 386688
10080949 820770
10080956 1806108
2930609 488848
2056770 1007184
10081028 1839072
2720343 339828
9956830 627205
10081079 272093
10081092 99990
10064942 25135
10081116 590275
10081119 285164
10081138 2984104
10081170 51649
10081213 397038
10081230 585333
3461249 178532
3547606 3277448
10081272 44161
10081356 442887
10081367 779141
10081393 2194233
10081396 830320
3269340 721244
8713367 522783
10051638 222332
10081444 698588
10081462 1100853
6944775 48573
4120800 444509
10081469 13475
10081479 1462113
3422233 322644
10081493 1026026
10081536 127078
10081555 132183
10081565 995538
10081575 933694
6868874 979491
10081622 278860
3072047 237825
10081666 315341
10081707 432738
10081736 154372
10081740 642004
10081754 457866
10081763 2288623
5102140 157103
10081777 606939
10081780 1180936
4386827 340339
10081813 342607
8868614 927340
3964342 5620
10081843 425281
10081883 766471
10081888 579153
10081906 1649552
10081910 859872
8809500 661928
10081966 53780
10082007 80045
10082021 865742
3906116 153366
10082045 131760
10082051 503779
2597827 911949
10082057 352064
1415193 710602
4181209 871589
10082118 2941704
10082149 898273
10082153 1111405
10082157 883560
3967915 119699
10082182 153454
10082185 366647
10082205 530844
10082228 93715
10082246 1854152
10082278 147320
10082284 93767
10082294 1004961
10082310 678932
10082320 3149163
10082329 702398
3905864 93719
10082354 143276
10082388 98042
10082393 106698
3403193 297453
10082405 686128
10082436 1974030
10050918 450943
10082471 224734
4631771 1527572
5008849 362201
10082543 98446
10082605 203591
10082622 779264
10082667 316281
10082697 362961
6411744 1025079
2077495 2128881
3401011 423869
10082725 618741
3908567 251126
10082754 35230
10082780 103761
10082789 93598
10082812 195010
10082832 846343
10082872 202795
10082914 85612
10082929 30814
10082945 2601157
3262660 1069304
10082962 611938
10082968 1283804
4045254 376059
10083011 1681551
10083029 95721
10083039 639183
10083057 1416632
2385161 594265
10083090 721066
10083113 362798
10083119 1000383
10083133 385927
10083143 205013
10083157 1150705
2572328 447997
10061054 14968
10083184 287250
10083196 325023
10083214 814346
2184152 891428
5028788 871960
9873694 629060
10083269 1738133
10083288 815387
10051166 347486
10083310 17052
10083324 181498
10083350 329508
10083359 586273
10083364 167371
10083384 913321
10083411 880354
6986371 1735735
10083432 1067733
10083443 318828
9875388 638246
3966648 573868
6287084 390129
10083476 2568229
10083495 635238
10083525 468765
10083528 104407
10083553 24714
3809569 1392824
10083577 1499385
10083590 35767
10083609 813830
10083614 1489729
10083637 141598
10083668 938510
10083671 256675
10083695 332548
10083753 1022253
9478844 23041
10083793 596879
10083814 889947
10083823 219110
10083838 325410
10083842 691104
10083859 127128
10083886 97634
10083924 283718
10083936 669335
10083966 113035
10083982 824425
10083994 196901
10084011 1143615
3736932 100477
4914961 19994
10084061 38852
10062971 347617
10084109 887846
10084129 142913
10084153 1068371
10084165 364277
10084182 6371
10084224 99118
2435782 50794
10084227 186059
10084234 610262
4003835 677828
10084271 178616
10084297 136677
10084314 684500
10084321 1737645
10084324 282262
10084335 192378
10084354 380547
6017530 163481
3834448 490956
10084379 1217156
10084405 532184
10084437 919042
6371585 917959
10084455 365906
10084477 467418
9805916 59850
10084494 186974
10084519 461821
4253697 329089
10084550 202482
3212185 1268767
10084581 135190
10084603 686575
10084622 893990
10084642 3015157
10084651 323373
10084675 1966291
10084694 715397
10084733 1520224
10084788 1198848
4011170 691930
10084795 189077
10084811 332288
10084841 579807
10084862 324800
8809530 277189
8345656 99842
10084909 162022
1592806 2062442
10068886 226737
9478833 649184
10084928 299984
10084947 363941
10084981 898376
10084993 918582
10085012 87761
10060725 376284
10085030 665686
5027151 1590879
10085039 52773
268176 454373
10085056 2337713
10085088 1343853
10085098 301954
10085107 2329161
4161610 36537
10067125 327727
10085156 702377
10085177 625934
10085183 538545
7478554 1561693
10085189 427833
10085237 224416
10085259 836927
10085273 659848
2490789 347048
10069253 352650
10085312 896207
10085318 424687
10085342 696264
10071655 100777
10085355 124032
2597572 394934
9468673 100437
10085367 432758
10085390 1503649
10085400 1183700
10085454 38107
10085500 324314
10085526 158675
4553676 105582
9653392 1054800
10085587 564090
10085620 123379
7578410 14677
10085650 264566
10085717 828047
10085733 551245
10085740 287561
10085751 376226
3670790 176749
10085778 8077
10085786 101490
2385251 63256
8504553 1866002
10085840 2078182
10085843 922678
10085867 870273
10085870 486953
10085899 1098014
10085907 841506
2884344 208772
3666724 814902
10085911 109192
10085918 470736
1671281 1005907
10085936 1344003
10085946 1965110
2183045 747182
10085974 204623
10086001 898556
10086014 675852
3290089 544375
10086047 332486
10086077 3430180
9996847 669742
10086109 1704303
4107864 198837
10086116 478176
10086155 273913
10086164 1541275
10086196 395955
10086199 228578
10086214 258044
10086240 228317
10086268 2984787
10071176 320674
10086295 3156290
10086307 606766
10086325 1126244
10086355 111139
10086361 612297
10086378 340664
8074557 1006253
10086402 103862
10086452 840611
10086475 1201949
10057284 237778
10086484 49393
10086502 219822
10086526 606577
10086548 324745
10086562 436624
1946868 38609
10086582 1838028
10086612 654859
2109087 884317
10086625 343227
10086647 391310
10086652 811147
10086675 9625
10086700 303063
10086712 734387
10052389 785483
10086725 222735
10086761 5343
10086769 3179158
10086785 342872
3091728 21575
10086796 249354
10086817 704187
3719064 732570
10086837 167303
10086845 2031039
10086856 95193
10086880 540443
10086901 617739
10086919 392674
10086944 181839
10086967 220185
796004 934621
10086990 548760
10087008 554417
6086369 644207
10087020 328832
2448570 336761
1216400 1503484
2385856 21196
10087068 848378
6786977 267226
10087104 1960604
10076159 890114
10087131 284246
10087158 40362
8111141 218118
10087193 1303672
10087220 1237194
2277053 947999
10087233 45820
6602581 582711
10087246 357066
10087274 365153
10087299 623136
9478832 534871
10087320 142571
10087373 18049
10087390 285123
8700490 1584320
10087418 236044
10087430 50383
10087447 106660
10087453 92826
10087468 162753
3803582 348001
10087481 48843
10087507 931689
10087529 515688
10087538 462367
10087569 220048
10087573 332572
10087581 295716
3816995 53475
10087594 85550
10087626 1306087
10087630 234986
4841396 1593208
1388746 925140
10087659 1003
10087665 792755
10087693 782088
1495636 2324007
3681242 470348
10087747 80126
10087765 1101859
10087775 1056650
3977655 10545
10087797 218488
8966718 100517
10087822 1754072
3079198 755892
2310095 529195
10087837 1103078
10087855 451475
5093848 606580
10087889 2009721
10087901 336994
10087913 2868699
10087925 418761
10087946 211563
10087994 360806
10088005 109043
3144406 473670
10088013 1081787
10088034 300597
10088051 1626
10088071 320843
10088095 384793
10088151 254911
10088161 667059
10088185 173026
3425034 599450
584014 91906
10088218 790294
10088231 466712
10088256 1255370
10088270 193261
10088273 143227
10088276 659788
10088322 484006
10088329 922927
10088336 486109
10088343 917988
10088348 327232
10074487 811716
2085594 1596559
10088375 343230
10088397 322357
10088406 344329
3210702 913771
10088420 839469
10088431 316440
1922934 170470
6896006 436243
10088467 335682
10088479 1328212
4147446 106659
10088486 393974
10088507 917671
10088531 158659
10088535 678134
2077481 410279
10088554 878243
10088562 2493136
10088580 686418
10088583 354986
10088598 463621
10088610 365528
10069682 390412
4213708 97379
10088644 1402027
10088647 859051
3881949 349598
6548522 908196
3568602 634370
10088689 363940
10058196 305484
10066608 1311327
10088701 12866
10088721 307997
10088734 363836
10088776 963823
2086316 509559
10088845 825895
10088879 478469
10079203 336752
10088910 339915
10088930 873438
10088961 1109843
10088995 987566
10089003 219515
10089020 414007
3905878 47639
10089045 109364
10089054 468048
10089074 146324
2385371 96337
10089118 393744
10089152 1256489
10089159 326528
2037207 319758
10089173 88138
10089196 548508
10089204 453333
6661579 157367
6677080 174831
10089226 609041
3568513 321551
10075877 146871
10089242 156313
10089325 663744
10089332 448649
3072048 106864
2921914 389456
10089378 933870
10089393 660119
10089397 1301872
10089404 412243
10089448 318640
2573766 70372
239083 79527
10089471 342241
10089485 849955
10089526 733971
10084273 155081
10089560 1115166
10089579 1671713
10089601 622164
10079655 119700
10089620 993016
10089623 52867
2385389 947656
10089646 2162117
10089662 16018
10089668 548176
10089682 859401
3389683 355757
10089709 578078
726680 52776
10089714 670473
10071103 438394
10089729 53641
10089743 4483808
10089779 106762
1216053 97457
10089811 339009
10089836 51836
10089866 520934
10089897 352597
10089902 319307
10089905 326853
10066225 133581
10066225 485086
10089952 896301
10089956 712922
10089997 1845280
10090011 193218
10090032 427351
10090045 429351
2385857 1458486
10090080 444963
10090088 483980
3975032 793623
10090097 257078
10090105 653683
10090117 98379
2122407 325246
10090125 830340
10064692 575667
10090158 224939
10090176 1269262
10090179 828782
10090197 109600
10090217 1349521
10090221 202938
10090248 1029189
10090256 333785
2720613 1709972
10090277 1692249
10090297 995633
10077482 604547
10090323 321369
10090327 606726
4310752 639225
3804375 2227540
10090404 161349
10090424 52046
10090441 206276
10090463 504253
10090497 167535
10090500 911409
10090504 25027
10090507 258100
10090517 272374
10090540 295771
10090566 143600
10090574 31829
10090594 123272
10090650 1051245
10090719 1670594
10090730 1087048
5204725 485071
10090735 798178
3666686 1254057
10090742 297669
1789817 273154
10090756 101175
2690774 106889
10090768 137389
7705360 1314049
10090789 1993475
10090800 841934
4115127 105686
10090825 110309
1485972 429634
10090835 122960
10090849 276918
10090862 219545
10090865 581765
5014127 1537137
8810448 221976
10090889 217645
10090892 2150656
3078278 649652
6661544 952960
10090927 584385
10090978 1089756
10090993 46845
2056742 966176
10091002 95994
10064111 3538829
10091029 422695
10091040 26882
10091049 334004
5669598 433501
1217558 174541
10091062 98378
10091066 351744
10091078 58042
10091086 425442
10091106 99900
10091119 1126146
10091126 637466
10091152 333685
1592808 1242158
10091165 318509
6371283 2150037
10091176 884435
3351092 396291
10091212 342455
10091240 2021744
10091249 551832
10091254 1455434
10091286 954715
10091298 86552
10091323 503057
10091333 1551510
10091357 108585
10091377 450818
10051867 602221
10091399 678785
7705361 911710
10091407 94686
10077001 24916
10091441 1987151
10091464 600298
10091489 516795
10091520 30625
3022944 640539
9622321 52924
4166175 506913
3290861 681925
10091530 63025
10085845 1257926
805702 599753
10091556 159312
9184110 1309447
10091579 17128
10091588 334613
10091599 104319
10091615 297806
10091624 632657
10091675 638551
4388499 126782
10091694 1795018
10091697 3327142
9501497 364890
10091718 935993
3814603 3422827
10091754 551500
10091761 430138
10091765 604376
3664831 944992
10091775 218180
9935762 99251
10091814 1494001
10091828 389267
10091849 338794
10091896 933753
10091899 879509
2095015 322673
4447429 544242
1914012 17127
8735696 146349
10091957 350048
10091964 876785
10054812 346564
10091988 74713
10092023 502168
3079447 946190
10092039 883397
10092053 1487896
10092064 612244
10092080 628715
1210906 1168975
10092085 20889
10092103 385571
10092131 447988
10072060 273740
10092151 1126337
10092177 219819
10092189 336924
10092208 53830
593680 1191087
10092239 687846
10092264 587004
2417732 224640
10092289 1652051
10092314 880028
10092335 387543
10092356 41685
3974542 830914
10092369 771140
10092379 670947
6114742 364369
10092394 157926
10076902 1284530
10092404 1897306
10092416 1813244
10092423 316934
10092440 525828
6358088 105272
10092464 1685915
2839342 2185560
10081274 961552
10092580 50195
10092588 344795
2875995 1039364
10092625 306628
5028781 39345
10092652 109358
9778474 347929
10069905 2782974
10092673 348100
10092707 524701
10092715 228038
10092730 859361
10092756 1504514
2880948 335224
10092790 394197
6312741 101072
3461323 511839
7794462 403377
10092803 637492
10092836 320315
10092849 1022505
10092865 161229
10092890 1250520
10092898 856894
10092939 710560
10092953 329028
10093004 51278
10093014 2249439
10093045 97536
10093056 1524054
2352096 193784
10093089 847871
10093100 102043
5168330 945778
4076577 988261
10093140 226497
10093206 764377
10093212 607512
10093223 20890
10093242 355957
10093287 1022859
10093299 874638
3061455 393089
10093321 522703
10093351 109461
4209392 267701
3667340 102745
10069714 28178
10093380 155243
10093395 231366
10093427 65975
10093431 387228
10093443 2010669
10093453 2011680
10093470 303106
10068286 344643
207457 310249
10093487 424447
10093509 664781
10093526 312632
10093529 859146
10093548 607758
10093588 492499
10093598 191873
10057609 2804326
10093622 1601986
10093630 181094
10093644 25483
10093684 2258872
4385457 325537
10093704 378676
3395076 344139
10093725 1011018
10093742 889582
1784678 586536
10093777 63456
10093788 215447
10093811 307325
10093816 2029212
10093823 394470
10093833 676655
10093849 233985
10093861 161407
10093888 832596
10093912 3075105
10093919 554537
10093963 509391
10093974 263281
4450285 626371
3522321 95993
10094006 1511
2095055 790896
10094032 396211
10094041 901418
10094070 335329
10094074 294675
3962090 680841
10094115 1775864
10094131 1760276
3289946 534870
10094147 93765
10090652 1180284
3568837 964327
10094158 316789
10094164 222480
10094182 365217
10094195 101040
8564455 142372
10094249 68046
10094252 485085
10078817 722019
10094264 555838
10094267 338575
10072029 460625
10094282 627231
10094300 49354
10094306 1483373
10094319 97810
10094335 548188
10054113 849765
3472505 2213320
10094354 459985
10094361 1090531
10094420 333568
10094450 362517
9925374 403972
10094486 1653866
7199042 331847
10094529 587903
10094532 361945
1415194 1429709
10094598 739965
10094620 638756
10057771 211430
4306182 115490
5134501 1338002
10094677 572625
3313949 156094
10094722 461633
8103049 98034
10094783 1932971
10094811 194271
8149355 234356
10094848 29136
10094862 390358
8608584 381771
10094902 506452
10094905 479599
10094953 52001
10094963 618665
10094983 713917
10094988 721924
10094996 1358150
3737475 3064556
9977655 2339392
2128523 190850
10095056 2878093
10095085 58504
3666688 1308826
10095092 335391
10095104 598728
10095109 902539
1391048 478952
8809527 161076
10095125 296538
8399838 10677
10095148 83919
10095172 620374
6830795 853581
10095184 737776
10095202 26269
10095212 651076
7402298 65896
10095216 164539
10095224 1289972
10095256 619787
10095271 243934
10095286 211832
10083312 346485
10095301 358954
10095325 192250
10095347 516446
10084407 25134
3436896 579504
10095363 952720
10095369 6447
10095374 1072693
10067391 48179
1525258 99585
10095452 572648
3310673 422716
10095472 351868
10095491 196822
10095500 229787
10095542 3550144
2293221 215432
10095548 238188
10095577 636210
10095607 336474
8176418 95001
10095610 294673
10095617 428960
9972424 120908
10070439 392298
10095621 1224319
10095638 42383
10095644 142494
10095657 867083
3074537 320894
7799715 356784
10095687 1407560
10095693 394806
3550438 640262
10095733 1547159
10095763 362113
3078986 126991
10095790 878451
10095808 198543
3078654 613335
10086049 1785531
10095840 870743
10095843 924216
10095856 2025398
10095860 111138
10095873 99468
10095876 248315
10095900 1965545
10095905 1269906
10095929 93769
10095934 487947
10095958 629594
10095971 391684
10095974 53110
4216425 534869
10095977 1419676
10096007 336636
10096015 1347074
10096026 349145
10096051 607255
10096074 226595
10176529 811169
10177271 362323
1526711 1189365
10182634 100172
10182913 977562
1414343 706551
930876 312775
10387916 1777792
10396607 1167476
10671208 607980
10671499 1993670
3053896 393107
10698569 291830
10721316 135882
10767533 3355763
10794730 692751
10812310 1932299
10826612 701867
10831360 1671471
1414344 78118
2121746 474443
10932359 1174468
10964956 799798
4258303 1027370
11025015 505679
11048666 345114
3264255 3487670
11052100 1169568
11053182 554140
11055813 1857395
11066503 703181
11067944 321308
1292125 286277
1605466 52665
5007102 233015
11093616 218799
11105651 192374
11147619 3204
11160163 987691
9382527 878029
516761 688669
11194535 109100
10791907 1005372
1215587 489852
11256736 365524
11273102 1136355
11310246 850195
11323978 3150756
2793029 343822
10094462 174161
11329558 453999
11346011 212983
11371124 3120046
3640317 2084764
431896 121062
11402921 350479
11409564 356723
4815975 215012
2275123 366034
1949931 2480207
2208274 497904
2208274 821737
11471675 325468
726681 522083
5907886 3611111
11530705 99634
3310853 49534
11556784 913751
5088031 1300557
3009159 1801846
2944795 142684
11590135 2800230
253220 307239
3567578 384672
2399163 223921
11664542 212456
3290863 36767
191796 282591
3072333 341357
191797 142975
11753655 1043624
11779548 393562
3759460 842943
11817316 105232
11819209 1549369
7700283 1416339
10086201 909638
11847157 73419
11870368 681621
2919883 1314486
11897239 848306
11923105 607425
11938093 1488245
3672801 3327537
2134964 57676
11995974 1100809
11999196 1304273
1949932 1132146
2189324 856723
12222727 341743
2200704 288721
3830912 43218
12299093 2576263
12341565 395511
2845512 286985
10077979 984043
12405748 4342
2362561 347877
12475726 1718140
3390127 430989
12563312 3047637
10089848 291757
2845302 573703
12592495 376114
12595147 51641
12633251 92372
1584102 176499
2823363 1019594
12679788 101721
1192497 101383
2593309 73626
12701581 1842328
12704786 1141520
10094787 203469
12742922 240706
12751024 607174
12772445 883759
12776788 1356875
12802365 799806
3240042 991610
12922577 340291
13011955 279441
3562862 1457682
13059887 340058
13113696 572071
8376182 387630
13154589 1255249
13207640 221881
2448646 53235
13222215 233106
13224191 310730
2600936 65891
73354 265798
1285215 247392
470853 53912
10081743 41577
2879367 129066
8645934 218351
2320691 36765
2422640 36989
13481274 416660
13481806 534666
14280444 23656
2833269 97967
14435540 128662
8496662 112407
14640317 5048
7686121 1160830
1087410 608928
14781568 2862312
14783413 394571
14784607 1134470
9221302 639308
14785756 3922343
14787486 1143106
14787749 887118
14789925 292352
14793070 3170302
14793219 354879
2353417 697332
10047809 352243
3549608 721267
14799923 199773
3624951 810813
14802085 178648
14804844 1577364
14740342 1028130
1077862 170838
10089408 428088
14818242 54273
14821282 226493
14821500 699021
14823663 774010
14823782 320426
14831850 652172
3009005 1476624
14832616 3328976
14833207 218181
2815181 1646852
14838581 1188961
14839595 1501590
14852111 743616
14853675 68555
354102 335860
354102 5469
2385178 877088
14863247 500484
14868553 1434386
11350748 659105
2413309 52667
14879586 1922124
14879627 94448
162815 238003
15450638 1405
15474504 2154171
15477617 333037
536008 340477
15492355 788525
15492434 2039541
15518599 866131
4515205 442204
15615436 526498
7283508 609074
293894 124601
15903916 101985
23737197 1311256
23737298 557059
9836550 342528
23741070 493378
5502992 829091
23741836 3376128
8543022 657745
23753346 760150
6661623 962354
23754969 328729
23757551 871588
23758557 392961
23758793 218347
23760122 26573
3079185 333065
23765107 516836
5647846 325865
29041405 342104
1358752 47642
29045235 227444
29369274 888012
5010076 1742816
4158940 1756843
10092769 940729
29370561 1357974
3568514 316835
29369635 875779
29371584 1855105
29371663 951055
29371981 894644
29370332 346627
29372097 485027
7578371 204156
29372176 350418
29372363 1066337
29372412 1223064
29372695 328514
29927758 112008
30294759 1183049
30294772 270893
3929060 361082
10084440 192468
10055416 536794
30295471 214201
10088724 76283
30295738 132378
10063313 361578
10094852 322284
9048637 79062
30297299 37409
9838302 58289
3593934 105965
30315530 960097
30318077 715442
5134481 213157
30323162 100515
30323163 458448
905894 98990
1328546 867410
126409 41409
5028802 78774
8345434 93764
8903831 144659
10063788 82978
5134482 218110
2571596 63648
30396230 547414
30404128 98318
30749628 330019
30755768 144230
4776444 275721
15330084 1489902
30781076 232110
30782476 72968
30783529 377168
30786017 345202
30801287 148334
30801703 1345772
30884417 43804
31097327 481265
31139262 395848
31158137 1203231
1328639 85355
31128379 939247
5536619 92391
31835979 56614
31837006 42323
13941162 109953
2691540 107816
6924012 207413
32238605 95476
2839301 1607
32797565 87215
32995785 154625
32996010 345150
10080355 18477
10057610 1141534
33101766 615141
33101958 453109
14809400 353693
33102215 308150
33102625 681646
33102681 1877809
23751742 931172
29370266 107534
33103526 53744
8780352 1737589
33129275 962601
320006 89888
7818212 2952909
33252354 338312
33412791 327368
23749158 52722
4478084 1404
35041641 603787
35532183 2036082
35802677 64154
35824703 170839
36312999 112766
36327008 218350
36343589 109361
36354561 51072
36360984 146505
36365962 104318
36412930 115808
36425796 2765
28422233 50850
36485385 378683
5028805 608390
10066610 1569918
37203235 364999
31934344 306245
31934344 651921
31934344 222328
31934344 1094364
31934344 392147
31934344 512937
37246223 344754
37246223 677176
37246223 503901
37247951 107549
37247951 102349
37203236 257351
37248183 2300328
37248183 671781
33733934 2130364
37298044 263190
33810081 1336508
33733966 652076
33733481 420118
37298121 146870
33733870 1072841
33990941 1512408
33733939 53109
37298557 861050
33733859 357441
15939283 418041
37298565 487019
33841068 2268024
37340506 297361
33742020 1036051
33738259 2735126
37541187 74597
37541588 879288
37666276 325509
37666716 2344542
37667029 339199
8419394 391402
33758982 365873
6661583 115879
9899876 488309
39579007 483228
39635842 45423
40097760 352267
40127198 254645
40151792 2901952
40158849 586613
40618232 3580742
41195895 893862
41233646 349477
41488035 374496
41488036 94513
41488037 93116
41488038 267323
41488039 41541
41488040 339675
41488041 70616
41488042 128023
41488043 103540
41488044 253506
41488045 100865
41488046 669293
41488047 233355
41488047 53775
41488048 109557
41488049 65892
41488050 209913
41488051 119839
41488052 87760
41488053 659890
41488054 43032
41488055 99838
41488056 126763
41488058 216889
41488060 325747
41488061 221631
41488062 101649
41488063 72676
41488064 208978
41488065 51716
41488066 56740
41488068 219932
41488069 668626
41488070 309533
41488071 709491
41488072 391309
41488073 228736
41488074 45914
41488075 903815
41488076 917794
41488077 1775447
41488078 98437
41488079 276738
41488081 438545
41488082 1709034
41488083 215723
41488084 572486
41488085 759703
41488086 2289351
41488088 1239168
41488089 899021
41488090 515379
41488092 1634161
41488093 325289
41488094 1536178
41488096 186884
41488097 36007
41488098 135509
41488100 109096
41488101 10099
41488103 337956
41488104 698250
41488105 591105
41488106 331073
41488107 19423
41488109 228367
41488111 356019
41488112 218186
41488113 148935
