826165 178785
16377 54189
2078 21711
289501 807208
16259 60164
120075 288325
299402 110841
879857 16635
301320 54483
2127357 119440
120083 62427
388183 140022
4570247 79527
120088 179708
300520 413949
120089 218887
337378 98093
84077 102104
120092 385473
298 2142
4794830 675266
1591413 453999
120094 385570
4275863 643362
6219908 902169
806608 52832
806609 36248
120096 102722
824509 97506
536573 306022
120099 99330
3152789 2028031
826167 339068
2478551 308524
801755 981998
337404 1407
2451103 669493
1640046 361305
2547750 673857
6331365 594265
84080 17967
3114576 398155
4596699 915054
4597730 156164
3934534 810324
2482043 5748
536575 1402
84081 289157
387045 46756
4084663 342871
2081 21817
4635891 1641939
4554223 44231
345381 57299
2439027 362166
120558 345147
3448061 129480
120129 285621
1248337 76810
4761685 901051
120132 97849
4278329 47040
87960 299825
1462159 46551
120137 201950
6705015 412207
301129 157654
120139 388047
824571 98597
4676072 217868
120142 388205
84082 289222
6731183 329915
3152790 363240
4524589 505392
87997 150268
2480950 859803
6759146 263436
1610617 112083
84193 186701
3663248 2449536
6862120 22824
335978 147591
3321776 52045
2752 35361
3606619 155012
4707887 94643
6921613 42697
87999 130949
6963069 724179
6976444 26375
88000 43404
696616 213157
4715266 115879
997877 954070
5235376 123905
120529 106658
7052564 96708
323360 424751
826172 324930
120163 55338
4875165 962014
88001 139147
336138 660081
1687018 17120
7093766 98798
7093811 41757
4366138 396895
7106771 480576
4693501 884477
4547310 94291
807458 433119
3971750 302669
2656040 858116
87963 299986
362850 128474
1710999 1021138
4598861 343707
1298373 325607
7269327 16118
7360660 322613
1857095 291741
3962361 550642
289533 137452
3610477 47367
2459242 91515
4353982 78076
7432341 369947
7440693 207674
337383 98162
326597 42219
799627 848936
2459243 180683
7609779 596883
91884 312861
7637295 1731413
7650608 1981149
3273081 189037
2288382 49453
6377872 347380
104584 212656
4261376 102870
320741 867739
1687019 91103
3025359 1415672
1000554 53776
8134186 333607
3959853 1389159
4553169 537635
8236023 145801
4956434 51072
8366204 1340417
8366267 389770
8433995 208417
1636724 43218
8441006 111681
912507 140106
337408 121189
826156 152034
4434039 651806
826205 134679
8609303 215258
16318 83634
807459 69003
8648444 275721
2532661 1101824
8658696 344610
1701630 153674
326614 168952
807460 72676
826235 51648
7612253 5597
8735821 142277
8774634 157312
826834 365308
18802 51522
4954555 88091
926023 130129
968867 385817
826249 300763
1722848 67174
22686 123617
88003 82236
122602 18252
337385 118499
4556820 671785
9124501 392342
9173272 898654
9173298 97167
9174416 1758450
1701631 1765930
9199802 62168
9213842 3844995
9228417 365968
9253837 1191714
6610447 218486
1702471 331026
9327027 1973829
9581202 800707
1607447 12037
2899215 101898
500989 135079
4298908 159635
4474304 76048
286803 146125
3155152 223921
826866 121809
807434 363944
4434593 34875
801747 216942
9092761 38107
4434616 659588
16379 84112
949366 54014
88010 19587
88011 107608
287745 342244
3900515 85001
84085 289323
807448 80303
3286871 394368
827040 96241
807463 55627
3184425 648520
3945722 226593
3136155 672742
337391 39291
3248268 1077576
6101262 314344
219453 445147
979345 224122
806284 999169
826813 17123
3103684 104678
1189593 59525
4508913 162976
88013 302126
826209 150245
1640432 157454
7057703 664779
4912447 358954
1808177 5160
2457903 1760276
6677909 1404
3469474 134123
979425 54269
4536800 668477
9890790 225048
1640434 104404
1189594 54526
1640047 285563
902912 107296
389209 335860
286812 83931
6002293 227537
807464 42322
9901034 5545
331521 149474
1606868 110845
807450 142276
2281557 218436
1608951 65014
2088 22169
9913958 552785
807439 80893
84159 54827
337411 669492
6862123 241627
2460974 2440270
826938 678133
826939 104743
9927027 220351
8458014 595927
4610224 301151
1610631 65891
289466 312624
803473 1007963
807465 135706
9963241 95193
9963631 54865
4681396 96570
3155531 361304
10303622 681383
10327672 131099
10340643 248487
4645104 349478
10347597 21101
326625 663913
807440 22144
4628234 43408
4689134 217098
10684776 38601
10705171 176500
10716870 278515
10726259 392813
10727113 393910
10732486 2495884
10734822 525618
10756226 603787
10789522 99329
7027158 218184
10798970 247642
10806616 337485
10815586 10348
10832037 468523
2481738 201582
10847329 112306
10869998 63457
10897871 52724
10897876 215318
10939648 21573
4959517 50959
10962942 222998
10966975 181694
10992856 94106
2898479 215184
8812502 424827
11119549 498756
4756311 1028130
11226624 881533
11230530 41178
2566915 224513
11249421 70132
11258572 2212769
11264386 376072
2566942 109743
5178276 145677
11352165 267547
11367105 251760
337413 37672
11413159 3117261
2332220 350302
11434176 29136
11457241 1621713
11493279 225805
11542936 361082
11644335 343573
4651888 28899
11731133 2773962
826210 327390
826238 43218
4538220 64173
826212 16994
2157371 148971
6331368 344719
11778889 747182
3539287 228939
826190 53602
11833230 236895
1638831 53242
3900524 80515
1701594 436624
11853881 237960
826818 51429
11854892 947411
11856754 37582
11856844 54618
11865346 391402
337394 207245
4652691 916073
9899662 1628
11886845 1425704
12015557 221631
12097209 445994
2481347 218719
12101738 226746
12122529 549879
12163707 124902
12196407 98856
12205493 884099
12240329 362463
12241041 334563
12282279 95546
12282293 857460
12358189 344181
1607458 100270
120219 145107
826942 436243
802279 153672
3610838 163884
2657289 188375
799740 5469
1690869 2330030
12817283 2203792
2481521 108201
1416564 1758703
12840065 249930
12840077 201484
7027148 539310
2482640 251924
4463746 316556
3935276 57676
12887577 223243
12889501 737776
3679112 131449
12903976 2041554
9899654 3600090
13027003 53045
13072033 352730
13082344 2308898
12321292 3523667
1720689 1563816
13146012 1418874
2950034 270658
3137279 1690784
2157376 344565
826943 37053
826832 65703
13234391 1506443
807443 63515
807444 266458
4435687 1885581
4138188 299760
825846 208330
1593929 41925
88024 91464
385163 95154
4631166 1773032
9887999 521136
1591661 96823
13384758 98664
88025 302501
302311 827081
807455 98720
13459858 911561
3135957 1105365
4971241 460650
826241 54186
675532 121324
10824400 252943
4535253 215407
3539289 96888
826883 300384
13418876 218418
2731481 72602
4666037 130413
807457 51187
9890712 149714
4570433 188743
13467895 170776
2457080 96041
2506840 46436
326611 46681
6176293 203259
3627764 52916
13471814 189374
6628250 217375
1808182 330818
14205463 1096074
14222286 50956
14241171 2124379
14249986 741048
14267403 160078
3229701 2249309
14332678 768561
4958765 224732
13334849 612424
14406120 141979
7624352 419590
14411783 1038875
14416415 124729
14427653 78379
14435965 343986
14441468 650980
14472153 500374
14484348 1490115
14492168 276393
7632882 812965
14494300 358068
14495282 604127
3229821 212530
14495303 50516
14496679 1648541
14499812 79987
14503774 201295
3248277 95717
14504794 652252
14504803 1089237
14504810 345957
14504816 432714
14504878 2052
14505546 922566
14507257 401794
14517375 103162
10806620 912792
14528134 983515
14530149 339348
4980167 1320104
14536179 297622
14539586 50632
14543781 543282
14543786 2290948
14543801 623550
14543826 268636
14559141 1042785
14571564 322106
10734825 357763
14581724 1737477
14583906 230461
14588069 340191
14592150 807121
14595503 1166706
14604235 173213
14612741 147724
14614916 100866
14635060 674898
14635227 216026
14639668 490894
14644187 191088
14645520 342009
6787977 652417
14697524 346815
14730379 325408
14733867 288721
14743828 659557
14746303 293695
4619837 792349
1606287 1083419
15391463 186884
15392578 1611838
15392776 36838
15400207 296843
12317121 41133
14935399 98511
15409509 248315
15412713 1931317
15419111 105186
3156588 342104
15425046 37581
15428298 179329
13421662 939135
14271342 219723
15478347 293528
15485238 1512957
10655474 60920
15497490 822481
15498949 1339324
15503858 326270
15520689 322140
15533767 950566
15534291 665963
826355 276324
15542706 256121
15542712 376075
15542731 35358
15543142 995703
15543307 867410
15543311 50517
15543321 222629
15543383 35682
15543401 118269
15543499 5394
15544167 364582
15544307 64904
15550984 407821
15554813 346666
15558922 478401
15568376 667565
15574048 277709
15584308 289288
4433390 99773
21618244 1618706
21621243 48891
21625918 199936
21627247 305515
21630222 115157
21631839 193974
21634824 306142
21642531 693124
9487323 55177
21645451 498757
21648001 343396
21648479 104830
21648919 323816
21655159 472352
21657432 231777
21658917 2276244
21661561 602274
21666442 507794
21666640 1193911
1637789 361166
21670068 502287
21674038 332285
21675362 92825
21677502 75956
21677523 3270964
21684669 109822
21690551 101824
21692587 527714
21697217 126762
21697273 376227
21697513 1022657
21697566 96046
21700941 343181
21701595 1673563
21704575 312675
2157349 226965
21713003 336503
21715233 1239094
21719333 3008412
21722385 579095
21723613 1596005
21726024 859621
21730225 669293
21730477 22485
21730850 136773
21732300 177574
21732933 382490
21733871 116951
21741125 1720394
21741498 441876
21742346 1629
21745090 218795
21745813 213505
21746565 418104
21748456 2329211
21753952 501343
21754436 169268
21756644 285750
21757856 103541
21757961 368333
1733523 41409
21764192 1087472
21764794 606623
21766700 318509
3959858 1311332
14910510 104469
21770020 161796
4536195 316768
21781594 219984
21783547 413231
21785596 1001107
21791773 407382
21794192 681690
21795226 142165
21795866 142424
21796693 312630
21797302 623293
21801774 349774
21807578 308663
4956447 561986
21810659 43099
21810816 3152627
3034105 675594
21813731 3309816
21814010 220815
10734827 602409
21816124 674552
21819122 1345277
21820191 306425
21820249 109953
21820520 3010233
21822024 495491
21823460 272199
1778316 101598
21825122 1009967
4475992 745065
21826099 1551319
21829091 1148045
21830790 358953
21832960 744938
21834895 146505
21837416 841674
21837939 51360
21839846 456341
21842157 825414
21842573 2693687
21848168 1785220
21850935 52105
21852223 901098
21852285 158461
21852301 343987
21852849 918419
21856803 248730
21857623 1455341
21858291 207298
21859105 333570
3628385 222178
21863342 626250
21866085 96710
21866795 337730
21868453 275621
21868639 52400
21869254 132287
21869515 858787
21874159 99117
21876075 403794
3156353 19418
21879233 2114155
21882408 662160
21885228 340676
21889779 153107
14504849 323991
21893592 308643
21895318 362321
21896604 249886
21898692 275230
21899691 789113
21901897 729184
21903181 53079
21907204 455041
21907213 884143
14504852 98038
21910789 346741
21911262 22144
21912292 21879
21915504 678929
21918147 1073671
21918338 1451437
21918851 660451
21919720 322839
21922312 95249
21925530 52283
21925642 2513856
21926131 72776
21928178 205717
21930651 688071
21931707 165506
21932832 100867
15011189 161357
3627002 2383276
21940805 36537
21941466 830655
21941878 1625
21942040 874156
21942097 95893
21658414 445273
21945086 170566
21950395 39812
21954708 162539
21959408 340672
21961038 50851
21961234 476784
21962585 551902
22065225 131166
22250196 328585
28383080 875751
22226408 328980
28687414 637624
28732050 77366
3156429 1954392
5821184 417344
21658416 2019756
21658418 51588
14249990 277964
10832041 326970
28798344 160371
30358508 36218
30756867 105965
28846286 1304831
31070884 893059
31074213 194095
31075311 1920303
31085587 431145
31167743 95716
31168764 24311
32624035 387077
32642069 856699
32961473 55342
32961945 1405733
32962522 48775
3679093 131816
32967059 515193
32967425 1708117
32970861 1222488
32970870 99466
32970876 736687
32972491 219828
7027170 142277
31959724 333747
32976500 100476
32980746 4409
32981410 397390
21912294 109361
32981649 352201
32986562 360113
32988370 135339
32988382 338717
32990671 78186
2594912 1852878
3137818 205992
33657082 349982
22082296 2143490
22277046 101006
22284257 249892
33664103 323373
33664104 549880
21678583 200961
33664109 301018
33664116 934707
33664111 94295
33664123 553440
33664129 221648
33664131 131519
33664137 674154
28845966 220670
33664515 98380
33664521 1754072
33665669 123298
33666645 70720
3156430 279574
33668441 856476
33668564 336869
33668701 499902
33669503 295570
33669489 1750010
33669546 333384
33668955 297123
33669863 325244
33669875 318508
33669917 56555
33669925 963750
33669952 162732
33669830 338367
33669647 101381
33669963 701563
32179815 344566
33669485 444125
33670036 321836
33670039 193147
33670053 1740228
33667129 325281
33667124 159720
22256357 454373
33670571 499885
33671805 1708241
33674693 673360
33675912 1333099
33665663 827819
33683883 1007146
33719627 1260018
33776393 17124
33782526 806727
33812637 1853363
33831884 1717241
33833013 387488
33864416 191871
33866550 401336
33866866 226497
33868215 935608
33950122 582470
33950125 394570
33950128 313177
28968356 330444
33950199 393089
33950228 669371
33950242 383367
33950249 45649
33950252 616661
33950254 5462
33950258 319682
33950174 221879
31172146 336721
33956850 952930
33669510 1038324
33957861 97970
33958012 633886
33959047 401454
33669501 94802
33998289 152529
33998293 1552965
33998296 906638
33998306 70879
33998420 1308826
33998900 1510788
33998901 208721
34005233 157654
33112038 503058
34005466 4883849
34006599 549242
34006701 46219
34006821 551012
34006886 218532
34006905 163368
34006919 190194
34006920 832043
34006924 939215
34007034 265056
34007939 376286
34009831 201583
34009833 1309790
34009835 18455
34009838 207621
34009864 316966
34009883 945564
34009902 313499
34009904 500045
34009906 774628
34014620 666491
34015586 2246182
34015588 1597128
28846207 318540
34028800 180223
33956858 1016054
34032810 642752
34032848 367612
34047782 495083
34079392 624318
34079958 1307493
34080082 1715116
34080097 824522
33670027 65645
34652063 640069
33614712 2536518
34856472 190510
34857031 827448
34857035 236344
34976274 343433
34989327 362961
34989334 512556
32069372 25250
34989382 759697
34028035 312776
34989385 333751
34989397 867560
33669515 271450
34989435 764377
34989441 221026
34989465 102675
34989491 582016
34989494 142724
34989502 54769
33950135 324236
34989531 325404
34989536 312671
34989577 78118
34989581 478767
34989592 411691
34989617 216388
34989624 825490
34989646 1118761
34989661 462548
34989666 126373
34989678 2554515
34989704 979702
34989714 1236072
34989734 229283
34989770 246536
34989776 143626
34989778 386067
34989795 50507
34989804 329680
34989822 1672998
34989853 325866
34989864 1685883
34989915 1570854
34989989 294494
34990000 122926
34990011 691498
34990103 129672
34990157 291739
34990258 1975308
34990369 443337
34990433 1431875
3627804 43323
34990508 1257271
3156124 2161084
2481362 1402242
34055731 689453
34991295 1583616
34991303 96439
34991398 346920
34991448 2644715
34991482 2145379
34991570 160655
22194536 2573471
34991629 65900
34991648 301954
34991656 931864
34991667 921888
34991676 109460
34991688 4144
34991690 2356490
34991693 669334
34991717 1544575
34991727 37454
10897880 343327
34991760 1155082
34991761 908224
33669476 659233
34991781 83737
34991838 412164
34991856 324238
33675941 1735858
21877616 362960
34991867 312669
34991889 218681
34991904 378639
34991906 732718
34991922 378673
34991934 1756098
11230537 1594227
34991940 252908
34991972 312631
30609646 101167
34991990 308684
34991996 4235415
34992019 119348
34992031 382663
34992058 251763
34992063 2478099
34992065 99585
34992083 844222
34992095 483936
34992103 665770
34992108 60368
34992122 1011628
34992147 586535
34992157 190413
30693700 65894
34992160 2087615
34992164 316482
33667118 365608
34992208 606769
34992220 228395
34992227 997514
34992230 999428
34992245 95197
34992255 1401190
33669726 3444188
34992278 287139
34992287 1578154
34992290 92826
34992321 249794
34992329 264889
34992350 1208062
4960162 513057
34992355 987356
34992378 288911
4959544 196363
14563471 290915
34992427 1864152
15542717 829997
34992438 322674
34992447 110045
3156125 219106
34992459 470029
34992471 396558
34992494 102808
28972585 108682
34992503 321641
34992512 326334
34089752 237811
34992514 415691
33667813 111529
34992521 308646
34992541 40152
34992547 3008650
34992564 862267
34992577 1498786
34992623 300385
34992632 38852
34992656 2320558
34992666 1389190
21723897 345853
34992691 1828844
34992694 58968
34992707 951517
34992710 347343
34992716 1325432
34992719 159311
34992724 367549
34992744 220225
34992746 1287703
4954615 309048
34992796 397001
7027189 390358
34992826 118064
34992828 194271
34992840 164008
34992867 1591886
34992869 923662
34992931 805046
28735991 365696
34992945 372556
33669975 111157
34992949 90392
34005889 931498
34992996 2268166
34993000 3179158
11337747 123342
34993007 342138
34993036 205523
34993105 70843
30624860 191143
34993127 90718
34993134 49841
34993152 94690
34028779 340764
34993161 629623
34993188 98896
34993191 660211
34993199 1000070
34993202 313190
34993265 471248
34993346 80044
30699402 95332
21915506 60369
34991100 84824
34993457 594789
31986857 56238
4954561 293085
33669636 173144
22129993 56882
22266017 334039
33669843 92266
22211494 1235663
33712969 282591
34049735 248812
34002476 1198064
22231991 95844
22181812 390788
36685658 361081
34002473 527171
36096482 365907
36685684 972062
34009889 223417
36685690 123300
36739853 713211
30679858 221883
30612757 711672
37709846 454950
33664094 605172
37864689 56113
34009333 49225
33669505 1022859
33669912 605044
33669833 496883
33669468 217720
33666067 1130182
33669533 308708
33668949 1032756
34032825 779264
38052059 457765
38052959 236667
15543325 3938200
15543329 105833
10356983 910671
41177975 1510765
33868191 102424
41690040 2150037
34991460 862116
44227979 170470
36538997 544286
44958348 994871
44958409 1224007
44958537 1128974
44958603 58138
44958658 1810343
44958764 433865
44958864 173390
44958877 3632847
44958964 323170
44959089 907083
44959276 175184
44959337 339144
45248019 782949
45255542 164479
31872386 384363
45260716 511952
45271885 1704095
45276585 213281
45277895 324929
45292428 1549230
45300890 1634004
45885339 289052
45885340 139801
45885342 394803
45885343 56515
45885345 339518
45885347 353424
45885348 51595
45885349 1011018
45885351 380152
1637886 731514
45885353 396453
45885354 668525
45885355 85355
45885356 164248
45885358 180451
45885360 1694619
45885362 602596
45885364 791981
45885366 126763
45885368 434708
45885369 828528
45885370 256261
45885372 2414889
45885373 56166
45885375 214022
45885376 1402027
45885378 335430
45885379 577316
45885380 1004678
45885381 1147859
45885382 664782
45885384 329221
45885385 293444
45885386 301227
45885387 2128828
45885389 1770578
45885390 102744
45885391 494356
45885392 94164
45885394 318824
45885395 210914
45885396 96283
45885398 203358
45885399 697261
45885401 328834
45885403 101650
45885407 359539
45885408 1118993
45885409 327751
45885410 202358
45885411 201912
45885412 107878
45885414 628554
45885416 393562
45885417 1105260
45885418 2220104
45885419 995954
45885420 825897
45885421 99038
34006617 213168
45885422 314364
45885424 358701
45885425 408278
45885427 765060
45885429 910208
45885431 152827
45885433 19586
45885434 1194093
45885435 54973
45885436 243780
45885438 965752
45885439 1041575
45885441 922590
45885442 593854
45885443 526738
45885446 158897
45885447 67339
45885448 53430
45885450 389626
45885452 144080
45885454 364104
45885455 920842
45885456 633324
45885457 98441
45885459 739595
45885461 904121
45885462 3439899
45885464 1936896
45885465 2214138
45885466 1590581
45885468 923802
45885470 401353
45885472 131887
45885474 22871
45885475 205334
45885477 30022
45885479 2633703
45885481 53645
45885483 150640
45885484 299764
45885486 122986
45885488 324638
45885490 220314
45885492 5084
28798064 640782
45885494 202410
45885495 37054
45885496 597888
45885497 225055
34009878 234631
33789069 393973
45885498 412762
45885500 224735
45885501 109462
45885502 95670
45885504 312323
45885506 344396
45885507 1417500
45885509 892372
45885511 1376934
45885513 107977
45885514 113271
45885515 308150
45885516 1041231
45885518 912427
45885520 641379
32071198 228462
45885521 397230
32106405 343275
45885522 924517
45885523 890867
45885524 328939
