1323100 2193767
10036153 10036156
10036158 10036163
10036158 10036164
10036168 10036170
10036171 10036174
10036177 10036179
10036180 10036182
10036184 10036187
2163218 2904431
10036190 10036192
10036194 10036196
10036198 10036200
10036201 10036203
10036204 10036206
3441716 3817501
10036208 10036212
10036216 10036218
10036220 10036222
10036224 10036227
10036230 10036232
10036234 10036237
10036239 10036242
10036248 10036250
10036252 10036257
10036269 10036272
10036275 10036280
10036295 10036299
10036303 10036306
10036310 10036316
10036337 10036340
6846965 6847139
10036342 10036347
10036353 10036356
10036359 10036362
10036365 3686783
10036368 10036370
10036372 10036375
10036378 10036380
10036382 10036384
10036386 10036384
10036389 10036392
10036395 10036400
10036407 10036410
10036374 10036377
10036413 10036416
10036420 10036423
10036426 10036428
10036429 10036432
10036435 10036439
10036448 10036451
8672292 8672312
10036453 10036456
10036458 10036460
6781860 6781863
10036462 10036466
10036469 10036472
10036474 10036476
8148082 8148102
7671918 7671929
10036478 10036481
10036483 10036488
10036495 10036498
10036502 10036509
10036522 10036525
10036528 10036530
10036533 10036535
10036537 10036540
10036542 10036548
10036555 10036557
5935452 5935460
2308625 3018849
10036559 10036568
10036559 10036569
10036578 10036582
10036594 10036599
2308626 3018858
10036604 10036607
10036610 10036614
10036622 10036626
2537683 3193745
10036631 10036633
2391508 3084587
10036634 10036639
10036651 10036654
4157676 4289655
10036657 10036659
10036660 10036664
10036668 10036670
10036672 10036674
10036679 10036683
10036691 10036696
10036702 10036696
10036708 10036711
10036708 10036712
10036713 10036715
10036717 10036720
10036723 10036725
1282380 2159801
10036727 10036729
10036732 10036734
10036735 10036742
10036760 10036763
10036766 10036770
6689465 6689484
10036777 10036781
10036784 10036786
7217219 7217274
10036787 10036790
10036793 10036795
10036796 10036803
10036809 10036813
4937664 4937676
10036818 10036821
10036824 10036826
10036828 10036834
10036852 10036854
10036856 10036858
10036859 10036862
10036865 10036869
10036884 10036887
10036890 10036894
10036898 10036905
10036914 10036918
10036922 10036924
10036925 10036927
10036928 10036932
10036928 10036933
10036936 10036938
4480087 4512977
10036940 10036945
10036949 10036951
10036956 10036958
10036960 10036962
10036964 10036969
10036974 10036976
10036977 10036979
5210470 5210490
10036981 10036985
10036990 10036992
10036993 10036997
10036993 10036998
10037001 10037004
10037007 10037012
10037028 10037031
10037035 10037039
10037042 10037045
10037048 10037051
10037053 10037055
10037056 10037058
3083757 3572089
10037059 10037062
10037065 10037070
6887090 6887104
10037077 10037083
10037077 10037084
4106244 4255208
10037096 10037099
10037102 10037104
10037106 10037108
10037109 10037113
10037122 10037126
10037134 10037138
10037142 10037149
10037158 10037165
10037181 10037184
10037187 10037191
10037201 10037204
10037207 10037211
10037215 10037217
10037218 10037220
10037221 10037224
10037227 10037230
10037235 10037239
10037242 10037246
10037261 10037265
10037273 10037278
10037284 10037287
10037290 10037292
7537317 7537338
10037294 10037299
10037307 10037309
2308627 3018867
10037310 10037314
10037320 10037323
10037326 10037329
10037331 10037335
10037342 10037346
10037350 10037356
10037369 10037371
10037372 10037371
10037374 10037376
10037378 10037380
5377550 5377569
10037382 10037384
10037386 10037388
10037389 10037391
10037392 10037395
10037397 10037401
10037407 10037410
10037413 10037416
10037418 10037422
3966938 4160616
10037430 10037436
3510370 3864834
10037447 10037449
10037451 10037454
10037458 10037460
10037462 10037465
10037468 10037470
10037471 10037473
10037475 10037479
10037485 10037493
10037501 10037504
10037507 10037509
10037510 7916980
10037510 10037515
10037522 10037525
10037528 10037530
10037531 10037534
10037549 10037552
10037556 10037559
10037562 10037566
10037571 10037576
10037585 10037590
10037601 10037603
10037605 10037608
10037616 10037618
10037622 10037629
10037640 10037645
10037658 10037661
10037683 10037687
10037692 10037695
10037698 10037701
10037704 10037707
10037709 10037717
10037709 10037718
10037709 10037719
10037709 10037720
10037739 5241553
10037748 10037753
10037748 10037754
10037760 10037762
7598953 7598965
10037768 10037770
10037772 10037775
10037778 10037783
10037788 10037791
10037793 10037795
10037796 10037799
10037802 10037804
10037805 10037808
10037811 10037815
10037818 10037821
10037824 10037828
10037831 10037836
10037843 10037846
4287574 4373365
1578136 2437090
10037849 10037852
10037855 10037859
10037864 10037868
1715105 2545117
10037874 10037876
10037878 10037882
10037888 10037890
10037892 10037894
111325 360510
10037897 10037899
10037900 10037902
10037904 10037906
5739622 5739634
10037909 10037911
6606677 6606690
10037913 10037915
10037917 10037919
10037921 10037924
10037927 10037929
10037934 10037937
10037940 10037942
10037944 10037948
10037952 10037954
10037956 10037958
10037959 10037961
10037962 10037965
10037967 10037969
10037970 10037972
10037974 10037978
10037984 10037987
10037990 10037993
10037996 10038000
10038006 10038009
10038012 10038014
10038015 10038017
10038018 10038023
10038029 10038032
10038035 10038038
10038041 10038045
10038051 10038054
10038057 10038060
10038062 10038065
10038067 10038069
10038071 10038074
10038077 10038079
10038081 10038083
10038084 10038087
10038089 10038092
10038094 10038096
10038097 10038099
10038100 10038106
10038118 10038121
4168 41516
10038124 10038128
10038160 10038162
10038164 10038168
10038183 10038186
10038188 10038191
10038193 10038196
2308628 3018879
9894617 9894624
10038199 10038201
10038202 10038205
10038207 10038211
10038207 10038212
10038216 10038220
10038227 10038230
10038232 10038235
10038239 10038241
10038242 10038245
10038247 10038250
10038253 10038255
10038257 10038260
10038263 10038266
10038268 10038270
10038272 10038274
10038276 10038278
10038279 10038282
10038285 10038289
10038293 10038296
10038299 10038301
10038303 10038306
562507 1282350
10038309 10038312
10038316 10038319
10038322 10038325
10038328 10038332
10038341 10038344
10038349 10038351
10038353 10038360
10038368 10038370
10038372 10038376
10038381 10038385
10038391 10038393
10038394 10038396
10038398 10038402
10038408 10038411
10038413 10038416
10038419 10038422
10038425 10038429
5122745 5122767
10038435 10038437
10038438 10038441
10038443 10038446
10038450 10038453
10038456 10038459
10038462 10038466
10038462 10038467
10038470 10038473
10038478 10038480
10038481 10038485
10038490 10038493
10038496 10038499
10038502 10038508
10038516 10038523
10038516 10038524
10038543 10038548
10038553 10038557
10038562 10038566
10038575 10038577
10038579 10038583
10038588 10038590
10038591 10038594
10038597 10038600
10038603 10038605
10038607 10038610
10038614 10038616
10038617 10038623
10038629 10038632
10038635 10038640
10038635 10038641
10038647 10038650
927116 1734242
5201729 5201752
10038655 10038657
10038659 10038662
10038665 10038667
10038669 10038672
10038674 10038679
10038685 10038688
10038692 10038696
10038700 10038704
10038710 10038713
10038716 10038719
10038722 10038727
10038731 10038733
10038735 10038737
10038739 10038743
10038747 10038750
10038753 10038756
10038759 10038763
10038769 10038771
10038772 10038775
10038778 10038780
10038781 10038783
10038785 10038787
10038789 10038791
10037160 10037171
10038792 10038796
6440278 6440284
3835703 4076636
10038803 10038806
10037189 10037196
10038809 10038812
10038814 10038817
10038820 10038822
10038824 10038831
10038839 10038844
10038848 10038851
10038853 10038860
10038853 10038861
10038853 10038862
10038874 10038878
10038884 10038887
10038890 10038892
10038893 10038896
10038898 10038900
10038901 10038904
2308629 3018889
10038908 10038913
10038919 10038922
10038924 10038928
10038933 10038937
10038942 10038944
10038946 10038951
10038960 10038965
10038977 10038980
10038982 10038989
10038982 10038990
3051431 3550371
10039000 10039002
10039004 10039006
10039007 10039011
10039015 10039018
10039020 10039022
10039024 10039027
10039029 10039032
10039035 10039038
10039041 10039043
10039045 10039048
10039055 10039060
10039069 10039072
10039075 10039079
10039084 10039088
8493569 8493608
2308630 3018896
10039093 10039097
10039101 10039103
10039104 10039107
2390164 3082944
7467804 7467812
10039110 10039113
10039116 10039122
10039130 10039133
10039135 10039139
10039146 10039149
10039152 10039157
10039172 10039174
10039175 10039178
10039181 10039186
10039195 86984
10039201 10039204
10039207 10039212
337684 927000
10039222 10039225
10039227 10039229
10039231 10039233
10039235 10039240
10039250 10039253
295348 816800
10039255 10039259
10039264 10039267
10039270 10039273
10039276 10039279
10039285 10039292
10039299 10039302
10039305 10039310
10039315 10039318
10039320 10039324
10039329 10039331
10039333 10039338
10039344 10039347
10039350 10039352
10039354 10039359
5786621 5786640
10039367 10039369
10039370 10039373
10039375 10039379
10039401 10039406
10039413 10039415
10039417 10039420
10039423 10039425
10039427 10039429
10039430 10039433
5768120 5768146
10039437 10039440
8872929 8872942
10039446 10039448
5458410 5458444
10039450 10039454
10039459 10039464
10039473 10039475
10039479 10039483
10039489 10039492
10039495 10039498
10039501 10039503
10039504 10039510
10039504 10039511
10039504 10039512
10039516 10039520
10039524 10039530
10039524 10039531
10039539 10039542
10039548 10039552
10039576 10039578
10039579 10039582
10039585 10039593
10039585 10039594
10039601 10039603
10039605 10039609
10039617 10039621
10039626 10039629
10039632 10039636
10039641 10039644
10039647 10039649
1531843 2390218
10039650 10039653
10039659 10039666
10039678 10039681
5763689 5763725
10039685 10039688
10039692 10039695
10039699 10039703
10039706 10039709
10039712 10039715
10039719 10039722
10039725 10039730
10039738 10039740
10039741 10039744
10039746 10039750
6083160 6083173
10039755 10039758
10039761 10039764
7983309 7983318
10039767 10039771
10039787 10039790
10039797 10039801
3198564 3657654
10039807 10039811
10039815 10039818
10039817 10039822
10039828 10039832
10039839 10039841
10039843 10039846
10039849 10039851
10039853 10039856
10039859 10039861
1909174 2687314
10039863 10039866
10039869 10039871
10039873 10039876
10039880 10039883
10039886 10039889
807675 1609251
10039891 10039894
10039897 10039900
10039903 10039907
10039917 10039920
10039923 10039926
10039929 10039933
10039943 10039948
10039955 10039958
10039961 10039965
10039971 10039974
10039976 10039979
10039982 10039984
10039986 10039988
10039990 10039993
10039995 10040000
10040015 10040019
10040024 10040027
10040030 10040035
10040055 10040058
10040061 10040066
10040061 10040067
337685 927023
10040073 10040075
10040076 10040081
10040076 10040082
10040089 10040094
10040100 10040103
10040112 10040115
5472126 5472148
10040118 10040121
10040125 10040127
10040132 10040136
10040141 10040144
10040150 10040154
10040161 10040169
10040199 10040203
10040208 10040211
10040214 10040217
10040221 10040226
10040237 10040240
10040244 10040249
10040261 10040265
10040269 10040272
10040275 10040278
10040281 10040284
4906370 4906397
10040286 10040288
10040289 10040292
10040295 10040298
10040301 10040306
10040311 10040313
10040314 10040317
10040320 10040323
10040326 10040328
10040330 10040335
10040345 10040348
10040351 10040354
10040357 10040364
10040375 10040378
10040380 10040383
10040386 10040388
10040390 10040392
10040393 10040397
10040402 10040405
10040407 10040409
10040410 10040413
10040410 10040414
10040415 10040418
10040420 10040425
10040432 10040438
10040432 10040439
10040446 10040449
10040453 10040455
10040457 10040460
10040462 10040465
10040468 10040476
10040506 10040512
10040520 10040527
10040520 10040528
9508871 9508888
10040537 10040541
10040546 10040548
10040551 10040554
10040559 10040563
10040570 10040577
10040597 10040599
10040600 10040602
10040603 10040606
10040608 10040614
4572898 4586830
10040621 10040624
10040629 10040633
10040638 10040643
10040650 10040652
10040654 10040659
10040667 10040670
10040675 10040682
10040688 10040691
10040693 10040698
2549824 3198573
2549824 3198574
2549824 3198575
10040703 10040705
266595 766451
10040707 10040711
10040715 10040719
10040715 10040720
10040724 10040727
10040730 10040733
10040737 10040740
10040743 10040745
10040747 10040749
10040750 10040753
10040757 10040759
10040760 10040763
10040770 10040773
5005249 5005258
10040777 10040779
10040781 10040784
10040787 10040790
3970304 4162791
10040793 10040795
10040796 10040800
10040807 10040809
10040812 10040815
10040817 10040821
10040825 10040829
10040925 10040927
10040929 10040932
10040934 10040937
10040940 10040943
10040946 10040948
10040953 10040956
10040958 10040961
12052 73807
10040965 10040969
10040976 10040979
10040993 10040997
10041001 10041003
216234 656380
10041005 10041009
10041012 10041014
10041015 10041018
10041021 10041024
10041026 10041029
10041032 10041037
10041049 10041051
10041052 10041055
10041058 10041061
10041064 10041067
10041070 10041073
10041076 10041079
10041082 10041084
10041086 10041088
10041090 10041092
10041093 10041097
10041102 10041104
10041105 10041108
10041111 10041114
10041123 10041126
10041129 10041131
10041133 10041136
10041139 10041144
10041152 10041155
10041158 10041163
10041169 10041174
5988402 5988430
10041186 10041189
10041194 10041200
10041211 10041214
10041216 10041220
10041227 10041230
10041233 10041236
10041240 10041242
10041244 10041246
10041248 10041250
10041252 10041254
10041256 10041260
5353643 5353708
10041265 10041268
10041271 10041277
10041284 10041286
10041288 10041290
3688779 3983790
10041292 10041294
10041295 10041298
10041300 10041304
10041310 10041312
10041313 10041317
10041322 10041324
10041325 10041330
10041338 10041340
10041342 10041345
10041348 10041353
10041363 10041367
10041374 10041381
10041390 10041392
10041394 10041397
10041401 10041404
10041407 10041410
10041413 10041415
337686 927036
10041417 10041420
10041423 10041426
10041429 10041431
10041433 10041435
10041437 10041440
10041443 10041445
10041446 10041451
10041458 10041461
10041464 10041467
10041471 10041474
10041476 10041478
10041480 10041483
10041487 10041490
10041493 10041495
10041496 10041498
10041500 10041506
10041517 10041520
10041522 10041525
10041531 10041533
10041535 10041540
10041546 10041548
10041550 10041554
3908312 4122131
10041560 10041566
10041572 10041577
10041585 10041588
10041590 10041593
10041596 10041598
10041600 10041603
10041607 10041613
10041607 10041614
10041620 10041625
10041633 10041638
10041633 10041639
10041633 10041640
2452589 3132013
4940719 4940729
10041672 10041675
10041677 10041680
10041683 10041688
10041683 10041689
10041694 10041697
10041700 10041703
10041707 10041712
10041707 10041713
10041717 10041720
6579176 6579199
10041722 10041725
10041728 10041732
10041735 10041739
10041744 10041751
10041744 10041752
10041766 10041768
10041770 10041772
10041774 10041776
10041777 10041785
10041777 10041786
10041794 10041798
10041807 10041809
10041811 10041814
10041817 10041820
10041823 10041827
10041832 10041837
10041844 10041849
10041854 10041856
10041858 10041860
10041862 10041864
10041865 10041869
5270724 5270774
10041878 10041881
6887091 6887117
10041891 10041895
10041899 10041901
8127958 8127970
10041903 10041906
10041908 10041910
10041915 10041917
3663713 3966719
10041918 10041923
10041930 10041932
10041933 10041936
10041939 10041943
10041956 10041958
10041959 10041961
10041962 10041965
10041968 10041970
10041971 10041974
10041977 10041979
10041980 10041983
10041986 10041988
7747643 7747649
10041990 10041993
10041995 10041997
10041999 10042002
10042005 10042012
10042023 10042027
10042032 10042037
10042051 10042053
7258992 7259000
10042054 10042056
10042057 10042060
10042073 10042077
4168813 4296756
10042081 10042083
5313678 5313700
10042085 10042087
10042089 10042091
10042093 10042097
10042104 10042107
10042109 10042114
10042109 10042115
10042127 10042130
10042133 10042135
10042137 10042139
10042142 10042145
10042148 10042150
10042152 10042154
10042156 10042158
10042160 10042163
10042165 10042167
10042169 10042172
10042175 10042179
10042182 10042186
10042196 10042198
10042111 10042123
10042111 10042124
10042200 10042203
10042206 10042209
10042214 10042216
10042218 10042221
10042224 10042226
10042228 10042231
10042237 10042240
10042242 10042244
10042245 10042249
10042255 10042257
10042259 10042262
10042265 10042269
10042276 10042279
10042283 10042285
10042286 10042289
1279739 2156395
1279739 2156396
10042292 10042296
10042300 10042302
10042303 10042307
10042311 10042314
10042317 10042320
10042323 10042325
10042326 10042328
10038935 10038940
10042330 10042332
10042333 10042335
10042337 10042340
10042342 10042345
10042348 10042351
10042354 10042357
10042360 10042362
10042371 10042373
10042375 10042377
10042378 10042381
10042384 10042387
10042389 10042392
10042398 10042401
10042405 10042409
10042415 10042418
10042421 10042424
10042427 10042430
10042437 10042441
10042445 10042448
5724539 5724551
10042453 10042455
10042457 10042460
10042463 10042467
10042477 10042480
10042482 10042485
10042488 10042492
10042502 10042506
10042513 10042517
10042551 10042554
10042557 10042560
1444835 2313280
10042562 10042565
10042569 10042572
10042575 10042577
10042591 10042594
7218995 7219003
10042598 10042602
10042604 10042607
10042609 10042612
10042615 10042617
10042622 10042625
10042629 10042631
10042632 10042634
10042636 10042639
10042641 10042645
10042649 10042651
10042653 10042655
10042657 10042660
10042662 10042664
10042666 10042668
10042669 10042672
10042675 10042678
10042680 10042683
10042685 10042687
10042689 10042691
7025613 7025623
10042692 10042695
10042697 10042700
10042707 10042709
10042711 10042713
10042715 10042718
10042721 10042724
10042728 10042731
10042734 10042737
10042740 10042742
10042744 10042746
10042748 10042750
10042752 10042756
10042760 10042765
10042771 10042773
10042775 10042779
10042783 10042789
10042783 10042790
10042805 10042810
10042815 10042820
3620710 3942851
10042844 10042846
10042848 10042850
10042851 10042853
10042921 10042924
10042928 10042930
10042931 10042933
10042936 10042939
658442 1400558
10042942 10042944
10042945 10042947
10042949 10042951
10042953 10042955
10042956 10042959
10042961 10042965
10042961 10042966
10042972 10042975
10042977 10042980
10042983 10042985
216235 656393
10042986 10042990
10042993 10042996
10042999 10043003
4937673 4937702
10043007 10043009
10043011 10043014
10043016 10043019
10043022 10043024
10043026 10043029
10043032 10043036
10043032 10043037
10043039 10043041
10043043 10043046
10043048 10043052
10043058 10043060
10043061 10043065
10043069 10043072
10043075 10043078
9247104 9247112
10043080 10043085
10043092 10043095
10043099 10043104
10043113 10043119
10043113 10043120
10043124 10043127
10043130 10043132
10043134 10043139
10043156 10043159
10043161 10043170
10043180 10043183
10043194 10043197
10043200 10043203
10043207 10043210
10043212 10043215
10043218 10043220
10043222 10043224
10043225 10043230
10043237 10043241
10043244 10043247
10043249 10043251
10043252 10043254
10043257 10043259
10043261 10043265
10043268 10043271
10043274 10043277
216236 656411
10043279 10043281
10043283 10043286
10043289 10043292
10043296 10043301
10043308 10043312
10043322 10043324
337687 927043
10043326 10043329
10043326 10043330
10043332 10043335
10043338 10043341
10043343 10043346
10043348 10043350
10043351 10043354
10043360 10043364
10043371 10043375
10043381 10043383
10043384 10043388
10043395 10043398
10043402 10043405
10043408 10043411
10043416 10043418
10043420 10043422
10043424 10043427
10043430 10043432
10043434 10043438
10043445 10043447
10043449 10043453
10043458 10043461
10043467 10043469
10043471 10043475
10043479 10043482
10043485 10043487
10043489 10043491
10043493 10043496
10043499 10043502
10043505 10043508
10043513 10043515
10043516 10043518
10043519 10043524
10043532 10043539
10043556 10043559
10043561 10043564
10043566 10043568
10043569 10043571
10043573 10043575
10043577 10043579
1035407 1899038
1035407 1899039
10043581 10043584
10043590 10043594
10043599 10043602
10043607 10043610
10043615 10043619
10043624 10043629
10043641 10043644
10043646 10043649
10043653 10043655
10043656 10043658
10043660 10043662
10043663 10043666
10043669 10043673
10043677 10043679
10043680 10043682
10043684 10043690
10043696 10043700
10043704 10043708
10043712 10043715
10043721 10043724
10043726 10043729
10043733 10043735
10043736 10043739
10043744 10043746
10043748 10043751
10043754 10043756
10043758 10043760
10043762 10043764
10043766 10043768
10043770 10043774
10043789 10043793
10043798 10043800
10043802 10043804
10043806 10043810
10043814 10043818
10043822 10043825
10043827 10043829
10043831 10043834
10043837 10043839
10043842 10043844
10043846 10043848
10043851 10043854
10043866 10043870
10043866 10043871
10043875 10043879
10043882 10043884
10043885 10043889
10043895 10043898
10043901 10043903
10043905 10043907
10043909 10043912
10043917 10043920
10043923 10043925
10043927 10043929
3663926 3967106
1305683 2182937
10043930 10043934
1281657 2159287
10043937 10043940
10043942 10043947
10043954 10043958
10043965 10043970
10043976 10043981
10043986 10043988
10043990 10043992
10043994 10044000
10044023 10044025
4043950 4208414
10044026 10044030
10044037 10044039
10044041 10044043
10044045 10044047
10044049 10044051
10044052 10044058
10044065 10044070
10044074 10044077
10044080 10044084
3572126 3908456
10044087 10044089
10044091 10044093
10044095 10044097
10044099 10044101
10044103 10044107
10044121 10044125
10044137 10044139
10044141 10044143
10044144 10044149
10044154 10044156
10044157 10044161
10044165 10044169
10044165 10044170
10044172 10044176
10044181 10044183
10044185 10044189
4106245 4255217
10044193 10044197
10044201 10044207
10044216 10044219
10044222 10044225
10044231 10044236
10044231 10044237
10044247 10044249
10044250 10044252
10044253 10044255
10044256 10044261
10044301 10044304
2308631 3018905
10044307 10044310
10044313 10044315
1283303 2160902
2308632 3018915
10044317 10044321
10044324 10044328
10044331 10044333
10044334 10044338
10044345 10044348
10044361 10044363
10044364 10044369
10044379 10044384
10044396 10044399
10044403 10044405
10044406 10044411
10044417 10044422
10044427 10044432
10044442 10044445
10044447 10044450
10044452 10044454
10044457 10044460
10044463 10044467
10044471 10044477
10038519 10038535
10044486 10044489
10044494 10044497
10044500 10044502
10044504 10044507
10044512 10044516
10044520 10044522
10044524 10044526
10044528 10044530
10041635 10041647
10041635 10041648
10044531 10044533
10044534 10044538
10044541 10044550
10044571 10044575
10044580 10044583
10044586 10044590
10044594 10044596
10044598 10044600
10044601 10044604
116756 375747
10044606 10044610
10044613 10044617
5193904 5193930
10044621 10044624
10044626 10044630
10044634 10044636
2308633 3018923
10044638 10044641
10044643 10044645
1550728 2410692
10044647 158969
10044651 10044654
10044657 10044660
10044663 10044666
10044668 10044672
10044676 8964463
10044686 10044691
10044703 10044708
10044713 10044716
10044720 10044725
10044735 10044737
10044738 10044740
10044742 10044745
10044762 10044765
10044768 10044773
10044779 10044782
10044785 10044788
10044792 10044794
10044796 10044801
10044810 10044814
10044819 10044822
1283268 2160793
10044824 10044828
10044832 10044834
10044835 10044838
5868014 5868017
10044851 10044853
10044855 10044858
10044860 10044863
10044866 10044869
10044872 10044875
10044878 10044884
10044894 10044897
10044899 10044903
10044921 10044924
10044926 10044928
10044929 10044931
10044932 10044935
1399235 488044
10044939 10044942
10044945 10044949
10044953 10044960
10044974 10044976
692935 1448087
10044977 10044980
10044983 10044986
10044991 10044994
10045002 10045007
10045019 10045024
10045019 10045025
9367181 9367194
10045028 10045032
3966939 4160632
10045036 10045040
3193710 3651137
5807273 5807304
10045048 10045050
10045051 10045054
10045057 10045059
10045060 10045065
10045069 10045073
10045077 10045079
10045081 10045084
10045086 10045089
4937665 4937687
1532103 2390587
3119122 3598183
10045092 10045096
10045103 10045108
10045118 10045122
10045141 10045144
10045146 10045148
10045152 10045154
10045156 10045159
10045161 10045163
10045165 10045169
5940775 5940801
10045176 10045179
10045184 10045187
10045190 10045192
10045193 10045195
10045196 10045198
10045200 10045204
10045210 10045216
10045225 10045228
10045232 10045236
10045241 10045243
10044234 10044242
10045244 10045248
10045252 10045257
10039183 10039193
10045282 10045285
10045287 10045289
10045290 10045293
10045297 10045300
10045308 10045311
10045313 10045317
10045325 10045329
10045332 10045334
2157423 2898924
10045335 10045337
10045338 10045341
10045344 10045347
10045350 10045352
10045353 10045356
10045358 10045361
10045363 10045368
10045373 10045377
10045384 10045388
10045392 10045395
10045398 10045400
10045402 10045404
10045405 10045408
10045410 10045416
10045422 10045426
10045430 10045432
10045433 10045436
10045439 10045441
10045442 10045444
10045446 10045450
10045454 10045456
10045457 10045459
10045460 10045462
10045464 10045467
10045472 10045476
10045497 10045499
10045500 10045503
10045506 10045509
10045511 10045513
3663714 3966729
10045514 10045516
10045526 10045531
10045535 10045538
8556416 8556428
10045540 10045544
10045550 10045552
10045554 10045557
10045559 10045563
10045568 10045570
10045571 10045574
10045577 10045580
10045582 10045584
10045585 10045588
10045596 10045599
10045605 10045607
10045609 10045613
10045620 10045623
10045626 10045629
10045632 10045636
10045639 10045641
10045643 10045646
10045651 10045653
10045654 10045657
2159795 2900554
10045660 10045664
295349 816804
10045669 10045672
10045675 10045678
10045684 10045686
10045688 10045691
10045690 10045691
10045693 10045695
10045697 10045700
10045703 10045705
6833527 6833538
1539297 2398974
10045707 10045711
10045719 10045722
10045725 10045727
10038126 10038156
10045728 10045730
10045731 10045733
10045734 10045736
10045737 10045739
10045740 10045743
10045746 10045749
10045752 10045754
10045756 10045758
10045761 10045763
10045764 10045766
10045767 10045770
10045773 10045775
10045776 10045778
10045780 10045784
5583568 5583571
1279541 2155689
10045788 10045790
10045791 10045793
10045794 10045796
10045797 10045799
10045800 10045802
10045803 10045805
10045806 10045808
10045810 10045813
10045816 10045818
10045819 10045821
10045822 10045824
10045825 10045832
10045841 10045843
10045845 10045848
10045850 10045852
10045854 10045856
10045857 10045860
10045862 10045867
10045881 10045883
10045885 10045887
10045888 10045891
10045893 10045896
10045898 10045900
3668052 3969632
10045901 10045903
10045904 10045907
10045910 10045913
1279423 2155607
10045917 10045919
10045920 10045924
10045929 10045931
10045932 10045935
10045940 10045944
10045947 10045950
10045952 10045954
10045955 10045958
10045961 10045963
10045964 10045966
10045967 10045970
10045972 10045975
10045979 10045983
10045990 10045994
10046000 10046003
10046007 10046010
10046013 10046018
10046024 10046026
10046028 10046034
10046028 10046035
10046050 10046053
10046058 10046061
10046063 10046066
10046068 10046071
10046074 10046077
10046089 10046092
10046095 10046099
10046103 10046106
10046109 10046112
10046114 10046117
10046119 10046122
927173 1734277
125594 409488
10046124 10046127
10046129 10046131
10046133 10046136
10046139 10046143
10046149 10046151
10046153 10046156
10046161 10046165
10045474 10045495
10046171 10046175
10046178 10046182
10046186 10046189
10046192 10046196
5628543 5628781
10046199 10046203
10046210 10046213
10046216 10046220
10046224 10046228
10046233 10046236
10046238 10046241
10046243 10046246
1532104 2390607
3083698 3571958
10046249 10046258
10046284 10046286
10046287 10046290
10046294 10046298
10046303 10046307
10046311 10046313
10046315 10046317
10046350 10046353
10046367 10046372
10046381 10046385
10046390 10046394
10046399 10046403
10046420 10046423
10046426 10046429
6665424 6665431
10046432 10046434
10046436 10046439
10046442 10046444
10046446 10046448
10046449 10046454
10046462 10046464
10046466 10046471
10046481 10046484
10046487 10046490
10046492 10046494
10046495 10046498
10046501 10046503
10041796 10041803
10046504 10046509
10046514 10046517
10046519 10046521
10046522 10046525
10046527 10046530
10046533 10046536
10046538 10046547
10046556 10046560
10046563 10046567
10046571 10046575
10046579 10046583
10046588 10046590
10046591 10046594
10046597 10046601
10046606 10046610
832374 1642846
10046632 10046635
10046634 10046638
10046640 10046643
4156599 4288900
10046647 10046650
10046652 10046657
10046664 10046667
10046670 10046673
10046676 10046678
10046680 10046684
10046696 10046701
10046710 10046716
10046730 10046736
10046745 10046749
10046763 10046767
10046772 10046775
10046779 10046781
10046782 10046790
10046784 10046803
10046807 10046811
3202336 3660432
10046819 10046822
10046824 10046830
3198568 3657656
10046838 10046844
10046860 10046863
10046867 10046871
10046875 10046881
10037161 10037176
10046894 10046899
10046906 10046908
10046910 10046914
10046921 10046924
10046927 10046929
10046931 10046935
10046940 10046946
10046953 10046959
10046966 10046970
10046978 10046981
337688 927048
10046984 10046988
10046992 10046995
10046998 10047002
10047010 10047013
5557821 5557825
10047020 10047022
216237 656418
10047024 10047027
10047030 10047033
10047037 10047039
10047041 10047043
10047045 10047047
10047049 10047051
10047053 10047057
10047062 10047064
10047065 10047068
3135222 3610633
10047071 10047076
10047082 10047087
10047091 10047094
10047096 10047099
10047103 10047105
10047106 10047108
10047110 10047112
10047115 10047118
10047121 10047124
10047127 10047131
10047138 10047140
10047141 10047146
10047152 10047154
10047158 10047160
10047162 10047165
10047170 10047172
5068524 5068568
10047173 10047175
10047176 10047179
10047184 10047188
10047192 10047195
10047198 10047201
10047203 10047205
10047208 10047212
10047226 10047228
1279416 2155574
10047230 10047232
10047238 10047240
10047242 10047244
10047246 10047249
10047252 10047254
10047257 10047259
10047260 10047262
2189385 2927877
3528486 3881248
10047263 10047267
10047279 10047287
10047300 10047302
10047304 10047308
10047314 10047318
10047327 10047330
10047332 10047335
10047338 10047340
10047341 10047343
10047344 10047347
10047364 10047367
10047369 10047373
10047378 10047380
10047381 10047384
10047389 10047392
10047395 10047398
7916360 7916373
10047402 10047406
10047420 10047424
10047428 10047430
10047432 10047435
10047438 10047443
10047450 10047452
10047453 10047455
10047456 10047459
