487574 154429
10187078 64253
729615 61484
241858 61509
10217633 10217636
10217643 2856068
10217648 10217382
31688 64246
3360400 2779026
4048266 3799288
10217650 85070
10217657 10216015
10217660 10217664
10217680 1534769
716468 233923
10217693 10217695
10217722 10217728
10217737 61153
10217740 522071
10217766 78828
10217784 10217788
10217801 10217804
10217816 17303
2994899 576408
3098253 2410168
1494371 725133
10217821 238803
10217829 76271
2106300 2856065
3406575 2848797
753456 258260
10217847 10217091
10217850 10217854
1278517 555238
308489 90641
10217879 711364
10217882 711364
1469808 711365
778513 273550
10217901 10217904
10217916 10217918
291562 85077
4487722 4447804
10217927 10217930
10217931 2856068
10217938 10217941
10217942 17252
2856050 2106273
10217973 4468384
1469809 711365
469345 148779
2418945 1558732
753789 258981
1559925 774947
10218076 10218079
10218121 69649
10218126 2420132
10218129 10218133
2338736 3038590
1511519 740793
10218148 1805597
10218154 90645
10218167 10218170
10218171 2426087
10218184 10218186
10218184 10218188
10218195 10218197
10218201 711364
10218204 711357
10218219 10218223
10218228 2420137
3799329 3410115
10218233 17306
10218240 10218242
10218255 10218258
10218261 3172106
10218267 75034
10218275 10218278
741636 250594
10218292 291296
2419897 1559922
10218307 1469815
775390 711364
10218315 247551
10218323 4397
10218338 10218341
10218370 10218373
10218381 2622066
303272 88233
10218396 10218400
88404 17237
1921353 309469
10218459 306506
10218462 69544
10218474 291353
10218486 90965
308478 90640
10218507 306930
10218518 10218520
10218559 10218562
10218566 847849
10218568 10218571
10218572 964522
10218590 1152635
2312772 1444441
2165005 1286906
89606 17401
10228923 10228927
10229104 10229106
10229174 1475663
716469 233923
10229366 1475456
367314 111937
2788284 2024086
811394 292675
10230551 17220
10230858 69582
10230871 716486
10230900 10230902
10231020 10231023
10231192 10231196
10231858 309486
2392936 1534772
2788274 1152659
10232550 232385
1653837 843101
10232797 10232800
10232803 10232805
10233561 10233564
3366104 2788262
1534767 753902
10233824 10233827
4152876 3954891
10234608 10234610
10234628 88881
6835442 34881
10234958 10234961
10235194 1804525
2788275 2024078
10235647 111941
10235736 10235729
10235881 306575
10231206 309460
10236084 1152739
10236167 88494
1534722 753861
10236206 10236209
10236568 303334
10236646 88497
10236661 10236664
10236759 17303
258875 69523
306594 89957
10237119 10237122
10237146 2849504
10237913 259464
10238230 2616719
10238380 89217
10238547 601471
10238569 753839
309488 90965
2616911 964696
10239147 10239150
10239237 10239240
10239368 309461
10239587 10239591
10239592 88494
10239700 1475455
14774 8587
10241822 115575
6931 59038
12315 74697
10243402 964523
10243464 89015
10243470 716558
10244810 1277179
10246522 4383
10246908 10246910
10246982 273550
10247501 238806
43704 4383
10248113 6652
10248691 456823
10249787 72366
10250177 247253
10250888 1495220
10251344 726260
10252556 4383
1466599 708001
10253837 58603
238820 58605
10255304 10255306
10256009 4383
10256586 10256588
10258190 4383
10258274 10246913
10259141 10259146
10259141 10259147
10259253 4383
10260714 10260717
457082 144798
10261943 10261946
10262091 421319
10262730 199203
10216117 10216116
733050 244476
10265389 244472
10265689 732525
10266009 572134
10266272 303622
10269409 61512
10405789 10405791
609790 247497
8330 64900
484620 153566
10691788 10691794
186651 421947
2365474 74697
765663 266141
5187999 5188011
11736403 13623
273578 76892
273578 778535
12160690 456823
13254909 247508
55897 230214
736999 247547
1164279 486485
247293 64179
244295 62483
13305 16596
13260191 13260193
736939 247500
747738 253755
2386890 1527837
29115 130694
4005021 131590
2371608 1508064
457005 1118535
457005 1118536
8332 64959
12199980 247254
13267688 250789
244439 129752
244439 733014
73530 88802
4386 4383
533281 573882
13268647 64256
11911 73499
554774 181907
1931440 1508036
1931440 247509
91084 91086
13270715 13270718
13270715 13270720
2708840 3301300
4109127 4257155
271581 270937
518807 165389
155514 217361
254248 66286
75998 270936
297620 231088
13275414 3065485
249675 64676
13275512 10252538
1527940 747900
186866 85035
13276744 2106275
469346 308078
3401234 163533
247249 64164
1921990 1060497
40269 40015
25339 25331
153218 483569
56290 16596
459502 145662
13281844 303612
64039 247059
492093 155595
452110 143673
89242 17300
198857 46200
146948 463902
6194943 74697
250202 64900
2510701 3178047
492140 155600
522771 1227757
266112 73499
13349408 753329
64647 8326
13351808 1527846
518728 165385
270094 165386
844193 310244
732936 244340
1507984 2371552
2288823 239507
1508015 736926
271650 775385
181579 4383
1512026 741286
241167 61000
13380967 1527984
13384078 206356
595297 198339
182024 163521
238898 58649
13408934 66121
13411675 747741
1293141 74697
4502809 4468387
13422010 151942
13426060 74697
726182 238765
13433220 451379
3799323 3410109
13438837 748002
13438837 253840
248307 64298
232805 56567
7939257 7939264
305247 89278
2458858 19721
148377 64639
13491347 13491349
13494222 13494224
13502870 206366
459505 145662
459505 1122233
459506 145662
1121940 459320
538791 238800
2096432 1219772
153222 153235
13526345 163521
13526350 13526352
2848779 2096431
13526362 13526358
13526946 13526918
13526921 13526918
3729203 3303715
2494772 1652150
5019258 5019226
13527903 163521
3358491 2775999
13528375 165388
2494724 1652104
1278518 555239
13528767 163521
1278520 555240
1652177 840815
13529900 2714581
182030 555241
10204351 10204354
13530557 2714581
1278522 555313
238412 58526
13528140 2360595
13531443 13531445
1914454 2691929
204894 613201
13532364 2360593
58545 58620
1078458 432506
10240744 74697
10240744 10240753
13533406 3406572
1652108 840807
2203337 2941451
13533799 2941451
5019273 5019270
64167 8321
14763107 48119
14771594 223314
14898933 14898936
14763260 14763263
4383299 4301022
14925674 1475472
14930676 69590
14930684 366550
14935040 10234262
14935838 10218562
14936675 244373
14936732 165389
14937440 14937442
14938663 14938665
14940748 965472
14945384 88255
3573475 3085693
14966229 10388336
14971214 10218224
14977553 424623
14991158 69534
14992696 366860
15000449 1178495
15002075 270936
15002248 88494
809708 291356
809708 291357
114858 371307
15011171 716511
85045 16596
15022331 15022333
15022807 15022809
15024398 10388336
15024445 309491
15025431 753822
15029126 1466118
15035236 146951
15067201 233932
15071119 10230902
4465313 4419583
15077984 15077987
15078071 753837
15078074 753837
15078107 753837
15078135 753837
11076096 1810726
2422098 3107691
15106424 14763564
1565693 779472
15107740 15107425
15108753 832746
15108822 69530
15109052 305034
15109515 89220
15109614 88494
15109777 15109780
4468455 4423871
15114822 15114824
291476 85055
4529601 4502843
271372 76271
1277825 554780
15117764 15117766
15119669 15119673
15119669 15119674
15134096 1171804
774918 76271
291291 85039
15138685 10388336
15142059 847844
291390 85046
291607 85081
15177858 15111675
15252375 254075
15254616 66175
15259202 254041
748127 254054
2487412 1644512
249164 64634
249164 739939
702734 227764
15304531 244299
2002211 464614
1511046 739938
3376123 17298
1998837 1127011
15360319 367332
15360535 8327
15367206 61505
15448436 179158
15484861 279709
15484864 834279
1272441 549602
15490142 15490144
1106342 449981
15491734 11680
263165 413859
64172 8321
2154501 1277808
2154502 1277808
740003 249180
310464 91096
740931 249781
15527568 249779
15527683 741003
15639003 8322
15771078 69561
259090 69552
4406280 69567
69423 258569
846900 69543
15845578 69526
15846260 69561
15846881 6902371
15848554 69308
15874258 796396
15874258 15874260
15874258 15874261
4531511 258518
238852 58619
929369 1748580
1163073 485358
1163069 485353
1163069 485354
1163069 485356
1163068 485352
1163068 485357
707579 1466116
707579 1466120
30491026 244376
30492271 249814
30758633 244428
61988 242431
8189790 612480
4256106 4107482
3048266 3548587
1064251 422904
30042364 155563
478336 151581
31177690 38005
30001442 38005
181147 38005
475134 38005
3631501 3949231
10240769 10240777
492046 38005
491419 38005
31767597 71222
31767655 258985
31767666 371307
712110 232364
716483 233923
3043439 366765
4317827 4202422
2135729 1258226
31768013 3864309
31768661 380628
31768685 233932
31082413 233932
31769099 233932
3909924 716558
31769137 89303
31769149 200983
3169640 2500512
1804565 366550
1943876 1082108
28541528 19721
31769332 1152662
2024169 1152732
291263 85034
4277807 4367496
31769413 716471
13335805 19721
31769541 478336
1934845 233932
31769675 69651
15057026 366550
1258210 538258
13244734 467160
30882150 118997
31770058 138251
31770095 258981
10212438 716473
809815 291455
31770209 309493
31770242 716482
366767 366765
31770254 716473
88175 17220
11566475 275223
31915553 31915554
32655039 78805
32704372 717361
3573476 3085693
32749253 255117
89066 17269
32793836 303648
32799211 421947
3085691 2393166
833236 303733
551193 43288
32812246 180095
32815636 1287092
32815637 718902
61526 7396
32820458 10895627
2748824 1976127
32820474 10664332
782607 276026
1183212 1162978
2501141 1661921
32858111 244742
729647 241765
3616790 62545
32855822 62529
3729971 62534
249173 64634
55294 228255
259373 69583
204402 47514
1550014 765650
833256 88407
473740 150300
277297 78805
1078462 432506
2367695 1503917
32952666 304528
4468454 4423870
1559832 774865
3056443 725128
8113626 157107
1388574 748240
771272 268958
33127023 713150
33128675 148493
514004 163533
259574 69627
1929328 1066047
12703754 12703767
421308 421296
421308 58605
33149804 38005
13380140 1929318
33150473 198339
2168663 1291448
612500 47514
1926531 1064227
31177490 13499576
1495807 726913
4283018 4148148
33244934 33244935
33245003 33245004
726032 238704
33248601 3473455
305208 89237
1804432 964502
10251067 1748581
33585954 85049
2616682 1804491
34276385 4440551
30770118 276901
34304887 34304888
303838 88430
34342460 17422
34343473 247040
4803431 61484
1475425 716470
34345514 29741918
34345835 29741918
725774 238591
34347014 34347015
34347015 13297
34347114 62480
34347126 732678
1402180 2276612
34348111 304512
34349523 34349524
34349610 34349612
34350347 10246913
2365342 1501116
4764017 4764685
34352298 34352300
14954893 263152
3166212 2494725
34352482 42931
2312735 1444421
34352938 42931
34354794 13297
10239625 711595
249475 64645
34357546 4033398
1047692 410639
34358786 34358787
732573 1503985
34359065 456987
34359605 34359606
34359606 34359607
271380 76271
34360524 34360525
34363201 34363202
3965964 729468
34363483 2715164
34363875 34363876
34363903 3977666
34364706 65299
739992 249174
34365951 13499575
291452 85054
34367311 64971
34368897 15075045
249257 64639
1469757 711357
10895631 10895627
716492 233923
34370945 250778
34370970 185070
30449720 1138582
34372435 15988
34359607 13297
4165137 3974176
34373219 34363876
3305917 3305916
3305917 2711686
740591 249457
34375982 15988
181770 43662
4360984 4270156
238592 238597
34377580 34377582
291491 85060
34379644 69650
3898431 3555281
34380413 34380414
754381 259515
34382582 4550629
153549 484610
3768321 4029783
3768321 4029784
34384805 43813
34384880 1051972
549083 1271976
549083 178877
2360292 1494841
34385278 13297
34385427 34385429
1663367 849355
2365404 1501192
34386590 4423867
1914441 2691930
34387676 1527844
34387679 1527844
34387716 34387717
2035958 1164279
34389125 250168
34389482 1161704
34390772 46258
34345515 34345514
34345515 29741918
34391394 126111
739950 249165
34367803 34367808
964809 366764
34393141 248336
34393598 34393600
34393648 250781
34393648 742074
34393700 29741918
34344817 34344806
29746041 1051972
206654 66139
34395247 15058553
34395297 29741918
29746579 600355
34369978 1286523
34372448 29741941
34400630 15478656
34400630 15490144
29794144 29794146
34400836 13260193
4115204 3896991
2204850 1333177
34402599 34402601
34257045 34257048
34402770 291300
44060 4397
775027 271413
34405159 253764
34405169 739957
4165133 3974173
34409358 250688
2184168 180971
2225539 1351377
546356 177369
1511209 740155
1508049 247503
13523722 1495214
34411974 34411977
9028038 65299
9028038 9028044
1652182 840817
34412799 13297
34412889 15074811
34413910 1161717
34413957 34413958
34413959 34413958
34359611 34359609
34414968 2616643
34415028 4529641
34415932 13297
34374667 65334
34374667 742223
310300 91086
34416663 809650
2461817 1612145
3616731 3140840
34417465 76271
34417687 1559892
34421307 4423866
741093 249938
14827 65301
2461634 1611855
34359609 34359607
34359612 34359609
34423746 833701
1350179 611832
34424475 64265
34424488 64169
34424690 34424691
809583 291297
34424840 841279
34425055 304806
1090100 4383
34426063 46600
1947177 196743
10212761 17419
85062 16596
34426489 13297
34387717 34387720
34427557 34427558
1511253 740189
549084 238592
725775 238594
29741932 29741916
4527340 4500628
47654 65301
34379419 240045
2622386 3250484
2622386 3250485
4678783 4678782
34432070 29741915
34432112 725917
34433165 34433166
34433216 34433217
29741917 29741915
34344803 34344805
841189 246967
34436385 249711
29741927 29741932
29741927 29741922
29741927 29741933
29741927 29741934
29741927 29741935
29741927 29741936
29741927 29741937
29741927 29741938
29741927 29741939
29741927 29741940
34438253 29741923
305226 89242
4428 4383
34372445 34372444
247326 64195
28716922 28716923
1351398 613217
1351399 613217
34443467 34443468
34444316 29741918
34372437 34372444
34444721 716505
34444820 736479
34384881 34384880
34453103 1974192
34413958 13297
34456848 31176588
34457127 89289
30797341 204389
34458563 380619
4173707 4301026
34461324 13297
34462325 29741941
34463611 34463612
3433528 3812342
34344818 34344826
34465840 34312942
34347016 34347015
47961 206052
34318297 34318295
34468672 249319
273810 317639
34469047 13297
29986934 4374
1114906 454474
740108 249244
819515 1626285
34469877 279732
1109228 1981316
34372438 15988
34471155 247483
34472210 572127
34472601 34472602
34472633 34472634
34473286 13297
34372439 15988
34473764 29741915
34473764 29741918
31188289 1051972
34475719 64684
34475777 34475778
4468394 4423863
11922274 740999
740617 249488
34477046 64699
2386905 1527863
249175 64634
249176 64634
249177 64634
34478180 249182
64188 8321
34478634 64704
2601990 1785334
34478936 279709
742057 250779
2361943 1497131
249178 64634
64189 8321
34479216 181907
1512717 741962
4429 4374
1467722 709302
34372436 34372435
34372436 34372437
34372436 34372438
34372436 34372439
34372436 34372440
34372436 34372441
34372436 34372442
34372436 34372443
739951 249165
2897325 2154512
2361944 1497132
34479806 29741941
1118611 1495220
1118611 457089
457010 144791
1534377 753371
2097090 1220507
1470089 711594
305294 89303
34483243 1152684
34485242 29741918
29741933 29741941
726186 238767
34370971 185070
740442 249378
611828 204123
366770 271646
29741934 29741916
1785563 954705
34491811 34491812
716493 233923
34492128 58648
34492156 273550
34492579 1161701
34493822 726266
29741935 29741916
34495167 34495168
34344816 34344818
1472239 713150
1501119 1501079
30431126 30431130
304696 834640
1291654 36561
1923825 421947
31770524 478336
753893 258990
618026 207152
35048464 35048466
1152667 1082108
3036709 2336001
35049258 35049261
35049331 729467
35049373 522160
35049431 2706058
72944 11680
485666 37771
741917 250723
485639 37771
35049939 32941007
35049953 1469760
259829 754522
764068 264974
254319 66324
3119796 3598665
35050008 305068
729783 241947
2420153 780508
35050038 11680
35050040 36820
35050044 238704
257922 68990
35050053 10240753
747907 253777
277331 78828
35050060 17252
35050064 15115932
259344 69579
834679 304735
35050075 61484
29742880 1392499
12703770 12703775
263167 413859
35050080 1475533
835529 741835
304756 88795
10212394 62486
269256 75034
35050088 775248
1558730 270944
32936256 73499
46324 66152
3805025 2386915
1534774 258993
34443469 4632602
35050125 711368
2266243 1392499
35050138 413859
30740347 280344
35050142 17252
35050146 88801
35050148 32993787
31176919 31176917
35050151 233291
2010244 1138585
35050304 1175548
89670 17421
2048192 1175548
89494 17358
2048193 1175548
29749247 317636
35050573 32829899
35050578 729466
35051702 271667
35051797 17220
35051857 779474
492145 38005
35052058 8953486
1470090 711594
148519 37035
514879 163888
35053049 69533
89001 17261
8882486 770755
35053176 1350596
35099564 62629
33533847 1909555
3747480 487695
35353413 118997
88556 88558
35402731 258981
1163071 485355
2007527 468053
35550753 155592
35581015 711621
35581061 576396
1292204 576396
1163229 37771
485396 37771
36396278 36396280
36410710 36410712
36518459 732524
3061795 1503868
36450366 244200
36527958 1503869
36532345 235153
647673 212505
36537965 43658
2788289 2024086
3817468 4059091
36875426 258981
36928448 1118244
4167349 3977386
3484715 2957669
3560299 3067391
1512621 741843
3977383 3680720
37706012 37706014
206060 47971
3977384 3680721
37705997 37705989
37705985 37705984
4295586 4167344
37706004 37706002
28727977 28727976
37707907 37707910
37932641 275223
36533350 204412
1139441 149127
4029777 4029779
38013616 31690
32706890 90963
85889 76271
1512632 741869
14922715 233932
36524590 546361
177381 42856
250935 65343
38015278 4383
38015609 185342
34315236 367332
36535395 42311
1130550 464612
37705987 37705993
37174157 37174156
238597 238859
726234 238785
250271 64974
36521686 689417
2227433 2957670
833277 88414
32994767 88414
732809 244299
10235786 1066905
739952 249165
2343643 716482
254128 66231
238859 58620
238859 726391
36523513 732525
38060824 1503959
1504002 1503984
1503919 732525
732607 62480
33850574 741673
22319356 15312003
741672 250601
3055119 3552792
37173616 250672
2089681 1213635
85078 16596
33845576 307273
2095134 2847659
10441802 250601
31082125 31082126
30898658 30898654
30898666 30898654
30900823 30898654
30901370 30899401
30899426 30899427
30898959 207172
12407245 181907
30913095 617998
741350 250273
33845919 2461719
37617415 37617416
33848131 77177
1061179 421447
38227464 1048424
38229578 204393
38229733 64195
38229735 32936211
38230325 1258261
38230870 38230872
739802 249064
38307680 38307682
741871 250669
38338984 38338985
3360401 3768318
38339031 38339032
615633 1353886
38339196 38339197
38339205 38339206
34443177 34443170
38339530 10219299
2374836 1512611
38339600 38339601
38339636 38339637
835532 305523
38339714 38339715
38339739 38339740
4200636 4029780
4393729 4316697
33129855 33129853
1646063 835533
38340317 38340318
38340593 10219299
38340602 38340603
38340608 33129853
741872 250669
1512630 741868
206052 47961
38017301 38017296
38340830 38340831
38341068 38341069
615630 206046
3851895 3484730
250936 65343
38341217 835533
2374829 1512604
38341534 38341536
741838 250664
788597 280708
4487716 4447801
1494365 2359873
34491812 1051972
38342006 32243074
1512633 741869
37706105 37706101
38339029 38339026
4487717 4447801
38340690 38340684
32799502 32799498
3484714 2957668
38342170 38342171
3484711 2957666
2488828 1646048
89617 305523
741840 250664
38342567 33129853
3067404 2374855
38342616 38342618
37706100 37706098
38342778 38342781
36329089 36329087
38343229 38343232
38343236 38343237
1512589 741830
37706024 37706021
2957684 2227505
1512607 741836
38015374 38015376
37705998 37705991
741873 250669
3977385 3680721
38343754 38343755
3067401 2374839
4200638 4029782
4447809 4393732
38343902 38343904
38341597 38341596
1512620 741842
1646070 835535
3676338 1051972
38344554 250666
3067403 2374853
4029774 3768314
1353566 615221
2227310 1353567
1353887 615634
38344685 38344686
2488827 1646046
2434916 1575595
284967 82531
4200640 4029787
38014848 38014847
32994565 32994563
3748028 3330261
2488825 1646045
4306758 4185141
32994878 32994875
1575598 788598
38012678 38012677
38345662 250664
250939 65343
38342782 38342780
1652130 840809
38346461 38346462
38346483 250666
38346500 250669
4316696 4200630
34349529 34349527
38346546 65343
37705958 37705957
3616778 3940023
259162 69556
10234021 10234018
4613937 4623623
31177145 1555572
38674649 61516
291485 85056
748116 66152
809816 291455
2778904 64272
10239034 10239036
4342140 4410524
38757202 34475781
259540 69616
238430 58532
737011 247552
4059853 1527847
736828 247348
29949195 1156255
31079867 31079868
39221965 1923865
39574977 304558
3059995 2365187
39574979 39574980
39574986 11163827
39574994 741153
39574997 144799
39574998 741324
39574999 456838
34478111 34478107
39575002 34478107
39575004 36513281
39575006 716621
8831930 8831925
8831937 8831931
3694481 3987430
3681438 3977666
39575008 40822
39575009 40822
169037 40822
39575015 148493
1135776 148493
241182 61000
241183 61000
241184 61000
4173706 3987429
1354465 616158
3553304 3056783
39575034 305236
305237 89253
39575038 177387
4115217 3897006
39575039 15114885
4083617 3845871
1494839 725774
39575040 1272444
8831924 8831923
2360536 1495364
39575046 39575042
2202299 1330484
3473959 2940706
1143900 472941
34344856 235552
247507 64254
39575050 89278
39575055 233928
39575058 716558
39575060 716558
39575061 716558
39575063 716558
39575066 716558
39575068 716558
4354502 4260275
39575072 1923004
3553269 3056638
39575075 39575077
1494370 725132
2856104 1227759
39575088 612474
39575090 4965528
2146024 546360
39575099 144810
39575100 144810
2027989 1156146
39575115 75197
39575120 62480
32784497 62480
39575123 62480
39575124 62480
39575126 35048164
2024097 1152664
146962 36820
39575129 1527898
39575130 1527898
39575131 1466919
729795 241974
39575132 273595
39575133 10216047
39575135 716489
611562 203946
3974172 3676338
273450 76859
39575150 303625
3974173 3676338
34424691 13297
34424692 34424691
39575167 1269636
39575168 39575169
4393731 4316698
4393737 4316702
39575173 1501210
39575176 212505
38280424 276901
783684 276901
1148623 476086
39575178 424618
39575179 135310
39575182 10216148
39575185 10407402
3056658 2360359
12207101 268493
39575188 840391
39575189 39575188
39575191 259008
39575192 259008
34363446 423425
39575195 39575196
39575200 1130325
39575201 234358
39575202 234358
10217423 10217413
39575204 10217413
39575205 10217413
4295806 4167790
1466920 708240
2335994 1466921
39575206 155600
39575208 34496086
39575210 42311
88973 17259
273627 13560
2052384 1179683
2052385 1179683
832834 303378
39575214 2487276
39575216 1469815
39575218 1469815
1546261 264369
39575221 246910
39575222 457193
39575226 476087
39575227 546365
2508807 1669459
39575229 274039
39575230 274039
39575231 274039
39575232 274039
1501294 729735
39575233 1048886
39575237 304603
39575240 854887
39575246 411210
39575247 411210
10240439 10240433
34352302 34352299
32855830 244672
39575252 82498
39575253 249080
739831 249080
39575254 32939979
39575256 32939979
1495364 726326
1990300 457155
39575259 733183
39575260 733183
39575261 733183
39575262 733183
39575267 718900
28716927 28716922
1669405 854857
39575268 250601
39575270 250601
39575271 250601
39575272 78792
28716928 28716922
39575275 64978
4200635 4029779
39575277 250940
273452 76860
39575278 39575279
39575310 1118406
39575311 470419
39575313 39575314
39575319 39575320
39575322 39575323
39575333 39575334
39575338 1269645
1990038 1118411
39575342 39575343
39575347 39575348
39575350 177389
39575354 39575355
39575357 546366
39575358 546366
39575359 39575360
39575364 144799
39575366 546367
1118232 456800
39575372 741357
39575374 39575375
39575378 178124
39575383 39575384
39575389 6194959
39575390 6194959
4008364 2048195
39575391 2048195
39575392 778690
39575393 39575394
39575395 64259
39575396 64259
39575397 34354329
39575398 39575399
39575400 17358
39575402 39575403
39575404 39575405
741268 250171
39575422 43660
39575425 10405791
10405793 10405791
10217669 10217674
39575428 711368
39575429 4423860
39575430 253834
39575431 3340009
39575437 546443
39575439 253771
39575440 253771
39575441 253771
39575443 485350
34429945 76949
729457 241484
778445 273486
39575447 273486
729105 240997
31768062 19721
39575449 19721
31767932 19721
39575450 19721
729422 241406
2335996 1466923
39575451 778737
39575458 10261014
39575459 10261014
1461373 703358
39575461 249634
1508125 737060
729738 241896
8643328 88301
1508844 737791
31176462 37876
39575462 198339
1330722 198339
39575463 542953
2024172 1152732
33130136 1472195
39575467 366858
39575469 250948
39575470 64037
39575472 1466922
2335995 1466922
177390 42856
177391 42856
177392 42856
177393 42856
177395 42856
39575473 42856
177396 42856
39575474 4550623
39575475 4550623
39575476 4550623
4317830 4202425
39575477 39575478
39575480 39575478
3555288 3059996
10217170 10217143
39575482 39575483
39575484 39575485
39575494 77139
613231 204913
238855 58619
1495380 726375
2024069 1152658
39575499 1152658
39575503 43800
39575504 367332
15101032 367332
795911 82485
39575508 308432
39575511 10240753
2119903 23743
29741925 29741916
29741925 29741921
29741915 13297
29741915 29741916
29741915 29741921
10239627 89938
3303714 2708842
725142 238418
725143 238418
39575517 380619
39575518 380619
39575520 29741923
39575521 13429155
778583 76893
253835 66121
741032 249855
254206 66282
39575524 66282
4468444 4423868
39575527 4502843
4529603 4502843
4529604 4502843
778474 273517
39575528 273517
32709121 32709111
39575529 6194979
39575530 6194979
35092559 72946
39575531 732879
12703781 1560276
39575533 1469819
39575534 31176838
31176840 31176838
774900 271381
10217434 10217429
1061180 421447
1061181 421447
39575535 2048196
2808526 2048196
273613 76898
39575536 291200
1527885 747748
1527885 1527937
250941 250935
729451 241477
39575537 10217407
39575538 10217407
10217414 10217407
39575539 10217407
39575540 10217407
39575541 10217407
30489521 17269
43735 43705
43736 43705
39575542 424623
44061 4406
44061 186055
36527951 1503869
39575543 716564
39575544 716564
88423 17237
88424 17237
88425 17237
39575545 17237
39575546 17237
39575547 17237
88426 17237
88427 17237
39575548 778451
39575549 39575550
39575551 17235
32791796 17235
39575553 17235
39575555 17235
39575558 17235
39575561 17235
39575562 17235
39575563 17235
39575564 17235
39575565 17235
39575566 17235
39575567 17235
39575569 235153
1478430 235153
39575570 235153
39575572 235153
39575574 43866
39575576 43866
39575577 62545
34310939 62545
39575579 62545
39575580 62545
739953 249165
739954 249165
39575583 4005605
1512883 250780
39575585 67688
39575586 39575587
39575595 39575587
37672956 279709
39575596 279709
4059862 48119
1501026 729424
39575599 61514
39575600 61514
39575601 61514
241905 61514
39575602 61514
39575603 61514
39575604 61514
39575605 61514
10218283 10218284
39575607 144769
39575608 4502844
39575609 67685
39575610 256291
39575611 256291
39575612 303903
39575614 303903
39575615 303903
39575616 303903
39575617 44091
554389 181742
39575618 17325
39575619 4468428
39575620 88941
39575621 88941
39575622 88941
39575623 76882
39575624 76882
39575626 273953
748223 254150
778575 273596
39575627 4383
833097 88346
39575632 88360
39575633 88360
39575634 88360
39575635 39575636
39575642 39575643
39575644 233933
39575645 233933
39575649 2339645
38280456 147146
39575652 279105
39575655 309486
39575657 39575658
2487900 1645331
39575659 39575660
39575667 39575668
39575670 689416
39575671 89237
39575673 34386389
39575677 1470643
39575684 88345
39575685 88345
39575688 88351
39575690 88351
39575691 88351
39575692 88351
39575693 88349
39575694 88349
34425388 10252538
39575696 303622
39575697 303626
39575698 833141
39575699 833141
39575700 303623
39575701 88348
303611 88348
39575703 303612
39575704 303612
39575705 88361
835184 17300
39575706 69616
33140509 2045057
1558729 774141
39575718 39575722
456974 144789
39575723 144789
39575724 144789
39575725 144789
729756 241920
39575727 1652488
39575728 3196543
39575729 3196543
39575730 3196543
39575731 3196543
39575732 3196543
3653056 3196543
39575733 3196543
39575734 3196543
39575735 3196543
39575736 305013
39575737 39575738
39575740 233923
716508 233923
3555296 3059997
31176874 31176860
39575741 39575742
470612 149133
39575743 271378
740429 249374
39575746 249320
39575752 58619
238856 58619
13499593 13499575
39575758 13499575
39575759 6194960
39575760 6194960
39575761 6194960
39575766 34368832
39575768 2106301
3410141 2856073
39575771 2420132
39575773 2420132
3106016 2420146
3106017 2420146
3106018 2420146
39575774 39575775
39575776 1143884
39575777 69581
39575778 618019
39575783 39575785
1611786 291297
809584 291297
39575786 711374
4468410 4423865
39575787 4468429
39575789 1469783
39575790 275223
39575795 303360
39575796 303360
39575797 88295
39575798 303360
39575800 145662
39575801 165386
1534960 69582
39575804 239507
809598 291298
39575806 10248287
39575808 456975
29393024 727640
39575811 478328
39575813 367472
39575814 476088
39575815 476088
39575818 144779
39575819 144779
39575820 144779
39575821 144779
39575822 144779
39575824 1156255
39575826 1156255
39575827 1156255
39575828 1156255
39575829 1156255
39575830 1156255
1669460 854885
39575831 549637
2706069 1929316
39575832 291299
39575833 291299
37707109 37707111
39575834 64253
39575835 241607
39575836 10256588
39575837 10256588
39575838 10256588
809691 291327
76988 13564
39575840 10234262
39575841 241895
39575842 241895
39575843 241895
39575844 241895
729736 241895
39575845 241895
39575846 241895
39575847 241895
39575848 241895
39575849 241895
39575850 241895
39575851 241895
14589340 14589336
771212 74702
39575853 74702
39575854 74702
10218825 845681
739652 249027
39575856 253790
39575857 249355
39575858 2017950
39575859 39575860
39575861 39575862
4423922 4360991
39575865 291656
39575866 85080
39575867 10217154
39575869 89303
39575870 774973
39575871 774973
1559941 774974
39575872 39575875
39575874 39575872
28716923 1051972
39575880 249059
39575884 1989929
39575886 254025
39575887 254025
39575898 39575899
39575901 39575899
2368096 1504353
39575918 64273
774938 271389
39575919 271389
774939 271389
774940 271389
774941 271389
774942 271389
774943 271389
774944 271389
250274 64974
181766 43661
1277826 554780
39575924 39575927
4550619 4529605
39575928 4529605
39575929 4529605
39575930 4529605
39575931 4529605
39575932 4529605
31770442 118997
39575933 37916
39575949 4397
39575951 239507
39575952 248539
39575953 64256
1804528 964523
1501067 729463
10217424 10217415
39575956 739955
39575957 739955
32799212 421947
39575958 61009
39575959 139919
39575960 39575961
39575964 56227
39575965 39575967
771794 75034
2351487 1483851
39575968 241722
740458 249383
39575970 3401282
39575972 778667
39575974 64333
144823 36561
39575975 36561
144824 36561
3962159 3653057
39575976 3653057
39575977 3653057
39575978 3653057
39575979 3653057
39575980 4394
10216121 10216120
39575984 456929
303796 88416
32812249 88405
39575985 180138
551202 180108
1274447 180108
551203 180108
551204 180108
551205 180108
551206 180108
551196 43288
303774 88414
833267 88414
39575986 88414
740998 249814
39575989 8322
39575990 8322
39575991 1824854
39575992 1824854
39575993 39575994
729757 241921
39575997 241921
39575998 241921
39575999 273550
2096232 1219569
39576001 241894
39576002 241894
729732 241894
39576003 241894
39576004 241894
39576005 241894
39576006 241894
39576007 69644
39576008 1558731
303806 88419
739845 1511029
39576011 718896
4468445 4423868
4468446 4423868
39576012 64629
1478413 718901
39576013 718901
39576014 718895
39576015 39576016
249179 64634
39576018 4475047
39576020 10217416
10217425 10217416
39576022 17303
39576023 17303
39576024 17303
39576025 4383
39576026 4383
39576027 4383
39576028 4383
43737 4383
39576031 4383
39576032 4383
39576033 4383
39576034 4383
43738 43705
43738 4383
39576035 4383
39576036 4383
12380105 4383
39576037 4383
39576038 4383
39576039 4383
39576040 4383
39576041 4383
39576043 4383
181594 4383
1483750 722868
34472602 13297
34472603 34472602
39576044 238803
39576045 4374
39576045 13559
39576046 4374
39576048 4374
39576049 4374
39576050 4374
39576051 722866
39576053 834343
39576054 1558731
457015 144791
457016 144791
457017 144791
457018 144791
457019 144791
457020 144791
39576058 144791
39576059 1118535
39576069 854853
39576070 29741923
39576071 29741923
31188292 31188289
34479808 34372444
34479807 34479806
34479807 34479808
34359610 34359607
39576073 717363
39576074 31767949
39576075 29741918
39576076 29741918
39576077 29741918
34387718 34387717
3974176 3676338
4165138 3974176
1475429 716470
39576081 2339649
39576085 61516
39576086 61516
39576087 61516
39576088 61516
39576089 61516
39576090 61516
39576091 61516
241922 61516
39576092 61516
39576093 61516
39576094 61516
39576095 61516
39576096 304833
39576099 39576101
39576103 716625
39576105 39576106
39576110 3409716
39576111 3409716
39576112 3409716
39576113 3409716
39576114 3409716
39576115 3409716
39576116 3409716
39576117 3409716
39576118 3409716
39576120 3409716
39576121 3409716
39576122 3409716
247324 64193
39576125 4550629
39576127 4550629
39576129 753902
39576130 1227134
420857 133097
2367593 1503868
277335 78830
39576138 809618
39576142 144799
2373455 1511215
39576151 39576153
259611 69647
39576156 35051605
249999 64805
39576157 64805
39576158 89283
39576159 88490
39576160 43382
39576174 783672
39576177 39576178
32855828 244695
1941278 1079929
291611 85082
10218100 10218089
34372440 15988
34372441 34372445
34372442 34372445
34372443 15988
39576182 238632
39576188 58605
39576188 39576189
39576191 39576192
34472212 185344
39576196 185349
572133 185346
34472213 185346
39576197 366671
725697 238570
39576199 185350
39576200 185351
39576202 185351
39576203 15059179
39576206 15059179
3637858 3172106
39576210 3172106
39576211 3172106
39576212 56730
39576213 56730
733084 62497
39576215 61522
241975 61522
39576216 61522
39576217 61522
39576219 62495
39576220 62622
34359608 34359606
39576221 29741918
39576222 29741918
39576223 29741915
34359613 34359610
39576224 39576225
39576264 39576225
39576266 39576231
39576267 244673
39576268 32940085
2331404 1461374
39576269 244646
39576270 39576271
39576273 732652
740777 249666
39576274 62519
39576275 62519
834728 88854
39576276 1470696
15054993 309487
4165134 3974173
4165135 3974173
238886 58641
39576278 716482
2332180 1469759
2332181 1462064
10664295 2615563
39576279 4996814
39576280 250269
39576281 1152735
1118434 456930
39576287 39576284
39576288 39576289
39576291 39576292
39576294 729467
2365367 1501127
39576295 177398
34387719 34387717
39576296 464610
39576297 716491
39576298 268491
39576299 268491
39576300 268491
238888 58642
244898 62623
39576301 729473
244477 62489
733059 244478
39576302 244476
3541233 3036705
39576303 2335998
39576304 2335998
39576305 2335998
1652192 840820
39576306 253822
39576307 2856068
3410136 2856068
741111 250005
39576308 64034
39576309 64034
39576310 82485
39576311 2032394
39576312 291668
1612154 291668
1501284 729716
39576315 39576316
39576317 726260
456902 144773
39576318 811416
34252732 64643
31176897 31176889
729763 241931
39576322 36396280
39576323 775253
3592334 3110957
39576327 62488
39576329 367277
729309 241217
1128392 463291
253987 66138
39576341 64165
247263 64165
39576342 742155
39576345 742155
39576346 17419
39576347 240997
2911892 2170835
39576348 39576350
39576351 244350
39576352 64809
39576354 177399
39576356 144765
2788316 2024126
39576365 247503
39576366 39576367
39576333 4423860
39576369 254086
4640225 459418
39576374 6195001
39576375 472057
39576376 39576377
39576378 15075021
39576380 39576381
774952 271390
39576385 4423866
39576386 4423866
39576387 4423866
39576391 451649
39576392 702078
39576393 1527925
458174 145154
39576401 39576402
39576408 182070
555382 182070
1501198 729494
39576409 729494
39576410 1466923
39576411 1246025
39576412 39576413
39576416 249180
1149570 476637
39576422 255115
39576423 244741
39576424 62545
736766 247302
39576425 62536
39576426 62536
39576427 62611
39576428 4468374
39576429 4468374
39576430 4468374
1510577 739285
39576433 456991
39576434 39576435
39576444 271382
39576445 271382
39576453 23747
126169 23747
31916805 23747
126170 23747
39576454 23747
39576456 23747
39576457 23747
39576458 23747
39576459 62475
241407 61110
39576461 458582
39576462 69603
39576465 69603
1504019 244223
732557 244208
39576468 244216
39576469 10217696
291301 85039
291302 85039
254129 66231
254130 66231
1168802 489513
39576476 716488
39576477 716488
2336000 1466924
34349908 753825
10218080 10218081
10217436 10217430
265474 72931
39576478 1511477
39576479 39576480
39576482 246918
39576483 88295
1644894 834449
39576486 15114828
39576487 39576488
39576489 291456
35074555 601473
89284 17306
39576494 521603
39576495 521603
39576499 271391
39576500 774956
39576501 774956
1559931 774956
810145 85087
39576502 809608
39576503 809902
291507 85063
39576504 291508
39576505 293649
39576506 809619
39576507 809619
39576508 39576509
2368094 1504352
39576514 36993
514006 163533
39576519 39576520
39576525 31176553
39576531 10219676
747996 253836
737077 247671
39576533 809827
39576534 46600
39576535 62624
39576536 258251
729743 241906
39576539 1160695
366783 366550
35047355 964511
39576540 1338134
39576542 39576543
39576547 43810
39576550 43810
39576554 43810
10407405 10407401
253909 66129
612448 1350596
36532359 17273
254031 66152
39576555 546401
39576556 62482
203947 47478
39576560 64278
39576566 464548
3557399 3063004
39576569 7570
3244932 2615563
39576570 4529606
39576571 4529606
4550624 4529606
39576572 4529606
39576573 85083
39576574 85084
10217123 10217093
39576575 10217092
39576576 2461648
809817 291455
39576578 85085
809620 291303
39576579 4529608
4529609 4502844
34399935 4529608
4550630 4529608
39576580 4529608
4550631 4529608
39576582 4529608
4550632 4529608
39576583 4529608
39576587 10217091
2461654 1611886
2461655 1611886
34257050 4423867
39576588 34257049
39576591 271392
39576593 271392
39576594 271392
13252648 64038
39576599 736672
39576600 549783
39576602 64284
39576604 64284
39576605 88362
1555579 772713
3144734 2466644
39576608 775392
39576609 15058564
39576610 247565
39576611 10258542
39576612 1227755
39576613 1227755
15077452 15022333
39576614 716626
39576617 716626
2856086 2106301
39576621 271388
39576623 1611884
15114846 15114833
2419825 1559811
39576625 273632
39576626 39576628
39576631 775052
3588424 3106013
2420144 1560280
2465185 1615371
39576634 433378
1652529 841320
1559919 774945
4508403 4475040
1652531 841321
2419885 1559911
4508405 4475041
39576637 10219676
39576638 10219676
39576639 10219676
39576640 10219676
39576641 10219674
39576642 10219676
39576643 10219676
39576644 10219676
39576645 39576647
39576660 39576661
1559956 774990
39576663 4550633
39576664 39576665
39576666 2461649
39576667 2461649
1611774 809585
39576668 809621
4529556 4502806
39576670 39576674
39576675 10218170
3588331 2419916
1559957 774990
39576677 271402
1559958 774990
2419859 1559892
4550625 4529606
39576679 39576680
39576688 774993
39576690 271393
39576691 76271
39576692 4550648
4594849 4582721
4567946 4550615
4423928 4360993
774848 271369
39576693 4550605
1559880 774913
39576696 39576697
39576699 39576697
39576700 4468430
39576701 4468430
39576702 4468430
39576703 39576704
39576705 39576704
39576706 39576707
1611819 809616
2419923 1559963
39576709 809650
39576710 76271
39576711 39576713
39576715 39576717
39576721 774885
39576723 4616180
39576724 4550620
39576725 39576727
39576726 39576725
39576730 4468431
1611746 809543
4529566 4502812
39576736 39576738
4502879 4468518
39576740 774884
2461642 1611883
39576742 39576743
39576745 39576747
39576749 4594852
39576751 809587
39576753 3140841
39576754 3140841
39576748 3140841
39576757 3140841
34360529 291353
3105749 2419852
39576758 39576760
4582725 4567949
4605909 4529605
3943811 4146344
39576765 4360988
4360989 4270156
2419860 1559893
4502853 4468447
39576766 39576720
39576769 39576770
39576771 15114842
39576719 4360992
39576772 34257048
39576773 39576774
39576776 2338730
1469758 711357
4567950 4550621
39576777 4567951
39576778 774884
29774778 29774768
4534954 4508414
3105762 2419873
3919242 3588432
3919243 3588432
3919244 3588432
3919245 3588432
3919245 4129581
3919246 3588432
747999 253837
39576728 39576726
39576787 39576788
39576795 809544
39576796 4281818
774971 271397
39576799 181742
39576800 69534
31767927 69534
39576802 69534
34219966 69534
39576804 69534
39576808 69534
39576809 69534
39576812 69534
39576816 69534
39576818 69534
39576823 69534
39576826 69534
32776500 69534
39576831 69534
39576729 39576728
39576839 39576840
4582740 4567969
39576842 1559892
39576843 1559892
738439 248322
39576844 10217675
39576846 10217675
4475042 4431581
3919237 3588426
3919238 3588426
39576848 39576851
10218110 10218101
10218111 10218101
4508408 4475043
39576853 39576854
4270180 4129578
3144026 2465185
4534956 4508414
4534957 4508414
291765 85118
10217703 10217697
31767935 258985
3144027 2465185
39576855 39576857
39576859 39576860
39576862 1227235
39576866 35050090
39576868 39576869
39576871 247425
39576874 2336001
729740 241897
29741918 29741915
39576875 38757880
39576876 1444443
39576877 291814
39576879 291688
39576881 154339
36520202 244200
32858110 244200
732547 244206
36527675 732525
36523046 732524
32951299 732524
36522614 732524
36520819 732524
39576882 28792885
39576886 478339
39576887 612449
39576888 268948
1497113 727636
2105763 1227009
1495381 726376
241298 61014
37693544 780510
13626 77166
39576921 39576907
10218260 308484
39576930 39576931
250000 64807
39576954 303790
835669 89680
2486279 833080
39576955 833079
39576956 833253
39576959 207170
39576964 729717
39576965 711366
39576967 35049293
39576968 35049293
3962163 3653058
39576970 247654
39576971 472058
39576973 61004
39576974 148493
39576982 732556
4048265 3799287
39576983 88178
31176892 31176875
38280486 45641
39576984 273549
2365407 1501193
39576989 739967
39576995 238834
39576997 39576998
39576999 39577000
1469825 711375
1511210 740155
39577002 62614
39577003 17328
39577007 747826
247550 64256
39577008 150871
39577009 306471
3353071 2767515
39577010 702732
39577013 702732
39577015 702732
32807572 771073
1333288 597617
3974177 3676338
1643541 303585
238426 58531
259362 754187
39577017 1989931
39577018 304805
39577020 1824869
39577024 964695
736446 246967
1135870 468118
34366578 849353
39577033 238806
39577035 38319
39577036 247329
39577037 247329
3627832 3156564
39577038 423427
1065387 423427
1065388 423427
39577041 753808
39577042 1330395
39577043 1504136
39577046 126112
39577047 1508838
522332 169040
39577048 39577049
39577051 546372
4216526 308493
308499 90643
39577055 273457
39577056 14986110
1652539 841331
308510 90649
39577058 841322
39577059 841322
39577060 90651
39577062 17951
39577063 457095
39577064 69645
39577065 753809
39577069 17253
39577070 90647
13335189 748108
36537689 258986
39577076 258986
39577078 258986
39577082 10239591
39577084 258986
39577088 258986
39577092 13379535
39577093 17375
39577099 39577100
39577101 39577102
39577109 747949
1527985 747949
39577110 747949
39577113 747949
39577114 177372
39577116 177372
2495116 1652540
39577119 39577121
39577132 90635
308476 90635
34472634 13297
34347017 34347015
34347018 34347017
34345516 34345514
34372449 34372444
34372447 34372448
34372447 34372449
34372447 34372450
34372447 34372451
34372447 34372446
34372450 29741941
34372451 34372444
34372446 34372445
34372446 34372444
34349612 15988
39577137 253776
39577139 4190732
39577140 4190732
39577141 4190732
39577142 4190732
4309964 4190732
39577150 13297
39577152 36445863
39577154 1560262
39577156 1560262
2420133 1560262
36687511 1560262
39577158 2007646
39577160 37672824
39577161 2622066
39577169 39577170
39577172 39577173
39577175 10229027
39577178 739426
39577179 144826
39577180 276281
39577181 185238
39577182 2367899
39577183 753880
39577184 747836
39577185 2276612
39577186 39577187
39577194 39577196
39577197 292674
39577202 747837
39577203 779742
39577204 779742
39577205 255117
39577206 5295235
39577208 716484
39577209 248352
3974178 3676338
4165139 3974178
39577210 485562
39577211 485562
39577213 485562
1512794 741996
39577217 2338960
2373328 1510902
1155782 480274
39577218 747838
1227010 522071
39577221 522071
39577223 69590
39577224 89177
39577226 1810717
39577229 1810717
15131540 1810717
39577232 89949
39577236 1470092
3038659 2338955
11394869 85421
39577240 39577242
39577243 66311
39577244 15058565
39577246 1644185
39577247 247061
39577251 4423863
4468397 4423863
4468398 4423863
32855819 244672
32855816 62534
32787088 62534
39577252 62534
39577254 238800
39577255 238800
726261 238800
39577256 238800
10218051 10218027
39577260 64265
1511264 740207
39577261 486485
1144978 473568
250184 64894
39577274 1928597
39577275 1928597
39577277 62604
39577278 62604
39577279 39575639
39577280 39575639
15051690 15051687
28706107 28706104
3974179 3676338
238807 58603
39577283 10217067
10219093 711364
39577284 711364
39577285 711364
39577287 58600
39577291 69545
39577293 10218562
39577301 711357
2338741 711357
833243 303745
716443 233915
39577304 89262
39577305 90963
39577307 1527926
39577308 85070
39577309 85070
39577310 85070
3056638 2360290
39577312 39577311
3553270 3056638
39577317 753837
39577318 753837
39577324 538256
39577325 62527
13420292 126171
242041 61563
242043 61564
242044 61564
242045 61564
242046 61564
39575077 39575082
39577327 62596
39577328 1356807
39577329 1356807
30740475 244584
809574 291293
39577330 291293
39577331 17405
39577332 17405
39577333 716597
774852 271369
39577334 780511
39577335 4468399
39577337 2106273
39577338 1156217
812872 293650
39577341 809435
10217155 10217142
10217155 10217176
242027 61552
39577346 1079934
39577347 1079934
39577348 809822
39577352 291618
242023 61550
242024 61550
39577353 13282054
28716929 28716923
39577354 13297
39577355 39577354
29741919 29741915
39577356 39577354
39577357 305213
4459189 4495861
39577361 258959
39577362 258959
2332185 1462065
38280333 732500
39576698 291353
39577368 725917
39577369 77184
39577373 77183
39577375 77182
39577381 2702968
4216527 4059092
39577386 39577387
39577391 62608
39577392 487730
846625 311668
1082108 1565693
39577393 377572
39577399 233946
39577400 1119939
39577402 1475533
39577405 732575
39577411 39577412
3574233 253910
39577414 62626
39577415 59079
39577417 15059184
39577418 253911
39577419 62627
39577420 10216440
39577423 1467729
1628194 821180
39577424 964495
39577426 62630
39577428 254177
39577429 747839
39577430 247062
39577435 66139
39577436 254102
39577437 254178
39577442 256293
39577443 89032
14947599 89032
39577444 89032
39577445 89032
39577447 89032
284962 82526
39577448 253838
1137652 469617
15328377 15328374
15328378 15328374
39577449 88429
39577450 39577451
39577452 88843
39577453 88843
39577454 253932
39577455 748024
39577456 244863
39577458 258987
39577459 177369
39577461 304614
39577464 271398
39577465 271398
39577466 1560290
2420154 1560290
39577468 1560290
39577469 422085
39577470 422085
1508848 737798
39577471 85034
39577472 85034
39577473 85034
39577474 85034
39577475 85034
39577476 85034
39577477 85034
39577478 85034
39577479 85034
39577481 85034
1269624 546361
39577483 39577484
39577485 39577486
39577487 576396
39577488 576396
39577489 576396
39577490 255178
39577491 780512
39577492 780512
39577495 76987
39577496 181907
732810 244299
153798 37771
485499 37771
39577498 246955
1219660 518735
39577499 965472
39577501 246966
39577502 246966
33249222 4352187
39577503 17420
2703487 1926894
39577506 456881
39577507 248866
613232 204914
1350178 611831
1351401 613220
3485279 2958693
39577509 179063
34375101 37907
39577511 1118672
39577512 1118672
39577513 478355
39577520 39577521
28711640 28711639
39577522 733052
4524504 4547273
4468432 4423867
39577523 4423867
39577524 4423867
39577525 4423867
241723 61484
39577528 6194929
39577529 6194929
39577530 6194929
39577531 6194929
39577532 6194929
39577533 88881
39577535 88881
39577536 39577537
39577538 10246910
39577539 10246910
10246914 10246910
39577540 2849520
39577541 2849520
39577551 10217142
39577552 10217142
39577554 546373
39577557 76989
39577558 854886
39577559 1534770
39577564 39577565
39577566 39577565
39577567 1269623
841194 246967
39577569 39577570
39577574 64971
250249 64971
34384882 34384880
4565285 4580596
456896 144772
39577576 62494
39577577 144784
29741936 29741942
29741937 29741916
29741938 29741916
29741939 29741916
29741940 29741916
3226258 3676338
39577578 742234
39577579 250924
39577583 250924
39577584 470585
1060473 420799
39577585 367355
39577586 309469
39577588 17400
39577590 138136
39577593 39577594
39577595 39577594
708223 230338
709320 1467729
39577598 39577599
39577601 8322
39577602 4567967
4582736 4567967
39577607 834908
39577608 258891
39577610 1152656
39577613 478336
39577615 31410966
39577619 305034
39577620 64900
39577621 270941
35088570 292896
39577623 154429
10576814 154429
39577625 34852
39577626 64979
15109782 303322
39577627 711621
39577628 711621
39577629 89217
738458 248336
39577635 34368814
39577637 39577638
39577639 305050
39577640 716471
39577642 39577482
39577652 66246
39577653 10217074
39577654 39577655
39577656 1611884
809707 291354
809707 291355
39577657 85056
39577658 85056
39577659 85056
39577662 39577599
729477 61148
754182 259360
39577664 259360
39577667 1527986
39577669 58643
64709 249780
39577674 472052
39577675 1066035
39577676 39577677
39577679 309497
39577681 32714673
32813849 732978
39577684 39577685
39577687 266132
39577688 35048496
39577689 712147
3106004 2420134
39577690 2420134
39577691 380627
39577693 207152
39577694 90648
2788272 2024076
39577695 39577696
39577697 77166
39577698 138137
39577701 10237909
39577703 303772
39577711 39577712
39577714 747740
39577718 90646
39577720 39577721
39577723 39577724
39577725 4440551
39577731 4440551
4482460 4440551
703361 227988
39577738 39577739
3079876 2386892
1652147 840811
2365170 3059982
254019 66143
38015120 204390
483964 153348
39577747 66177
39577748 258967
471444 149451
1478189 718716
39577757 89013
39577760 10231284
39577762 511684
31176484 31176478
1560128 775242
39577772 248949
39577776 39577777
39577780 258987
39577782 1152667
39577784 739982
39577787 739982
39577788 775053
1135841 468117
39577790 468117
39577792 232127
2340994 47514
39577793 366550
39577797 366550
39577803 1645340
39577806 36608
39577807 34315162
39577808 39577810
479309 36820
39577811 62472
34352303 840813
39577814 847848
249667 64675
1282768 57129
39577815 39577816
754216 259391
15005029 135310
39577817 250781
1495382 726376
39577818 39577819
10212409 964523
39577820 13559
39577821 13559
39577822 572120
291777 85123
39577824 88886
39577825 317641
32841853 58598
43811 4383
43739 4383
833258 303759
833259 303759
39577826 144797
39577834 39577835
39577840 291836
39577840 39577842
39577845 180094
39577847 488459
1167284 488459
39577848 784314
1139421 470583
39577849 729768
39577850 729768
39577853 546402
39577858 708240
1466925 708240
39577859 833103
39577861 747864
241333 61025
31079964 754352
39577862 39577864
39577867 2021252
13267223 13267222
39577868 39577869
39577871 753827
39577875 964508
1079877 1941257
39577881 64194
747957 253818
39577883 231091
39577884 601473
1272447 549602
764659 265466
291679 85088
39577886 85055
39577887 85055
39577888 62483
10219339 10219332
39577891 253745
39577892 732578
39577893 66322
1118412 456926
39577894 456926
39577896 39577897
39577898 31767668
39577904 1287114
271399 76271
271399 774853
774922 76271
39577905 76271
775064 76271
39577906 76271
39577907 76271
774901 76271
271400 76271
39577908 76271
39577924 39577925
39577926 185352
39577927 185352
34472214 572135
39577928 303647
39577929 551301
1478416 718903
39577932 572136
39577933 244529
39577934 551302
39577936 303589
39577937 1287093
39577938 718904
39577939 303733
32841212 303733
39577940 303613
39577943 39577944
39577947 551303
39577948 833104
39577949 62628
39577950 572149
39577951 1940345
39577953 460632
39577954 460632
39577955 69533
39577957 69533
39577961 146943
39577966 304776
39577967 13268242
39577969 38005
472632 38005
39577971 38005
39577972 38005
491828 38005
39577973 39577975
39577979 231088
39577980 231088
39577983 231088
39577984 4502798
34387720 1051972
39577989 253762
1940360 432506
39577990 432506
39577991 39577864
39577992 811373
463968 146965
39577997 241782
774985 271401
39577999 2202040
34387721 34387720
741874 250669
39578002 39578003
3974180 3676338
39578005 39574990
1047740 410655
39578007 62506
39578008 265466
39578011 10246913
39578012 10246913
39578013 10246913
10246917 10246913
39578014 10246913
10246918 10246913
39578015 39578016
39578017 10246913
10246919 10246913
39578018 10246913
39578019 10246913
39578020 10246913
39578021 10246913
39578022 774854
3555280 3059991
39578024 61513
39578025 61513
39578026 61513
39578027 61513
39578028 61513
39578029 61513
241898 61513
39578030 61513
39578031 61513
39578032 61513
39578033 61513
39578034 61513
39578035 61513
39578036 61513
39578037 61513
729741 61513
39578038 61513
39578039 61513
39578040 61513
39578041 61513
39578042 61513
39578043 10235732
39578044 10235732
39578045 1475664
39578048 144785
39578049 66288
39578050 89292
39578052 487581
39578056 487581
39578058 271371
39578060 36527019
39578061 1235667
39578062 253904
39578066 139835
39578067 8334
39578068 8334
39578069 8334
39578070 8334
39578071 8334
39578073 1269690
249837 64710
39578074 456833
39578077 232365
39578082 1152688
39578083 39578084
39578093 39577543
39578098 2856053
39578103 247685
39578105 1277811
39578106 64684
249741 64684
29956928 29956925
39578107 478338
39578108 832758
39578109 832758
39578110 303334
39576545 366665
39578114 2420135
39578115 310302
39578117 241207
39578118 37672802
39578119 309471
39578123 66178
774991 271402
774992 271402
39578124 742172
1511058 739956
247303 64180
39578131 689419
39578132 834909
39578133 238758
39578134 74507
39578136 64654
39578137 64654
39578138 64654
39578139 177385
39578141 1277808
39578142 1824890
1527881 747747
732981 244374
39578146 3079886
39578147 3079886
39578148 34318782
39578149 4093839
39578154 835011
487806 154506
39578162 39578163
39578164 304510
39578165 451379
39578167 247474
39578168 10212414
431585 711594
39578169 271403
39578171 39578172
39578173 39578174
39578175 39578176
39578177 1475633
39578178 716482
39578179 2024090
39578183 39578182
39578184 232128
36443864 145581
259473 69603
39578187 14957323
39578189 1613207
34475779 34475780
39578190 34475778
39578191 34475778
39578193 1475660
1501311 729790
2225535 1351376
10217698 10217695
10217705 10217698
39578199 254054
39578201 1528210
2420159 1560300
39578203 1560300
39578208 10196759
39578210 1857901
39578211 1857901
39578212 1857901
1534970 754208
39578213 2503518
3172107 2503518
39578214 2503518
39578218 39578219
39578220 10237956
4360990 4270156
39578222 4270156
39578226 232384
1469834 711376
39578227 138138
39578231 10230902
39578232 10230902
39578233 39578234
39578236 753911
39578237 61511
39578238 61511
241879 61511
39578239 61511
39578240 61511
10212469 10212467
39578241 241334
1469811 711365
1469812 711365
39578242 89955
39578247 204398
1534359 258249
39578248 39578249
39578251 39578249
39578252 253912
39578253 774143
39578254 774143
15077987 712195
39578257 1512935
39578263 207171
31719601 47306
39578265 1134293
39578267 3755877
39578269 15031287
28819105 207151
39578270 250871
39578271 250871
39578273 1512963
39578274 1512963
39578276 12197
748210 254132
39578277 1534659
39578278 75034
269259 75034
39578280 39578281
39578286 259774
39578287 10218777
39578288 10218777
39578290 89953
39578292 849347
1663349 849347
36524822 62540
39578293 478347
39578295 34220585
39578296 89220
39578297 232109
39578299 39578300
1475566 716509
39578301 1264646
39578302 1264646
39578305 309503
39578306 39578307
39578309 15106567
39578310 90974
15114907 90973
39578311 39578312
39578317 39576837
39578318 306509
39578319 689418
39578320 711594
39578321 478356
39578324 39578325
39578326 1475472
522328 169038
39578328 775353
39578329 36410712
39578330 36410712
39578331 1152613
39578334 39578335
39578343 1171824
39578344 15111675
3573478 3085693
39578346 1347698
421318 421319
39578347 421319
39578348 10218211
39578350 39578351
39578353 39578354
39578355 39578354
39578356 3038599
39578357 1079935
39578358 88486
39578362 74449
737915 248111
39578369 39578370
39578371 1079870
39578373 841329
1652536 841329
39578374 841329
39578375 39578376
39578378 39578376
39578379 39578380
39578381 10229106
39578385 10229106
39578387 10229106
39578388 258965
39578391 33136381
1508077 737002
39578394 716476
39578395 716476
39578397 716476
4502829 4468418
31176596 31176588
39578400 39578401
39578402 34317064
39578407 244589
39578408 62537
39578410 62537
39578411 39578412
39578413 39578414
785262 277314
39578416 10236664
472942 150028
472943 150028
472943 472937
472943 472944
39578418 10239276
2746498 1974192
39578419 1475567
39578420 1475567
716510 1475567
39578421 241003
39578423 39578424
762718 155563
491507 155563
29741920 29741925
29741920 29741915
39578427 253823
39578428 241758
39578429 241758
39578430 241758
39578431 241758
3106009 2420136
39578432 2420136
39578433 39578434
39578437 305003
34455499 34455501
39578440 14938665
39578441 14938665
39578442 32936211
39578443 1469813
39578445 39578446
753916 258996
39578454 2420075
1560151 775258
39578456 35050091
39578458 35050091
39578459 1560266
39578464 1661926
39578465 1661926
771328 74703
39578474 716615
39578476 89321
39578479 774946
39578483 2849508
1501293 729726
39578489 39578490
729275 241201
14946163 14946159
39578491 468053
39578495 15075023
39578496 231088
737759 248027
39578497 463367
778452 273487
39578500 185070
39578502 249384
39578503 1810724
2125272 1245961
753947 259007
39578507 259007
39578510 259007
13372277 13372274
39578512 13372274
39578513 238768
39578514 838858
39578515 39578514
39578516 834202
3067448 2374956
39578518 1118564
39578521 200983
39578522 200983
39578523 200983
737870 248110
39578524 457034
39578526 88801
39578529 253913
39578530 253913
77042 13565
39578531 13565
34257818 410340
39578534 66122
39578536 134031
291458 85054
39578537 2500512
39578539 233932
39578540 233932
39578541 233932
39578543 66228
39578544 423423
39578545 423423
39578547 273597
39578549 1566732
39578551 89323
39578552 89323
1275807 552661
39578553 277268
39578554 177386
39578557 62618
39578561 39578559
39578564 39578565
1652132 840809
1652133 840809
39578571 366764
809457 291201
39578572 1475483
39578573 739468
39578574 247364
1128498 463367
39578576 1512842
740451 249380
39578577 1120733
34261028 740592
34492034 740592
39578578 277157
1978165 1106313
1511353 740298
740258 249284
39578580 249321
39578582 232129
1223250 520622
39578583 55953
34365102 43740
39578584 618032
39578586 39578588
1161012 484210
39578592 519319
39578595 39578596
780514 275223
39578599 275223
39578600 275223
39578602 275223
39578603 238764
39578604 238764
726180 238764
1495217 238764
39578605 238764
3043753 2346021
39578607 238803
39578608 238803
39578609 238803
39578610 238803
181762 43658
39578611 249056
39578614 10895624
10895617 1802839
39578615 1079936
39578617 233936
39578619 233936
1820184 233936
32870941 1503870
39578621 304914
39578622 1287086
39578623 732579
36527677 732566
39578624 1288660
39578625 88363
36525642 244211
36517632 36517633
39578626 61264
39578627 61264
39578630 472931
39578632 726266
39578633 726266
39578634 726266
39578636 274041
39578646 2885800
39578647 1466926
39578648 729631
1501248 729631
729479 241497
1501201 729514
39578649 17891
39578650 1272443
39578657 244083
273806 77043
39578658 742133
1512938 742133
39578659 712112
1469776 711361
39578660 711377
39578661 711377
39578662 601477
15114829 15114824
39576857 15114824
39578663 15114824
2331376 1461343
39578671 64842
39578672 572129
259390 69586
39578673 39578674
39578681 39578674
367356 111940
31770198 111940
39578683 1152642
753023 257921
39578689 3729198
39578692 1066905
39578695 244636
39578697 511684
39578698 511684
39578700 834113
39578701 39578702
2365413 1501209
39608689 82499
39608690 39608691
39608693 76905
39608694 39608695
39608696 3663216
305112 89072
8831938 8831931
39608697 269296
39608698 269296
169039 40822
39608699 39608700
29744415 29744416
1495383 726377
1495384 726377
39608704 753372
39608705 747913
1495379 726369
39575083 39575078
39608708 472941
39608709 2202044
39608711 204404
725701 238573
39608713 238573
238890 58644
3033556 2331366
725702 238574
8831939 8831932
8831940 8831932
4465315 4419584
4465316 4419584
28713305 28713304
39608714 39608715
39608719 39608720
34344804 34344801
39575081 39575076
2168628 1291438
2856105 2106310
39608724 2106310
4508780 4475432
39608725 39608726
291620 85083
291620 291621
39608727 39608728
39608730 232941
39608731 57336
39608732 75197
3036708 2335999
2335992 1466919
39576155 618027
39608733 39608734
39608735 39608734
31177569 31177567
39608736 1173926
39608739 39608740
39608795 491675
775003 271404
39608797 10217583
4316695 4200629
39608798 39608799
39608801 276901
39608802 432509
39608804 4033393
10216160 10216148
39608805 10216148
39608806 771806
39608807 1152684
2856106 2106311
37515996 2500516
39608808 241005
39608809 279740
39608810 155534
39608811 34496086
39608812 269255
39608813 15846884
39608814 612462
39608815 2106276
39608816 732805
39608817 155581
39608818 1652120
39608822 1560276
39608823 274039
39608824 1048886
2336005 1466927
39608826 39608827
2494774 1652163
1652086 840772
39608828 39608829
3166243 2494780
1652081 840771
2494775 1652164
34352306 34352304
39608833 82498
39608845 39608846
39608849 1575582
3067391 3560299
39608851 250601
3725104 250601
39608852 250601
39608853 39608854
39608855 273994
39608856 177401
39608857 39608858
39608860 771799
39608861 269288
1652148 840811
1652149 840811
4006725 3727662
738386 248245
39608862 248245
39608863 39608864
39608865 17358
39608866 35782693
39608867 35782693
4560088 748234
39608868 725130
39608874 732883
3847445 4084313
39608877 258240
39608879 14589361
39608883 1500813
39608884 1138585
39608885 10217090
39608886 10217090
39608887 238638
39608888 19721
3036706 2335997
1646069 835534
39608889 1469728
39608892 737792
39608893 247282
3166229 2494750
39608894 3059978
39608896 10218015
39608897 305004
3036710 2336002
4567953 4550623
39608898 88263
39608899 726375
39608901 259001
10240776 10240756
39608902 15093726
15093734 15093726
39608903 29741915
810084 291622
5019243 5019222
39608904 39608905
2776842 2010245
238891 58645
1652202 840826
725144 238418
34450911 1497284
34277254 1497284
39608912 59033
39608914 495420
4352675 4257155
39608915 66282
38013363 38013362
39608917 258966
778700 463902
1652200 840822
35570650 840822
39608919 31176838
774902 271381
1061182 421447
809455 291200
39608920 269287
39608921 269287
39608922 13429151
39608923 64806
39608924 58646
39608937 304376
39608938 249782
39608939 2229228
64196 8321
64197 8321
39576761 4502844
39608941 1644480
39608942 4502811
810086 291623
39608948 291623
39575641 39575640
39608949 39608950
39608951 1645342
39608952 305069
39608953 840808
39608957 88351
39608958 88351
34425389 10252538
39608959 303622
273520 76883
273521 76883
273522 76883
7800243 293568
39608961 39608962
39608963 39608964
39608965 17296
39608966 39608967
34413951 34413949
39608968 464575
39608969 39575716
39608970 810075
39608971 810075
39608972 39608973
810167 291708
39608974 2010246
39608975 703362
810088 291624
39608979 39575738
1612131 810090
39608980 740008
774894 271378
39608981 271378
39608982 144822
39608983 273587
39608984 39608985
39608986 39608987
39608989 711378
39608990 4202436
39608991 3106010
3106019 2420146
1278516 555233
39608992 39608993
39608994 4317841
39608995 39608996
39608997 39575784
810091 291625
4529554 4502799
39608998 31770208
39608999 39609000
39609001 4502800
39609002 10217108
39609003 39609004
39609008 259550
39609009 39609010
39609011 1469784
31176818 31176816
39609012 3106003
39609013 58647
39609014 737762
3166213 2494725
1612133 810093
39609015 1290466
39609016 1804470
459516 145662
39609017 278753
39609018 775251
64808 8327
36526659 62514
39609019 291304
39609020 291304
809633 291304
809599 291298
39609021 64268
39609022 1060496
39609023 39575807
39609024 39609025
39609027 732974
39609028 241208
39609029 964521
39609030 39609031
39609034 61007
39609035 76903
39609036 2154504
39609037 4431582
39609038 2856084
809609 291299
39609039 64253
39609040 64253
39609041 88712
39609042 249579
809642 291305
39609043 1612122
1612122 810070
834024 304400
1611874 809692
2461636 809692
39609044 1350612
39609045 74702
39609046 35051704
39575927 85887
293651 85887
39576727 85887
39609048 3755896
1559806 774855
1559812 774856
291683 85089
809460 291202
291604 85080
39609049 10217125
39609050 10217125
39609051 2461643
1559876 774911
809989 291565
291685 85090
39609052 39609053
39609054 39609053
291687 85091
1559939 774973
1559942 774974
810169 291709
39609055 1257762
39609056 1257763
39609057 2748826
39609058 1978153
39609059 1534370
39609060 596984
39609061 10217804
2461605 1611780
809461 291203
39609062 12012922
809645 291306
809646 291307
809647 291308
809651 291309
39609064 810099
810100 810099
809580 291296
39609066 291296
809657 291310
39609068 39609069
39609072 4529605
39609075 1508079
1570686 784201
421965 421947
1501303 729758
291492 85060
11065355 11065357
291697 85092
812884 293652
39609077 463928
39609080 268939
39609081 1219772
1652205 840827
1494367 725131
1494368 725131
39609085 307273
39609086 39609087
39609088 12166095
39609089 17423
39609093 1469777
39609094 13368364
39609095 39578680
39609096 10216124
39609097 10216124
39609098 65309
39609099 39609100
39609101 39609100
39609102 8322
39609103 8322
39609104 8322
1534558 753778
39609105 840812
729769 241933
37672978 244375
39609109 271405
775013 271405
91130 249679
39609110 64634
39609112 17303
39609113 17303
39609114 17303
39609115 246912
39609116 144766
39609117 144766
39609118 4383
181595 4383
39609119 10259145
39609120 31915554
39609121 834343
39609122 13350893
39577977 39577975
39609124 39609125
39609126 39609127
291495 85061
39609128 31690
39609129 15051689
39576109 39576108
1559994 775051
39609130 3409716
3798860 3409716
39609131 3798860
39609132 82526
770773 268683
39609133 809983
809661 291311
39609134 964865
39609135 39609136
39609139 39576042
39609140 1060512
1612126 810076
39609141 39609142
277337 78830
2461622 1611821
1611792 809600
39609145 809600
809662 291312
809664 291313
809665 291314
1611777 809589
1611778 809590
809612 291300
1611781 809591
1611822 809618
2855692 2105764
39609146 13499574
2008980 1137365
39609150 273123
39609151 39609152
39609153 39609152
3307649 2714581
39609155 39609156
28724945 28724940
39609157 88490
39609158 39578055
31176820 31176819
253937 253938
253937 253939
253937 253940
253937 253941
38280408 783672
39609159 309466
39609160 39609161
39609163 1079929
809462 291204
291698 85093
291703 85094
291612 85082
1611830 809622
809463 291205
291705 85095
39609164 69281
291710 85096
34372444 15988
39609165 39576183
28622107 28622102
618028 1356869
39609167 2500517
36329090 36329087
39609169 4965467
725698 238570
39609170 432517
39609174 10251053
39609175 137517
771282 268959
39609176 249476
39609177 56730
39609178 39577726
39609181 711379
39609182 238639
39609186 39609187
39609187 15114831
39609188 4605909
39609189 39609190
39609194 64198
39609195 736995
39609196 1470696
39609198 2702508
39609199 58641
39609200 716482
2332182 1462064
39609201 165400
39609205 39609206
39609209 39609210
39609213 10664330
3167909 2498310
39609214 307210
39609215 66285
254245 66285
39609216 39609217
39609218 736943
291712 85097
3616816 85097
1612127 810081
39609219 39609220
2461626 1611833
1611831 809623
1611793 809601
1611796 809602
1611798 809603
1611771 809581
1611832 809624
2461614 1611794
1611834 809625
39609223 258992
34443169 34443166
3036707 2335998
39609224 840820
2494777 1652165
4110166 3887987
39609226 1652115
3166214 2494726
2494795 1652183
39609230 39609231
39609235 64034
39609236 1292206
39609237 34268954
39609238 1976128
729784 241947
39609239 3065486
1654896 844195
1560146 775253
39609241 1143781
736768 247310
39609243 17424
39609244 2494718
39609247 739977
39609248 1175548
514032 163541
39609249 39609250
39609251 39609191
39609252 39609253
788598 1575598
37705993 37705987
39609257 478336
39576339 39576335
39576340 39576336
35049956 35049955
32994545 32994542
2089752 1213657
10217640 10217638
2419827 1559813
2419832 1559818
39609262 1559798
2419811 1559798
774953 271390
775015 271406
1611835 809626
39609263 1048881
39609264 4423866
39609265 175507
1138586 470113
39609267 65308
37706021 37706024
38339026 38339029
39609268 17425
39609270 39609271
39609272 775004
39609273 1246025
39609274 39609275
43741 182078
39609276 39609277
39609278 39576413
39609280 39609281
39609282 65355
39609283 1444421
39609284 258996
39609285 476637
38017296 38017301
39609286 10217126
39609287 10218011
39609288 2783442
39609289 29741916
39609289 29741941
29741942 29741916
29741942 29741941
38280729 244292
39609290 4468374
39609291 1268825
774908 271382
39609292 61110
31177057 31177054
39576472 39576470
2360323 1494910
39609293 246918
39609294 15114830
39609295 15114828
15114845 15114832
39609296 4529610
1559819 774857
1559822 774858
1559874 774910
2419846 1559875
775016 271407
1559982 775022
1559988 775036
1559990 775037
774954 271391
1559932 774956
2419820 1559807
1559824 774859
809666 291315
809667 291316
1611850 809643
39609297 291669
1612155 810143
2461617 1611801
1611802 809608
3140827 2461618
291714 85098
1559936 774969
775017 271408
1559825 774860
1559827 774861
1559828 774862
1559829 774863
1559869 774903
775020 271409
3105739 2419812
775023 271410
39609298 809902
39609299 291508
39609300 291509
1559830 774864
812865 293649
39609301 293649
775025 271411
1611836 809627
2419845 1559870
1559871 774904
1611825 809619
1559933 774957
291719 85099
775026 271412
1559945 774975
1559946 774976
2419813 1559799
39609302 39609303
39609305 115575
38280294 88759
39609309 711360
1559879 774912
30830972 2841999
29741941 15988
39609310 29741941
39609311 29741941
2371552 1507984
39609312 514161
39609313 10664325
39609314 10664326
39609315 39609316
39609317 10664328
1559947 774977
1559881 774914
1559948 774978
39609318 1292224
39609319 1612002
1559882 774915
39609320 774915
39609321 774915
774993 271402
39609322 809805
2419907 1559934
1559935 774958
39609323 44074
2392913 1534741
39609324 43810
259039 69537
39609325 181596
39609326 10216768
31176729 165385
39609327 3178047
39609330 62482
39609331 810030
809999 291566
291721 85100
810001 291567
810003 291568
39609332 291636
810104 291636
39609333 66116
39609337 66116
1501064 729459
39609339 4257159
809466 291206
39609340 85083
291637 85084
10217151 10217124
39609341 85067
39609343 85101
291723 85101
3172104 2461648
291652 85085
291532 85068
809628 291303
2461656 1611886
291725 85102
291726 85102
774916 271383
291730 85103
39609344 34257049
291732 85104
4423907 4360987
39575416 39575414
774959 271392
39609345 117533
39609347 39609348
1612089 810035
3140921 2461782
2461781 1612074
2461783 1612075
1612067 809990
1612069 809991
1612093 810036
1612071 809992
1612073 809993
39609349 711380
39609350 39609351
39609352 39609351
39609353 39609351
39609354 64284
39609355 39609356
39609358 39609359
39609360 39609361
39609362 39609363
39609364 1227755
15071348 69605
291733 85105
2461843 1612165
810173 291711
39609365 2856074
35050099 35050094
39609366 809545
39609367 39609368
39609368 39609186
39609369 775052
39609370 2419894
3588329 3105783
3619011 3144024
3105772 2419879
3619012 3144025
291735 85106
2419814 1559800
1611840 809634
810094 291626
1615391 812885
1611775 809585
39609372 39609373
1611827 809621
3105746 2419848
39609374 39609375
39609376 39609377
39609378 2419828
2461629 1611845
812890 293653
1559973 775005
291738 85107
39609379 39609380
1559960 774990
1615367 812873
291740 85108
39609381 1559961
1559974 775006
39609382 4529642
3105741 2419822
809668 291317
1615362 812866
1611841 809635
1611766 809575
39609383 39576686
3588309 3105747
39609384 4567963
39609385 4567963
1559834 774866
1615368 812874
1559949 774979
1611858 809658
39609386 271414
39609387 4550635
4616179 4605906
1611854 809652
1611879 809698
1611842 809636
3140843 2461644
2419883 1559910
1559792 774849
1559898 774932
2419888 1559915
2419823 1559808
291742 85109
39609388 774905
1559873 774905
1559975 775007
39609389 39576697
812892 293654
291744 85110
2461665 1611900
291747 85111
39609390 34417466
39609391 774964
291749 85112
39609392 39609393
39609394 39576704
2419815 1559801
1559794 774850
2461607 1611782
39576708 39576707
1559981 775018
809670 291318
291752 85113
2461635 1611857
1611843 809637
1559836 774867
1615369 812875
1559967 774994
39609395 774994
39609396 1559839
2419839 1559837
1611864 809679
1611853 809650
39609397 271395
39576714 39576712
1611799 809604
1611750 809546
1611878 809694
39609398 4468431
39609399 4468431
1559789 774846
1615393 812886
2419915 1559950
39609400 39609401
2465189 1615382
2419819 1559804
812893 293655
2419849 1559877
1611865 809680
4502833 4468433
39609402 39609403
1559838 774868
39609404 4529641
39609406 291510
1615363 812867
39609407 39576741
39609408 39576743
1611752 809547
812894 293656
2419805 1559790
39609410 39609411
809671 291319
39609412 1559996
1611776 809587
1611866 809681
2419824 1559809
39609414 4468434
39609415 4468434
39609416 4582732
39609417 775054
1559951 774980
39609418 39609419
1559978 775008
3616733 3140841
39609420 809548
3105789 1559954
810064 291613
39609421 39609422
1611767 809576
3919130 3588311
39609426 34257051
2419830 1559814
39609427 39609428
4550655 4529611
39609430 39609431
1611846 809638
775034 271415
1615372 812876
1615373 812876
39609432 4468515
4502831 4468419
774970 271396
4582737 4567967
4582737 4594861
812895 293657
1615378 1615379
1615379 812877
4594857 4582726
1611787 809592
39609433 39609434
2419817 1559802
3105740 2419821
34402602 3105761
1611768 809577
1559796 774851
39576720 39576718
39609435 4468420
1612083 810026
1615380 812877
2338729 1469755
39609436 39609437
1611856 809653
39609438 809549
4529597 4502834
2419808 1559793
1611859 809659
1611860 809660
35050102 35050097
2419890 1559916
39576783 39576780
4571968 4555053
39609439 2338760
39609440 39609441
3105763 2419873
1559920 774945
3919247 3588432
39609442 39609443
39576790 39576788
3410169 2856107
1611747 809544
809672 291320
39576057 39576056
1612009 809838
39609447 39576755
1611769 809578
1611851 809644
39609448 747865
809674 291321
35050100 35050095
39609450 3799289
39609451 39609452
259010 69534
39609453 39576836
3105774 2419880
39609454 4468411
39609455 39609456
39609456 809977
39609457 238767
291755 85114
1611868 809685
39609458 3140844
1615396 812891
39609459 1611848
1612129 810082
4571972 4555056
2419877 1559907
39609460 17302
39609461 39609462
4508410 4475044
39609466 13429154
3835975 3463923
809676 291322
10218112 10218101
4431577 4370287
39609467 39609468
39609469 810077
39609470 39609471
39576858 39576856
2419892 1559917
4555060 4534958
39609474 39609447
4270182 4129581
39609475 249488
1615381 1615378
29774776 29774764
39609476 39609477
3140852 2461666
291758 85115
39609479 247425
39609480 39609481
39609482 1161696
39609483 809710
1611788 809593
1173812 491902
39609484 1555628
39609488 35052191
39609489 753810
39609491 13499594
291759 85116
291761 85117
809733 291376
291768 85119
291770 85120
291772 85121
291775 85122
39609492 39609493
810208 291793
39609495 1611985
39609496 1611985
291779 85124
291781 85125
291784 85126
291787 85127
2046769 1174193
39609497 247482
39609498 1161701
39609499 1161701
39609500 780510
39609501 39576907
809468 291207
809469 291208
809470 291209
39609505 10197777
39609506 39609507
39609509 39609510
39609511 39609512
1615383 812878
39609513 39609514
65356 38149
39609515 39576958
39609516 613423
39609517 39609518
13526632 13526629
1987304 1115403
39609519 39609520
39609521 39609522
39609523 1507991
39609524 478348
39609526 1460557
39609527 618057
39609528 39609529
39609530 39609531
39609532 1663368
3172101 2503514
3060161 2365408
39609533 39576991
39609537 429960
39609538 39576009
1611703 809445
39609539 39609540
3056818 2360594
12427783 64199
39609544 702732
39609546 1510851
729460 241485
39609547 247500
39609548 432518
39609552 10218016
39609553 491508
1062335 422083
39609554 4256108
39609555 491982
39609571 29741942
39609572 29741942
39609573 29741942
39609574 1289318
39609575 238806
39609577 31176683
708001 230214
39609579 39609580
39609583 2005953
39609584 1663373
39609585 1534371
39609586 1534371
1062372 422086
39609587 90650
39609588 39609589
841330 308504
39609593 10217940
39609594 10218257
1444425 689410
39609595 31176702
39609596 39609597
28680257 3799290
39609600 3755897
39609601 22281770
39609603 88312
39609604 702768
39609605 13379535
39609606 1466118
8831933 8831926
39609607 39609608
39609609 39609608
1615394 812887
1615384 812879
39609610 90635
809677 291323
809678 291324
809695 291324
2461608 1611783
1611870 809686
39609611 253839
39609612 3410155
39609613 39609614
39609615 88559
268561 74466
39609616 753933
39609617 250270
39609618 39609619
39609620 2367915
39609622 835157
39609623 1611885
809472 291210
13494230 13494224
39609624 10196754
39609625 39609626
39609628 232380
2089693 1213636
39609629 39609630
39609631 165391
39609637 39609638
39609639 39609638
39609640 39609638
39609641 39609638
306593 89956
39609642 69648
39609643 33849622
39609644 1287087
39609645 1504106
2461720 1611996
39609646 89264
39609647 753796
39609648 39609649
39609654 56567
39609655 254254
306576 89949
39609656 1470091
39609657 3038654
39609658 62597
39609659 835192
1645582 835158
39609660 833626
39609661 833626
39609662 833628
39609663 833628
39609664 1644186
39609665 248067
39609666 39609667
39609668 838858
39609669 838858
1277830 554781
4468400 4423863
39609670 17847
39609671 739350
39609672 833624
39609673 238800
39609674 238800
39609675 238800
1511018 739827
39609676 595311
39609678 88806
548125 178293
39609679 39609680
3591646 3921496
12296813 3921496
89673 17426
39609686 39609687
249685 64677
39609689 62604
39609690 250176
39609691 2426090
39609692 39575639
1559989 271416
775038 271416
708221 230329
39609693 711364
39609694 291823
39609695 254030
39609696 58600
39609697 65299
39609698 711357
39609699 2461579
35049376 35049375
39609700 1527927
39609701 2335602
39609702 2335602
809682 291325
809683 291325
1559840 774869
775041 271417
34443176 34443169
37706085 37706081
39609703 1356807
39609704 291293
809579 291293
291549 85073
809687 291326
39609705 291352
39609706 291352
39609707 780511
39609708 4468399
39609709 10243543
291789 85128
2461577 809434
291657 85086
291794 85129
775042 271418
775044 271419
39609710 39609711
39609714 65352
291556 85074
39609715 291457
1292221 576410
39609716 291618
291810 85130
809481 291211
291815 85131
39609717 85087
291670 85087
39609718 39609719
39609721 3062255
259614 69650
39609722 39577359
1645580 835150
834090 304473
258960 69532
3058099 2361946
39609723 846595
39609724 238705
39609725 17252
39609726 274037
39609727 39577370
39609728 303339
1282775 732928
39609729 10218022
39609731 39609732
39609733 39609734
39609735 39609734
39609736 1553506
39609737 1553506
39609738 981523
28711341 28711340
39609740 39609741
39609742 10240770
39609743 64921
753868 258987
39609744 1527941
774981 271398
1062345 422085
39609746 39609747
740301 249311
39609748 821187
39609750 39609751
39609752 747859
1213644 514880
39609754 244299
4083577 3845658
305244 89274
39609755 3552793
39609756 39609757
2225600 1351403
39609759 13628
39609760 13628
39609761 13628
1172061 491379
1172061 2044136
39609762 39609763
39609766 39609767
39609768 13530841
39609770 753822
4468435 4423867
39609772 39577527
291824 85132
39609773 291212
4580595 4565284
39609774 1553507
39609775 1553508
39609776 238640
39609777 39609778
39609780 39609781
39609782 163527
39609787 1475646
39609788 1652477
39609789 249580
1534640 753826
39609790 2495088
39609791 1534372
39609792 34451630
39609793 34443171
1317638 2188506
39609794 15988
726235 238785
39609795 39609796
39609799 292182
618035 207158
39609800 30901371
39609801 39577594
39609802 4317842
775046 271420
39609803 271420
39609804 3169654
1213658 514881
2839278 2085494
1559992 775047
14589368 14589365
39609805 305033
39609806 729468
39609807 248948
39609808 305408
39609809 39609810
39609811 39609810
39609812 73499
39609813 88844
39609814 39609815
39609816 39609817
39609818 17427
39609819 291615
810069 291615
39609820 39609821
35050101 35050096
39609823 14535765
775055 271421
39609824 2426081
39609825 716471
39609827 305279
39609829 1220364
39609830 1220364
39609831 1220364
39609832 1220364
39609833 1220364
39609834 2836565
39609835 39577645
39609836 39609837
39609838 39609839
39609840 39609841
39609842 741868
39609843 39609844
1560004 775073
39609845 1047969
39609846 747958
810268 291964
39609847 10239590
1560149 775256
39609848 15107425
39609850 39609851
39609852 266132
39609854 308516
3106005 2420134
39609855 147746
39609858 92486
39609859 31767973
39609860 15110559
39609861 10239630
39609862 39609863
13379544 13379543
39609864 39609865
39609866 703792
1560150 775257
43742 43721
1470104 711603
39609867 747740
39609869 601475
39609873 601475
39609875 88497
39609876 1338119
703363 227988
39609877 227988
39609882 39609883
39609884 10231020
39609885 2494760
39609889 10231116
1643336 303340
39609890 1220365
39609893 1220365
39609894 1220365
39609895 729346
3588421 3106006
39609896 17313
514033 163542
39609897 10217203
39609898 1257764
1559995 775053
39609899 774895
39609900 6652
39609901 39609902
39609903 39609904
39609905 39609906
305222 89239
39609907 241379
729348 241255
39609908 612434
39609909 39609910
39609911 39609912
736910 247477
241478 61145
1570823 784314
1501308 729768
39609918 39609919
39609921 39609922
1466928 708240
1470105 711606
39609923 34443470
39609924 522641
39609928 433275
39609930 75050
39609931 34472602
1652166 840813
291412 85047
39609932 85055
39609934 4764685
39609939 4764685
24403730 10218109
39609944 1575583
39609945 702730
39609946 39609947
39609948 66247
271422 76271
39609949 1535208
2488279 1645583
39609951 754503
835164 305214
2488285 1645618
39609952 1653900
39609953 612460
39609954 612460
39609955 1257778
39609956 69533
39609957 2495090
28586815 28586816
39609958 39609959
39609960 64274
39609961 39609962
4529553 4502798
10218105 10218097
2420073 1560144
39609964 775048
4062622 181579
39609965 241319
703793 228255
1559844 774870
39609966 432506
39609977 10216161
249385 64642
39609978 774341
2361934 1497118
39609979 10246913
3542347 3038590
1559805 774854
1534697 753840
39609980 10235732
39609982 10235732
39609983 39609984
39609986 10234767
39609988 232386
39609989 253904
2338744 1469796
39609990 1258246
39609991 1805600
2343646 1475495
39609992 1060497
2338739 1469761
39609993 10235621
39609994 303323
39609995 39609996
39578097 39578094
39609997 247545
39609998 32711082
39609999 1470701
39610000 39610001
39610002 39610003
39610004 232366
3106007 2420135
809482 291213
39610005 809520
39610006 247058
2419853 1559885
39610007 39610008
39610009 39610010
39610011 964890
39610013 3250199
39610014 2392851
39610015 238758
39577646 39577647
39610016 747747
39610017 39610018
39610020 711622
38259717 34318782
39610021 1922123
39610022 133086
39610023 133086
39610024 241232
11274058 11274061
39610030 39610031
39610036 15045315
39610037 39610038
39610039 811374
39610040 259439
2419898 1559923
39610041 89014
39610042 39610043
39610044 39578182
39610045 964529
39610046 250779
39610048 303322
291559 85076
2225536 1351376
39610049 15110740
39610050 1152690
10239040 10239038
39610051 88483
39610052 10196749
39610054 39610055
39610057 2503518
3172108 2503518
39610058 39610059
39610060 10239240
39610062 39610063
39610064 39610065
39610068 4423872
39610069 775259
39610070 254257
39610071 39578234
39610072 15115533
39610073 39610074
39610076 39610077
39610078 39610079
1558735 774149
238900 58650
39610080 774143
618056 207173
39610081 1650301
39610082 3755877
39610083 1512964
39610084 1134284
39610086 3755878
39610087 2208142
277265 736233
39610088 10236163
840775 308078
10240791 10240788
39610089 39610090
39610092 39610093
39610095 89953
39610096 39610097
39610100 89220
39610101 89220
39610102 2338731
39610107 716641
39610108 39576837
39610109 10228804
11163824 11163820
28719077 28719076
28711647 28711641
28711648 28711641
39610110 39610111
39610121 39610122
39610123 39610124
39610125 612450
39610126 39610127
39610129 36410712
39610130 77185
1669411 854858
39610134 39610135
39610137 10217713
39610138 39610139
1661911 847847
39610141 39610142
39610143 10231210
39610144 849354
39610145 31082126
1061078 421319
291288 85036
39610146 39610147
2166843 1289319
39610148 4468412
39610149 3106008
39610150 3042540
39610151 88486
39610152 38343379
89677 17428
39578372 1079870
39610153 39610154
39610155 39578376
1560154 775260
39610156 39610157
39610158 1074405
39610160 74698
774933 271388
39610163 271388
39610164 31176588
1559971 774999
2083306 1206762
39610166 14937446
835155 305210
39610167 3410116
39610168 3410116
39610169 39610170
39610171 39610172
39610173 259330
15076395 309491
39610174 13297
39610175 13297
39610176 39609681
39610177 15025974
747982 253823
39610178 241758
729632 241758
39610179 39578434
39610180 39610181
39610185 89958
39610186 39610187
2338746 1469797
39610188 39578444
39610189 39610190
39610192 35050091
36687517 36687513
39610193 39610194
39610195 835012
1559924 774946
1559970 774998
39610196 1527864
39610197 39610198
291827 85133
29808589 165389
775000 271403
39610199 39610200
2374861 1512661
39610201 39610202
39610203 39610204
39610205 15075024
39610206 250753
39610207 126113
39610208 204396
39610209 204396
39610210 269291
754212 259392
291459 85054
39610211 833974
39610212 1566732
39610213 39610214
39610215 39610214
39610216 10662117
39610217 169041
39610218 964866
809484 291214
39610219 1470692
39610220 207145
39610221 1330389
39610226 249772
39610227 1118258
39610228 739669
39610229 39610230
39610231 43808
39610233 250790
2423892 1564958
39610234 4901399
39610236 519319
39610237 519319
39610238 238803
39610239 148910
39610240 148910
39610241 304520
39610242 304520
39610243 304520
39610244 304520
39610245 304520
39610246 304517
39610247 34443468
39610248 43812
39610249 833986
39610250 2508811
39610251 2508811
2336003 1466926
39610252 3058244
39610253 58651
39610254 77177
39610256 77177
274032 77177
39610257 77177
39610258 77177
39610259 77177
39610262 77177
259516 69610
39610263 1926705
39610264 39610265
39610266 39610265
39610267 247542
39610268 244083
39610270 244083
39610271 742133
778672 273690
39610272 712112
39610273 711381
39610274 601477
15114834 15114824
39610275 88255
39610276 39578674
39610277 39578674
39610278 15843099
39610279 65307
39610280 511684
1206763 511684
39610282 736329
39610283 111950
