9674779 104531
9674920 11712
9674952 8361
9674975 3477569
9674992 397136
9675040 296965
2176574 652098
9675068 179292
4778660 764554
9675168 346399
9675204 130350
9675257 65479
9675277 1088397
9675300 135881
9675377 927242
9675418 269110
9675440 255499
9675581 785223
9675604 98512
9675630 1056326
9675733 249912
2838881 66696
9675878 465047
9676043 85916
9676171 165477
9676213 353087
9676229 587007
9676293 686816
9676322 242203
9676386 636304
9676439 996156
9676465 54189
9676513 160825
9676649 201429
9676792 5460
9676845 462448
9676894 594738
9677038 848383
9677626 249861
9677960 12103
9678298 115808
9696222 884387
9701018 1731072
9702050 358958
9706738 53047
9719295 355576
9719816 325408
932265 293444
9729684 41920
9729718 190353
3642973 936619
9730043 1724799
3218167 52570
9730889 866081
9730976 443681
9731029 232428
9731114 2295384
9731258 362061
9731537 42294
9731564 83208
3350315 3762761
9731688 342871
9731792 364578
9731859 48622
9731978 202546
9732282 329929
9732307 483980
9732318 216938
9732609 694194
9732635 98089
9732690 464941
2122261 109872
9732863 6833
9732943 830913
9733136 51910
9733271 578891
3914594 36476
9733331 1401463
9733345 102231
9733487 216940
9733527 388501
9733542 377344
9733580 94383
9733814 200830
3076996 60920
9733927 450824
9734188 214397
9734255 135453
9734300 392580
9734413 105529
132274 122363
9734769 344565
9734827 1600822
9734953 114870
9734974 2390417
9735073 736761
9735125 658705
9735484 97203
9735578 349596
9735676 859277
9735718 35462
9735743 1551510
9735825 249930
2077343 311572
9735874 328099
9736147 7445
9736206 71836
9736239 1076384
244754 287247
9736543 900925
417060 207621
9736731 328731
9736739 275969
2917088 189212
9736751 162976
9736838 539195
9736873 361804
8856470 2480207
269863 99584
9736979 341221
9737023 108981
9737118 198691
9737135 8730
9737150 649391
3669375 397390
281874 367800
9737887 330373
9737911 505679
9737929 101444
9737983 567937
128742 76810
9738078 818653
9738119 2025426
9738204 186085
9738271 491090
9738292 332391
9738339 78386
9738363 963659
9738397 305515
9738447 137740
137891 430834
4972667 36477
9738942 100132
9738990 416297
9739040 299824
9739226 96823
9739371 102299
9665269 19308
9740066 652023
9743426 758073
9744702 672299
9744733 457804
4951042 196376
9745695 117456
9746435 484753
9748331 342138
9748590 8523764
9748610 94380
9754707 58228
9754811 939453
9756192 357066
9756595 251884
9756782 5196084
9757092 295146
9757126 117407
9757254 129322
9757339 832123
9757685 129285
777870 323991
10097473 87884
4214007 87924
10097515 83932
10663491 20727
5000209 1016955
11657890 38020
11947207 150326
12218035 168952
10345297 219889
791578 101381
173196 1516
4377225 196550
13270032 154096
281877 65892
13287773 219479
13291333 343397
13291361 167107
772258 549880
13291630 279574
4936629 136229
13294141 226592
13294865 167536
13295034 318144
13295078 402990
4132822 49394
13297287 995633
13299751 1452920
13299927 65704
2264959 95194
13300033 598860
13300413 237895
13300622 197487
13300732 251545
13301421 589645
13301568 330019
12588462 670130
4734257 552679
722752 131310
13303830 345589
13304369 332850
13305023 1030815
1646019 395464
9736791 545875
1374444 343732
10667180 389371
722753 505209
13305993 36218
13306479 35775
13307045 916940
13307622 460251
10605450 157312
13308037 642955
13308069 51065
13309223 55531
1067289 526498
846046 390412
13312001 129033
13312053 500310
13312351 154224
13312918 879616
13314269 126396
3698817 126761
13314442 64902
13314490 589105
13315515 508258
13315543 325022
4802724 461364
13316499 989719
13317463 785401
13320739 31451
6942026 109822
13325334 38891
13325783 86095
13326905 332572
13327007 500885
13327030 308672
13327450 96241
13327640 884908
791580 96571
13330835 344610
13331796 344794
3860483 237419
13334458 53079
13334482 18252
2660869 959777
13339815 93596
13342279 322284
13343179 346667
13343816 21987
13345608 353353
3160090 219986
13347712 31081
13348705 297380
9948074 221493
13349187 157843
13349725 217566
13349876 27081
13350453 222322
13351192 53496
13351793 623293
13352014 461702
3212259 673062
4963466 963531
2787426 500810
3212260 675375
13355504 4412
2321910 874199
13358795 655449
13359082 180837
13361321 39295
1807018 324699
13365922 197794
13368986 67201
13370632 56116
13371263 1308010
13374155 41910
3218170 981998
13382931 98994
13386643 848933
13387195 10678
3895075 393742
13412694 98713
13414619 158897
13432344 227537
13489704 17883
13503153 29137
13506879 297829
13513378 98934
13513597 427351
13517958 127867
14763339 67340
676870 49453
14766867 57570
14766961 913812
14770325 49455
14770429 76693
14770621 1851051
5639111 94446
14772340 349598
4821853 1047617
14772456 944060
14772942 447721
14773153 134199
13406220 642640
14775612 315341
14775747 368097
14776524 230037
14777823 423315
14776543 94102
14778420 1052183
14882011 152377
14882144 98895
986305 30991
14883359 328780
4994145 35308
14886857 332576
14887038 754170
14888150 342726
14888640 92988
9754917 83931
14934670 660211
15514243 119440
15757619 53473
15825684 65974
15826073 90718
15827331 216351
4967211 216388
15828700 145106
15829595 149326
15830620 467801
15830841 994689
15831075 134123
15831350 637467
15831402 581082
15831850 289323
15832394 24915
15833568 275945
15833586 46497
15834175 226290
15834222 206712
15834405 316966
15838061 299825
15838723 339406
15838803 189254
15838860 803747
15839554 872714
15861428 130163
15863774 216932
15868902 392962
22407149 631683
22410730 353551
791581 229904
22478184 1643208
22479405 16633
22479449 1085994
22479651 171917
22480410 113271
22481112 919042
22481852 24216
22482127 154738
22482537 344396
4132824 140187
22488357 323695
23663574 1001638
2838882 340664
57785 236431
23665060 154266
23665312 247642
23665549 37974
15029079 193147
23665797 53779
23665818 225332
23667112 20887
1538145 233787
813731 339828
23667958 350417
23669657 58260
23670365 399765
2916580 884477
9737312 728005
23671197 31712
23671838 80044
23671883 94517
23673162 36679
23673251 311201
3611204 580822
23673688 199475
25482604 63456
25492036 326972
25493969 73418
25512250 328837
25523908 110989
25525857 217005
25526306 9554610
25531828 696148
25547075 1040909
25549191 223258
25550001 369189
25553219 293978
25558637 995631
25559492 198955
25563882 181308
25566769 493376
25567408 1265019
25572054 285039
25577537 144987
25578620 80183
25578715 339736
25579793 277764
25580229 862062
25581517 25581519
25594663 242209
25597007 524353
25597404 80182
25597732 25597736
25597973 6461170
25599684 220314
25599911 443682
25600121 3243561
25600840 1193911
25601727 608722
25602739 321609
25602819 999879
25603559 498756
25604979 1415433
25605191 130413
25605652 279554
25606515 333688
25607993 9136119
25608372 131420
25611660 25611665
25612372 356918
25614587 1305084
25614627 161076
25614692 277189
25616273 103518
25616322 43408
23701858 511955
25620644 144890
25623220 193708
25623649 233431
14994726 332983
25626776 24041901
23704482 480576
25629442 63457
25632657 219893
25634539 444558
25634707 841983
25634747 1257212
25635223 8728
25636481 124799
25636594 518999
25639093 106699
25640381 987561
25641352 692002
25642513 724096
25644456 531043
25644507 607424
25646469 362393
25646882 505392
25648346 162732
25648673 99172
25649298 3151072
25650744 65644
25651711 536492
25655297 386610
25658752 20036
25663538 52922
25663602 400984
25666135 305747
25666934 1741180
25667015 126506
25669134 1109958
25670513 94297
25672796 660048
25673354 104471
25673519 1410
25674281 379656
25674810 194014
25674922 361897
25675626 669886
25681487 126797
25682871 1705447
25683642 176749
25689964 659232
25691674 322954
25697417 314657
25698500 25028
25701078 207297
25702876 106801
25703429 174161
25703478 98318
25703512 1397676
25703551 118655
25709055 668745
25712392 353125
25712640 26979
25718288 121112
25719945 92198
25722045 276252
25722213 441526
25725238 797501
25732801 1719984
25732833 218183
25734295 635846
25736031 142166
6942031 790120
25739402 1165171
25742270 3216960
25744358 20287321
25744380 25744385
25744429 49653
25745373 906789
25757813 383788
25770128 216937
25775500 670905
25787294 809104
25787321 398155
25787330 397229
25787350 178829
25787364 497616
4941047 17878
25787409 668046
25787453 219988
25787478 385473
25787530 649394
25787594 785989
25791401 3120527
25794498 15451731
25802043 23764086
25803752 188261
25805294 226287
25805315 570370
25805498 132493
25805577 119009
25809744 528961
25812167 97001
25814016 364886
25814882 836307
25815098 388376
25819058 110841
25819574 323562
25828497 502221
25828621 275751
25829060 323170
25830615 206678
25833228 51839
25833309 2871608
25836281 1527353
25836807 234445
25834315 686588
25838053 418140
25838133 106658
25838227 323528
25842023 188937
25842061 134075
25842201 16071420
25842425 11375483
25842499 226496
25842819 328943
25842900 77830
25844441 1417500
25844664 606764
25845318 25845321
25845953 52835
25846311 899645
25846482 1335295
25847267 236476
25848249 129619
25867065 581863
25878870 705121
25895038 1010191
25904776 584136
23664556 218293
25917642 1255282
25917868 227278
25919453 10765374
25921467 9625
25927665 432102
25933968 1662999
25934466 322551
25934705 14866008
25935815 3205
25935856 664779
25936797 129417
25938160 424319
25939839 338437
25942966 341182
25945667 5504746
25946213 282561
25954550 475642
25959140 1592437
25961467 327865
10345300 94288
25967017 273224
23665934 464928
25976142 430714
25980277 342561
25980657 333790
25980773 319303
25980987 1095689
25981062 202620
25985728 692670
26026769 53002
26032248 606158
26033702 346740
26039472 99780
26041389 1920303
26043073 844194
26043248 554776
26047211 716267
26056729 104320
26057070 362323
26059045 1015135
26060161 176899
26063407 537600
26072972 380490
26085988 11177200
26087770 1011015
26088369 167302
26091622 52333
26093598 898376
26100668 809731
26103749 532511
26106226 261456
26119439 109246
26121992 155081
26126658 3121178
26132748 1306724
26133198 903698
26136057 505020
26136145 384948
26138960 243994
26149913 507447
26157259 351219
26171606 1065171
26176488 477580
26177601 2871448
26196044 213168
26197371 140022
26198929 891330
26060624 595555
26202595 733971
26205453 1254057
26207449 442763
26208581 1025492
26211991 12037
4917056 261555
26212098 419413
26212220 493381
26212253 317342
26212337 1003117
26212930 963957
26213029 701938
26214873 394570
26214946 82487
26215768 295317
26216116 4413
26216183 308150
26216488 41917
26217084 232712
26221564 173480
26222958 143600
26228017 401152
26231019 332711
26233591 780456
26240583 19165119
26241524 946442
26242193 1743648
26244115 48931
26250704 4412808
26251358 329358
26254147 101550
26258574 25893170
26259437 1680505
26265372 1725248
26268014 603140
26277689 123885
26277766 95947
26280318 14611857
26280490 144517
26284286 929485
26286742 5656
26286835 275722
26286991 992887
26295089 319353
26299413 21574
26302138 328784
26306715 250648
26310961 142724
26313835 364699
25079632 596813
26317109 896695
26321224 863924
26321235 488630
26321276 511856
26321924 47126
26322089 475181
26324034 289058
26324159 930893
26324687 503779
26324700 284143
26325283 98897
26327082 241085
26327119 585411
26327776 54586
26327813 327581
26329293 126764
26329948 126146
26329961 338311
26330271 349982
26331706 383708
26332760 199065
26332928 14801
26333089 16017
26333153 67747
26335874 432738
26338151 922958
26338686 892187
26339829 429254
26341615 339739
26345479 339475
26346983 877296
26357268 1043624
26357564 289059
26358619 261141
26359772 219108
26360372 74175
26361821 26361827
26363654 333406
26363669 128056
26363863 1397
26364692 10756897
26364736 128662
26365033 326270
26365092 427882
26365586 270305
26365768 70251
26366417 582493
25838645 1021727
26367032 103323
12588474 67229
26367892 1513485
26370350 493380
26370427 93718
26370772 1945659
26371288 227444
26373181 2226289
26374702 828439
26375335 48573
26377182 328945
26377504 407600
26378319 364192
26381625 217868
26383355 1612949
25806619 622095
26387371 542367
26387384 434486
26388986 228367
26390051 137823
26390920 318509
26393590 563632
26394086 82978
9737477 510898
26396878 662073
26399837 365698
2050327 218119
26405498 31362
26407014 394368
26407617 1438141
26407689 251698
23701030 33674
26415217 664061
26421125 508128
26422473 65261
26424125 487379
26429074 447997
4673946 96243
26435193 148655
26435212 344861
26435252 180223
26435527 551462
26435563 43323
26435654 393257
26435671 715652
26437717 295602
26439907 2623217
26440364 901983
26440862 345113
26440905 52838
26441589 53977
26441952 78335
26442209 158028
26442332 345527
26442616 445152
26446153 1136801
26447040 60676
26447188 457201
26447543 224302
26447788 513021
26450042 452491
26450084 528987
26450307 236343
26451937 48370
2636944 144350
25720011 930130
26455185 25135
26455760 109077
26456470 395840
26456490 1021158
26457023 150719
26457037 385927
26457052 1054482
26457084 2868410
26457220 272734
26457368 1596559
26457439 216735
26457552 1080910
26457834 95633
26457851 816702
26458417 22872
26458624 65225
26459255 907083
12588729 172188
26459780 26459783
26460152 659048
26460439 1203637
26460487 399805
26461647 106407
26462524 478469
26466236 489852
26466846 230076
26467032 1789595
26470620 94748
26470732 385821
26472781 94443
26473207 53520
26473363 220090
26478081 807199
26482010 3837519
26482268 88202
26482573 2665797
26485149 207244
26485712 440642
26489027 83928
26489079 19586
26498659 100174
26500380 929821
26505650 960474
26505813 611155
5002046 633931
26511585 1788529
26514584 35962
26520945 230335
26523806 137996
26524394 201583
26526343 323468
26526429 104065
26526440 99118
26527894 328908
26528522 867669
26541002 949434
26550894 14449
26550977 435396
26551715 75544
26554633 76283
26558165 50087
26559113 628577
26561972 1867274
26564803 218294
26566900 220194
26567353 353311
26570922 311734
26574780 391909
26574839 792732
26575700 191581
26588718 217004
26588885 14013
26592891 1829941
26594401 446952
26597508 2128999
26599006 821099
26600194 39294
26606433 83933
26608252 188217
15180464 70372
26627443 499885
26627614 30022
26628684 51181
26629015 278948
26629185 278825
26629209 142570
26629244 150640
26629297 160030
26629691 39124
26630122 668477
26630367 2163413
14994727 1060351
26631411 219057
26631454 356784
26631591 9592009
26631753 48009
26632152 9726
26632279 11830
25882818 28178
26633065 13205885
26633085 14577040
26633123 26633126
26633545 9125076
26633907 318425
26633976 21558560
26634008 17597178
26635205 290980
26635434 614017
26635796 26635801
26636139 913894
26636401 10728746
26636549 313670
26636639 384794
26636660 11408452
26636711 45018
26636856 6191824
26636903 26636906
26636969 11210
26637036 12866
26637159 2509
26637375 6364231
26637405 9268356
26637464 61341
26637603 5891065
26637771 31259
26638282 831613
26638695 27374
26638970 11713
26639472 450943
26639488 402579
26639503 193148
26639746 613418
26640061 58259
13304728 39293
26640174 106507
26640377 1755723
26640387 26584494
26640422 39297
26640440 21702687
26640673 573797
26640749 620595
26641175 331027
26641306 186151
26641390 940258
26641630 101489
26641729 1411
26641772 139588
26641911 36005
26641924 11408460
26642017 631042
26642078 736709
26642103 401807
26642215 26642218
26642293 11395345
26642307 6113465
26642326 121059
26642357 19767529
26642387 4207588
26642410 72775
26642418 344643
26642456 580525
26642479 96437
26642629 189268
26642645 615141
26642671 4739459
26642738 26642742
26642750 20287394
26642810 189168
26642819 117044
26643039 99251
26643044 101439
26643105 365151
26643158 5993036
25907161 345110
26644729 384365
26645581 245324
26647676 226593
26649110 26649113
26649221 635078
26649320 517901
26649455 71288
26649486 11562756
26649645 1760026
26650041 95107
26651113 11395207
26651398 69002
26651889 678299
26652014 305871
25914470 151981
14994737 171963
26652536 340479
26653468 606580
26653564 827715
26653584 526134
26653626 312776
26653658 333789
26653760 534869
26653850 43098
26653908 3461942
26654220 448032
26654791 284569
26654808 41911
26654841 305554
26654971 94591
26655014 13838356
26655215 5918013
26655517 98992
26655541 26655545
26655570 41515
26655695 2697904
26655718 185879
26656300 177217
26657121 2491164
26658199 135883
26658246 3956295
26658451 1706313
26658745 74964
26659060 6879578
26659106 399147
26659164 246644
26659201 93727
26659704 288723
26660023 489102
26661228 1829820
26661313 3216177
26661391 962349
26662118 26662121
26663654 219485
26664155 1058675
26664658 325920
26664671 95374
26664762 479165
26664839 418738
26665098 110952
26665857 4962679
26666586 3132594
26666621 165464
26669341 395173
26669684 11408500
26671254 138492
26672616 2479035
26672683 44231
26672973 232110
26673337 384367
26673348 1867842
26673533 41492
26673773 22827
26673785 2275
26674248 167303
26674497 3595558
26674549 35613
26674616 173968
26674813 341741
26676546 636275
26676831 95718
26676883 216889
26676971 100560
26677049 296411
26677224 393786
26677260 407533
26677322 492979
26677351 1740701
26677417 6940870
26678528 220091
26678632 222735
26678879 25440223
26679562 73389
22437861 195505
26679613 340530
26680010 492499
26681312 191088
26681403 389456
26681423 1006952
26681569 406863
26681573 1005105
26681888 333037
26682544 1850060
26682609 10318123
25940366 312587
26684740 1004408
26684785 499452
26684976 660579
26685176 654956
26685265 687244
26685490 140104
26686123 39344
26686512 26686516
26687951 25714799
26688679 520934
26689184 296993
26689350 63612
26689436 107977
26689505 790295
26689927 11063255
26690416 112083
26691049 895309
26691365 241436
26691544 72231
26691746 94747
26691918 15193632
26692145 462714
26692228 97127
26692287 2290776
26692309 141780
26692630 329573
26693250 19072
26693271 527469
26693307 236345
26693338 59850
26693610 261495
22483524 261516
26693926 37872
26695344 249354
14994728 484101
26698109 424149
26698883 11408514
26699255 162523
26701718 514649
26701773 366606
26701927 292923
26701962 163738
26703496 103941
26703768 7723195
26703824 1289316
26703924 363586
26704576 330744
26704665 1958802
26704894 115589
26705671 215184
26705961 213506
26706283 15212976
26706425 709869
26706528 384674
26707003 4013304
26707185 17671479
26707625 288720
26708093 360812
26708838 530267
26709131 50299
26709793 1184747
26710274 19063759
26710415 2436240
26710578 611880
26710726 343327
26710860 299644
26710884 1642602
26710997 693737
26711057 26711062
26711247 7094292
26711583 8759658
26711927 423650
26712454 312404
26712954 3879704
26713722 9617715
26713868 1417499
26713900 453809
26713910 1309420
26714232 1801090
26714834 945271
26715097 376076
26715162 783658
26715312 123142
26715408 620537
26715592 44160
26717071 648351
26717656 81079
26717820 257303
26719161 815750
26719229 36765
26721173 401013
26722145 324841
26722774 23365
4831888 101828
3526400 339993
26740176 478517
26746430 177468
26746537 335860
26751519 587351
25824899 364998
26753620 150930
26756398 15210
26759867 249370
26760142 199528
26760415 365475
26760563 333659
26760608 505864
26763241 479292
26763331 329220
26763471 539020
22349756 543367
26767420 197029
26767868 736793
26770748 214080
26772187 85493
26773240 161418
26777421 445994
26777965 1631
22482648 446935
26778649 448222
26782785 1682993
26787061 1058141
26788911 6504733
26789595 26789598
26794475 348387
26794594 782762
26796445 97810
26798856 628649
26799129 394310
26804446 8024944
26806710 489647
26806797 584026
26806961 188490
26806985 165501
26807013 692816
26807065 297153
26807191 547990
26807270 319013
26807293 344423
26807311 44159
26807528 99640
26807690 339008
26807700 339141
26807710 1231827
26807772 296962
26807786 877515
26807840 35461
26807893 943223
26807928 339001
26807960 10522873
26808011 471045
26808029 328369
26808181 332063
26808460 146506
26808591 305870
26808605 3270414
26808674 431947
26808703 1684567
26808864 505712
26808883 118038
26809025 856723
26809107 1024336
26809259 98709
26809292 188722
26809311 260369
26809344 1293363
26809400 15129
26809416 96888
26809507 621337
26809718 263193
26809726 2463999
26809825 344515
26809831 241665
26809918 22450
26810028 284695
26810053 336920
26810114 655
26810293 657922
26810317 140189
26810547 142180
26810619 390686
26810629 312774
26810698 95373
26810947 613374
26811046 200060
26811113 723155
26811188 4923811
26811334 1142375
26811371 293979
26811401 130414
26811454 102967
26811514 194270
26811762 78042
26811838 480922
26811875 357641
26811915 953720
26812049 401353
26812128 739703
26812389 1457550
26812495 104530
26812558 169268
4939834 991790
26812785 176595
26813212 267546
26813312 257942
26813383 141789
26813453 628601
26813499 159309
26813526 543655
26813577 2559764
26813675 276251
26814043 249923
26814059 174481
26814066 19732
26814150 364583
26814330 21817
26816084 782949
26816171 140106
26816811 20961684
26816934 97718
26817051 7183834
26817763 232010
26817953 17882
26818033 51278
26818087 199577
26818113 930619
26818162 18553146
26818218 52839
26818424 391342
26818525 13705
26818533 32311
26818632 2142
26818735 294887
26818812 9289
26819055 436503
26819079 345892
26819137 268222
26821161 323504
26821460 613873
26823726 12943752
26826400 580551
26836020 241606
26836110 539424
26837983 232404
26838129 94515
26838292 12735838
26838327 53190
26831960 24921771
26838718 2623155
26839486 723394
26839862 474898
26840912 130283
26822901 403971
26842041 2150656
26842075 316439
26842143 19422
26842782 520820
26842852 859466
26843728 52191
26843906 100775
26844576 637775
26845608 312624
26846861 21163
26847093 217305
26848639 8352953
26850564 782546
26851182 1008678
26853000 68451
26853869 62877
26856300 897360
26856428 99403
26856504 798178
26856579 1029340
26856848 1094859
26856964 7080101
26857034 4696077
26857068 339256
26857116 1475138
26857504 2693836
26857916 634231
26858141 334039
26858395 847871
26859493 98553
26860353 689658
26861333 109363
26861570 924881
26861579 1742225
26862626 875674
26846671 815854
26846705 1471239
26863157 238233
26863469 119556
26863488 234728
26863807 328874
26864907 82591
26864927 26864933
26866248 2328949
26867385 913771
26868255 80046
26868670 39815
26868742 267910
26871206 12219960
26872173 3510214
26873828 296372
26874100 5074438
26874571 9472473
26874619 7455792
26874783 43032
26876003 345071
26876786 93665
26860020 142932
26877757 46899
26878009 282262
26878692 101775
26878998 218799
26877202 372556
26879398 527199
26879670 108525
26879935 219828
26880084 7382084
26880147 622061
26880849 97604
26882230 538653
26882371 216620
26883114 375907
26883235 3329991
26887531 1003150
26887748 555460
26888871 37581
26888907 1052644
26889029 46897
26889475 841934
26889612 336760
26889658 325612
26889784 1536226
26890119 312323
26890799 228408
26892447 2437728
26893127 143678
26893993 385372
26895406 276069
26895968 892396
26896174 922677
26897591 616058
26899427 823209
26902901 646331
26902934 53603
26839602 770070
26903362 240411
26903404 1452948
15167262 132494
26903434 15330
26903812 929854
26904417 659004
26904423 1287973
26906334 459674
26906341 330067
26906490 84705
26906558 102921
26906585 218180
26906902 100905
26906982 21801414
26907442 99947
26907601 205078
26907616 332654
26907717 922927
26908089 104821
26910048 3956321
26910080 609711
26910424 26910426
26910503 638684
26325764 642954
26911994 2356833
26912016 149569
26912132 861051
26912184 963288
26912639 103163
26913512 131582
26914869 95591
26914880 348100
26914889 532587
22480927 831766
26916054 225051
26916636 112006
26916661 255152
26847974 21735778
26917044 346296
26917427 387077
26917536 1819247
26917551 1765193
26917585 1119093
26917595 933162
26917806 74134
26918626 12105159
26918654 1488245
26918688 414255
26918981 22049100
26919208 26354749
26919355 20489136
26919447 662979
26919669 26919672
26919683 857573
26919871 50640
26920070 2860
26920097 6037544
26920132 340600
26920178 6156236
26920243 648147
26920318 5849
26920431 10316035
26920489 825191
26920534 8897278
26920634 336222
26920670 316768
26921519 270168
26922323 1760500
26922397 922926
26922866 391991
26922927 927245
26870845 99943
26923470 374294
26923490 248271
26923790 324929
26923833 1097010
26924038 261896
26924053 325764
26924138 308663
26924258 224640
26924281 161349
26924301 35682
26924655 59761
26924994 5776622
26925007 576515
26925325 154671
13370302 2614040
26142115 606577
4010119 168670
8315975 13587
26933451 9025
26934421 189500
26935888 19421
26939151 6517
4132825 228940
26940461 130154
26941006 931343
26942999 660180
26943296 3783858
26957352 167922
26960718 949020
26962679 12990
26970979 204598
26972245 366761
26974341 343731
26974552 1182519
26975003 151282
26975808 274622
26978971 67053
26984069 612418
26984099 642169
26984145 108682
26984205 434096
26985093 890867
26985992 320101
26026306 345852
26990326 46122
26991765 54559
15849448 279463
26992683 53645
26992701 99039
26993438 62354
26993809 133702
26993904 626251
26993943 110131
26994681 104405
26994735 98090
26994810 630426
26998088 918546
26998327 1062310
26998538 1081787
26998647 412238
27001273 501440
27001300 314875
27001321 285250
27001567 26353560
27013941 52840
27019256 272145
27019475 95629
27019487 97412
27019519 95060
27019894 332423
27019919 226967
27020100 324854
27021312 1541805
27021315 210661
27022800 201486
27024314 493383
27024432 1295018
27025733 274624
27029203 192377
27029587 325375
27029758 343988
27031808 118064
27032078 6564795
27033974 137914
27037881 751472
27040527 367550
27040582 406147
27040760 58369
27040788 226497
27044905 424746
27044970 394768
27045190 1028553
27045412 2150265
27045424 500847
27045475 1246100
27045490 671147
27045524 146428
27045665 355631
27045828 851334
27045835 328909
27045873 555385
27045971 397460
27046023 1203636
27046080 555381
27046181 7218302
27046194 150556
27046278 267323
27046289 947048
27046366 382318
27046474 347973
27046545 185065
27046582 295704
27046622 101892
27046743 634129
27046859 1836197
27046872 400829
27046885 125064
27046931 36178
27046985 339068
27046991 300633
27047115 408279
27047121 185081
27047137 639025
27047147 676078
27047161 21818
27047343 214079
27047440 237572
27047500 237606
27047518 276435
27047591 345525
27047721 237636
27047767 460796
27047784 58043
27047820 51080
27047872 52914
27047930 185092
27047950 95002
27047971 86985
27048051 109560
27048084 336682
27048093 219481
27048101 52998
27048175 367955
27048228 384103
27048291 312772
27048320 86385
27048338 299142
27048357 288036
27048415 220049
27048452 5557075
27048477 209081
27048538 639291
27048563 284546
27048573 252965
27048620 251769
27048660 326333
27048694 43531
27048739 181262
27048805 125484
27048861 41541
27048896 6177266
27048917 219607
27048950 260843
27048965 455474
27048975 449761
27048994 21819
27049100 655217
27049136 781320
27049148 456967
27049312 363536
27049371 112008
27049384 455493
27049421 98223
27049429 221495
27049463 455490
27049567 717128
27049585 662919
27049625 101038
27052071 145391
27055316 40838
27055353 488381
27057930 157653
27057995 831279
27058150 1230470
27058433 458828
27058639 522703
27058824 390357
27059005 51909
27059132 332018
27062196 513058
27062290 142031
27062374 401242
4941009 512145
27063302 442981
27064512 50513
27064665 75157
27065492 1303871
27065796 612552
27066295 67461
27071522 228038
27097529 5161
27099346 1798927
27100383 391204
27101394 340408
27105553 6415020
27109174 131951
27109879 500921
27110577 100515
27110588 534193
27112929 511637
27114535 97306
27115113 78058
27116592 132380
27116809 424750
27117201 617334
27117287 137994
27117502 269850
27119191 4486502
27119457 503442
27119903 340478
27121281 108873
27126262 537970
2950548 152564
27131984 217716
27132028 294437
27136142 364890
27147764 344258
27163278 1445899
27180976 204326
27231177 2407896
27239843 347120
27250248 795976
27252779 231234
27252827 77366
27253137 93546
27253545 31829
27253713 160777
27253775 451723
27254554 220271
27254575 864162
27254935 844371
27255228 49392
27256206 697571
27257260 207245
27257577 780144
27259483 29551
27260456 2097271
27260526 384761
27261908 147320
27262135 211807
27262937 225805
27263097 149858
27263254 823971
27263512 18171
27265269 172585
27266433 88042
27266440 631878
27269561 649070
27276731 137865
27280131 324799
27280168 365968
27280588 105379
27281153 600966
27281294 350387
27282392 3604636
27282851 351861
27283050 98275
27283067 104607
27283079 104822
27283290 341181
27284031 776216
27284089 306141
27284178 335327
27284226 277914
27286521 500166
27290086 132886
27293273 78435
27294470 387018
27294551 94886
25872845 404560
27305890 27305895
27309618 580659
27310649 633254
27310748 485100
27312258 965694
27312611 389457
27313760 406528
27314422 314436
27314475 362202
27315889 47408
27316446 321766
27316493 604127
27326770 191879
27332153 329411
27333369 2935308
27334033 102040
27334528 71116
27335408 1636415
27340327 256261
27340372 476784
27340864 47592
23700464 100825
27352132 667124
27355184 98758
27355300 40041
27355655 2941115
27360116 263435
27360386 51715
27364338 11141402
27364521 364152
27365815 95250
27366451 52924
27368757 661008
27369684 289222
27369794 10054209
27369933 34874
27370848 388414
27371105 22247
27371134 652252
27374353 24215
5000546 842019
27378317 49841
27378359 156164
27378480 108582
27378560 208330
27380621 95476
27381364 221971
27382200 336586
27382564 343709
27383469 52073
27384209 109600
27384265 201484
27385140 224510
26060655 101987
27390803 299544
27391705 360321
27391855 551015
27396812 170727
27397889 298977
27400471 365386
22483915 173911
27406145 101166
27407045 219934
14882281 262120
27413160 96483
27414968 358131
27415158 307580
27415672 301018
27415879 554795
26644042 687342
26543629 377302
27425834 2062442
27425968 1298205
27429805 504440
27437693 432714
27440041 224513
27440200 344513
27445772 8626442
27462391 240202
27471146 7208469
27472569 1901298
27472623 70439
27473028 942456
27473229 548292
27486270 320269
27513150 343903
27524073 716151
27653332 1301504
27653791 27653794
27654195 25657232
27654285 99642
27655307 321268
27655703 85429
27656096 137998
27656417 100821
27658136 96480
27658156 15542
27659660 121326
27659901 129865
27660779 672222
27662023 6986751
27663895 42698
27664229 42806
27664328 537814
27664629 679209
27665097 96932
27668685 295677
26577405 726514
27670914 67859
27670995 1578153
27674269 1406624
27675331 343904
27675428 224060
27675496 341266
27677145 331732
27677326 27537838
27678744 11890256
27679403 415691
27679643 424827
27679711 862267
27679995 10064626
27680069 35465
27680131 1023680
27680745 1692887
27680881 1119238
27682829 8614
27682942 83427
27683461 371646
27690469 929454
27692288 141781
23703616 1845314
15978352 635743
27694986 699755
27698340 99465
27699198 23910
27699490 32714
27700540 663912
27701122 319302
27701966 319683
27703955 104948
27705128 1348601
27706829 394720
27711831 329360
27716350 831857
26621504 3815104
27734126 102298
27734203 327056
27734466 19589957
27734536 456629
27735128 1036051
27735839 479285
27735931 998841
27736390 239065
27736983 51651
27737342 775164
27739108 891481
27739812 660858
27740663 14343
27742768 1021757
27742819 861384
27743341 644950
27743577 917416
27744183 201934
27744892 107878
27745554 878633
15453803 48887
27746108 101600
27746358 285537
27747132 234893
27747621 757890
27749897 854979
27750282 174013
27753508 352059
27754128 322400
27754150 366029
27756217 2213452
27757574 2381340
27757647 132991
27757698 955936
27758401 163482
27759011 571120
27759601 218488
27763793 321368
27764529 827551
27766995 99174
27769566 102350
27771193 332217
27771865 770069
27773751 389937
27775019 336723
27777712 460625
27777858 900871
15163333 780052
27779947 1543014
27780539 878565
27780914 353158
27781444 31172
27781574 487329
27786174 654268
10605456 384102
27788008 147703
27789224 41456
27791772 98603
27793629 397789
27796472 2314187
27797607 1147715
27799155 809696
27801693 71619
27802231 25666
27802268 29036
27802303 23656
27803185 169560
27803270 213157
27807925 285779
27808187 485770
27809066 72997
27810682 408330
27810796 395270
27811154 471290
27811972 215089
27811996 1250806
27812500 2917046
27815635 216026
27819986 659822
27821711 642477
27821727 51834
26687463 198240
27831900 270261
27832174 42383
27832433 1149511
27832506 2736243
27838681 98044
27845954 99469
27847574 629850
27848013 269202
27848905 52928
27850265 218990
27850280 743501
27851480 599341
27852171 22931
27852791 355534
27858906 168356
27859077 471912
27860926 842555
27860933 16412
27866076 912426
27869161 831795
27871112 951868
27875300 125325
27877016 256675
27878454 17126
27886152 52832
25923667 1028009
25704855 1124000
27906141 716785
27917341 61752
27917779 11408468
27918653 1494505
27924914 521368
27926980 286985
27929931 7942313
27931568 120269
27931766 722504
27935809 50953
27941838 12174638
27942582 417049
27949950 552824
27951420 325059
27955148 83737
27956374 54527
27956597 17128
27956610 231509
27963644 218241
27474787 320186
27972857 217717
27983968 18263109
27997142 6088852
28000772 278811
28000883 3927
28000910 367176
28007331 1217613
28017419 225653
28018991 28177
28029037 871960
27475583 42551
28078901 15042536
28087400 1797556
27095131 240706
28110260 481294
28131495 586932
29394726 106763
26136643 970727
29397967 13706
29399168 702606
29400226 529213
29400277 233492
29401015 11444993
29401351 6031313
29401378 1487121
29401384 2275806
29401502 800326
29402140 108270
29402342 493280
29402825 11817368
29402834 530843
29402911 97128
29402926 493698
29402951 350129
29402968 95098
29402983 189374
29402991 99250
29403038 552276
29403064 29403066
29403272 15065208
29403489 340339
29404211 383856
29404265 234986
29404274 8483
29404282 480533
29404312 392254
29404325 62882
29404333 42218
29404373 424751
29404388 193264
29404397 54895
29404407 191090
29404427 99329
29404446 878207
29404530 326528
29404554 211750
29404945 94448
29404967 255374
29404978 1488457
4028787 103634
29405197 322356
29405210 71289
29405231 672741
29405245 1249457
29405284 83127
29405422 105187
29405503 11148252
29405804 393974
29405874 283554
29406016 775071
27508061 914075
29406059 326854
29406191 98598
29406344 606581
29406717 1064465
29406787 256715
26880569 294299
29407307 94447
29407725 1042107
29408020 332820
29408055 2074661
29408072 663911
29408108 872093
29408183 16409
29408200 9725
26820080 803933
29408629 932223
29408665 484438
27080558 6540749
29409173 340407
29409348 70121
29409824 890795
29410546 39567
29410578 40898
29410588 216075
27109857 95248
29410696 201181
29410723 242365
29410749 35922
29410755 194695
29410764 313932
29410799 220554
29410859 1008398
29410943 381562
29411030 1974027
29411138 1587746
29411153 150756
29411161 213277
29411273 472599
26899391 95590
29411875 333610
29412007 233078
29412091 500751
29412225 7279543
29412316 369672
29412328 222333
29412379 499841
29412732 276475
29412751 276436
29413106 242883
29413141 21575
29413185 954515
29413235 11582055
29413308 471815
29413447 1751460
29413477 582136
29413512 529195
29413527 624594
29413552 568727
23702389 157928
29413604 837580
29413653 444962
29413679 938895
26875973 52726
29413726 610285
29413817 52728
29413873 913321
29413884 223417
29413891 100477
29413910 223210
29413926 96337
29413939 223243
29413951 95670
29413962 83568
29413986 322357
29414006 105527
29414417 2069509
29416870 5457
29417546 159425
29417646 171248
29418408 678219
29421387 413873
29422545 125067
29423340 98601
29424326 341073
29424887 25768
29425097 493379
29425563 103447
29425637 62880
29425720 361168
29426275 658919
29426507 505748
29427182 841115
29428623 721268
29429911 26162
29430746 144660
29433631 108436
29433644 638481
29435848 136677
29436044 889947
29436067 179738
29436165 37190
29436335 101710
29436404 370041
29436609 284411
29436809 1417754
29436869 1962473
29437079 320426
29437439 178965
29437784 28291626
29439764 149999
29439802 301357
29442825 291874
29446628 911828
29448622 336503
29452324 2636352
29454043 1345695
29578898 111157
29579140 98092
33134722 890774
302129 826978
34600046 921350
35053445 657159
27924884 23425
35053558 403728
29400928 193101
35053822 1150697
35054148 246191
35054568 100318
26921522 363621
35054967 99523
35055172 105274
35055416 53644
35055439 95426
26238938 960051
26571092 14967
35114223 1513900
35141605 82354
27077667 858888
25548873 341833
27712944 334778
27518109 4524184
35291151 218118
35291312 848596
35291317 340763
35291326 352627
35291366 86013
35291431 356382
35291524 318652
35291560 877767
35291835 1512892
25958605 93721
35292138 333207
26877333 1413263
35292207 346250
35292275 336867
25704877 322841
2599783 196791
9734215 150432
27065782 710951
35292928 611938
29434763 164742
35293556 397003
25744333 3239093
35294073 321018
27558530 530454
35294263 101169
27900948 139046
27921370 363242
35294416 678930
35295943 6067
25540449 463451
35296136 3179158
35296498 329410
35296517 60520
35296733 1306674
35297045 336721
26709848 66614
26710003 9158
35297460 649642
26710112 25250
26710155 13194
35298108 49102
35299371 97170
35299387 896699
35299447 3863568
35299613 389771
35299726 96158
35300405 68083
35303134 467800
25994649 56882
35308405 672742
35308507 25665
35308570 34440293
35308684 372719
35308707 553712
35308716 1201336
35308722 339738
35308761 677079
26011793 438076
35308834 158522
35308848 2624715
29414821 54585
29406928 911729
29401018 84946
27926805 668045
35308995 365385
27921528 625934
35309028 952930
37724748 340672
38008642 469315
39640449 898902
41763947 53859
43829596 312042
44099935 314281
44242259 391910
44242312 671647
44242724 19277
44248223 587674
47963620 340671
47963621 554198
47963622 2655504
47963623 431509
47963624 333750
47963625 402554
