9666443 9666445
9667310 9667312
9667842 9667844
9671551 9671555
9671577 9671580
9671599 9671602
58981 239248
9671652 9671655
57830 236588
500542 1188483
3977617 4167667
409734 1046374
9672065 9672068
1486019 2353447
9672183 9672190
142903 449745
36282 142909
36282 142910
368406 967062
4932313 4932359
236747 722038
129192 415556
804675 1604892
406097 1036044
2810325 3379205
1934775 2710190
246437 735371
9674114 9674121
9674161 9674163
419816 1059453
125992 410465
110716 356309
9674674 9674676
9674691 9674693
9674714 9674716
1579628 2438222
9674721 9674724
9674730 9674732
9674734 9674739
1417140 2290891
1793271 2609746
420285 1060083
417058 1056526
1060078 1921455
9674754 9674757
208380 624589
9674766 9674768
55314 228288
9674771 9674773
9674775 9674777
236608 721718
415385 1054369
2600380 3234135
9674810 9674812
1206165 2082763
1212010 2087966
9675064 9675066
789865 1576892
9675334 9675336
5236 47108
5237 47115
9676013 9676015
9676194 9676196
9676743 9676746
3791328 4042600
8897995 8898002
444951 1095863
444951 1095864
401966 1015540
4921822 4921827
79126 277708
45603 196492
228353 704033
3050853 3550110
9678229 9678232
9678237 9678239
9678243 9678246
9678278 9678281
3569476 3906423
2386593 3079655
2386594 3079661
9678322 9678324
9678322 9678325
9678327 9678329
9678331 9678333
2353404 3050860
2353404 3050861
1783648 2600341
57798 236473
9678341 9678344
57849 236832
9678366 9678370
9678380 9678383
3049718 3549361
9678431 9678433
9678481 9678484
207454 618662
9678596 9678601
1058359 1920111
2353401 3050843
9678964 9678966
769842 1552526
9678968 9678970
933036 1757747
9679043 9679048
83289 286673
9679149 9679151
2923537 3462118
3522457 3877658
9679166 9679170
9679194 9679199
132252 419308
932697 1757329
1792916 2609550
721220 1481237
9680958 9680961
3156774 3628072
346475 934726
3208593 3664395
9684585 9684587
3578876 3913966
9685133 9685136
7636734 7636742
3578877 3913974
339462 929651
1115467 1987332
9686377 9686379
9686757 9686760
9686918 9686924
9686951 9686955
9686986 9686988
9687143 9687145
1600558 2452968
9687527 9687530
57831 236618
9688162 9688164
9688302 9688304
928801 1740451
4332 42292
1740449 2570649
4999224 4999251
2129078 2876413
9688481 9688484
9688524 9688526
470629 1139496
413531 1052181
9688796 9688799
9688810 9688813
449739 1105922
1277304 2153928
2353346 3050800
2741604 3333767
2264938 2985127
2264938 2985128
2920216 3459850
2881379 3428717
4826781 4826862
722534 1483267
927083 1734155
9690748 9690751
4342277 4410633
952386 1783548
1067288 1930086
1099910 1970003
1067280 1930024
1485954 2353371
9690868 9690871
9690880 9690882
2353300 3050616
77967 275618
2984649 3501281
9690900 9690902
9690908 9690911
9690920 9690922
2984434 3501163
949680 1779982
511828 1206841
2129535 2876926
9678280 9678286
9690936 9690938
9690943 9690945
789866 1576901
9690950 9690952
9690965 9690969
9690957 9690962
9690974 9690979
2984435 3501178
9690995 9690998
1206942 2083406
9691004 9691006
9691017 9691021
9691025 9691027
511910 1206951
9691031 9691033
2129441 2876888
793998 1583803
1497804 2362511
1206944 2083418
9691055 9691058
9691066 9691068
1099911 1970014
1482718 2350353
2593898 3229011
3719479 4002306
9691076 9691078
2749387 3340380
9691084 9691086
1976647 2749391
2510342 3177870
9691089 3034434
2984436 3501187
9691092 9691095
3711767 3998214
9691101 9691103
1067281 1930040
9691107 9691110
3804457 4051046
3214590 3668667
9691113 9691116
931164 1754476
9691129 9691132
9420886 9420896
3273351 3711770
9691147 9691150
9691147 9691151
9691157 9691159
9691161 9691163
6096 55303
68077 256673
4162672 4292819
4162672 4292820
3129840 3606180
2569817 3209056
9691172 9691174
9691176 9691180
341052 931332
9691952 9691954
441018 1088564
8811623 8811631
928594 1740212
3050839 3550086
2385781 3078707
9692412 9692416
134177 423129
2918887 3458306
9692540 9692545
1088972 1953266
236748 722092
1976676 2749475
928676 1740394
1632140 2477920
1248519 2126997
3966555 4160346
2156691 2898189
3214591 3668673
19679 111500
2353764 3051345
3050627 3550008
119597 381752
755589 1537638
9695522 9695524
2385449 3078326
618678 1357691
9697702 9697704
45604 196511
35076 138854
9698024 9698030
864 6463
112 855
113 869
3208050 3664014
9698428 9698430
3109717 3591580
9698441 9698445
9698452 9698456
9698452 9698457
9698483 9698485
1783650 2600372
2027756 2790779
9698563 9698566
9698614 9698617
273096 777932
236536 721262
1673257 2511880
380842 989433
2352126 3049605
1414330 2287226
723981 1486273
162943 513110
9699911 9699913
9699911 9699914
9699911 9699915
9699920 9699924
790651 1579242
9700311 9700314
228308 704006
686673 1440797
3893795 4113470
268760 770924
9701568 9701570
9701698 9701701
1357666 2231889
9701988 9701990
9701992 9701995
9702291 9702293
3791332 4042647
9702634 9702636
9702787 9702789
9702998 9703000
3735912 4010962
9703031 9703035
9703088 9703090
9703094 9703096
9703382 9703384
9703553 9703555
2353589 3051044
9704286 9704289
9704579 9704581
3367129 3771688
9704939 9704940
9704939 9704941
9706108 9706111
9706108 9706112
9706410 9706412
9706419 9706421
723959 1486011
2353301 3050633
9706570 9706572
6097 55330
6097 55331
6098 55364
1759480 2579707
228490 704173
162263 511836
9706932 9706935
2134926 2881624
923270 1732179
9706956 9706958
2135000 2881756
9706960 9706964
9706973 9706975
9706977 9706979
9706988 9706991
9707180 9707182
9707184 9707182
9707196 9707198
9707208 9707210
3051729 3550583
9707215 9707217
9707219 9707221
2129080 2876435
9707235 9707238
9707241 9707243
9707254 9707257
4118884 4262778
9707271 9707273
4285987 4372613
9707278 9707280
2982695 3499165
9707282 9707284
2572516 3212362
1930035 2706567
9707294 9707296
9707298 9707300
9707302 9707304
9707307 9707309
9707336 9707338
9707351 9707353
9707355 9707358
9707361 9707364
9197966 9197988
9707376 9707377
1483464 2351142
3220766 3672986
9707406 9707409
9707421 9707423
2353772 3051370
2353772 3051371
9707428 9707430
9197967 9198000
1930036 2706576
949681 1779998
9707439 9707440
2353773 3051378
9707441 9707442
1067291 1930123
3669818 3970616
9707443 9707445
9707447 9707449
9707451 9707453
9707460 9707462
511830 1206860
9707464 9707466
1497805 2362517
9707471 9707475
9707481 9707483
1759305 2579578
1759305 2579579
9707485 9707487
1486269 2353793
9707495 9707497
2385849 3078764
9707503 9707505
9707507 9707509
2353631 3051170
1759306 2579589
9707535 9707537
9707539 9707541
2876924 3425847
9707543 9707545
9707551 9707553
9707557 9707560
9707566 9707568
3238756 3686649
3701668 3991107
3701668 3991108
9707571 9707573
9707576 9707578
4162646 4292770
9707583 9707585
9707587 9707589
3051730 3550587
9707629 9707631
9707633 9707635
9707763 9707767
9707778 9707781
9707793 9707795
3945154 4147119
9695133 9695142
9707799 9707802
9707812 9707816
2129537 2876945
9707828 9707830
9707838 9707844
9707859 9707862
9707865 9707867
9707869 9707873
9707882 9707884
9707886 9707888
3877427 4104011
9707894 9707896
9707901 9707903
501259 1189992
9707910 9707912
9707914 9707916
9707918 9707920
9707922 9707924
9707930 9707933
2353774 3051385
3218801 3671567
9707940 9707942
1206945 2083429
9707982 9707984
9707992 9707996
9708037 9708039
9708045 9708047
9708049 9708051
978454 1821987
9708053 9708056
9708062 9708064
9708078 9708081
9708085 9708087
9708101 9708103
126750 412161
4929091 4929106
9708163 9708166
9708173 9708175
9708193 9708195
2572619 3212774
9708524 9708526
9708546 9708549
1614483 2464396
3548265 3893786
9708648 9708650
9708695 9708698
9708760 9708763
9708911 9708913
2288193 3009239
2288193 3009240
949682 1780012
9708965 9708968
9709573 9709576
1050964 1913252
5972927 5972956
55318 228335
9709666 9709668
2129539 2876960
6022429 6022434
9709944 9709947
9710011 9710013
9710023 9710025
3669819 3970620
9710032 9710034
3574468 3910015
8095372 8095378
9710243 9710244
9710248 9710250
9710374 9710376
9710378 9710380
9710391 9710393
3279956 3715192
8740311 8740316
793999 1583811
9707871 9707878
2181761 2919431
1067292 1930132
9710433 9710435
2578552 3217893
9710536 9710539
9707814 9707821
9710542 9710545
2353775 3051396
9710565 9710567
9710569 9710571
2510343 3177877
9710573 9710579
9710573 9710580
9710589 9710592
9710595 9710598
9710612 9710614
9710645 9710647
9710672 9710674
9710682 9710684
2919430 3459073
9710973 9710976
9711074 9711077
9711099 9711103
9711108 9711110
9711276 9711279
686674 1440821
511911 1206968
9711300 9711304
9711332 9711334
9711351 9711353
9711356 9711358
9711365 9711368
9711378 9711382
9711414 9711416
9711418 9711420
9711930 9711932
9712013 9712017
9370733 9370741
9712039 9712041
9712102 9712104
9712109 9712111
9712126 9712129
9712196 9712198
9712204 9712206
9712437 9712439
9712448 9712452
9712462 9712464
9712466 9712468
9688483 9688493
9070122 9070131
9712697 9712699
9370740 9370756
9704374 9704384
9712806 9712810
1485970 2353408
9713000 9713002
9713172 9713174
55320 228363
9695114 9695125
9713225 9713227
9713229 9713231
9713265 9713268
9713279 9713281
538575 1258590
9714436 9714438
277061 784000
9714466 9714468
1998464 2767829
9714488 9714491
3574372 3909970
9714571 9714573
9714581 9714584
9714691 9714695
9714755 9714757
9714811 9714818
8372769 8372793
2643920 3265932
9710410 9710420
9715100 9715102
9715118 9715119
268761 770949
9715120 9715122
2332384 3034430
9715221 9715223
9715278 9715280
2129081 2876442
9715304 9715306
9686378 9686381
9715743 9715745
9715757 9715761
9715765 9715767
9715967 9715970
9716042 9716044
9716632 9716634
9717335 9717337
55321 228393
9717518 9717520
9717527 9717529
9717576 9717578
9717583 9717585
9717590 9717592
9717602 9717604
9707263 9707268
9717842 9717847
9717912 9717916
9718142 9718144
9718147 9718149
9718261 9718263
9718261 9718264
9718268 9718272
2577090 3216436
2577090 3216437
9718289 9718291
9718293 9718295
9718297 9718299
9718301 9718303
9718363 9718365
9718404 9718406
1497807 2362529
1388998 2262885
723982 1486290
9719112 9719114
1462626 2332681
9719642 9719644
9719799 9719801
9720192 9720195
9720569 9720572
2571375 3211131
9721053 9721055
9721597 9721599
619460 1358654
7475561 7475570
16437 84289
9722716 9722719
9707958 9707961
9723194 9723197
9724185 9724188
9724185 9724189
9724397 9724399
9724672 9724678
2369305 3063562
9724759 9724761
9724984 9724987
9724984 9724988
9725281 9725285
9725298 9725301
9725283 9725292
174663 538640
68476 257333
253024 746054
4999227 256133
9673904 9673923
67603 256133
9730258 9730261
3420139 3804735
9730814 9730816
9735801 9735805
9735809 9735811
9736384 9716634
3034433 3539658
9740062 9740064
9740455 9740457
9740464 9740466
9692441 9692451
9678351 9678364
9741978 9741981
9742038 9742040
9742111 9742113
9742751 9742753
9742932 9742935
9742934 9742935
2448631 3129104
9744357 9744359
9745776 9745779
9746112 9746115
9746730 9746732
9756181 9756183
9756185 9756187
9757983 9757985
9757991 9757993
9758006 9758008
9709819 9709824
9758139 9758141
9758146 9758148
9758316 9758318
9758323 9758325
9758327 9758330
9758333 9758335
9758347 9758349
9758364 9758366
9758368 9758370
9758377 9758379
9758390 9758392
4631921 4640256
10098098 10098100
3313288 3735919
10098897 10098899
10098951 10098953
1486376 2353922
1497810 2362553
2607160 3239380
131687 418378
422560 1063528
449008 1104679
1357668 2231920
82327 284685
15636 81070
1311782 2184213
13256441 13256443
13256441 13256444
723961 1486036
42229 173953
1243498 2122444
340645 930825
119688 382008
510747 1205568
3245490 3691015
390826 1001610
927033 1734104
2353304 3050675
131080 417384
197310 593367
318438 856592
2127098 2874949
13290998 13291000
13291717 13291719
220762 680815
13293005 13293007
9746296 9746301
13306869 13306871
13307025 13307027
2086295 2840047
1357669 2231936
15464 80559
723962 1486074
1555497 2415510
13319819 13319821
4547421 4565393
13330618 13330620
2593870 3228949
9070114 9070124
13337263 13337265
10396015 10396036
752811 1533948
13373502 13373504
9671584 9671590
3157808 3628661
13423528 13423531
13445322 13445325
9707801 9707802
13504500 13504502
13365878 13365885
3376126 3777038
1036040 1900217
2353596 3051088
253580 747339
3724356 4005065
14885549 14885552
14886070 14886072
14887670 14887672
9710551 9710554
9710551 9710555
14888450 14888454
2364884 3059853
3047987 3548271
9711367 9711372
807547 1609113
5975736 5975753
14959959 14959961
9671554 9671563
15019482 15019484
15095618 15095620
15123865 15123867
9702602 9702612
1481965 2349675
15170568 15170570
14874843 14874845
15826738 15826740
15833615 15833617
9218142 9218157
21606189 21606190
9707807 9707811
3578886 3913986
21606192 21606193
2753072 3343493
21606194 21606195
21606196 21606197
21606199 21606200
21606201 21606202
21606204 21606205
21606206 21606207
21606208 21606209
21606211 21606212
21606213 21606214
21606215 21606216
21606215 21606217
21606218 21606219
21606220 21606221
21606222 21606223
21606224 21606225
21606226 21606227
21606229 21606230
21606242 21606243
21606254 21606255
21606257 21606258
2312268 3021941
409487 1046130
21606259 21606260
21606261 21606262
21606263 21606264
228493 704186
21606265 21606266
21606267 21606268
21606272 21606273
21606275 21606276
21606279 21606280
21606281 9709824
21606282 21606283
21606284 21606285
21606287 21606288
8372780 8372810
2413826 3101682
21606290 21606291
9678422 9678424
21606292 21606293
15065426 15065429
3966705 4160469
21606294 21606295
21606297 21606298
21606299 21606300
21606301 21606302
21606303 21606304
21606305 21606306
21606307 21606308
21606309 21606310
21606311 21606312
21606313 21606314
21606315 21606316
21606319 21606320
21606322 21606323
2351141 3047988
9124871 9124874
42053 173025
21606324 21606325
21606326 21606327
21606328 15170570
21606330 21606331
21606332 21606333
21606334 21606335
21606336 21606337
21606338 21606339
21606345 21606346
10098948 10098950
21606347 21606348
21606349 21606350
21606351 21606352
21606353 21606354
21606355 21606356
21606357 21606358
21606359 21606360
21606361 21606362
21606364 21606365
21606366 21606367
21606368 21606369
21606370 21606371
21606372 21606373
1579243 2437611
21606374 21606375
21606377 21606378
21606379 21606380
21606381 21606382
21606383 21606384
21606385 21606386
21606387 21606388
21606390 21606391
21606392 21606393
21606394 21606395
21606396 21606397
21606398 21606399
21606400 21606401
21606403 21606404
21606405 21606406
21606407 21606408
21606411 21606412
2332385 3034434
21606414 21606415
21606416 21606417
15148522 15148525
21606418 21606419
21606420 21606421
21606422 21606423
21606424 21606425
21606426 21606427
21606428 21606429
21606430 21606431
21606432 21606433
21606434 21606435
21606438 21606439
21606440 21606441
3857624 4089659
21606442 21606443
21606444 21606445
21606447 21606448
778022 1564483
21606449 21606450
21606451 21606452
21606453 21606454
9711329 9711331
9280831 9280835
21606455 21606456
21606457 21606458
21606459 21606460
21606459 21606461
21606462 21606463
21606465 21606466
2643922 3265948
1592058 2448794
21606467 21606468
21606470 21606471
21606472 21606473
21606474 21606475
9688505 9688509
21606477 21606478
21606479 21606480
21606481 21606482
21606483 21606484
21606485 21606486
21606488 21606489
9722389 9722393
10098925 10098927
21606490 21606491
21606492 21606493
21606494 21606495
21606496 21606497
15176999 15177005
21606498 21606499
21606500 21606501
21606502 21606503
21606504 21606505
21606506 21606507
21606509 21606510
21606511 21606512
21606513 21606514
21606515 21606516
21606517 21606518
21606519 21606520
21606521 21606522
21606523 21606524
21606525 21606526
21606527 21606528
21606529 21606530
21606531 21606532
9707949 9707953
21606534 21606535
21606536 21606537
21606538 21606539
21606540 21606541
21606542 21606543
21606544 21606545
21606546 21606547
21606548 21606549
21606550 21606551
21606552 21606553
21606554 21606555
9701951 9701955
21606557 21606558
21606561 21606562
21606564 21606565
21606566 21606567
21606568 21606569
21606571 21606572
21606574 21606575
21606576 21606577
21606578 21606579
9704359 9704376
9698458 9698470
21606582 21606583
21606584 21606585
21606586 21606587
21606588 21606589
21606590 21606591
21606592 21606593
21606594 21606595
21606596 21606597
21606598 21606599
21606600 21606601
21606602 21606603
21606604 21606605
21606606 21606607
21606608 21606609
21606610 21606611
21606616 21606617
21606618 21606619
21606620 21606621
21606622 21606623
21606624 21606625
21606626 21606627
21606628 21606629
21606631 21606632
21606633 21606634
21606635 21606636
21606637 21606638
21606639 21606640
21606641 21606642
21606644 21606645
21606646 21606647
21606648 21606649
15113487 15113491
21606652 21606653
21606656 21606657
21606658 21606659
2902047 3443013
21606660 21606661
15163477 15163482
9755751 9755753
1482725 2350422
21606662 21606663
21606664 21606665
21606666 21606667
