5035470 377123
5173834 377123
5195229 377123
757953 1540269
976044 377123
4915214 377123
5609648 1051649
1457612 377123
2352932 1318152
5678491 377123
34847 138035
5705861 161555
5716679 377123
3031293 3537234
201840 201848
5923363 1051649
5987247 661204
813893 377123
728471 377123
6031653 377123
6048826 1318152
1099023 201848
2363966 201848
2728488 201848
1957774 201848
405908 1035336
6090693 377123
6090693 661204
3479703 201848
6103362 1051649
3698332 377123
4170071 201848
6191476 377123
6206495 1035336
2516170 1035336
6228691 377123
2495057 1051649
6248454 377123
6273890 161555
6296941 1035336
2843884 1035336
1002342 161555
447578 161555
5031095 1051649
4209854 1035336
3758908 134316
6453804 377123
6506982 134316
3667938 1318152
413076 1051649
6551792 377123
6573444 377123
447022 1100955
6598984 377123
5734319 1051649
6740665 1051649
201875 201848
425666 134316
606032 201848
606033 201848
39065 159510
6949115 1051649
6949834 377123
6970843 377123
6970877 377123
6989293 1051649
7008591 1051649
7015002 661204
7067538 377123
606081 201848
7091968 201848
7106721 1051649
7127981 377123
3883016 1051649
456312 134316
957103 377123
7211799 1051649
7242101 377123
7251943 1051649
2152454 1051649
7314358 1035336
7318217 377123
46735 201848
1210999 723454
7379458 1051649
7385452 661204
7421094 1318152
7448384 1051649
7485955 377123
3106573 377123
1443165 377123
7554802 1051649
7562714 377123
7648659 1051649
7663670 1051649
7674236 1051649
7743107 1051649
2572577 161555
2860197 161555
7773144 377123
3531246 1051649
7826469 1051649
7832169 1051649
7832250 377123
606387 201848
7835378 1051649
5007371 377123
7839011 161555
7842008 161555
3654414 3962870
3883048 1051649
6301535 1051649
1761765 377123
2691866 1051649
6457325 1318152
7956247 1035336
7971142 1051649
7985758 377123
8027597 1051649
8037065 377123
8037107 377123
8158831 1051649
8195957 1051649
8231026 377123
39400 161555
8308953 1051649
4369403 1051649
8325691 201848
8329791 377123
8333196 377123
8357726 377123
46736 201848
6301538 1051649
8422859 377123
8425541 1318152
8434722 377123
1224308 161555
8499972 377123
8549597 1051649
8562847 1051649
765578 377123
8538442 161555
8646464 377123
46737 201848
8689809 377123
2180395 2918253
424289 377123
8761309 1051649
8766819 1035336
8768667 377123
8778717 1318152
5192590 161555
8835315 1051649
8875377 377123
606082 201848
8950233 377123
8955587 377123
8963126 377123
8987640 377123
8994675 377123
4452146 1051649
9002881 377123
9014104 377123
9026512 377123
9033035 377123
4359800 1051649
9070553 377123
9082765 377123
9106300 377123
4146609 161555
9113277 377123
9123852 377123
9143733 377123
9149092 1035336
9165742 1318152
1275532 1051649
9330490 201848
9338988 377123
9355929 377123
9364729 1035336
9385868 377123
9389816 377123
9392021 377123
9414931 377123
9443118 1035336
9451536 134316
3233075 1318152
9511595 377123
9529081 377123
9545717 377123
9560686 377123
9560686 661204
9582092 134316
9647238 377123
9662760 161555
4422919 1051649
9822854 377123
9838898 161555
10103110 201848
443558 201848
555449 377123
3027220 201848
10176782 201848
2218144 201848
443559 201848
46739 201848
728507 201848
201878 201848
201879 201848
606083 201848
606035 201848
10178018 201848
10178123 201848
10178259 201848
814172 377123
814172 661204
2363473 377123
10178265 201848
4565469 201848
10181134 201848
10181140 201848
10181154 201848
10181166 201848
3975479 201848
606323 201848
606084 201848
1343305 201848
443560 201848
1092824 201848
2217970 201848
606036 201848
606037 201848
10182254 201848
2218016 201848
3058827 201848
10182771 201848
2217848 201848
10182811 201848
2736224 201848
10182954 201848
606317 201848
1327106 377123
10183172 661204
1957794 201848
10183237 201848
1957775 201848
10183486 201848
2728405 201848
10183876 201848
2728389 201848
10184131 377123
2218064 201848
10184431 201848
10184716 201848
3319373 201848
2323389 201848
10291608 1051649
10366014 1051649
10376137 377123
10416799 377123
10434055 377123
10434060 377123
10434062 377123
10668511 377123
10673655 1035336
10714340 1051649
10728449 377123
7724550 1051649
4490984 1051649
10808808 377123
10861425 377123
10861835 377123
3081509 161555
10892178 377123
10914574 1035336
10931521 1051649
1178481 1318152
10953963 377123
10965851 1051649
10971493 161555
11019757 1051649
4622718 1051649
2152477 1051649
11021974 1051649
11022685 377123
11025455 377123
11031294 377123
11040970 1051649
11042783 377123
11043443 377123
11043645 377123
11044856 377123
3294458 377123
11048348 377123
11049723 377123
11051515 377123
11051723 377123
11055046 377123
11056236 377123
11057210 1051649
11057928 377123
11059047 377123
11060444 377123
11060508 377123
11060602 1051649
11060849 377123
11061678 377123
11061860 1035336
11061901 377123
5975965 377123
11065174 377123
11065460 377123
11065749 377123
11070528 1051649
11072029 377123
11072537 134316
11073565 1051649
5121568 1051649
117285 377123
11078851 377123
11083235 134316
11084122 1051649
11085214 1051649
11086098 377123
11087681 377123
11088554 201848
11089473 1051649
11090892 1051649
11092077 134316
2736225 201848
3112938 377123
1460372 134316
3479754 201848
8814151 161555
2700180 161555
11102518 377123
11108153 377123
11114419 377123
11115973 377123
1066288 377123
1066289 377123
11125395 377123
11125869 377123
11128798 377123
11147554 1035336
11187122 377123
9598949 1318152
11202301 377123
11203530 1318152
2681682 134316
11219772 377123
11229267 377123
11240185 134316
11267502 377123
11277397 161555
11303296 134316
11304395 377123
10374417 377123
11323312 377123
11325678 134316
11335890 377123
11338565 377123
11339538 377123
11342504 377123
11348400 377123
11375523 377123
11376769 377123
4342408 201848
3291272 1051649
11392238 377123
11392787 1035336
11396735 1051649
11398911 377123
11407695 377123
11411259 11411274
11411335 377123
11413116 377123
11420461 1318152
11434112 377123
11442777 1051649
4673503 1051649
11455596 40301
11460706 377123
11466016 377123
11500056 377123
11500853 377123
11500853 661204
11509189 134316
11510104 377123
2935900 377123
11512798 1035336
11515628 161555
11518594 377123
11520617 377123
11520919 377123
11521874 377123
11523552 134316
11552325 377123
11553458 377123
11567315 377123
4380684 2499728
11577267 1716334
11581361 377123
11584076 377123
11587513 7432166
11602604 134316
11603534 377123
3773161 377123
11607010 1318152
11625677 377123
11646804 1318152
11656476 377123
11687616 161555
11688214 161555
3377569 161555
4570621 161555
2047415 161555
4005010 161555
1531117 161555
11769594 161555
2363507 201848
11794766 201848
11795808 201848
4410854 201848
3319395 201848
11797309 377123
11926370 1051649
11941998 1318152
11955494 161555
11963903 377123
3721308 161555
11969852 161555
11969868 161555
3721303 161555
12055558 134316
12066107 1318152
12068347 134316
12068365 134316
12070287 134316
422341 161555
12145938 1051649
12163942 1051649
12178450 1051649
12221983 4079925
12252593 1051649
12270596 377123
3654418 3962870
12314840 161555
12316798 1035336
2352289 161555
12330712 1051649
11439178 161555
12358988 161555
3654419 161555
12393747 161555
12405940 161555
3144331 161555
12484470 161555
12484610 447029
1967188 201848
12496569 134316
4826086 377123
12502792 377123
12506716 161555
3303173 1035336
1062482 161555
1396318 202527
12534989 1051649
4667763 1051649
12587183 1051649
12598668 1051649
12602705 201848
12624719 161555
12660744 1318152
11915511 1051649
9059927 377123
12712295 161555
12736861 1035336
12778157 1051649
12794792 161555
759011 161555
2700027 161555
1925110 161555
4927783 161555
12921284 161555
2696856 161555
3111414 161555
12187449 161555
4533070 161555
12949424 161555
4006136 161555
4186803 161555
3933319 161555
1924162 161555
2701361 161555
1924163 161555
10672444 377123
13044970 161555
3813467 161555
3128691 1051649
1063117 161555
13120150 377123
7933464 182154
2822420 377123
2822420 661204
12349648 377123
4049318 161555
14254687 377123
14272391 377123
14277712 1211420
14299560 377123
14339025 377123
14383144 1035336
14384195 377123
14496251 377123
3293018 377123
14505374 377123
14506325 377123
14506337 377123
14573975 377123
14608560 1051649
14638489 377123
1325601 1318152
14650149 1051649
14696987 377123
14715918 1051649
14812849 377123
3584188 1035336
14852487 1035336
14854609 377123
14855953 1035336
14875275 1035336
14880454 377123
14880457 377123
15203575 377123
4126268 70826
15232102 377123
3913638 70826
3554558 201848
4593510 201848
10181168 201848
10182290 201848
15253958 201848
4191199 201848
3319426 201848
15256239 201848
15257098 201848
15259757 201848
15301420 377123
15351631 161555
15525201 377123
15561123 377123
15609354 1051649
15623339 1051649
15631701 1051649
15641717 1051649
15644117 1318152
15644252 134316
15657003 161555
15658843 1051649
15660491 1051649
15663259 377123
443576 201848
10182259 201848
15675160 377123
10182277 201848
606045 201848
15675531 201848
23749558 1035336
23759218 1051649
24365013 377123
3556295 1051649
24407973 134316
24420015 377123
24420077 377123
3571020 161555
25466736 161555
28280916 161555
28303435 1035336
1165299 1954705
28368844 377123
28378763 377123
11881960 161555
28448080 1318152
28448085 1035336
28450841 134316
12419127 161555
28495309 161555
28495320 161555
28495325 161555
28495330 161555
28495331 161555
28495334 161555
28495336 161555
28510359 134316
28511516 161555
28511521 161555
28511530 161555
2218145 201848
2950949 201848
28523560 377123
28526995 377123
28528076 377123
28529937 377123
28531218 377123
28532590 377123
28540989 377123
28546757 377123
28547240 377123
28548520 377123
28550520 377123
28551011 377123
28569052 377123
28580220 201848
28590360 1051649
28639684 1051649
28661789 1051649
3238471 201848
28732762 161555
3654437 161555
3654439 3962870
4157651 3962870
608398 202527
608729 202527
28308840 161555
605981 201848
1345366 202527
28734176 161555
12228545 12228564
4210250 1318152
2990413 202527
2270348 202527
2366220 202527
3740634 201848
1343526 201848
28738298 377123
28738299 377123
28739746 28739747
28753966 377123
28760292 377123
28760301 377123
28763024 377123
25466737 161555
28766376 1318152
28767764 1051649
28768832 1051649
28770107 161555
28770447 1035336
28771250 1035336
8424245 1318152
28771558 1051649
28772679 1051649
28773374 134316
541515 377123
1262725 377123
28775685 377123
28776609 1051649
28776618 1051649
28974102 377123
29008865 1051649
4661776 1051649
11985369 1051649
4631719 1051649
29024739 377123
29027406 1051649
12228547 12228567
29028126 161555
1326567 377123
773390 377123
202749 202527
46988 202527
608759 202527
202734 202527
1345367 202527
202753 202527
47020 202527
202757 202527
46998 202527
46999 202527
202561 202527
202562 202527
608405 202527
1345183 202527
608255 202527
29713098 377123
29713098 661204
202740 202527
608406 202527
202759 202527
29713153 202527
29713154 202527
29713155 202527
1345649 202527
202744 202527
2656420 377123
30299676 1051649
30299683 1051649
30299689 1051649
30299695 1051649
11057048 1051649
30318109 1051649
30318112 1051649
30329962 1051649
30339444 1051649
30349399 1051649
30349957 1318152
12228548 1460346
12228549 161555
30362711 377123
30366000 1051649
6301555 1051649
3021676 1051649
30368435 1051649
30370783 1051649
30378598 1318152
30381334 377123
30390509 1051649
30392700 377123
30398074 161555
30401172 1051649
30401182 1051649
28772680 1051649
30484078 1051649
30484147 1051649
30486804 1051649
30487880 1318152
841188 134316
2714369 1318152
30767517 1051649
28768040 1318152
495830 1051649
30774638 1318152
30774869 1051649
30774931 1051649
30775775 1318152
30776314 377123
30778293 161555
30785077 377123
30933837 1318152
513299 1211420
30934061 134316
30934064 134316
2856835 161555
30934118 1318152
30934175 134316
30934358 134316
30934457 1051649
30934461 134316
30934633 1318152
30934803 134316
30934814 134316
30934872 1318152
30935224 134316
30935240 1051649
4672737 377123
4547453 201848
31072085 134316
3721309 161555
1002113 377123
31074252 201848
6472164 201848
3319345 201848
31075281 201848
1343319 201848
12602707 201848
31078219 201848
1530835 161555
31079545 377123
31081598 377123
10182813 201848
31083298 377123
31083599 377123
31085811 1051649
31091818 377123
31092480 161555
31092897 1051649
31093024 1051649
31093367 1051649
31093890 377123
2744080 161555
31095369 377123
31097356 1051649
31101313 201848
31102161 377123
31076500 201848
31104724 2733181
31105161 15884178
31105670 377123
10176731 661204
201915 201848
31106157 161555
31106200 377123
31106275 201848
31106479 134316
31106526 15884178
31106814 377123
31107458 377123
606325 201848
31108009 377123
31108122 377123
606326 201848
31108532 1318152
31108612 134316
31108886 1051649
31108956 1051649
31109094 1051649
10302260 1051649
31109520 161555
4006156 161555
4186793 161555
3294890 161555
11769640 161555
15904166 201848
15010002 134316
31112221 1051649
31112890 1051649
31113014 1318152
31116640 1051649
12279834 1051649
31116642 1051649
31118848 1051649
31119007 1051649
31119011 1051649
31119020 1051649
31119021 1051649
31119025 1051649
31119026 1051649
31119470 1318152
3326776 201848
31120591 1051649
31122197 1318152
31122271 1051649
31122708 1051649
31125776 1051649
31125777 1051649
31125778 1051649
31125782 1051649
31125988 134316
31126323 1051649
31126487 377123
31126793 1051649
3587511 1318152
31127280 1035336
31127565 1051649
31127770 1051649
31128192 1051649
1066296 377123
31129305 1051649
31129627 1051649
31130869 377123
4851175 1051649
31131653 377123
31133215 1051649
5593634 134316
31133585 1051649
31133767 1318152
31134088 377123
1101966 161555
31115384 1051649
4186794 161555
31135267 1051649
31135273 1051649
31135296 1051649
31135299 1051649
30368330 1051649
31135340 1051649
31135350 1051649
30338058 1051649
31135361 1051649
28772759 1035336
31135553 134316
12279831 1051649
31135776 1051649
31135777 134316
31135778 1051649
31136540 1051649
31136675 134316
31136767 134316
609963 1318152
31139335 1051649
30935245 1051649
9321583 192060
31140143 1318152
11240555 161555
12252596 1051649
31140833 1051649
31141502 1051649
31120020 1051649
31146364 1051649
31146431 1318152
31146517 1318152
1318029 1318152
31146549 1051649
14486967 134316
31146969 1035336
31146981 192060
31146981 1035336
31147013 1318152
31147247 134316
31147564 1051649
31147565 1051649
31147566 1051649
1231035 161555
3291284 1051649
31147600 1051649
3721906 1051649
31147602 1051649
31147603 1051649
31151478 1318152
31151480 1318152
31151481 1318152
31151482 1318152
31151483 1318152
31153505 1051649
30934641 1051649
31154546 1051649
31154994 377123
31155249 161555
31155640 1051649
31155725 1051649
31157783 1035336
31158778 134316
31159538 1051649
31160209 1051649
31161861 377123
31162253 1051649
2696835 161555
31163975 161555
31164003 1318152
31165262 1051649
31165660 1035336
6301523 1051649
4208539 1051649
31166695 1051649
6301534 1051649
31166806 1318152
3336628 1051649
31169048 377123
1843870 377123
31169159 161555
31169794 1051649
31169796 1051649
31169799 1051649
31169800 1051649
31169804 1051649
31169806 1051649
31169808 1051649
31170865 377123
31171663 1051649
31171664 1051649
31171666 1051649
31171667 1051649
31171668 1051649
31171669 1051649
31174174 1051649
31174265 1318152
31174666 134316
31175083 1318152
7628263 1051649
1051659 1051649
30318115 1051649
31175121 1051649
5031086 1051649
31180809 161555
31865097 1318152
31925380 161555
31926092 161555
31926438 161555
31926490 161555
31926492 161555
31926823 161555
31926851 161555
31926945 161555
31927028 161555
31927038 161555
31927046 161555
31927580 161555
31927610 161555
31927893 161555
31927894 161555
31927895 161555
31928059 161555
31928368 161555
31929258 161555
31929352 161555
31929554 161555
31929592 161555
5192598 161555
31929631 161555
32815085 377123
32878778 161555
32879627 161555
32889338 161555
32891461 161555
2109557 161555
32936700 161555
32938102 161555
2736205 201848
32939599 377123
3885487 201848
4115509 201848
32942456 202527
32961793 1035336
32967229 377123
32970984 161555
2218063 201848
3745454 201848
3319381 201848
10182269 201848
33006783 201848
4236747 201848
33007009 201848
33007135 201848
3745450 201848
33007214 201848
33007215 201848
4410776 201848
31101315 201848
33007465 201848
33007473 201848
33007499 201848
33007731 201848
10181169 201848
33007757 201848
33007772 201848
10181171 201848
33007777 201848
33007474 201848
33007778 201848
33007779 201848
33007466 201848
4524622 201848
33007788 201848
33007475 201848
33007811 201848
4165947 201848
4165948 201848
33007818 201848
33007820 201848
33007821 201848
33007828 377123
28763678 201848
4495990 201848
33007837 201848
33007838 201848
10181172 201848
33007845 201848
33007848 201848
33007851 201848
33007842 201848
33007857 201848
3971310 201848
33007822 201848
33007858 201848
33007889 201848
33007891 201848
33007890 201848
33007896 201848
33007797 201848
33007839 201848
31101314 201848
33007897 201848
33008352 4079925
33008674 447024
33009024 161555
33009258 377123
33009601 377123
33009859 161555
33010282 377123
33012220 377123
33012220 661204
33012755 377123
33013366 1035336
33014461 70827
33056291 377123
33056293 377123
12228551 161555
12228552 2918253
12228553 161555
33007879 201848
4377244 201848
33104125 201848
4293178 201848
33104134 201848
4163229 201848
33104149 201848
33104165 201848
3319382 201848
33104221 201848
33104151 201848
33104343 201848
33107316 201848
606328 201848
1500005 201848
33107957 201848
2950835 201848
3326777 201848
4342409 201848
33107974 201848
33007881 201848
33104166 201848
33108132 201848
33007859 201848
4459375 201848
3218345 201848
2736206 201848
33007873 201848
33107975 201848
33108347 201848
33104150 201848
3671155 201848
33104135 201848
33108449 201848
33108454 201848
10178026 201848
33109266 201848
33111112 377123
33111160 377123
33117613 377123
33128879 134316
33128925 134316
33129879 1318152
33134975 1051649
31114009 1051649
33135807 134316
33135950 1035336
33135986 134316
33136073 1051649
10182814 201848
33136625 1051649
11933527 161555
33137749 161555
33138801 1051649
33138818 134316
33138826 1318152
33138834 1051649
3918690 1318152
33138899 1051649
33138903 1318152
33139098 1051649
33139110 1051649
33139160 1318152
33139277 1051649
33139292 1051649
33139354 1035336
33139356 134316
33139397 1051649
33139400 1051649
30775385 134316
33139519 134316
33140736 1051649
33149573 1035336
33165893 1035336
33172036 201848
33222400 134316
33222436 134316
33222500 134316
33222537 134316
33226533 1318152
33238239 377123
33238261 377123
33238301 377123
33238346 377123
33238382 377123
10182957 201848
33248451 1211420
33248609 1035336
33248670 1051649
31109539 1051649
33249676 1035336
33250453 161555
33264570 377123
33340255 377123
33347836 377123
33552402 134316
33553925 377123
33772535 1035336
34320307 4079925
4479071 4079925
34386913 134316
34395922 134316
34407173 377123
1542362 161555
34444562 1051649
34456132 377123
34469439 34469440
11190679 377123
11190679 661204
34652173 1051649
34652224 377123
34715097 377123
34715643 4079925
34725096 1051649
34727277 1051649
34728095 377123
34728319 377123
34728645 1051649
30025743 1051649
34728734 1051649
34728771 1051649
34728791 1051649
34728924 1051649
34728969 1051649
34728975 1051649
34728976 1051649
34728983 1051649
34728995 1051649
34729000 1051649
34729001 1051649
34729009 1051649
34729019 1051649
34729023 1051649
34729031 1051649
34729036 1051649
34729037 1051649
34729038 1051649
34729043 1051649
34729044 1051649
34729057 1051649
34729060 1051649
34729066 1051649
34729074 1051649
34729087 1051649
34729090 1051649
34729096 1051649
34729236 1051649
34729237 1051649
34729239 1051649
34729240 1051649
34729241 1051649
34729243 1051649
34729245 1051649
34729247 1051649
34729248 1051649
34729250 1051649
34729251 1051649
34729252 1051649
34729255 1051649
34729258 1051649
34729260 1051649
34729261 1051649
34729275 1051649
34729278 1051649
34729281 1051649
34729286 1051649
34729292 1051649
34729328 1051649
34729346 1051649
34729355 1051649
34729391 1051649
34729408 1051649
34729409 1051649
34729411 1051649
34729476 1051649
34729528 1051649
34729561 1051649
34729562 1051649
34729573 1051649
34729603 1051649
34729673 1051649
34729686 1051649
34729689 1051649
34729695 1051649
34729696 1051649
34729699 1051649
34729700 1051649
34729705 1051649
34729706 1051649
34729707 1051649
34729710 1051649
34729715 1051649
34729741 1051649
34729754 1051649
34729760 1051649
34729820 1051649
34729849 1051649
34729862 1051649
34729875 1051649
34729880 1051649
34729894 1051649
34729925 1051649
34729926 1051649
34729956 1051649
34729968 1051649
34730052 1051649
34730073 1051649
34730175 1051649
34730182 1051649
34730214 1051649
34730216 1051649
34730242 1051649
34730288 1051649
34730292 1051649
34730300 1051649
34730305 1051649
34730310 1051649
34730311 1051649
34730320 1051649
34730321 1051649
34730324 1051649
34730328 1051649
34730331 1051649
34730332 1051649
34730334 1051649
34730342 1051649
34730343 1051649
34730354 134316
34730355 1051649
34730356 1051649
34730357 1051649
34730369 1051649
34730377 1051649
34730379 1051649
34730385 1051649
34730387 1051649
34730389 1051649
34730391 1051649
34730392 1051649
34730403 134316
34730405 1051649
34730413 1051649
34730428 1051649
34730501 1051649
34730539 1051649
34730540 1051649
34730541 1051649
34730574 1051649
34730575 1051649
34730576 1051649
34730586 1051649
34730587 1051649
34730610 1051649
34730614 1051649
34730615 1051649
34730623 1051649
34730628 1051649
34730630 1051649
34730647 1051649
34730658 1051649
34730659 1051649
34730680 1051649
34730687 1051649
34730691 1051649
34730724 1051649
34730729 1051649
34730786 1051649
34730796 1051649
34730799 1051649
34730835 1051649
34730836 1051649
34730844 1051649
34730846 1051649
34730909 1051649
34730930 1051649
34731103 1051649
34731105 1051649
1914362 1051649
34731207 1051649
34731208 1051649
34731209 1051649
34731210 1051649
34731227 1051649
34731279 1051649
34731352 1051649
34731422 1051649
34731428 1051649
34731517 1051649
34731521 1051649
34731529 1051649
34731600 1051649
34731618 1051649
34731858 1051649
34731861 377123
34731864 1051649
31156788 1051649
34731894 1051649
34731923 1051649
34731936 1051649
34731964 1051649
34731968 1051649
34731978 1051649
34731991 1051649
4044009 1211420
34731995 1051649
34731998 1051649
34732000 1051649
34732017 1051649
34732023 1051649
34729585 1051649
34732028 1051649
34732079 1051649
34732088 1051649
34732091 1051649
34732094 1051649
34732100 1051649
34732114 1051649
34732118 1051649
34732120 1051649
34732124 1051649
34732126 1051649
34732162 1051649
34732186 1051649
34732200 1051649
34732206 1051649
34732210 1051649
34732220 1051649
34732231 1051649
34732233 1051649
34732236 1051649
34732241 1051649
34732242 1051649
34732254 1051649
34732266 1051649
34732287 1051649
34732377 1051649
34732378 1051649
34732380 1051649
34732387 1051649
34732390 1051649
34732408 1051649
34732415 1051649
34732417 1051649
34732482 1051649
34732485 1051649
28385284 1051649
34732496 1051649
34732504 1051649
34732506 1051649
34732509 1051649
34732513 1051649
34732532 1051649
34732553 1051649
34732577 1051649
34732580 1051649
11300343 1051649
34732598 1051649
34732606 1051649
34732631 1051649
34732658 1051649
34732671 1051649
34732684 1051649
4003857 1051649
34732693 1051649
1179698 1051649
34732718 1051649
34732735 1051649
34732759 1051649
34732772 1051649
34732777 1051649
34732800 1051649
34732842 1051649
34732849 1051649
34732855 1051649
34732875 1051649
34732880 1051649
34732888 1051649
34732948 1051649
34732949 1051649
34732951 1051649
34732989 1051649
34733007 1051649
34733015 1051649
34733028 1051649
34733029 1051649
34733032 1051649
34733044 1051649
34733049 1051649
34733052 1051649
34733064 1051649
34733065 1051649
34733088 1051649
34733101 1051649
34733103 1051649
34733104 1051649
34733128 1051649
34733148 1051649
34733151 1051649
34733152 1051649
34733156 1051649
34733198 1051649
34733202 1051649
34733203 1051649
34733237 1051649
34733242 1051649
34733256 1051649
34733261 1051649
34733278 1051649
34733289 1051649
34733313 1051649
34733315 1051649
34733316 1051649
34733321 1051649
34733332 1051649
34733341 1051649
34733354 1051649
34733360 1051649
34733383 1051649
34733387 1051649
34733400 1051649
31109122 1051649
34733436 1051649
34733458 1051649
8549608 1051649
34733482 1051649
34733485 1051649
34733489 1051649
34733526 1051649
34733545 1051649
34733546 1051649
34733574 1051649
34733590 1051649
34733613 1051649
34733625 1051649
34733626 1051649
34733641 1051649
34733645 1051649
34733649 1051649
34733658 1051649
34733666 1051649
34733669 1051649
34733707 1051649
34733780 1051649
34733806 1051649
34733807 1051649
34733815 1051649
34733828 1051649
34733835 1051649
34733889 1051649
34733897 1051649
34733899 1051649
34733917 1051649
34733919 1051649
31108887 1051649
34733945 1051649
34733970 1051649
34733974 1051649
34733975 1051649
34733979 1051649
34733985 1051649
34733990 1051649
34733996 1051649
34734001 1051649
34734051 1051649
34734057 1051649
34732178 1051649
34734155 1051649
34734158 1051649
34734163 1051649
34734174 1051649
7724557 1051649
34734271 1051649
30933907 1051649
34734290 1051649
34734308 1051649
34734335 1051649
34734336 1051649
34734340 1051649
34734585 1051649
34734586 1051649
34734588 1051649
34734871 1051649
34734894 1051649
34734977 1051649
34735007 1051649
34735062 1051649
34735069 1318152
34735114 1051649
30338057 1051649
34735177 1051649
34735179 1051649
34735182 1051649
34735184 1051649
34735201 1051649
34735233 1051649
34735237 1051649
34735254 1051649
34735331 1051649
34735333 1051649
34735343 1051649
34735360 1051649
34735369 1051649
34730797 1051649
34735390 1051649
34735412 1051649
34735437 1051649
34735439 1051649
34735457 1051649
34735467 1051649
34735525 1051649
4459404 201848
34735538 201848
10178023 201848
34735626 1051649
30405099 1051649
31121781 1051649
34728765 1051649
34735901 377123
34742076 377123
34727918 377123
34745939 1318152
34748385 34748386
34748436 34748386
34748684 377123
34749536 377123
33742821 377123
34750002 1318152
117336 377123
31095507 377123
34753555 377123
377128 377123
34757318 1051649
34766342 161555
34767830 161555
34768179 161555
34770653 1051649
34777043 377123
34777078 377123
34777225 377123
34777270 377123
34777376 377123
34777402 377123
34777501 377123
34777509 377123
34778559 377123
34780393 161555
34781371 161555
4678640 1051649
34793356 161555
34793762 161555
34794019 13327727
34795606 1051649
34799421 377123
34821898 161555
34824065 377123
34824462 161555
34825336 161555
2647695 161555
11044304 161555
34843081 161555
34843082 161555
3081681 161555
3396090 202527
3326771 201848
33007843 201848
33007758 201848
3479715 201848
34940513 201848
34940568 201848
31076501 201848
34940708 201848
10178025 201848
34940720 201848
34940873 201848
34940880 201848
1957759 201848
34959058 161555
34959060 161555
34959061 161555
3413645 161555
32945098 202527
34960844 161555
34961297 161555
34961462 161555
34962809 161555
34963463 161555
34966010 1211420
4450827 161555
34967789 1318152
34967894 1318152
34968081 1318152
34968795 192060
34969094 134316
34969771 134316
34969982 134316
34970011 1318152
34970145 1035336
34970687 1035336
34970699 1035336
34976053 161555
3413646 161555
34976054 161555
34976056 161555
3801135 161555
34977460 134316
34977556 134316
34977995 134316
34996085 377123
35007945 377123
35008580 377123
995874 377123
31910177 377123
4580761 201848
35043166 377123
35043644 201848
33104224 201848
35044971 377123
4084944 201848
4352551 201848
12228555 161555
12228556 161555
5685099 377123
35364682 202527
35364687 202527
35365146 876774
2536875 377123
2536882 202527
2536887 377123
35367432 35367433
2990415 202527
2270350 202527
35385776 161555
35385979 377123
35386678 1716334
424342 377123
35387505 161555
35388992 161555
35389477 161555
15515481 182154
35534632 377123
33735939 377123
36107289 377123
36250384 9694064
36250410 36250412
36250439 9694041
36250443 9694041
36250447 9694041
36250455 9694041
36250459 9694041
36250463 9694041
36250479 9694064
36250491 9694041
36250499 9694041
36250539 9694041
36250543 9694041
36250547 9694041
36250553 9694064
36250559 9694041
36250563 161555
36250593 9694041
36250597 9694041
36250601 15884178
36250605 15884178
36250609 15884178
36250613 15884178
36250617 15884178
36250621 9694041
36250633 9694041
36250651 9694041
36250655 9694041
36250659 9694041
36250671 9694041
36250691 15884178
36250695 15884178
36250705 9694041
36250725 9694041
36250729 9694041
36250747 9694041
36250751 9694041
36250755 9694041
36250759 9694041
36250763 9694041
36250767 9694041
36250777 9694041
36250783 9694041
36250823 9694041
36250834 36250412
36250864 15884178
36250868 9694041
36250888 36250890
36250897 15884178
36250907 9694041
36250917 9694041
36250921 9694041
36250929 15884178
36250933 9694041
36250943 9694041
36250995 15884178
36251049 9694041
36251073 9694041
36251085 9694041
36251113 15884178
36251129 15884178
36251213 9694041
36251227 15884178
36251263 15884178
36251279 9694041
36251335 9694041
36251339 9694041
36251353 9694041
36251357 9694041
36251373 9694041
36251377 9694041
36251383 9694041
36251395 9694041
36251401 15884178
36251421 15884178
36251429 15884178
36251435 9694041
36251439 9694041
36251463 36250890
36251597 9694041
36251603 9694041
36251623 36250890
36251695 9694041
36251711 9694041
36251727 9694041
36251735 15884178
36251739 15884178
36251789 15884178
36251797 9694041
36251813 9694041
36251817 9694041
36251831 9694041
36251835 9694041
36251877 9694041
36251887 15884178
36251891 9694041
36251901 9694041
36251905 9694041
36251933 9694041
36251951 9694041
36251967 9694041
36251973 9694041
36251977 9694041
36251981 9694041
36251985 9694041
36251997 9694041
36252011 9694041
36252015 9694041
36252033 9694041
36252045 9694041
36252053 9694041
36252077 9694041
36252081 15884178
36252093 15884178
36252097 15884178
36252117 9694041
36252127 15884178
36252131 9694041
36252141 15884178
36252145 9694064
36252159 9694064
36252227 15884178
36252231 9694064
36252247 9694041
36252259 9694041
36252267 9694041
36252271 9694064
36252275 9694041
36252327 15884178
36252347 9694041
36252383 9694041
36252393 9694041
36252401 9694041
36252437 9694041
36252445 9694041
36252463 9694041
36252467 15884178
36252475 9694041
36252479 9694041
36252483 9694041
36252521 9694041
36252529 9694041
36252537 15884178
36252569 9694041
36252587 15884178
36252595 9694041
36252615 9694041
36252659 9694041
36252687 9694041
36252691 9694041
36252707 9694041
36252711 9694041
36252727 9694041
36252745 9694041
36252749 9694041
36252765 9694041
36252781 9694041
36252797 15884178
36252801 15884178
36252807 9694064
36252811 9694064
36252827 36250890
36252833 9694041
36252863 9694041
36252867 15884178
36252873 9694041
36252879 9694041
36252887 9694041
36252909 9694041
36252917 15884178
36252957 9694041
36252963 9694041
36253031 161555
36253089 15884178
36253145 9694041
36253179 9694041
36253201 9694041
36253207 9694041
36253227 9694041
36253231 9694041
36253239 15884178
36253243 9694041
36253257 9694041
36253287 9694041
36253329 9694041
36253367 9694041
36253457 9694041
36253473 9694041
36253489 1691893
36253493 1691893
36253513 1691893
36253545 9694041
36253555 9694041
36253559 9694041
36253613 1691893
36253641 15884178
36253645 9694041
36253651 1691893
36253655 1691893
36253667 9694041
36253709 9694041
36253765 1691893
36253845 161555
36253897 36250890
36253937 9694041
36253987 36250412
36254159 15884178
36254183 9694041
36254199 9694041
36254203 36250412
36254293 15884178
36254301 15884178
36254393 15884178
36254625 9694041
36254649 9694041
36254653 9694041
36254661 9694041
36254665 9694041
36254669 9694041
36254691 9694041
36254715 9694041
36254725 9694041
36254737 9694041
36254741 9694041
36254745 9694041
36254749 9694041
36254753 9694041
36254789 9694041
36254793 9694041
36254797 9694041
36254801 9694041
36254809 9694041
36254813 9694064
36254817 9694041
36254857 9694064
36254897 9694064
36254901 9694041
36254913 9694041
36254917 9694041
36254921 9694041
36254925 9694041
36254929 9694041
36254933 9694041
36254937 9694041
36254941 9694041
36254945 9694041
36255041 9694041
36255045 9694041
36255053 9694041
36255079 9694041
36255083 9694041
36255163 9694041
36255255 9694041
36255265 9694041
36255277 15884178
36255289 9694041
36255293 9694041
36255313 9694041
36255317 36250412
36255333 9694041
36255365 9694041
36255369 9694041
36255373 9694041
36255377 9694041
36255381 9694041
36255385 9694041
36255389 9694041
36255499 15884178
36255713 161555
36255747 9694041
36255773 9694041
36255793 9694041
36255911 9694041
36255971 9694041
36256027 9694041
36256033 15884178
36256041 9694041
36256053 9694041
36256169 9694041
36256181 15884178
36256263 9694041
36256275 9694041
36256299 9694041
36256405 9694041
36256413 36250412
36256507 9694064
36256649 9694041
36256677 9694041
36256711 1691893
36256715 36250412
36256777 9694041
36256813 15884178
36256821 36250412
36256849 15884178
36256853 36250412
36256885 36250412
36256961 36250412
36256995 9694041
36257193 15884178
36257355 9694041
36257493 9694041
36257659 9694041
36257671 15884178
36257719 9694041
36257787 36250412
36257795 15884178
36257951 9694041
36258091 15884178
36258135 36250412
36258195 15884178
36258295 9694041
36258327 1691893
36258441 15884178
36258493 9694041
36258511 9694041
36258519 15884178
36258523 1691893
36258633 9694041
36258653 9694041
36258715 9694064
36258775 15884178
36258829 1691893
36258833 9694064
36258891 1691893
36258897 9694041
36259057 9694041
36259865 36250412
36259975 1691893
36259979 1691893
36260105 36250412
36260167 36250412
36260175 15884178
36260367 9694041
36260383 36250412
36260519 9694041
36260581 36250412
36260687 9694041
36260695 15884178
36260771 9694041
36260795 15884178
36260867 15884178
36261095 1691893
36261131 9694041
36261211 9694041
36261215 15884178
36261233 15884178
36261257 15884178
36261299 15884178
36261347 15884178
36261379 9694041
36262045 1691893
36262149 15884178
36262177 15884178
36262259 9694041
36262399 9694041
36262410 9694041
36262438 15884178
34733459 1051649
14384144 134316
36664179 134316
36664238 134316
36664267 134316
36664378 134316
36674317 134316
36674327 134316
36690809 134316
36691670 134316
36675192 134316
36692045 134316
36692124 134316
36692328 134316
759296 202527
36697405 134316
36697578 134316
36697723 134316
36697779 134316
36697835 134316
36698118 1318152
36698130 1318152
36698271 134316
36698618 134316
36698629 134316
31151479 1318152
36698131 1318152
36698939 1318152
36703299 1318152
34970012 1318152
3592983 161555
36724941 377123
36725078 377123
36725790 377123
34969838 1035336
36755108 377123
36761269 161555
36763001 134316
36765227 377123
28205906 201848
10581 70826
37683054 377123
37683300 4490103
37683301 4490103
37683317 4490103
37683319 4490103
4490105 4490103
37683327 4490103
37683331 4490103
37683332 4490103
37683333 4490103
37683334 4490103
37683335 4490103
37683336 4490103
37683339 4490103
37683340 4490103
37683337 4490103
37683341 4490103
37683343 4490103
37683344 4490103
37683345 4490103
37683346 4490103
37683347 4490103
37683348 4490103
37683351 4490103
37683352 4490103
37683353 4490103
37683357 4490103
37683359 4490103
37683360 4490103
37683361 4490103
37683363 4490103
4450978 4490103
37683371 4490103
37683372 4490103
37683373 4490103
37683375 4490103
37683376 4490103
37683378 4490103
37683471 377123
37692296 377123
37692782 377123
37693553 37693554
37693765 377123
37693815 377123
37694572 134316
37694684 134316
37695690 377123
37695820 377123
37695823 377123
37695887 377123
37695888 377123
37207203 377123
37695983 377123
37696028 377123
37696052 377123
37696179 377123
37696385 377123
37697184 377123
37697241 377123
37697242 377123
37697277 377123
37697329 377123
37697435 377123
37697540 377123
37697591 377123
37697594 377123
37697605 377123
37697684 377123
37697701 377123
37697709 377123
37697719 377123
37697903 377123
37697919 377123
37698039 377123
37698340 377123
37698342 377123
37698454 377123
37698458 377123
37699065 377123
37699187 377123
37699197 377123
424344 377123
37699475 377123
37699502 377123
37699549 377123
37699568 377123
37699682 377123
11510976 377123
37699785 377123
37700067 377123
37700132 377123
1066300 377123
37700368 377123
37700371 377123
37700489 377123
37700496 377123
37700826 377123
37700855 377123
37700877 377123
37700993 377123
37701020 377123
37701203 377123
37701246 377123
37701379 377123
6705055 377123
10586 70827
37705393 161555
38052886 377123
38060828 201848
3027148 201848
1957730 201848
2572528 201848
3726067 161555
3721305 161555
3726068 161555
3726044 161555
12187443 161555
2700173 161555
2454941 161555
3133524 161555
3797543 161555
4396132 161555
4277339 161555
3726070 161555
3795670 161555
35313914 377123
38685762 70826
33056296 377123
38731887 4079925
38817902 377123
38823735 201848
34840574 447027
39225581 161555
9194551 202527
29028127 161555
39352486 161555
39352669 161555
39427490 161555
39635833 161555
33007860 201848
33007869 201848
3671157 201848
33007792 201848
33007866 201848
33007793 201848
33007880 201848
33007790 201848
40093950 134316
40095779 377123
4533148 161555
40096605 161555
40096931 161555
40098697 1824391
4428952 161555
40100258 134316
40100282 161555
40100288 161555
40101553 377123
40101769 201848
40103561 1954705
40104015 377123
40104253 377123
40107389 161555
40107710 134316
31165118 161555
40108741 377123
40109903 1318152
40110227 134316
2847297 161555
40110503 201848
40110970 161555
40111618 201848
6154698 161555
40117044 377123
40117199 1318152
40117419 377123
3307583 1318152
40117777 377123
40117812 161555
40118624 161555
3950713 377123
40119539 377123
3726071 161555
1343648 201848
40122209 40122210
40122531 134316
32785747 161555
6154692 161555
4553645 161555
40127403 134316
40128064 377123
40128457 1035336
758315 1540655
40125754 161555
40133622 134316
40135682 1318152
40135683 1318152
40135685 1318152
40135686 1318152
40135688 1318152
40135689 1318152
40135690 1318152
40135691 1318152
40136390 1051649
40137885 1318152
40137891 161555
40137896 1318152
40138560 1035336
40139769 161555
40143656 1051649
40144125 161555
9110206 1318152
40145770 1318152
40145889 201848
1343404 201848
1327126 201848
40145920 201848
28763679 201848
1092875 201848
40146468 201848
1967207 201848
2728483 201848
40147175 201848
4115510 201848
3326772 201848
3059092 201848
2217863 201848
40147359 201848
40147388 202527
4496002 201848
40147461 201848
3554831 201848
40147476 201848
40147479 201848
10178020 201848
3897951 201848
40147500 201848
10178021 201848
10178024 201848
40147176 201848
40147691 134316
40152151 161555
28734179 161555
6124179 377123
40156232 161555
40156817 1318152
4046860 161555
40159493 161555
40160321 13327727
40147360 201848
40161715 1035336
3848799 201848
40166270 377123
40167204 1318152
10178263 201848
40172673 1318152
40173001 377123
40173205 134316
40173905 1318152
40174961 1318152
40176225 161555
40176389 1318152
3405666 161555
40178882 161555
40179043 134316
40180206 1051649
40180281 134316
33710330 134316
40182005 377123
40185883 377123
40186380 134316
40186381 134316
40186383 134316
40186389 161555
3570637 161555
40188231 377123
40190928 377123
40192638 1318152
3389849 161555
40193798 1318152
2323407 201848
40198366 377123
40202107 202527
40202386 1318152
40202450 1318152
9110207 1318152
40202555 1318152
40202999 134316
40203061 1318152
40203140 1318152
40203142 1318152
40203143 1318152
40203144 1318152
40203150 1318152
40202751 1318152
40203194 1318152
9110220 1035336
1069195 134316
40203448 1035336
35553728 1035336
40205450 1318152
40205468 1035336
40205596 1318152
40205831 1318152
40206384 377123
31166919 161555
40207793 201848
40207933 1318152
40207999 1318152
40212372 377123
40213086 161555
40214049 161555
40214423 1035336
40214425 134316
40215924 161555
40218646 161555
40219206 134316
36706725 723454
40221648 1035336
40224889 1035336
40227367 161555
40227807 161555
40228180 1318152
2113937 161555
12171073 161555
4310233 201848
10182273 201848
10182263 201848
40147177 201848
40147179 201848
424352 377123
33008675 447024
40199692 161555
10181175 201848
10184722 201848
40630121 201848
40630122 201848
40630145 201848
40630146 201848
40630154 201848
4013869 201848
3740637 201848
10178262 201848
40630165 201848
40630166 201848
3319430 201848
40630168 201848
1343527 201848
40630169 201848
40630170 201848
10182956 201848
40630171 201848
10178264 201848
33007500 201848
15257100 201848
15257102 201848
3326809 201848
606321 201848
201899 201848
33104229 201848
33104230 201848
34735540 201848
34735541 201848
33104222 201848
2700176 161555
3298124 161555
2728412 201848
40630152 201848
40630150 201848
40630147 201848
12186835 161555
34940569 201848
4085035 201848
40630156 201848
3793264 161555
3027221 201848
4084946 201848
4236745 201848
31070785 201848
4586562 161555
40125912 161555
40138584 1318152
4847232 1318152
34713361 161555
40630155 201848
7832680 377123
5239143 161555
4049321 161555
34714112 23668694
4003474 161555
4003475 161555
28734178 161555
28734182 161555
3726072 161555
4006160 161555
4006161 161555
40213625 161555
3570544 161555
4410783 201848
40147501 201848
33104226 201848
3740661 201848
3479756 201848
31076503 201848
31076502 201848
3799987 161555
2218119 201848
1343612 201848
4236872 201848
4084947 201848
3479717 201848
10181176 201848
40632741 1716334
40632774 201848
3534815 201848
40632863 1318152
40630148 201848
1343481 201848
2950837 201848
34940721 201848
3479771 201848
40194672 201848
40632772 201848
40632770 201848
4108850 201848
40147503 201848
40633910 201848
40207794 201848
10181156 201848
2728415 201848
10181142 201848
10176268 201848
10178261 201848
40145891 201848
1924013 161555
1957777 201848
40147462 201848
4108851 201848
33007477 201848
2950988 201848
40147477 201848
40145893 201848
40630167 201848
33007840 201848
33007841 201848
11088561 201848
33007759 201848
32785749 161555
32785744 161555
4115511 201848
3745448 201848
10178022 201848
40147502 201848
3898131 201848
10183488 201848
33108032 201848
40147178 201848
40656643 201848
40656715 201848
40656753 201848
40656850 201848
40656852 201848
40656856 201848
40656858 201848
40656860 201848
10178266 201848
40656864 201848
40656866 201848
40656867 201848
40656868 201848
40656869 201848
40656879 201848
40656880 201848
40656881 201848
40656882 201848
33007467 201848
40656889 201848
40656890 201848
40656891 201848
40656917 201848
40656921 201848
40656922 201848
40656923 201848
40656924 201848
40656930 201848
40656933 201848
40656939 201848
40656940 201848
40656947 201848
40656950 201848
40656951 201848
40656955 201848
40656966 201848
40656967 201848
40656983 201848
40656990 201848
40657006 201848
33007852 201848
40657036 201848
40657051 201848
40657063 201848
40657068 201848
40657079 201848
40657104 201848
40657115 201848
40657123 201848
40657127 201848
40657140 201848
40657146 201848
7091985 201848
40657156 201848
40657158 201848
40657165 201848
40657183 201848
40657186 201848
40657192 201848
40657194 201848
40657197 201848
40657198 201848
40657200 201848
40657204 201848
40657207 201848
40657213 201848
40657223 201848
40657224 201848
40657226 201848
40657227 201848
40657229 201848
40657235 201848
40657236 201848
40657238 201848
40657239 201848
40657245 201848
40657247 201848
40657253 201848
40657255 201848
40657257 201848
3238472 201848
40657259 201848
40657261 201848
40657263 201848
40657264 201848
40657265 201848
40657270 201848
31101316 201848
40657273 201848
4565476 201848
10181143 201848
4294750 201848
40657285 201848
40657287 201848
40657292 201848
40657293 201848
40657295 201848
33007476 201848
40657299 201848
4294751 201848
40657303 201848
40657304 201848
40657306 201848
40657314 201848
40657315 201848
40657319 201848
40657321 201848
40657323 201848
40657332 201848
40657333 201848
40657334 201848
40657343 201848
31101318 201848
40658891 201848
40658901 377123
40659146 377123
40660003 46753
40660031 377123
40660127 377123
1343554 201848
294007 377123
1925114 161555
2700185 161555
4006267 161555
2912963 377123
517793 377123
41646819 377123
41646820 377123
4368941 161555
7832689 377123
41721478 161555
41646821 377123
41646822 377123
41721656 377123
41722086 377123
5035480 377123
2726404 377123
41825276 377123
41826280 377123
42475269 70826
10914584 1035336
43236844 1318152
43308891 377123
43309614 377123
43434463 70827
43517606 4079925
5718062 4079925
43606514 4079925
5216127 4079925
43618188 4079925
43618931 4079925
43629319 4079925
43713998 161555
44904706 4079925
45102095 377123
45585751 4079925
45881921 1824391
45881922 9694064
45881924 377123
45881925 377123
45881926 377123
45881927 377123
45881928 377123
45881929 377123
45881930 377123
45881931 377123
45881932 377123
45881933 377123
45881934 377123
45881935 377123
45881936 377123
45881937 377123
45881938 377123
45881939 377123
45881940 377123
45881941 377123
45881942 377123
45881943 377123
45881944 377123
45881945 377123
45881946 377123
45881947 377123
45881948 377123
45881949 377123
45881950 377123
45881951 377123
45881952 377123
45881953 377123
45881954 377123
45881955 377123
45881956 377123
45881957 377123
45881958 377123
45881959 377123
45881960 377123
45881961 377123
45881962 377123
45881963 377123
41911462 377123
45881964 377123
45881965 377123
45881966 377123
45881968 377123
45881969 377123
45881971 377123
45881973 377123
45881975 377123
45881977 377123
45881978 377123
45881979 1035336
45881979 377123
45881980 377123
45881981 377123
45881982 377123
45881985 377123
45881987 377123
45881988 377123
45881989 377123
45881990 377123
45881991 377123
45881992 377123
45881993 377123
45881994 377123
45881995 377123
45881996 377123
45881997 377123
45881998 377123
45881999 377123
45882000 377123
45882001 377123
45882002 377123
45882003 377123
45882004 377123
45882005 377123
45882006 377123
45882007 377123
45882008 377123
45882009 377123
45882010 377123
45882011 377123
45882012 377123
45882013 377123
45882014 377123
45882015 377123
45882016 377123
45882017 377123
45882018 377123
45882019 377123
45882020 377123
45882021 377123
45882022 377123
45882024 377123
45882025 377123
45882025 661204
45882026 377123
45882027 377123
45882028 377123
45882029 377123
45882030 377123
45882031 2330736
45882032 161555
45882033 161555
45882034 161555
45882035 161555
45882036 161555
45882037 161555
45882038 161555
45882039 161555
45882040 161555
45882041 161555
45882042 161555
45882043 161555
45882044 161555
45882045 161555
45882046 161555
45882047 161555
45882048 161555
45882049 161555
45882050 161555
45882051 161555
45882052 161555
45882053 161555
45882054 161555
45882055 161555
45882056 161555
45882057 161555
45882058 161555
45882059 161555
45882060 161555
45882061 161555
45882062 161555
45882063 161555
45882064 161555
45882065 161555
45882066 161555
45882067 161555
45882068 161555
45882070 161555
45882071 161555
45882072 161555
45882073 161555
45882074 161555
45882075 161555
45882076 161555
45882077 161555
45882078 161555
45882079 161555
45882080 161555
45882081 161555
45882082 161555
45882083 161555
45882084 161555
45882085 161555
45882086 161555
45882087 161555
45882088 161555
45882089 161555
45882090 161555
45882091 161555
45882092 161555
45882093 161555
45882094 161555
45882095 161555
45882096 161555
45882097 161555
45882098 161555
45882099 161555
45882100 161555
45882101 161555
45882102 161555
45882103 161555
45882105 161555
45882106 161555
45882107 161555
45882108 161555
45882109 161555
45882110 161555
45882111 161555
45882112 161555
45882113 161555
45882114 161555
45882115 161555
45882117 161555
45882118 161555
45882119 161555
45882120 201848
45882121 201848
33007732 201848
45882122 202527
45882123 202527
34976055 202527
45882124 43535819
45882125 1051649
45882126 1051649
45882127 1051649
45882128 1051649
45882129 1051649
45882130 1051649
45882131 1051649
45882132 1051649
45882133 1051649
45882134 1051649
45882135 1051649
45882136 1051649
45882137 1051649
45882138 1051649
45882139 1096720
45882141 2918253
45882142 1211420
45882143 4079925
45882144 4079925
45882145 4079925
45882146 4079925
45882147 4079925
45882148 4079925
45882149 4079925
45882150 4079925
45882151 4079925
45882152 4079925
45882153 4079925
45882154 4079925
45882155 4079925
45882156 4079925
45882157 4079925
45882158 4079925
4518949 4079925
45882159 4079925
45882160 4079925
45882161 4079925
45882162 4079925
45882163 4079925
45882164 4079925
45882165 4079925
45882166 4079925
45882167 4079925
45882168 4079925
45882169 4079925
45882170 4079925
45882171 4079925
45882172 4079925
45882173 4079925
45882174 4079925
45882175 4079925
45882176 4079925
45882177 4079925
45882178 4079925
45882179 4079925
45882180 4079925
37822579 4079925
45882181 4079925
45882182 4079925
45882183 4079925
45882184 4079925
45882185 4079925
45882186 4079925
45882187 4079925
34964718 4079925
45882188 4079925
38015073 4079925
45882189 4079925
45882190 4079925
45882191 4079925
45882192 4079925
45882193 4079925
45882194 4079925
45882195 4079925
45882196 4079925
45882197 4079925
45882198 4079925
45882199 4079925
45882200 4079925
45882201 4079925
45882202 4079925
45882203 4079925
45882204 4079925
45882205 4079925
45882206 4079925
45882207 4079925
45882208 4079925
45882209 4079925
45882210 4079925
45882211 4079925
45882212 4079925
45882213 4079925
45882214 4079925
45882215 4079925
45882216 4079925
45882217 4079925
45882218 4079925
45882219 4079925
45882220 4079925
45882221 4079925
45882222 4079925
45882223 4079925
45882224 4079925
45882225 4079925
45882226 4079925
45882227 4079925
45882228 4079925
45882229 4079925
45882230 4079925
45882231 4079925
45882232 4079925
45882233 4079925
45882234 4079925
45882235 4079925
45882236 4079925
45882237 4079925
9414240 4079925
45882238 4079925
45882239 4079925
45882240 4079925
45882241 4079925
45882242 4079925
45882243 4079925
45882244 4079925
45882245 4079925
45882246 4079925
45882247 4079925
45882248 4079925
45882249 4079925
45882250 4079925
6776638 4079925
45882251 4079925
45882252 4079925
45882253 4079925
45882254 4079925
45882255 4079925
7388698 4079925
45882256 4079925
6605126 4079925
5257512 4079925
5390365 4079925
45882257 4079925
45882258 4079925
45882259 4079925
45882260 4079925
5337501 4079925
5887066 4079925
45882261 4079925
45882262 4079925
45882263 4079925
45882264 4079925
45882265 4079925
7059538 4079925
45882266 4079925
45882267 4079925
45882268 4079925
45882269 4079925
45882270 4079925
45882271 4079925
45882272 4079925
45882273 4079925
45882274 4079925
45882275 4079925
45882276 4079925
45882277 4079925
45882278 4079925
45882279 4079925
45882280 4079925
45882281 4079925
45882282 4079925
45882283 4079925
45882284 4079925
45882285 4079925
45882286 4079925
45882287 4079925
45882288 4079925
45882289 4079925
45882290 4079925
45882291 4079925
45882293 4079925
45882294 4079925
45882295 4079925
45882296 4079925
45882297 4079925
45882298 4079925
45882299 4079925
45882300 4079925
45882301 4079925
31094966 4079925
45882302 4079925
45882303 4079925
45882304 4079925
45882305 4079925
45882306 4079925
45882307 4079925
45882308 4079925
45882309 4079925
45882310 4079925
45882311 4079925
45882312 4079925
45882313 4079925
34965718 4079925
45882314 4079925
45882315 4079925
45882316 4079925
45882317 4079925
34964909 4079925
45882318 4079925
45882319 4079925
45882320 4079925
45882321 4079925
45882322 4079925
45882323 4079925
45882324 4079925
45882325 4079925
45882326 4079925
45882327 4079925
5112726 4079925
45882328 4079925
45882330 4079925
45882331 4079925
5481997 4079925
45882332 4079925
45882333 4079925
45882334 4079925
45882335 4079925
45882336 4079925
45882337 4079925
28764885 4079925
45882338 4079925
45882339 4079925
45882340 70827
45882341 70827
45882342 70827
45882343 9694041
45882345 70826
45882346 1318152
45882347 1318152
45882348 1318152
45882349 1318152
45882350 1318152
45882351 1318152
45882352 1318152
45882353 1318152
45882354 1318152
45882355 1318152
45882356 1318152
45882357 1318152
45882358 1318152
45882359 1318152
45882360 1318152
45882361 1318152
45882362 1318152
45882363 1318152
45882364 1318152
45882365 1318152
45882366 1318152
45882367 1318152
45882368 1318152
45882369 1318152
45882370 1318152
45882371 1318152
45882372 1318152
45882373 1318152
45882374 1318152
45882375 1318152
45882376 1318152
45882377 1318152
45882378 1318152
45882379 1318152
45882380 1318152
45882381 1318152
45882382 1318152
45882383 1318152
45882384 1318152
45882385 1318152
45882386 1318152
45882387 1318152
45882388 1035336
45882388 1318152
45882389 1318152
45882390 1318152
45882391 1318152
45882392 134316
45882393 134316
45882394 134316
45882395 134316
45882398 134316
45882399 134316
45882400 134316
45882401 134316
45882402 134316
45882403 134316
45882404 134316
45882405 134316
45882406 134316
45882407 134316
45882408 134316
45882409 134316
45882410 134316
45882411 134316
45882412 134316
45882413 134316
45882414 134316
45882415 134316
45882416 134316
45882417 134316
45882418 134316
45882419 134316
45882420 134316
45882421 34748386
45882422 4490103
45882423 15884178
45882425 1035336
45882426 1035336
45882427 1035336
45882428 1035336
45882429 1035336
45882430 1035336
45882431 1035336
45882432 1035336
45882433 1035336
45882434 3501193
