5723903 142371
6600207 94380
6878018 5160
777145 146736
2033631 3924
2288653 363403
1733978 721268
1415762 52190
9011991 170879
9303300 83547
9443348 232010
10278201 104065
10283087 328909
10317836 378676
10320115 721241
10320391 321765
2033520 1442608
2033543 325408
10324316 458828
10324451 219039
10324832 65261
2033521 423133
484700 473439
10327594 171524
10328594 314617
10363672 870293
10897258 858786
10956856 101383
3640477 37051
3207629 35779
4933318 5466
3207630 351435
11472301 204475
11487990 882209
11507379 51643
11507798 105418
11521559 1706313
2033524 849870
11588882 326800
12811195 231641
13201532 281607
13214480 151791
14242307 638246
14258539 17120
14259779 670720
14452257 983731
14461518 41132
14529986 181041
15371668 621798
15527380 108226
15626965 305811
15642183 575449
15754883 423710
15756040 2688493
15759944 713846
15774523 233106
15783672 224633
15839835 399147
15841685 234127
15852319 218800
15853677 168356
15861263 356721
15863216 648881
15863677 90336
15864773 867339
15866917 895691
15887274 1128579
15894180 86552
23734320 214574
28735609 348207
28738206 1303544
2058103 539539
2836665 341362
29027446 72284
31071895 153344
31088795 130464
3207631 213165
32554047 32119
32554061 489102
32554076 649652
32554825 52143
3207632 137452
32556010 217305
32557173 116738
32557197 991193
30793177 628577
32558261 455492
32558299 94447
32558307 287360
2033651 248621
32558945 73359
32558952 441933
32559031 390188
32559040 388374
32559192 46359
32559198 79219
32559230 334358
3207633 93376
32559267 38439
32559366 397290
32559390 1244186
32559409 668046
32559428 27884
32559444 434445
32559475 47040
32559479 112305
32559483 96827
32559506 100270
33266701 344793
33266730 697409
14631673 703480
33321919 340186
33321933 697801
33321940 101977
33323488 512157
33323711 312625
33323788 828046
33332399 1657721
33332439 131630
33332443 113116
33332456 730359
33332497 727553
33332890 275082
33333089 1499385
33333111 408193
33337061 326854
33344555 715652
33344580 633886
33344609 324745
33344615 101373
33344783 170914
15870221 1109843
33345726 1105532
33351000 101171
33351002 150607
33351011 361897
33351014 792364
33351019 480441
33351029 52564
33351031 364888
33351050 155202
33351060 21164
33267876 219709
33351078 606765
33351084 867298
33351088 890705
33351091 313514
33351093 1036255
33351095 678488
33351098 320567
33351103 487466
33351111 356723
33351113 807202
33351115 78397
33351117 172630
33351119 338312
33351124 512156
33351126 884019
33351128 5462
33351140 332681
33351150 115031
33351183 4039
33351185 503057
33351187 863328
33351190 880512
33351198 299823
33351200 998034
33339540 2869407
33351222 371894
33351225 789282
33351233 848383
33351235 408408
33351238 344925
33351247 1000064
33351257 579809
33351260 270305
33351263 634161
33351265 316365
33351271 72997
33351274 1456910
33351285 116953
33358165 108339
33358183 621385
33358185 706082
33358204 360658
33358270 452264
33358367 594808
33358167 338313
33358529 95194
33358550 228580
33358576 40838
33358603 104608
33358620 626371
15864863 250134
33498745 53860
33536595 879763
33537046 229135
33531854 322302
33537052 350262
4933319 582798
33550107 164539
30793174 129846
15013781 225967
34746452 344072
34750348 103866
34771662 443337
10302824 1659454
34809251 1552965
34814483 927644
34824054 692112
34827027 651771
34830491 275156
34831654 348436
34863378 19306
34976513 116949
35045035 2174531
35403930 88091
35404148 395841
35538002 613279
35671467 892211
35675084 396256
35675519 337956
35676247 258100
35676979 101382
35677172 278563
35679263 1133243
35679413 978767
35682192 118657
35682393 192829
35683327 293393
35683707 758073
35684376 403059
35684725 892396
35684744 901699
35685150 677438
35685285 2288299
35685303 218290
35685305 1001333
35686480 346296
35686541 598790
35686552 1130153
35686564 325609
35686614 336716
35686622 658706
35686653 28177
35686697 204020
35687096 80807
35687350 449985
35688098 1667789
35688149 157953
35688479 12344
35688547 1218430
35688602 96571
35688760 1000586
35688761 60369
35689146 1428074
35689175 105475
35690287 99946
35690580 628240
33291364 812274
35691099 1314049
35691175 306214
31071944 363125
35691442 1418581
35691444 163482
35691488 234242
35691549 415568
35691664 734528
35692072 225445
35692477 1756083
35692663 432984
35693278 244310
35693999 132200
35694311 633174
35694838 51432
35695235 216619
35695938 96480
35697788 233431
35698048 348250
35699068 363757
35699077 313863
35699279 322613
35699288 849576
35699354 50850
35699376 226290
35699424 841506
35699545 321342
35699824 832042
35702994 757885
35702995 365909
35702998 758262
35706825 65644
35710625 705773
35710708 1708182
35711007 5287
35711053 198125
35711074 397612
35711084 21573
35711305 172043
35711343 54827
35712007 639403
35712018 412412
35712235 220315
35712299 482475
35712301 72842
35712349 369947
35712509 119881
35712609 348204
35712705 483012
35712868 222328
35712878 43531
35712895 116254
35713021 308523
35713064 97459
35713160 147320
35713181 577316
35713410 627950
35713490 49352
35713677 965694
35713718 669676
35713827 362235
35713838 1435503
35713971 1204457
35714016 165039
35714129 397317
35714158 88039
35714174 513075
35714176 942502
35714186 207297
35714359 642169
35714598 283107
35714617 931498
35714696 323563
35714711 468049
35714904 362324
35715033 2328949
35715179 96769
35715228 1197968
35715274 201429
35715377 678801
35715518 385571
35715522 108622
35715688 244265
35715894 466291
35715971 336994
35716239 1115409
35716324 369871
35716380 21820
35716467 887471
35716715 867486
35716794 1152353
35717019 350000
35717247 659787
35717652 328945
35717753 104473
35717846 332251
35718036 631683
35718329 5467
35718616 523959
35718620 328877
35718881 67354
35718977 173480
35719058 618855
35719069 787464
35719098 960271
35719151 397762
35719165 339256
35719258 468051
35719355 3553343
31999960 199854
35719535 616967
35719578 684777
35719665 296994
35719847 101038
35719987 113035
35720000 448222
35720031 1681551
35720045 17879
35720247 52003
35720295 1213808
35720371 740995
35720448 83419
35720461 237662
35720822 1411
35720932 467681
35720990 53311
35721029 681483
35721067 1417786
35721174 80421
35721218 100562
35721325 30021
35721334 318150
35721636 512145
35721654 48009
35721996 710874
35722005 451749
35722114 461456
35722200 896355
35722344 477586
33351037 790894
35722412 873915
35722446 339202
35722456 246203
35722662 133702
35722696 97508
35722899 86014
35723144 863011
35723238 858888
35723264 43593
35723375 92201
35723563 1142152
35723635 206789
35723637 364699
35723673 881693
35723752 35361
35723790 72602
35723909 948594
35723988 514912
35724439 353504
35724457 869763
35724605 318509
35724632 181262
35724640 86011
35724669 444699
35724676 27590
35724757 109245
35724765 312585
35724964 175055
35725185 341131
35725216 1217156
35725234 673062
35725252 339915
35725396 827853
35725493 233882
35725522 107938
35725557 240274
35725661 208817
35725717 163392
35725733 642640
35725734 879283
35725753 79283
35725804 702606
35725814 555460
35725928 816185
35726027 40953
35726053 299142
35726239 339004
35726309 159309
35726432 449794
35726506 331847
35726524 1097789
35726794 1094559
35726795 49494
35726949 222334
35727146 49455
35727165 2510135
35727173 1008018
35727179 585333
35727211 20598
35727343 49225
35726028 232428
35727525 106507
35727742 806963
35727941 144456
35728514 17967
35728578 21712
35743152 152145
35865264 300761
28809682 197393
36700089 27591
36701045 129458
36762263 924881
37696120 901221
37697291 206468
38080814 1028553
38088053 287978
38089063 403377
38101266 83634
38101775 155826
38101917 98277
38108218 95425
38110032 1201336
38117344 19588
38122798 5251
38139007 317342
38141802 425129
38144506 1289799
38146066 434095
38148234 629850
38152912 296030
38173490 97204
38176904 343490
38184706 15377
38192069 324240
38194315 270764
38348185 120269
30943896 29255
33432633 91514
30354279 484566
38703793 4764
38707949 1659719
38718804 955133
38722655 729539
7470713 326040
11817267 340834
33861348 218346
38774553 219607
12038660 131450
33298422 2868638
39190949 401242
39193845 1849471
39463298 1848611
39463300 921750
39464544 356354
39465752 2477409
39472918 86920
39481248 1149511
39488503 1168975
39499674 364505
39510589 1349761
39526896 354568
39532182 1641111
39645591 965775
39937073 432932
39947251 95005
39948678 48573
39960843 97506
39963135 354419
9798425 2249910
21645752 216474
42217679 1413
42217696 22782
42217712 101651
42217721 149326
42217727 218115
42217732 102870
42217733 35962
42217736 215666
42217748 321609
42217751 236712
42217752 200832
42217753 325611
42217757 567710
42217760 97705
42217761 35776
42217768 818933
42217775 144485
42217776 481344
42217793 26269
42217797 792755
42217798 344395
42217799 657745
42217802 220191
42217803 104193
42217807 86385
42217809 276659
42217811 73591
42217812 392485
42217814 449761
42217815 659933
42217816 797339
42217817 295716
42217818 193378
42217819 107618
42217821 359419
42217823 131667
42217825 626251
42217826 338639
42217827 102533
42217829 683117
42217830 21103
42217832 332286
42217833 150719
42217834 873005
42217836 765457
42217837 542064
42217838 393742
42217839 52667
42217840 98223
42217842 340531
42217845 896540
42217847 181769
42217848 19589
42217850 10347
42217852 638954
42217853 433230
42217854 102105
42217857 662482
42217859 1124000
42217862 35781
42217863 676078
42217865 11938
42217866 329358
42217869 63026
42217871 448919
42217873 41456
42217874 137997
42217875 221742
42217876 788576
42217877 379696
42217880 624723
42217882 780456
42217883 1040876
42217884 328475
42217886 249738
42217887 95331
42217889 156763
42217890 332575
42217891 321837
42217893 212969
42217895 54731
42217896 228317
42217897 1201218
42217898 418140
42217900 38612
42217901 599753
42217902 361415
42217905 504137
42217906 48777
42217907 106763
42217908 102352
42217913 218117
42217915 448747
42217916 101005
42217917 333684
42217918 220193
42217922 343987
42217923 65141
42217925 649601
42217926 641714
42217927 729546
42217929 333369
42217930 38613
42217932 356560
42217933 866081
42217935 1018039
42217938 825303
42217939 596693
42217940 132183
42217941 95195
42217943 367739
42217945 72231
42217946 760684
42217947 100094
42217948 639245
42217949 524750
42217950 398235
15250345 698351
42217952 190199
42217954 54122
42217956 206276
42217957 392183
42217958 1300265
42217960 368368
42217961 78386
42217963 554624
42217964 336717
42217965 686718
42217966 638955
42217968 392387
42217969 430757
42217971 130648
42217972 197028
42217973 248420
42217974 908447
42217976 49354
42217977 718655
42217979 154173
42217980 352882
42217981 107396
42217983 670616
42217984 174182
42217985 82654
42217986 1921195
42217988 173570
42217990 222471
42217991 392147
42217992 92827
42217993 806727
42217995 95945
42217996 104062
42217997 934012
42217998 53773
42217999 326313
42218000 48505
42218001 669373
42218003 78210
42218004 1250417
42218005 117598
42218006 22646
42218008 16162
42218009 716377
42218010 687671
42218011 2152151
42218012 590920
42218014 271950
42218015 1746910
42218016 425128
42218017 99939
42218018 917700
42218019 931932
42218020 296372
42218022 966249
42218023 665440
42218025 296486
42218026 391205
42218028 1238757
42218029 388850
42218031 325846
42218032 99773
42218033 876785
42218034 459297
42218036 109196
42218037 1596824
42218038 1415403
42218040 294673
42218041 1006839
42218042 529299
42218044 1250969
42218045 436871
42218046 357529
42218047 334003
42218048 1635127
42218049 964061
42218051 387074
42218052 615745
42218053 859146
42218054 792228
42218055 641877
42218056 2011680
42218057 2404372
42218058 315301
42218059 2448137
42218060 217062
42218061 1576760
42218062 1337147
42218063 50848
42218064 537636
42218065 346627
42218066 673004
42218067 540080
42218068 1105085
42218069 155362
42218070 280327
42218071 706052
42218073 1903950
42218074 302381
42218076 862266
42218077 678395
42218078 1160008
42218079 839384
42218080 418814
42218081 58035
42218082 696561
42218083 333999
42218084 291928
42218085 1779676
42218086 677369
42218087 926039
42218088 367954
42218089 939886
42218090 3791206
42218091 867297
42218092 162161
42218093 786917
42218094 998470
42218096 320381
42218097 1648541
42218099 2201450
42218100 1403380
42218101 912238
42218102 818840
42218103 394612
42218104 161172
42218106 1006510
42218107 397764
42218108 333041
42218109 537149
42218110 669180
42218111 1568475
42218112 100319
42218113 361762
42218114 674813
42218115 103210
42218116 1042010
42218117 1583616
42218118 93543
42218119 1437750
42218120 1569659
42218121 987315
42218123 634549
42218124 957481
42218125 674477
42218126 691228
42218127 994982
42218128 393107
42218129 670757
42218130 1209448
42218131 1421385
42218132 1393812
42218133 879579
43781091 363401
45195633 879729
45585178 516446
45585179 305872
45585180 360812
45585181 106700
45585182 340343
45585183 1007704
45585184 2321545
45585185 211296
45585186 395766
45585187 899510
45585189 1052628
45585191 790929
45585192 42294
45585193 358255
45585194 133962
9076328 117456
45585195 927242
45585197 879616
45585198 661929
45585199 97570
45585200 503001
45585201 140562
45585203 322454
45585205 1108232
45585206 75159
45585207 237024
45585208 152109
45585209 209977
45585210 1530750
45585211 334002
45585212 961495
45585213 801357
45585214 293085
45585215 22783
45585216 86741
45585217 381075
45585218 38679
45585220 341128
45585221 539513
45585223 867372
45585224 71210
45585225 952808
45585226 896486
45585227 1618558
45585228 2003769
45585230 829086
45585232 174161
45585234 932236
45585235 96569
45585236 95585
45585237 673847
45585238 390450
45585239 340095
45585240 188705
45585242 87059
45585244 929449
45585246 528921
45585248 856757
45585249 142891
45585250 313967
45585251 927793
45585252 534865
45585253 217866
45585254 340185
45585255 333655
45585257 913751
45585258 56708
45585259 292846
45585260 185659
45585261 369891
45585262 107549
45585263 860248
45585265 857294
45585266 364371
45585267 919043
45585269 2489407
45585270 1027282
45585272 904630
45585273 1802542
45585274 1723839
45585275 2950527
45585276 1692249
45585277 890889
45585278 104606
45585279 1132146
45585280 157975
45585281 2781056
45585282 1087472
45585283 1000346
45585284 102716
45585285 337308
45585286 815278
45585287 507278
45585288 1222489
45585290 350851
45585291 95892
45585293 1482438
45585294 1559826
45585295 859212
45585296 335681
45585297 1458485
45585298 108246
45585300 405210
45585301 64154
45585302 1369480
45585303 1756752
45585304 370961
45585305 1188227
45585306 848733
45585307 137387
45585308 51646
45585309 739059
45585310 807203
45585311 389506
45585312 390356
45585313 233717
45585314 212533
45585315 596458
45585316 1419463
45585317 1592466
45585319 1128974
45585320 882142
45585321 99945
45585322 1332185
45585323 839575
45585324 678614
45585325 3268508
45585326 1448482
45585327 344216
45585328 376752
45585329 262260
45585330 218239
45585331 1399383
45585332 619399
45585334 1306252
45585336 63980
45585337 1648689
45585339 386687
45585340 215490
45585341 518988
45585342 352150
45585343 312627
45585344 1007963
45585345 2468650
45585346 2231381
45585347 245915
45585348 299286
45585349 54062
45585350 497929
45585352 336752
45585353 945580
45585354 340410
45585355 2121671
45585356 813909
45585357 794711
45585358 965044
45585360 883242
45585361 35773
45585362 1105404
45585363 1634003
45585364 2083558
45585365 1051245
45585366 384364
45585367 102744
45585368 1484245
45585370 1256893
45585371 97376
45585372 202437
45585373 400158
45585374 1207892
45585375 234514
45585376 1414522
45585377 1742845
45585378 345203
45585379 1974027
45585381 370851
45585382 913771
45585383 1813244
45585384 644510
45585385 1584282
45585386 1423849
45585387 1663838
45585388 335394
45585389 455061
45585390 825764
45585392 858694
45585393 1813106
45585394 312767
45585395 1829672
45585397 1737645
45585398 213174
45585399 46810
45585400 18896
45585402 18113
45585403 945704
45585404 529529
45585405 750416
45585406 519482
45585407 1798886
45585408 1911641
45585409 2876237
45585410 139146
45585411 919098
45585412 1247674
45585414 594789
45585416 287247
45585417 660146
45585418 1936020
45585419 213061
45585420 1506989
45585421 790121
45585422 172415
45585423 1881052
45585424 103214
45585425 222320
45585426 43617
45585427 340480
45585428 204698
45585430 53245
45585431 578050
45585433 93766
45585434 554417
45585435 383707
45585436 937114
45585437 238360
45585438 672299
45585439 115046
45585440 578895
45585441 161376
45585443 383859
45585444 335647
45585445 243060
45585446 709454
45585447 117507
45585448 41920
45585449 827716
45585451 321641
45585452 28392
45585453 96438
45585454 896731
45585455 253463
45585456 39291
45585457 178988
45585458 384102
45585459 364001
45585460 215996
45585461 318677
45585462 866912
45585463 616673
31947755 52666
45585464 665570
45585465 146672
45585466 328733
45585467 103801
45585468 288913
45585469 584659
45585470 607513
45585471 1420505
45585472 300221
45585473 323694
45585474 1001586
45585475 325920
45585476 321066
45585477 666064
45585478 125064
45585479 408242
45585480 237661
45585481 219481
45585482 388501
45585483 214397
45585484 440315
45585485 781320
45585486 455493
45585487 452575
45585488 1004295
45585489 297987
45585490 336504
45585491 23855
45585493 360992
45585494 321235
45585495 46436
45585496 534870
45585497 343827
45585498 659934
45585500 95060
45585502 97633
45585503 82591
45585504 764318
45585506 347716
45585507 315992
45585508 1587870
45585509 359977
45585511 136136
45585512 1690822
45585513 213868
45585514 1298205
45585515 691227
45585516 21892
45585517 30906
45585518 1068119
45585519 321188
45585520 37363
45585521 52510
45585522 74176
45585523 100093
45585524 162083
45585526 382938
45585527 83932
45585528 251494
45585529 341836
45585530 1232168
45585532 160957
45585533 801464
45585535 99524
45585536 37054
45585538 597888
45585539 339581
45585540 46899
45585541 505864
45585543 538449
45585545 338370
45585546 54561
45585547 93770
45585548 254911
45585549 197514
45585551 35266
45585552 73389
45585553 179104
45585554 159312
45585555 672300
45585556 323097
45585557 1302817
45585558 333539
45585559 364329
45585560 102920
45585561 152942
45585563 329220
45585564 344396
45585565 498757
45585566 30023
45585567 328982
45585568 193263
45585569 119766
45585570 416297
45585572 636209
45585573 609080
45585575 579808
45585577 233078
45585578 217267
45585579 53192
45585580 676263
45585581 532555
45585582 129365
45585583 649070
45585584 108557
45585585 150171
45585586 511856
45585587 240683
45585588 129285
45585589 383151
45585590 391701
45585591 47367
45585593 331496
45585594 382663
45585595 361305
45585596 1785574
45585597 678491
45585599 484101
45585600 949020
45585601 331279
45585602 918210
45585603 99947
45585604 649765
45585605 505392
45585606 504611
45585607 138490
45585608 633998
45585609 152008
45585610 153454
45585611 220194
45585612 1328212
45585614 159721
45585615 1742980
45585616 633931
45585618 640360
45585619 836307
45585620 32927
45585622 186999
45585624 362799
45585625 74931
45585626 961496
45585628 95887
45585629 859622
45585630 342873
45585631 419783
45585633 320899
45585634 638757
45585635 251884
45585636 1205759
