5177276 5177290
928360 1735854
345666 934111
5881 50400
699167 1455876
223503 691802
94671 320901
910991 1721756
384135 995708
2596857 3231530
5977615 5977625
6287502 6287512
362849 961666
323358 875144
223441 690092
5914 52339
6550769 6550777
120490 392051
4636316 4644333
1533323 2391869
874152 1690672
859385 952479
18704 101717
3034205 3539178
677432 1420169
218963 672406
87997 11853
532871 1244856
84193 289555
2512982 3179999
2734970 3325843
318618 857076
861370 1675449
93024 316027
7131085 7131089
328168 889219
320698 866641
910959 1721214
4679730 4684222
1681212 2516495
18670 99997
7647652 7647657
111394 363671
363657 962497
1420769 2296056
4501536 841758
3188156 3647593
111354 361813
1681213 2516511
3500109 3858186
5932 53250
1681214 2516527
218612 670687
111396 363759
97447 326859
102946 334664
3325471 3744631
4869254 4869275
8186457 8186473
218613 670723
220405 678398
846199 1657797
352521 941721
8303089 8303099
18716 102355
352734 941950
8315714 8315724
8339345 8339350
8342865 8342878
8335180 8335198
302761 828568
8455917 8455925
4104938 4254229
120615 396897
220441 678933
8548879 8548890
8609707 8609715
18596 96342
4681490 4685955
1420299 2295439
337241 924602
220443 678979
8755103 6691663
8764752 8764761
120532 393790
4778182 1997792
8798066 8798079
319169 862208
8824503 8824507
8827115 8827122
678385 1421386
1852935 2654799
8865853 8865860
1713685 2543770
1420674 2295914
18602 96713
8919985 397530
8921119 8921126
1420841 2296100
4761593 4762574
327380 887884
8976342 8976349
8983496 8983504
8985190 8985195
302786 829296
8988665 8988669
8992241 8992252
220446 679068
9009809 556561
9008594 8481109
9064179 9064187
220447 679099
111407 364227
9092476 5332496
9125230 9125241
9128988 9128996
9130284 9130293
3205664 3662470
9163428 9163436
9166714 9166720
302800 829791
1420477 97205
534690 1250331
4175513 2680838
9241460 9241470
334153 911774
2289560 3009821
1681215 2516556
9261086 9261095
866119 1680701
5174968 5174978
302894 832190
220450 679165
9278378 9278385
4642191 4650002
9292763 9000030
941830 1772989
9323649 9323655
3889098 4110676
9329176 9329184
9329301 9329307
1681216 2516576
2296812 3013875
9330339 9330344
9330476 9330483
9330914 9330923
220451 679190
9334940 9334948
220452 679211
220453 679232
9351532 9351546
9352185 9352192
9352201 9352211
1421654 133436
9365349 9365355
220412 678640
9367855 9367863
9374543 9374555
9374600 9374610
9378807 9378813
9379257 9379267
9379386 9379393
352737 942042
9382758 9382770
1421655 2296821
807461 1608577
2198290 28009
9419729 9419738
325162 878635
9429788 9429793
18607 96963
1641740 2484807
9457529 9457539
9457551 9457558
2295955 3013067
9458659 9458662
319178 862481
6847143 6847179
9460912 9460917
18723 102624
534444 1249234
9464528 9464534
3013923 3525695
2303641 3015272
9473942 9473951
9474842 9474854
9479832 9479837
9487869 9487878
3861420 4091968
9489186 9489195
9489873 616832
9490812 9490818
9503154 9503161
9526440 9526448
903397 1713953
120510 392847
9540529 9540536
9545362 9545366
9549755 9549763
9552117 9552125
9554148 9554152
9558310 9558317
2270718 2991400
1420785 2296071
9563699 9563705
331475 902855
9573200 9573204
2295516 3012945
9573268 9573273
9573291 9573299
9573943 9573950
9573960 6800203
9573962 9573988
9573963 9574003
9576640 9576647
9576657 9576667
9576683 9576691
1421657 2296858
941938 1773084
9577975 9577984
9578007 1717568
862467 1675989
1421659 2296888
941711 1772943
2295956 3013085
9585519 9585527
9585608 9585616
337246 924778
9588366 9588372
4995867 4995906
302824 830536
9591759 9591766
9593397 9593404
846230 1658590
9605548 9605553
3612620 3935099
1681217 2516591
678970 1421636
9614675 9614679
9615610 9615616
352524 941805
9616198 9616201
9616206 9616210
9616241 9616248
9616262 9616268
1420246 2295385
9617414 9617417
9617442 9617447
9618074 9618081
9621723 9621728
46888 202181
329893 189594
1681206 2516439
9642030 9642042
19142 107942
9655989 9655997
101794 333386
846241 1658831
9828114 9828124
9905847 9905856
9925142 9925153
9092478 9092503
120584 395638
826830 1638693
10304328 10304332
111410 364296
10324128 10324130
10346889 10346898
10754318 10754322
10772028 10772033
680678 1433530
10806368 8326511
8795908 8795914
10861162 663777
10866198 10866204
10869280 10869284
351736 940297
10904090 10904093
10921937 10921943
10937471 10937478
3013896 3525558
10951978 10951984
9614716 9614728
11008351 11008358
11023947 11023950
11034212 11034216
11141809 11141813
11204503 11204507
11225875 11225879
11262804 11262807
11278915 11278919
11293357 11293360
320766 824739
11400020 7760575
11420346 7022778
11471119 11471124
1771127 2585473
11505035 4783986
1772972 2588126
1420362 2295590
11579115 7033775
11585178 11585182
11601220 9528759
3525600 3879431
11609864 9783241
11626759 11626762
2989907 3505328
11775509 11775513
11779182 11779185
11784667 11784670
11784897 11784901
11785446 11785449
3013897 3525583
11785763 11785767
11788073 11788076
11788513 11788515
8548882 8548912
11817919 4892
19150 108153
6473740 6473812
12045820 12045825
12066423 12066425
12069729 28405
12081758 12081763
3626171 3945696
2295957 2328952
12104588 12104590
7068341 7068353
12106188 12106193
12152706 12152712
12181501 12181504
3927550 4134644
12188299 6244166
12197438 12197441
12222149 12222153
12235802 12235808
12237206 12237211
12237219 4515493
12238194 5264497
12239252 12239257
12239665 12239669
9585521 9585545
12181503 12181519
12240034 1640557
12240558 12240562
1421662 2296947
12265263 12265265
12267924 12267930
2295959 3013150
12269043 12269047
12274174 8212549
12291704 7160565
12291974 12291977
1420620 2295879
12304221 12304225
12316696 12316698
98921 328153
2502535 3171506
12395656 3908885
12609058 12609066
12752264 12752272
12775654 12775659
12889426 12889433
219927 677415
12239722 12239742
2989895 3505292
13070267 13070272
11542456 11542469
13075564 6410042
2270964 2992304
13076084 13076087
13091135 13091139
13116289 13116293
328235 891009
4760751 4761599
4146957 1083373
14220160 2609295
14221721 14221724
14239709 4806300
19153 108229
13075566 13075574
14276676 14276679
14298385 14298387
14305456 14305458
2731550 3322162
14470922 5730463
2992302 3507574
14478328 6909396
14485562 14485564
14492300 14492302
14492359 14492362
14497724 14497729
1681208 2516467
14499050 14499054
14499060 14499062
14499068 14499070
14499263 14485522
14500549 14500552
4141280 4279086
14505709 14505713
14505756 14505761
14509587 14509591
14516428 14516431
14516608 14516613
1681218 2516607
14522158 14522162
14522969 14522971
14530289 14530292
14530332 14530335
14530724 14530726
14532340 14532343
14532402 14532407
14537649 14537653
14545968 14545970
14547585 14547590
14549949 14549953
1420675 2295939
13512999 9771685
14553412 14553414
14555128 14555131
1417208 2291223
9618077 9618089
14566859 14566863
14567030 14567036
14567066 14567069
14570518 14570520
14571040 14571043
14571306 11250269
14571906 14571910
14573674 14573676
14574927 14574930
941796 1772966
13512998 3931926
14588644 14588647
9330825 9330845
14590089 14590091
14590366 13506369
14590386 14590389
14591555 14591558
14592412 14592415
14592602 14592608
14592676 5081004
3013930 440068
14595263 14595265
1686412 2522501
14595710 14595714
3705540 3994348
14601217 9771133
14603804 14603806
14604499 14604501
14604693 2883113
14604721 14604723
14604814 3009966
14604838 14604840
14604849 14604851
14604867 14604869
14605029 14605031
14605077 14605080
1421663 2296955
14605104 14605107
14605119 3631820
14605141 14605143
14605218 14605220
14605228 14605231
14605237 14605239
14605298 859828
14605313 14605317
14605349 14605352
14605428 14605432
14605443 14605445
14605461 14605463
14605753 14605755
14605759 14605761
14606673 2049101
3012939 3525091
14220162 14220182
14607032 14607035
14607042 13445931
14607451 14607453
14607543 14607546
14607565 14607568
14607581 10273846
14607747 14607753
14607764 14607767
1421664 2296967
14607951 14607953
14608165 14608167
14505711 4599916
14608314 14608316
14608382 2295613
14608569 14608572
14608756 14608759
14609376 14609379
14609489 14609492
14609572 14609575
14610212 14610214
14610219 14610221
14610599 14610601
14610736 7307074
14612076 14612080
14612314 14612318
14612378 14612380
12045835 12045849
14612506 14612510
14612522 14612525
14612612 14612614
14612768 14566641
14613640 5577557
14613954 14613956
14614938 6131681
14615827 14615830
14616352 7763139
12045822 12045838
14618117 14618120
14618161 14618164
14618172 14618175
14618374 14618377
14618456 14618458
14618720 14618725
14618742 14618745
14619843 10226748
14619881 14619883
14619914 14619918
14620072 14620075
14620164 14620167
14622121 3046410
14622145 14622147
14622181 14622185
14622570 4255923
14624750 14624753
14625862 14625864
14625868 14625871
14626900 14626903
14626907 14626909
14628801 13436171
14629886 14629888
2296908 3013967
14630218 14630220
14631099 10714259
14631766 14631768
14631891 14631893
14631971 14631973
14641252 14641254
14641495 14641497
14652448 14652451
14655660 14655662
14658780 14658784
14660113 14660115
14660881 14660883
14666981 14666984
14667658 14667660
14674537 10936513
14674770 14674772
11892890 11892966
14718178 14718181
14728084 14728086
15193105 15193108
1854840 2656459
15248969 15248971
15249131 15249133
15256037 15256039
15358751 1589531
15390747 4560340
15066634 15066648
15407260 15407264
15408412 15408415
1421665 2296976
15410988 15410992
15411651 7755980
15412342 15412345
15413171 4588956
15413819 15413822
2295960 3013158
3879254 4104941
15414365 10204681
1692384 2527051
1420325 2295524
4936759 4936789
15421202 12101201
10883170 10883177
15422496 15422499
15422740 6156384
15423448 2521980
15423945 1239313
9130287 9130314
15423952 15423955
15424025 15424029
15424037 15424041
15425774 15425777
15426016 14431419
15426682 15426686
15428255 15428257
15428265 8095275
14607545 14607554
12235820 12235825
15429879 685718
15431566 15431570
15431742 12125834
15432866 15432870
15433088 4256637
15433139 15433141
15447309 15447313
15447996 6144601
15450965 15450969
15451103 15451107
728647 1500506
15478922 9765859
15480900 205337
15480910 15480914
15481248 13022643
15485157 15485161
15485192 15485196
352147 941361
15066632 15066637
15211750 5097321
15499987 15499989
15500044 15246431
14607567 14607575
15203151 15203158
15517027 14412704
14220164 14220191
9351539 9351570
15539970 8643392
15540041 15540044
15540103 15540107
2295961 3013170
15549981 15407264
2296852 3013901
15554695 15554697
15555223 15555225
15562310 15562312
15568370 15568372
220457 679293
15569472 15569474
1681219 2516618
15574270 15574272
15575645 15575647
15576443 15576446
15591227 15591229
8622475 8622477
15624363 15624365
15639547 4697826
14622183 14622191
677410 1420150
1587736 2445177
15883456 15883459
21622230 21622232
887881 1702707
12830988 12831002
21637739 18697144
21639442 18315444
21646825 21646827
21654766 14703106
21656903 21656905
21657850 19962000
21668963 10698484
21669367 20450656
21674710 20161145
21678138 21678140
21679137 21679139
21682650 16550278
21674712 19550352
21689500 20983990
4299703 4382137
21698896 21698899
21699598 21699600
21701310 21701312
21711997 5299571
21715481 17768518
14625870 13432471
21724413 21724415
352527 941858
21730530 6663919
21733123 17342362
14607751 14607761
21739106 19809511
21740094 21740096
21741739 12090658
21743065 21743068
21745034 17159647
15047461 15047464
21747736 21747738
21761389 21761391
15238361 15238382
21762938 21762940
21763013 10664600
21664721 10917357
21766909 21766912
21770657 21770659
21771730 21771732
21771912 19152804
21773508 16530585
21775280 21775282
21776524 5608511
21776627 21776629
21780055 21780057
21787534 16234738
21789942 20597885
21790068 18559048
21791677 21791679
21791735 20654673
21793906 21793908
21794142 21794144
21795129 16252290
21798321 20954285
15500046 15500053
21698898 21698905
21664719 12942151
21819561 2507241
21822384 7383565
21826985 21826987
21828445 2896246
21829924 21829926
21837526 21129692
14607553 14607562
21838831 21838834
21844702 20531294
21850335 21850337
4147585 4282592
21766911 18153202
11039482 11039486
21864392 20160945
21746173 2286855
21876459 7120566
14533362 14533371
21879502 21879504
21880422 21880424
21883590 21883592
21886450 13349081
21888401 21888403
21889226 21889228
21893175 3733357
3013880 3525535
21904342 21904344
14505759 14505768
21917005 21917007
21924330 21924332
21925481 21925484
21927447 21927449
21932913 20212844
21933005 20956341
21933282 9854732
21936423 21936425
21938286 21938288
21938427 21938429
9278382 9278397
21944514 11619340
14470926 14470938
23760504 13547136
25409318 1168094
25416321 20812642
3012940 3525096
25437949 25437951
25439544 3901726
9367052 4115357
11471123 9282581
25443472 25443474
25445160 20691228
25452256 2950008
678927 1421628
14622184 3130062
15748883 15748888
28581816 28581817
28581884 28581885
9576690 9576705
28745198 28745199
28761016 21373324
28761293 28761294
28774433 28774434
28774438 13523289
15211020 15211030
15183682 15183686
28774477 12028337
28774489 616817
15183672 15183683
4178657 4303165
28786723 28786725
1420249 2295393
28899167 28899172
1420394 2295675
28980857 5439966
30386702 30386703
30398414 30398416
30485779 21035711
21925483 10198945
30486968 11681028
941803 1772973
30787844 30787846
30937181 30937183
30937295 30937297
14303342 14303345
11204506 11204511
53248 220381
31071198 20696237
31071970 31071973
31072377 26834818
31073143 20441214
31074204 19419884
31082098 31082099
31084775 20992177
31084836 31084837
31084844 1803565
31087476 31087477
31089376 31089377
31092399 31092400
2516526 1277136
31093544 17656860
8296663 8296670
31099833 9167638
31100829 31100830
31103220 31103221
31103261 31103262
31941035 15609506
30326669 19809410
31941285 16684183
53252 220385
30625642 30625651
31941974 20139119
32129628 31585298
32614609 19054806
31996572 18102860
32615905 31561091
2295962 3013177
1420437 2295749
31964155 20531312
32617953 31628257
32617955 31585649
15225259 15225266
32618218 10732720
1420821 2296090
32619245 16927620
32619538 31621968
32619596 19581279
32619598 31620684
28854823 20730120
32619889 31623645
4682999 4687575
28941734 24002451
15554480 15554504
32620967 11170317
32620994 31564011
32621349 573317
3013926 3525766
31813365 28816138
32622691 6139799
32622934 31241094
32623040 31561575
32624393 16257906
32624458 31571232
28980859 28980873
15207587 15207597
32626022 10238911
5793592 5793616
31958803 28917257
32627849 20608103
32628165 15405918
1420577 2295812
32636158 20688921
32044551 12863327
2295318 3012927
1420660 2295891
32639497 31633556
32640486 31621930
32640725 31675433
32641048 31206475
32641801 16252967
32068165 31563026
32642178 15256602
32642184 31622807
32642186 28823960
32642299 31618815
3013885 3525543
1420807 2296079
1421672 2297032
15233889 15233900
15237517 15237524
32887810 9723026
32975372 18878240
32976556 28786988
15182280 15182290
14958189 14958191
4254232 2454909
33097160 31632281
33100746 6224781
33144958 20597796
32641049 31563385
33339526 31716136
1421673 2297039
1681220 2516621
15554470 15554490
15554471 15554493
2295964 3013186
2295966 3013192
15554475 15554500
1421682 2297049
33680352 31623233
33996752 22288765
34093220 31618453
34093251 16309612
34131734 31651121
34131803 8209796
34652573 31708442
34724853 31671013
34765565 16054493
15211742 15211751
32012488 31580593
13408654 13408688
11293362 11293367
34899559 31739800
34909319 31563486
34939067 8182375
30620919 20902986
14470928 14470943
34971741 31621206
34971784 31628518
34971794 31561751
34971797 31622852
34971809 20597796
30650923 17332539
2295592 3012994
35669504 31634999
21793909 21793915
35864521 31670553
30647768 15874223
34130880 7269607
28822466 28822470
28822587 28822597
36553461 20647189
32641120 16886288
32052081 31353575
22107769 22107779
32191702 31622874
15097532 15097552
36554112 9164291
36648524 20618076
28598217 16330435
34988733 4707839
36650402 31486146
36651278 11949383
36688977 31632944
36688982 21474119
36700489 31656478
36707652 19726144
36707654 13552060
36707657 31562384
36707659 31561162
33838345 31304617
36707662 31629795
36707664 12149822
36707666 21935192
36707668 11177874
36707677 31571225
36707679 31562357
12235817 12235821
12239743 12239765
33271891 26545782
862493 1676006
36707681 1095604
36707683 31304720
36707685 31418313
36707687 31618056
36707689 21241913
36707693 31623164
36707695 31134398
36707697 31299162
36756407 31732673
36756756 31617990
36759189 19031438
36764206 20608932
36764209 20795286
9828137 9828145
37684235 31624424
15433090 7586428
21893177 21893184
33271892 31564109
37695148 31635339
37702180 31563943
34131716 31697969
34130409 17277520
37901497 31620908
32641075 26686611
34131461 31562038
34131493 2934565
34131697 891077
34093090 8927358
34131698 31562985
38075258 20160851
38078161 31630807
38080149 31657103
31996654 21335248
36541140 31619971
38123356 31710806
38151939 31620091
38166887 16493482
38182778 1641357
38183214 31628909
9125130 9125177
38208336 21239861
9352214 9352227
38212777 18701478
38214374 13436092
38348507 21256661
38348536 31560153
38348557 20070568
38348569 28819246
38348585 31618235
38350079 8523909
4282621 1245870
38350175 31241935
38350180 28901020
38350221 20070887
38647315 31719187
39190808 31627536
39197090 6878519
33838068 28811409
32077083 31561053
1420373 2295613
31991385 31617471
15231304 15231309
28946764 28852278
1420663 2295899
34042893 31631314
31950364 31561045
39456405 31618944
14662376 14662380
39468681 12744528
39512578 28810980
39517402 8642392
39518838 18345332
39523659 31562716
39528160 19057703
39533523 31618745
39533889 19144033
14571311 14571318
39534503 31629223
39534825 16134094
39534951 20812746
39535056 31622939
39535700 31633945
39535908 28989860
39536086 31635016
2296918 3013972
39536445 31619777
39536869 24401649
39536906 31707406
39536927 31674634
31959577 31624666
39537069 13899433
39537317 22271996
12291979 12291984
15550388 15550395
39538185 15428486
39538327 17286966
39538341 31633495
39538665 31652031
11293371 11293374
39538877 17756978
39539500 28809967
39539754 20463727
39539845 31670687
39539936 31630979
39539977 28855912
39540058 16694725
39580589 12920355
39582455 31454105
39585175 31617880
39585270 31626939
15245012 15245018
39586258 21123259
39592049 19550386
9563708 9563715
39603611 28961070
39603711 31618973
39604223 20903065
32068083 18393077
39605321 20489888
39605800 28221805
39606147 20813926
39606748 31480710
39607189 1518092
39607636 31616506
39607936 22207441
30713867 28827237
32124218 2883606
39936412 13514803
10866207 10866217
40101129 31562942
40134586 31669647
40152577 31617967
32209679 31633656
28960281 28960285
40219726 20708765
14553415 14553418
31941287 20490713
14618459 14618462
40631473 31237716
40631474 31626835
34971742 31629219
8795930 8795932
10772038 10772044
21766917 21766921
39606491 18499793
11293368 11293370
28581561 20353032
32015230 31620450
32015235 17380568
40634604 31697984
40634605 28789671
3525778 3879480
3525602 3879435
21739108 21739113
21739109 21739114
14605464 14605469
14605465 14605472
9379400 9379413
40634670 31683374
12239746 12239767
41335049 20749645
41335087 31221455
14605467 14605474
14607770 3964473
15748891 15748901
2297036 3014000
30713872 3969774
1676012 2513200
3879202 4104899
40631475 4127696
3013911 3525601
41668623 20904493
41668627 31563257
41463139 1732265
41669033 17690099
41669061 10625749
41669203 17029700
41669242 31628288
41669283 31618902
41669571 13446621
41670077 31629013
41670259 4730004
41670455 5881093
41670859 31622140
41671135 31618911
41672241 31563346
41672317 28957439
41673147 2178311
41673294 5370855
41673873 7428247
28774542 5497205
41674166 31656154
41652173 31622861
30620920 30620932
40152713 31562273
41720724 31563949
14618179 14618183
41720730 31658297
14567043 14567047
15412348 15412352
28946807 7238466
41720810 8319478
9419980 9419984
40227446 31562252
39606149 31674248
31087478 31087481
10772041 10772046
8921131 8921135
32129718 3232001
32129721 19781024
11601226 11601229
30650925 30650929
21904349 21904353
13076090 7892913
41723081 14290254
41723082 31221050
41723095 20280771
28980869 17686075
12239678 12239727
12239728 12239755
41723178 31563392
41723179 31624580
9577477 9577482
36745277 31621661
32015236 31628635
32015405 20954372
41723218 31704382
41723235 41723238
41723236 11859385
41723242 31629089
41723224 31633308
41723220 890350
41723265 31562330
14619886 14619890
43310063 31562843
43311035 5970852
45102664 31690557
45102670 28794097
45102675 20822943
45102688 31632447
45102693 31619252
45102696 31629522
45102699 31644552
45102701 31630603
45102704 21097847
45102709 31623616
45102720 31205199
45102723 2787569
45102726 31633482
45102730 31563411
45102733 25018318
45102738 31631683
45102740 31616317
45102752 27872866
45102757 20628822
45102762 21683419
45102768 16746545
45102770 31633310
45102773 31672099
45102786 11457872
45102791 31618359
45102794 17207571
45102798 21018804
45102809 31563379
45102811 31619654
45102813 31561889
45102818 31619687
45102824 13897009
45102827 20636376
45102836 31620315
45102843 28833391
42602818 1708164
45102846 18550584
45102852 25722108
45102858 31618656
45102862 20396699
45102869 22452819
45102871 31625089
45102873 31455692
45102878 31627963
45102883 31563871
34095352 31618615
45102896 13369336
32212006 13499465
45102911 31627302
45102913 20710846
45102915 18302037
45102918 8342352
45102922 31622356
45102927 20451424
45102932 31617380
45102934 17850318
45102953 30291534
45102957 31043114
45102959 21115368
31986581 31618875
45102962 27032128
45102965 19620804
45102972 31562067
45102974 31250151
45102979 19790992
45102983 31665338
45102988 31638992
32088707 9463449
9573979 9574017
45103004 8126841
45103020 19960126
36096521 21735721
45103032 20002803
45103034 31561984
45103043 31617061
45103063 31651565
45103065 31666827
45103071 31650483
45103076 31650025
45103078 31622347
45103081 8176979
45103089 28841827
45103091 31623404
45103103 31648161
45103108 3348257
45103110 31664286
45103118 27362710
45103121 31637421
45103127 31617868
45103133 20808624
11400027 11400029
31943081 31561824
45103152 27659490
45103159 21123118
45103162 31617689
45103165 31618205
45103174 31399241
45103178 20188044
45103186 28790673
45103188 31617417
45103197 21182777
45103205 5646963
45103208 31711374
45103211 20963639
45103217 31561020
45103222 19903423
45103228 17951305
45103234 19248240
45103236 31628516
45103239 19796810
45103243 28017397
45103247 31561217
45103250 18592955
32561889 31581709
32043697 31561624
45103254 31624113
45103261 19865282
45103269 31648799
45103273 31561144
45103282 31562034
45103285 6482512
45103287 31617898
45103294 16609980
45103296 28145793
32059374 31628885
45103300 31563616
45103305 31637180
45103308 31619148
32165411 31563276
45103327 31628575
45103330 31563812
45103338 21587535
45103340 31617248
45103342 31616664
45103344 28825611
45103346 17559979
45103349 21635861
45103352 31627615
45103354 24171464
45103370 31628897
28759441 14332747
45103373 31563687
45103381 31636184
45103387 31621054
45103393 31639033
45103395 31622871
45103399 9344792
15187608 15187612
45103410 31707727
45103412 31561017
45103416 31223258
45103420 31561310
45103425 31561901
45103430 31619512
45103432 19397925
45103439 31501915
45103442 19045466
45103449 31249867
45103452 18153167
45103455 31679546
45103460 16626145
45103464 18869985
45103472 28886141
32162758 31618144
45103481 31626176
45103487 31654764
45103489 31653644
45103491 20792556
32058564 31563233
39348135 6650693
32064640 31626193
45103504 20693263
45103507 17127099
45103510 17781134
45103513 31616568
31973090 31622985
45103518 21239888
45103523 19217250
45103525 31623361
45103528 31623251
45103534 31644566
45103538 17601288
45103548 31637939
45103551 28800686
45103554 13328899
45103557 17560162
45103559 31621179
45103561 26896278
45103563 31560993
45103567 9450518
30631255 19467773
45103570 31643493
45103574 20396674
45103583 31562993
45103589 31620885
45103594 31620833
32159846 337340
45103597 31621392
45103599 31620670
45103601 16366242
45103615 31643941
42602801 31561635
45103622 31618159
45103625 22288691
45103631 16269447
45103637 3012977
45103664 31623952
45103667 31563892
45103670 19261645
45103680 20597829
45103683 1385182
45103688 31642589
45103692 21239828
45103693 4213975
45103696 31622515
45103703 16914716
45103713 31618819
45103715 31631168
45103717 31630983
45103722 17600434
45103724 31561528
45103740 31631022
45103742 20516538
45103751 17278090
45103758 16887831
45103761 31619114
45103768 31709405
45103775 31634995
45103778 31640854
45103786 16666641
45103793 29397454
45103795 31562767
45103813 31623143
45103816 31622905
45103828 28784268
45103831 17689630
45103838 18153192
45103841 31622953
45103844 31617652
45103847 31618157
45103850 31671758
45103855 31616517
45103877 19419824
45103879 13434081
45103888 21857392
45103891 31622742
32056739 31630472
32194540 31632841
45103902 31620540
45103904 31563341
45103911 21885361
45103914 31561559
45103919 31616389
45103924 20813044
45103928 31623175
45103931 31656140
45103936 29180843
45103942 21715619
45103947 21173531
45103949 5869167
45103952 31619250
45103958 31699232
45103961 31686565
45103965 28856093
45103970 31620220
45103973 31627209
45103978 31649097
45103980 11636413
45103983 31563034
45103986 13436255
45103989 31616428
45103996 17052192
45103998 31622026
45104000 31656693
45104002 31656691
45104010 31626619
45104023 31621182
45104026 27721180
45104035 31622665
45104038 20483334
45104050 31619118
45104053 21600474
45104059 28964213
45104062 31631325
45104072 31618361
45104077 17600836
45104086 11830492
45104090 31627079
45104100 31631126
45104110 31563196
45104120 21932520
45104122 31626402
45104125 31561572
14512329 14512333
45104134 31563427
45104136 22289131
45104141 31625084
45104144 31636307
45104146 1704116
45104156 31670681
45104167 31627171
45104175 31581192
45104184 31621943
45104190 18873486
45104202 20709004
45104232 21073720
45104239 19544117
45104247 31631205
45104251 22207122
45104260 31635042
45104263 31621535
45104278 2880151
45104297 20935643
45104302 27677134
45104316 31561469
45104319 12140326
45104321 22075379
45104327 21256398
45104333 21951095
45104344 8425021
45104347 13422630
45104349 3954327
45104352 20001002
45104357 31630187
45104363 31618513
45104384 20748147
45104396 27774937
45104399 31629010
45104403 16319392
45104405 31653847
45104407 31617863
45104414 31226746
45104430 20682454
45104433 20680852
28774544 11296093
45104440 31617404
45104460 31674882
15221409 7622913
45104468 31571471
45104470 31704418
45104477 31701393
45104485 28926270
45104490 6577905
45104495 31620655
45104498 20709239
45104502 1488877
45104505 31221056
12239711 12239737
45104520 31561723
45104525 19549992
45104527 31704654
45104531 16061307
45104534 31638746
45104537 31410286
45104542 31721989
45104548 1881450
31949336 20634062
28822501 2391922
45104559 31571000
45104563 18955018
45104570 31562493
45104573 19622848
21771917 10501339
12775668 12775676
45243483 31633890
45245501 31564038
45245508 31619337
45245683 20814878
45245730 6251887
45247113 31563451
45248903 28953282
45249995 11183689
45252269 20625966
45252338 20483496
45252526 31564014
45254568 31686276
45254617 28856826
45254619 28958422
45254823 31237705
45254859 14980689
45254904 31636749
45255084 31340658
45255534 31619632
45255673 20904431
45255678 31624091
45256112 31676322
45256223 20953798
45257711 20001178
45259124 31619841
45261332 31644150
45263871 31618942
45265992 31563351
45266135 28796094
45267237 10203420
45268070 9771479
45268250 20644694
45268399 31563673
45270737 14560866
45272289 31715442
45272417 31617450
45272476 31658594
45272497 21809709
45273353 20658697
45273811 31619664
45273885 31617210
45274044 26750196
45274055 10840466
45274306 31562142
45274730 11682080
45274969 31634411
45275113 7060813
45275182 31651475
45276080 30153962
45278115 20202451
45278690 31678981
45278861 16610580
45279049 31676341
45283221 31725489
45283711 31674814
45283949 31627219
45284669 18259419
45284898 20160683
45285232 31713607
45285513 17656937
32010308 28812716
45285587 28943332
45285691 28823748
45286519 31659298
45286526 28973349
45286570 31622373
45286623 31561316
45287790 20188357
45288130 31237968
45288147 31561806
45288259 16124128
45288386 31495590
45288563 20682674
45288690 31676112
45288842 31669945
45288963 31561382
45290500 20646829
45290719 16307952
45290915 31678163
45291501 31638611
45292312 28852802
45292454 31626122
45292783 9009908
30626474 21634996
45293529 31620657
45294005 31252741
45294306 31563747
45295234 31622655
45295557 14134616
45295822 15461205
45296399 31620964
45296550 31563131
45296630 31546536
45296685 31636399
45296699 18344038
45296898 3610103
45296903 31696473
45297042 21474367
45297086 21854413
45297141 17159679
30658303 30658306
45297490 20929872
45297686 5780775
45298292 11820654
45298692 31562220
45299282 31635011
45299286 31705664
45299370 20070474
45299641 28943784
15189801 15189807
45300829 16609998
45300853 142607
45300862 21945296
45301304 31708341
45301574 31637718
45301680 9142217
45301743 31563904
45301750 31681886
45302050 31563854
45302059 17656868
45302227 31657864
45302270 21564105
45302326 31563488
45302413 31624450
45302433 19467764
45302568 31621430
45302666 31658171
45302679 31687290
30659118 30659119
45302856 31631362
45302943 21256383
33647971 31564027
45303045 20887395
45303122 28979236
45303375 16450106
45303378 31386325
45303386 31623085
45303389 31625020
45303466 31631026
30621273 30621276
45303628 18913629
45303649 14706127
45303684 22288465
45303699 31620803
45303792 712165
45304041 19620744
45304259 24597827
45304370 19903003
45304374 31621244
45304389 31631319
45304399 31620502
45304463 31621298
45304527 16192471
45304583 4167141
45304770 28835388
45304928 16656384
45304993 21173513
45305005 10075364
45305022 31621202
45305049 31703666
45305296 24337433
45305474 31632610
45305478 17911591
45305604 19397943
45305767 19134717
45305791 31643966
45305966 31686535
45305974 16742404
45306110 31699230
45306166 19855779
45306475 19199518
45306612 18697837
45307134 702111
45307284 31563102
45307570 13408965
45307690 31629016
45307832 31721346
45307851 27280425
45307867 31617114
45307904 31656471
45307913 31642873
45307963 17914622
45308148 31625697
45308214 31621933
45308223 8755110
45308411 31631582
45308460 31714860
45308593 31631340
45308602 31624336
45308947 31695644
45308995 31665002
45309044 21284409
45309055 31671209
45309137 31674829
45309194 17159707
45309835 31659801
45310154 31649346
45310250 9682261
45311147 31617624
45311346 31635401
45311429 31592856
45311442 20070534
45311515 31718348
45311521 31646401
45311650 17518186
45587416 23926000
45587418 31677093
45587435 31618673
45587474 31655142
45587525 31658724
45587588 3236521
45587598 28929155
45587657 31687225
45587704 19467722
45587708 31708229
45587782 31657467
45587784 31687231
45587792 31617052
45587798 31563685
45587861 31624332
45587907 31365511
45587963 17456247
45587967 20000814
45587979 31658229
45587987 17600964
45588001 31672830
45588014 31713830
45588022 31642240
45588031 31620326
45588402 31626766
45588503 31670536
45588691 9137138
45588735 12296841
38041903 17299169
45588975 31704422
45589110 1903097
45589127 27280457
45589229 331239
45589356 28954410
45589377 19492571
45589527 28837560
45589549 16671125
45589630 31630555
45589733 31621686
45589786 3951717
45589942 31625728
45589986 31622256
45589988 31622812
45590009 31667949
45590015 31617802
45590023 31204586
45590049 962331
45590125 31563850
45590138 28825458
45590201 31701515
45590217 31616992
45590445 31618740
45590682 17160154
47888821 31714858
49184290 6204260
49184291 20689279
49184300 31564068
49184303 8174843
49184304 17849503
49184305 6350872
49184306 28791414
49184307 31619588
49184308 31620048
49184309 21062069
49184310 31621174
49184311 31621692
49184312 31621726
49184313 21768423
49184314 28953614
49184315 31622173
49184316 31622663
49184317 31622894
49184318 20451124
49184319 15257315
49184320 31624073
49184321 16538774
49184322 31624533
49184323 31624676
49184324 31624778
49184325 31625080
49184326 13443079
49184327 31625308
49184328 13422643
49184329 28962992
49184330 21373798
49184331 31629859
49184332 20187996
49184333 31630530
49184334 31631329
49184335 31634525
49184336 31637328
49184337 31638128
49184338 31638583
49184339 17159804
49184340 16216543
49184341 14959552
42602797 31644737
49184342 31645184
49184343 13503948
49184344 31649743
49184345 31650323
49184346 13500160
49184347 13487131
49184348 31652840
49184349 31652926
49184350 28884552
49184351 31657460
49184352 20366658
49184353 31659410
49184354 19120846
49184355 13412951
49184356 20812747
49184357 31670311
49184358 31671243
49184359 31681884
49184360 10252272
49184361 16673325
49184362 31686208
49184363 17601153
49184364 31688379
49184365 20100498
45345249 24112487
49184366 31690400
49184367 31691576
49184368 31691578
49184369 16927860
49184370 31701542
49184371 31701560
49184372 30636871
49184373 31702761
49184374 23087040
49184375 31704420
49184376 31705390
49184377 9015316
49184378 21053129
49184379 17781581
49184380 31708372
49184381 31709431
49184382 31709441
49184383 31709445
49184384 24815079
49184385 31714549
49184386 31715021
49184387 31715134
49184388 20915104
49184389 31716921
49184390 20352669
49184391 31731967
49184392 31732425
49184393 31736728
49184394 31738497
49184395 31742918
49184396 44393390
49184397 49184398
49184435 49184436
