5034319 356962
5043044 1661930
5167958 142067
5185745 117311
5186209 110701
5252627 97167
5263687 972022
5293858 519482
5319552 470760
5327316 100777
5328114 1738133
743532 1058952
5373183 54187
5390912 333690
5393781 766709
213119 105529
3464449 95487
3060534 77739
5412628 1309420
5429641 40152
215053 653905
5437294 96341
5437316 593907
5437441 2219041
5461335 333684
5462801 227140
5469691 315920
5469742 242634
5480771 1856283
5500232 329410
4295612 54408
5516712 189087
5532363 220190
5552628 329359
5569749 1520877
5585821 676074
5597402 643438
1465363 1618105
5645294 94693
5653677 97703
50916 215183
1660645 95992
5693249 251769
584735 325289
5704201 1291856
153730 346123
5705337 98093
5705448 288449
5532478 333634
229541 654065
5878587 1165854
5888865 222733
5896042 41911
5913665 99943
5920435 250135
3809936 163078
5955425 334001
5960948 1214253
5974859 1452394
5990884 295602
6007979 169322
6017998 966412
6046385 1101315
6057298 45649
6057404 1738674
6081772 29255
6087375 1823
6089547 643478
6101814 913928
6112717 117310
6130246 311371
6134291 917563
5899642 5469
6143129 678357
6160295 1909613
6211839 391204
6232716 1537640
6242274 159721
6258510 128056
6259739 1839072
4749442 938511
6288267 1362686
6295008 204446
6341300 2441039
5532365 908366
5532366 216885
6358127 488839
6362313 323694
6370290 608856
6373407 2689034
6382932 551678
6394516 671783
6421241 1421334
6446832 1951413
6453371 345357
6512016 1755265
6518127 495864
3231510 1343862
6543244 363837
6551054 202231
6554313 859466
6566103 665771
3977491 92446
6611114 3180350
6653241 249873
6663830 717246
3388461 571306
6714245 824028
6715649 708471
6768047 917465
6769013 1707413
6769270 2804520
6786917 755529
6787295 348156
6788100 2227540
6796994 75652
6797007 124602
6798945 391909
6816643 1545638
6843274 344038
6894184 353388
6900053 1535480
6946797 323374
50462 213626
6998978 51776
7020691 1836608
7063744 790531
7069083 2868530
7071852 1195271
7078089 104945
4661693 602876
7152325 1134735
7187872 541212
7188710 339736
7194516 388791
7205585 394859
7348876 1475818
7356888 192778
7366019 2269264
7385279 827819
7425122 122164
7435754 608580
7443049 2938810
7455456 333062
7456868 740695
7472470 4876866
5962643 191879
7491243 687996
7502417 961438
7503451 993016
7549083 1359303
7557239 307045
7557758 186151
7571843 2420006
7583037 458070
7619482 475582
7649505 1036054
7656030 471290
7673455 649950
7677174 1719170
7694016 1462113
7710293 140107
7713096 1345962
7716150 1302879
7728534 2905629
7753041 946318
7760279 909003
7760310 1190307
7777505 100271
7779719 224119
7789946 321768
7792184 1042333
7794016 671511
7794303 2947055
7803191 2292131
7803984 921086
7804940 360812
7805511 113478
7841023 1771788
7846711 1022721
7865080 1745408
7870491 800326
7873237 1052183
7887632 1758529
7893678 1047617
3013052 346765
7914994 337567
7918820 798708
7943167 648478
7946818 920353
7955612 316802
7955946 945829
7957410 530633
8009578 962606
8058493 1182548
8130027 353349
6135056 1071637
8144039 331133
8161483 2373339
8201440 681670
8226296 1693676
8229774 3245874
8230283 52287
8231382 692398
8232315 1757259
8242270 1521478
8262727 740831
8265431 350628
8282215 1713328
8312725 121064
8316160 288993
8347516 3199899
8350430 2766321
8355224 3013497
8372195 353246
8399215 907333
8404281 330512
5339456 428580
8406835 829552
8431944 390050
8444394 794399
8444429 649949
8447569 650743
8454900 261900
5392757 341182
8458379 181049
8463544 4255954
8465029 363061
8465981 1694230
8498372 1367891
8514650 1704614
8514881 130965
8526127 233831
8526363 2976610
8534180 784420
8541732 697810
8541853 988997
8546066 2400537
8558797 460119
8570473 1560242
8595066 358701
8601622 109043
8606151 71118
8656285 1037797
8693537 384423
8695776 396453
8706750 224423
8721687 621693
8725335 1333348
8738296 867273
8773614 1458314
8780969 2552380
8804803 1182481
8805816 2817345
6825185 800160
7841025 323879
8819602 249993
8849451 58120
8869563 1421620
8873228 2656205
8876034 419591
8890419 1096074
8895506 40042
8923007 511690
8958105 327896
8998296 392779
9027459 393647
9038675 569628
2993623 324099
9082007 2765260
9103005 1141025
9105937 2033798
9109364 202919
9114660 316682
9121887 481995
9164274 3137141
9165039 836927
9171767 612428
9171791 325149
9171791 805046
9171814 835946
9175431 691665
9176645 899991
9178788 4056080
9185155 1804884
9185177 324175
9187334 2324997
9204594 682850
9219747 84104
5734470 1828419
5658506 664869
9272369 2624658
9274997 1182777
9275860 434201
9282168 2336157
9291454 322010
7120377 106837
9322930 218802
9323004 359545
9027461 634889
9357105 1634555
9387199 101721
9388409 211430
9388472 651772
9388620 297217
9389129 82942
9390014 1468425
9393804 1122224
9394234 729910
9395237 682014
9395343 80303
9395375 39501
9395855 3780964
9396100 318470
9397694 395466
9397954 191090
9402347 3147498
9402686 396127
9402916 123142
9410121 917240
9410276 384577
9411473 790429
9412232 1707792
9412509 1445702
9418390 523510
9418430 2181983
9419952 1209984
9422918 1031032
9425257 449877
9427084 1057880
9431201 295704
9449672 364002
9458667 409628
9459641 318443
9468205 255883
9479138 4891224
9481189 2692362
9489633 2369609
9403819 896303
9510855 93877
9511045 929413
9511175 19699
9511215 1150697
9511352 1435826
9511914 961554
9512183 58043
9512438 1309814
9512619 222476
9512987 2472769
9513123 1252936
9513153 987044
9186002 226279
9513447 403738
9513602 101551
9514249 142496
9514572 1121584
9514759 2371138
9515207 740647
9515582 660451
9516024 927892
9516475 503683
9516536 278871
9516624 643736
9517156 672352
9517495 922380
9518132 508128
9518538 704399
9518840 1240516
9519145 790036
9519288 602248
4512742 497530
9519570 344258
9520005 142029
9520290 1023421
9520366 884021
9520440 419310
9518490 2794672
8704894 33329
9520827 248812
9520878 102350
9520903 290050
9520915 1995219
9521095 1512
9521316 1549821
9521365 219893
9521381 38527
9521526 94513
9521537 2121184
8221824 59892
9521667 3270260
9521768 1700458
9522101 613335
9522201 333042
9522403 1754654
4197376 893058
9523260 925981
9523277 1538619
9523757 320383
9523778 721982
3208066 343395
9525318 1431875
9525559 31079
9534091 1128516
9555698 211890
9571596 340097
9588244 1901840
9664679 122313
10012176 678673
8930854 721918
10366071 148655
9831387 699947
10424907 13333
7302436 1942191
10428249 215782
10428762 337889
10428941 342402
8192757 1333249
10434183 1657937
10678867 664209
10678921 1298134
10700657 471248
10706937 1255414
10710983 305250
10713210 1247551
10715734 109556
10720308 534273
10720505 2010216
10723344 676076
10730174 909555
10732278 330351
10732936 2868281
10732943 1716531
10738387 515732
10738834 1147593
10738872 427954
10739872 744438
10740074 213366
10740137 562146
10740187 790616
10740620 953148
10745289 876712
10752269 384286
10753473 1004798
10753564 2121671
10755955 1295018
1555121 219936
10763741 573738
10768456 2991866
10769662 213167
7955918 345721
10773747 1659454
10777502 635201
10780808 620596
10428251 1417512
10787326 460548
10787602 1476624
650096 38479
10792136 515379
10808695 4867030
10813566 224417
10823803 419087
10845796 100094
10856591 515441
10861357 249875
10866498 1262778
10871526 92390
10873813 80687
10910167 3344170
10936737 1460265
10941857 3221526
10948266 664021
10955609 665804
10963698 792365
10965673 594202
10965694 195778
10965728 928246
10967925 4694458
10976271 341731
10976299 2150719
11006609 1288291
11006670 328780
11041214 1103194
11046770 113362
10898363 1309447
11059063 30023
11064696 1393088
11065688 1478995
11076826 103940
11078431 1019002
11087646 2036976
11091462 4467464
11092375 3477197
11121456 645525
11140954 674089
11147039 663838
11152512 193214
11157780 249683
11169077 1388128
11173306 262842
11176061 275195
11176099 1032756
11177507 385923
11184441 313378
4479847 1559868
11203769 534426
11208640 109688
11214331 345043
11214420 758676
11223606 248315
11240437 929448
11242321 325059
11253735 97966
10740190 916848
11268072 395088
11271472 119700
11273842 263906
11280882 86385
11294187 458300
11294864 213279
11295536 1102412
11297453 20691
11299867 1777405
11306281 3161116
11307541 509160
11307962 710540
11310075 120911
11311731 1419353
11316837 1397143
11318997 856348
3608816 358774
11325771 1822333
11326126 1042010
11329122 352270
11329598 1634161
11330219 1113134
11330488 880284
11331157 2329209
11331566 218535
11331951 2564070
11334021 3050077
11335222 697169
11335720 1377786
11340028 2038008
11375099 1010191
11388340 1729540
11389403 1598887
11420143 488381
11432778 3418440
11451656 1161231
11472610 343655
11482716 107326
9524056 515322
11492360 634278
11500405 1335505
11516352 74111
11519487 339070
11525964 22450
11526189 2882160
8192698 1054740
11563116 1732491
11564798 52681
11566741 1579290
11577952 4868890
10967927 3122352
11675942 1134871
11310077 911978
11330490 896062
11940063 756228
11971503 691068
9105940 3152237
12033521 391259
12039201 1421493
12040197 681757
12041928 337267
12042794 343731
12043205 1828844
5568294 830320
12043294 638481
12047224 995631
12311304 1561431
9525109 551902
12399866 567937
12467943 278444
12468249 940277
12561426 1660934
12564679 1544950
12766344 1937667
8531918 147685
13104339 101980
13190678 857999
14223068 403376
14279193 363125
14328775 4615757
14048878 892663
11089693 696675
14345095 208129
14347300 634370
14349245 186059
14350355 365772
14350559 865934
14352737 653903
14352798 41913
14353869 95428
14356861 336756
14356945 668341
14361115 828914
14362691 448313
14364188 395173
14365037 42323
14365341 218113
14381763 3503042
14384548 933043
9524057 2037915
14387760 933694
14390882 471707
14445494 659647
14451516 799798
8192829 1288260
14458695 196218
14054361 586273
9520881 364152
14466425 266004
14054624 595951
14484969 102872
14498241 865852
14504960 1928541
14016515 218887
14506656 1477274
9444042 268350
14519706 315257
14521273 806728
14522193 739666
14202450 469044
14525141 401153
14532741 2975360
14536230 1068273
14544915 634973
14549677 418449
14561559 435680
8192830 1389190
14567941 2435744
14568902 57188
14056228 316610
14569389 135879
14570550 4881434
14054579 1535511
11515904 869425
14600806 1850160
14662121 751472
14668109 52776
14056229 654993
14724529 231965
7818755 900022
14734361 5288
14736037 160243
14736273 1566894
9512941 857188
14737386 663911
14743297 323468
1763357 1498909
14743433 1843944
14743696 1039251
14744250 2785580
14744258 1731413
14744476 2009572
14745165 740701
14745950 2334192
14751987 48345
14752202 685294
14754213 101439
14754569 295899
14758718 39363
15267323 21167
15327527 724098
15369140 252442
15652001 338798
14098914 2188768
23735291 500014
24339961 876970
24351730 671397
24357806 452575
24358417 700459
24364722 927340
24365578 249854
24377827 592293
24381698 4877603
24384594 1465062
24387334 1333099
6852109 180722
24389475 1615835
24390079 1026994
24390179 342696
24390292 1028883
24390461 513021
24391353 101557
24391507 331652
24392696 1418480
24393164 100231
24393332 3805107
24393593 262261
24394628 1289316
14044521 265056
24395333 109828
24395840 798822
24395959 295773
7366041 706547
24396136 137008
24396208 1961523
24396217 964421
24396337 609558
24396519 395719
7106206 1306398
24396555 659887
24396638 342794
24396839 523692
24398104 1488250
24398119 521241
9489640 180376
24400301 4870871
24400902 855424
24402052 323413
24402458 3283765
24403317 37581
24403781 3848498
24403934 327304
11280886 299142
24404214 397264
24404405 52868
24409945 21818
24410834 3369769
24420560 160242
14111205 224510
24422816 1770409
25434225 671785
28371524 678905
28461541 350791
28626052 904410
28626505 324800
14069136 52928
28627180 359539
28704568 632030
11515905 902401
28732701 2329032
14495157 883298
29025876 99835
11515925 34874
14041098 65014
30320540 1513900
3187310 237080
4808757 706763
30777055 62876
31081227 740603
31082203 1771756
31088915 1425180
31128996 670867
31153287 38064
31170570 203764
31170578 272940
31174111 474006
32995237 671312
32995670 788934
32999382 358784
33004826 217677
6897464 922543
33011136 2711117
33011334 151328
33011562 456653
33112683 284568
33112833 26477
33112856 126396
33113029 614775
33113230 38525
33113263 594461
33113583 365874
33113668 2009632
33113954 105477
9027484 360658
33114937 397001
33115108 27994
33115376 525827
5386576 654956
33115564 1683021
14056302 502448
14740251 922926
33116162 107879
33116185 534667
33116282 4703402
33116304 340337
33116310 1995459
33116365 386065
33116549 1732224
33116571 1771673
33116604 880099
33116609 105188
33117118 896712
33117622 528240
33118594 156940
33118976 1118761
33118979 94642
33120131 2807583
33120170 2510209
33120466 324312
33120493 219894
33120499 201856
33120852 116315
33121221 131670
33121858 2038932
33122724 625769
33123378 273286
33123654 552679
33124446 822486
33124499 702925
33124715 340290
33134522 540983
33134669 707324
33242973 256777
33590182 549879
34728170 654707
34728182 213157
34777006 51432
34777125 91515
34902574 1986566
34993887 891322
34996171 889480
10667745 1306132
33116186 1752201
9520834 863102
10428272 342671
3977475 913530
34996874 286487
33124039 1029416
34997049 1042334
34999052 2127977
34999168 503058
34999761 96932
35001806 149474
35002129 807213
31896832 2438191
35002728 3129944
10753480 672658
35005261 2958449
35005465 1445899
35005608 2636624
35005981 1240529
35007853 334005
35008200 1104684
35009815 1962141
35512832 1358565
35673426 1278014
36262583 47040
36262666 144131
36262668 528987
36262684 39295
36262686 1411
36262688 545420
36262690 108436
36262694 56115
36262696 230856
36263370 240303
36264872 366087
36266294 900229
36267234 260610
36267352 551537
36267679 1251073
14919055 825235
36644409 188418
36644518 1704303
36644547 897834
36644566 543655
36644655 660858
36644705 800397
36644717 911521
36644800 836216
36644810 518692
36644827 218472
36644834 38966
36644843 444124
36644903 921219
36644907 336345
36644909 1577209
36644969 838296
36644982 598925
36645032 1101644
36645135 1823954
36645143 345998
36645265 219930
36645278 2378344
36645300 102230
36645331 273237
36645353 468879
36645361 806218
36645387 358307
36645442 518080
36645461 1152878
36645484 2645577
36645582 425041
36645619 1090900
36645657 1005373
36645659 1692582
36645698 353655
36645789 221741
36645807 488630
36645852 44053
36645938 618719
36645940 172045
36645942 629594
36645956 152634
36645968 503642
14054366 332018
36646007 92266
36646016 318147
36646025 318144
36646046 1006253
36646053 619086
14056230 642083
36646091 907838
36646158 91210
36646169 64174
36646334 864982
36646351 100479
36646373 612017
36646390 277914
36646397 385928
36646403 330882
36646427 299116
36646464 1031016
36646478 1671471
36646525 378505
36646528 572647
36646539 759564
36646593 327750
36646645 219890
36646660 60136
36646663 1246817
36646786 912888
36646810 351613
36646826 1309980
36646844 646476
14055039 353306
36646866 333534
36646888 193310
36646917 329088
36646976 158182
36646983 1921334
14055767 2460987
14098936 684816
36647141 594405
36647178 711857
36647202 332217
36647310 593392
36647336 689453
36647349 923920
36647361 628554
36644971 1446713
36647418 3769687
36647448 813010
36647458 955934
36647489 97574
36647493 884240
36647503 3059064
36647515 850194
36647524 778691
36647532 23151
36647540 395639
36647542 962318
36647562 2735126
36647569 598697
36647628 1310812
36647647 1128644
36647660 1078923
36647662 1806303
36647712 568486
36647751 290919
36647763 351615
36647799 1419654
36647833 739449
36647880 1467704
36647896 288162
36647960 415897
36648046 1106043
36648050 338441
36648059 1012946
36648066 351811
36648141 2533451
36674974 1993670
36725911 597516
37665124 658073
12042178 419590
37665346 1599810
37665378 669401
37665520 915790
37665524 1223634
37667090 53518
30913913 340336
38217632 1684046
38219194 718079
38219196 653203
39117935 92138
39119990 101934
39120249 420224
39121729 1496714
39121895 1046131
39122004 677175
39122319 1262715
39123354 170468
39123628 1162486
39123666 286076
39125360 723069
39125651 384101
39126656 569966
39128352 1797760
39129077 748965
39129371 4854781
39224515 128628
40033155 126764
40104455 275803
40133086 4483808
40137852 944047
40201895 1931647
40220783 3123816
40597811 645869
14737038 319649
14737000 432192
6204953 733869
40618059 99398
8180560 1664957
41189312 1732269
43366536 218681
43370878 412500
43383151 146349
45122188 356312
45122189 338368
45122190 218793
45122191 660371
45122191 869763
45122192 1640554
45122193 2871475
45122194 1413
45122195 213168
45122196 51187
45122197 1319388
45122198 859311
45122199 325781
45122200 475767
45122201 487947
45122202 652485
45122203 333745
45122204 843521
