650210 1392209
5047366 123298
4357396 4421317
5054573 5054584
5056596 5056638
5062988 5063026
5065309 5065334
5071379 118312
3435270 3813517
5077299 5077319
5077376 5077392
5082712 257215
5091378 5091385
5105186 5105211
655952 1398274
2477532 3151774
5108201 5108216
2983378 339734
5109720 83126
5111001 56306
5115217 5115231
2124911 2872851
962207 1799837
5120111 423315
5127060 5127086
5130037 5130054
5133189 5133225
4428962 22251
5135921 5135936
223567 314744
5137857 5137875
5153669 5153680
5155370 5155399
5156388 112085
4428963 94298
1525108 376075
5176917 5176933
5177942 5177953
5178016 5178036
5180320 5180333
5180590 5180620
5185192 5185214
5193462 392673
1444838 2313322
5206427 5206445
5216096 268828
5217964 5217975
5220453 5220487
5098409 5098424
5221771 5221782
995246 43408
5225325 335325
5225408 235554
5225572 5225595
5226314 5226323
5226398 5226418
1634633 41921
5230122 325281
5230321 5230328
5237033 5237057
5239990 5240016
5247230 5247242
227390 231641
5255292 1027367
5255334 5255350
223568 291056
5258454 5258473
934849 1760780
5261019 5261037
5262787 280820
5265904 5265946
5266298 5266312
4789771 4790215
1749164 2573626
5278241 98894
5278390 5278399
3563621 359418
5281990 5282000
4396655 4449871
4759672 4760523
5299321 5299334
223438 285750
5301436 5301460
5309146 5309168
214142 650796
3023828 3532771
5319703 5319715
5322936 5322979
332185 905594
701601 1459278
353971 946839
214673 21713
5331840 5331889
5332482 5332515
225402 697864
5338704 5338720
54688 224470
5342892 5342918
676888 1419853
5307887 5307917
5347318 5347337
1458238 2329080
19363 110387
5349251 161358
5353013 5353075
50453 5457
5355429 5355487
5357523 5357561
3127962 3604889
5360000 5360024
141356 98437
2171602 88062
50454 37051
5373358 430299
151434 477647
221592 21101
5375365 5375380
1102449 1973256
5377983 5378011
46657 201542
3672798 225049
54917 226379
312616 848646
5383453 52566
1215332 2090885
893089 1705963
2892711 3435972
5385860 5385892
5386818 639957
5386856 5386870
3264267 3705485
332150 903902
54689 197434
5391149 5391180
5391980 248536
1961987 2732702
54918 226435
5394092 5394102
3677775 3975220
2908755 3447973
5395625 5395681
5395816 70133
5396115 101773
5013583 5013648
605706 112353
213119 649139
223569 50954
1105992 1978004
4011886 4189949
959288 1314486
690627 224732
213120 453904
1015359 537634
5403079 5403114
995037 1841561
5403449 5403478
5404329 213164
684945 1437866
5408374 5408390
222042 685223
5410690 5410717
5410744 17879
141344 445229
5412874 173571
2549643 3198390
5416969 103631
312572 848457
105990 339172
5422837 193974
54690 224688
5267932 5267970
54920 226549
52750 218872
3136231 218794
223492 691267
690361 101650
995038 1841668
5429797 5429832
213121 649347
2124817 2872773
5431986 5432023
445247 1096132
1313097 56469
327794 888538
5329804 5329869
5436534 5436563
223495 691437
2361490 3057371
54921 226591
223497 691535
50455 76850
282355 792974
603198 1340486
5443062 5443084
5444795 276691
3074243 3564291
1457334 2327210
5448390 99036
5448473 5448500
223986 199398
657430 1400097
5450512 5450544
500930 105965
5452110 152826
5452279 333746
5452295 5452340
5452350 5452378
140818 384486
5222849 5222917
5452798 5452818
1242899 2121510
1340234 2212155
5459405 5459440
5459853 345527
5350644 5350694
1457335 2327235
2647467 3267724
225406 698202
5461398 5461433
930176 1750418
693571 1448449
5462131 5462154
5463816 296099
383833 995433
723798 1485693
6418 58104
1051443 1914120
223795 214574
5468809 5468820
225574 699049
223541 110130
5470980 52283
333731 910329
4259 42015
5472073 5472091
54363 222243
54693 225009
356510 952460
213123 649478
50456 213335
54364 222429
676144 1418641
957828 1790473
3308217 3732715
5477439 5477488
215056 43323
4883913 45502
1722248 2557240
442159 1090828
5482639 5482688
54922 226809
54694 225121
5451589 5451639
4129791 4270279
5487058 56375
216775 176652
5489111 5489122
5491996 5492017
5881 50393
2534270 3190728
5497879 5497916
5051392 5051433
5499730 5499776
1715788 2550793
5502280 5502300
353973 947007
5503965 5503979
5504923 5504940
351731 940175
5882 50519
4001121 72832
222666 687927
5509731 5509748
5969 54186
605598 1342454
216159 66524
5514120 5514137
383678 105418
604137 52840
696606 1451477
5338261 5338350
4807950 4808145
849547 50087
222043 685354
2723126 3314928
5527562 5527573
5528104 256121
5528161 144230
3686404 3981607
3686405 3981672
201658 65703
5883 50641
5535848 5535871
216521 72843
54365 127421
5538785 5538799
4993906 4993985
400153 224127
54641 224122
110273 354725
1339908 99901
803085 1598766
3114562 3594996
695683 1450476
3114764 3595275
849548 1663558
997627 534666
5548725 5548758
3387747 3785363
201719 6243
3030599 3536663
299133 824000
4986944 4987026
723292 1484844
5558639 5558662
5563205 5563228
5566727 5566761
216495 657424
1340663 2212664
5570657 5570698
2823924 3389635
106008 340267
116933 376146
219876 677155
5579154 5579173
50458 213366
1790330 2607433
5582182 361228
107575 351491
5582550 5582589
336548 54314
5586409 5586421
2555262 3201868
74 653
927833 1734922
5589605 5589626
3046398 19583
1663457 2503728
201781 35463
2997224 3512128
213038 208330
694397 85430
1342494 2215436
216160 52923
5597604 5597625
5597875 5597889
5597948 5597981
5598055 105378
222670 688253
5598577 53473
5598826 5598849
5599522 5599531
113499 150755
1454226 2323994
5601642 5601680
223504 691899
5603848 5603899
54505 223726
2612158 3242368
4854784 62373
5605756 322356
5607043 5607066
1436472 549880
5608659 5608680
54697 225394
5609924 217005
602701 103377
201659 17882
54698 225498
201660 84112
5611833 5611875
5612268 5612291
5615434 5615456
5616195 5616222
1734843 2568858
55120 104607
5617050 5617073
5618971 5618990
1751551 2574710
5619874 5619891
648893 1390421
5622012 5622033
1296898 50508
5622858 5622879
3026689 322284
226145 699974
3644863 3957108
226146 700056
216496 513057
5627852 5627884
5629601 5629639
332163 904820
50459 42504
216161 91515
5631185 124131
216162 249565
223506 5469
5632510 5632550
3739921 50517
223507 324840
4109644 654165
5636331 43099
5636431 5636453
2323124 3027077
5636620 5636643
5636798 5636818
223542 79168
5637938 5637956
54699 60295
111296 359203
5638037 5638063
1340666 2212800
224379 17881
1714608 2544733
1842562 2648134
225411 698548
931699 1754985
3195174 152034
54370 100050
5647651 5647677
5650032 5650054
223407 689719
5651722 5651755
5651758 5651788
54700 46272
1413547 2285344
4120806 4263918
5656041 5656074
5970 53309
5657499 5657540
5658102 5658141
1720175 2555753
5660965 220722
1318316 2189436
223419 110236
54923 71955
5662791 5662800
690767 1627
5663172 5663190
5664346 5664360
5664598 253506
5665524 78076
54924 43404
5666002 5666027
695168 1450090
3100429 3584586
1617057 2466747
216529 93594
941419 159430
1340667 2212837
4385480 4442101
5669949 316509
1342495 2215488
201734 233492
603034 1340311
376054 979517
5671398 5671416
685134 1438991
1443515 308519
5671746 553440
54925 227013
5673443 5673484
5673631 5673659
5673678 5673694
5887 50846
5675915 5675937
2582376 3220414
3759174 4025762
5677139 5677159
5677428 102227
5678704 5678762
4920830 4920970
1248648 99330
5683174 291741
5683896 5683920
5684699 204497
5888 50958
995255 1842394
54371 133348
958335 1792888
5971 1404
5688650 5688678
5689069 275721
5690364 5690383
5691101 5691112
4673943 4679063
216530 2142
1448821 2317999
5694344 43834
1722438 2558267
5694686 5694709
5697017 5697035
216163 608579
5703483 5703527
5703723 5703745
1457340 2327376
5709007 5709026
222444 687126
5710595 5710609
5712986 5713036
5714647 5714683
5715543 5715578
5715818 5715839
1340669 2212887
2934167 3468720
5718229 5718256
201661 312775
2214405 41925
5720157 5720171
5720975 5720988
5721246 434445
19193 109228
5721861 36679
744277 1521934
5723659 5723672
701882 1459599
699392 1456899
216777 80423
3619126 3941544
223838 694251
5730877 5730890
5734268 43952
1413889 2286818
2613677 3244074
5738199 5738214
5738448 5738480
426412 1069595
1413548 2285391
3975227 4165805
5744048 5744068
5507815 5507870
216164 70134
201696 51519
1831258 2637455
426413 48887
5747903 5747912
5749169 5749220
5750091 445147
5750239 38064
5750251 5750271
5750284 85001
5751999 5752044
5754103 5754122
1342496 51430
4991935 157952
5757639 5757656
5757887 5757908
5757922 5757950
1447242 2315670
5760096 222322
5760186 5760194
5760322 5760357
655954 470580
5761094 5761116
5761723 5761745
5762159 5762198
5762225 5762232
5762284 5762317
4119506 4263086
5890 51188
5765122 17122
353949 946372
5506252 128212
5768904 336755
5770327 5770353
4789523 4789938
4043668 4208179
4195961 4313417
5775209 5775234
216497 142296
5776424 86005
5776604 5776638
5779735 5779746
1720176 2555795
5781986 5782005
5783143 75652
5786074 5786086
5789808 5789834
123929 405503
691838 1446919
3202656 3660729
5793461 5793503
5795938 5795951
5798894 5798940
5799929 5799934
5802128 5802151
225576 110841
5805322 5805364
2306973 3017656
5811933 5811971
2171816 2912743
5972 54415
5815948 5815964
5816434 5816450
5816500 5816536
2420976 3106934
5816937 5816951
5817990 5818018
1708818 2539413
5820711 5820719
221796 34779
4793565 4793853
5823860 5823880
5824688 100354
5826541 56113
5826687 5826700
4810585 80515
5829161 5829184
5831631 5831669
5835764 5835794
353848 944833
5837762 5837781
5837904 5837925
201662 37722
2759712 3348206
5840420 164078
1790332 2607526
5841871 5841880
5843082 5843099
106048 342353
5845071 5845095
3010198 136004
3594812 3923060
54704 225828
5851399 5851427
5853581 94513
5853764 5853785
1436473 2305896
4845597 4845656
5854925 5854941
5855047 5855055
201697 603742
5861305 5861323
5861659 5861688
5864189 248621
5865329 5865353
5865383 103482
5869641 5869686
5871582 5871599
5894 51429
1776144 2592483
5873709 5873731
4464504 38479
5874690 5874723
5876349 53403
5879598 5879636
5880360 5880367
2892713 3436005
5973 54483
5885894 5885917
3234009 3683136
5888563 5888587
5891366 5891382
5895 51524
5894441 22826
5897 51643
201782 1413
5895826 5895843
957836 1790795
2549823 109248
3015119 110840
5899469 5899484
1417298 2291387
5902400 115157
5903213 340921
2592604 3228032
5903548 5903556
4789097 4789467
5914181 53079
5914657 5914707
5914899 5914911
5917341 350628
5924938 5924968
5163481 5163516
216522 5159
224361 35779
5933228 5933243
5933467 209342
4763296 4764177
5936051 5936067
4383365 4440622
5938242 5938268
2516991 3182261
790573 1578806
5941465 5941495
5671077 5671120
201663 602943
701895 223921
2265531 2985689
1340674 2213010
1854817 2656346
5946670 5946689
1761230 2580765
5948761 5948777
5949827 79283
5951036 5951081
5951108 5951137
218606 670495
5957332 5957342
1722406 2557668
5957890 5957910
5959454 355631
5960391 5960415
5961165 5961179
5961741 5961784
1304900 2182718
2326951 3029995
5969692 5969711
4979209 4979275
3153397 3625096
201698 49394
5975074 5975121
928867 70251
5977174 5977192
5979016 48506
5979645 5979661
5980743 5980752
5980969 5981008
2320046 45765
1443583 2311525
5985443 5985477
224096 694874
1579786 2438663
5988166 5988194
5989173 202483
5990720 5990734
201699 140106
221824 246283
52171 94380
224388 696083
201664 37672
1448764 2317809
54927 1607
6020504 104402
1457342 51775
5900 18252
201792 34683
6036418 6036435
6041983 53973
6043104 6043128
4883746 4883820
6047630 6047644
6049713 217719
1340675 2213041
6053094 6053121
6057452 6057481
6057589 6057604
6057851 6057878
6059771 6059797
6062524 6062544
6062626 6062643
5901 51910
1342526 2216114
6066431 102963
6069240 6069271
2198202 2934870
6070312 418104
2593928 3229051
6072076 6072094
5189 46681
217777 664886
6078639 6078675
957840 1790900
6084578 6351
701896 78274
223439 690046
6087035 6087051
4759624 4760409
6091095 6091111
6095376 6095389
40431 87869
6096399 6096414
6098678 6098723
6102039 6102070
6104072 536794
533080 1245754
6108769 6108791
1150775 2021814
6112605 6112645
6117206 6117226
6119730 6119754
1436474 2305924
532146 1243403
1398555 2272931
6121975 6121984
6125215 51994
6125279 6125298
6130140 6130152
6132167 687554
6133865 117096
6135515 6135539
6141211 6141233
6141416 6141428
6144197 6144212
3481211 3849916
6144966 142031
1722410 2557744
534416 907401
2121959 2868562
6150821 43100
223420 160657
6154966 6155000
6155905 6155939
6158130 6158169
6162304 6162341
6164516 6164535
6167200 6167223
6167622 6167637
6167776 122484
54928 227174
6168615 6168654
6170735 6170751
6172467 6172491
6173921 6173950
6173955 6173970
6175892 6175908
6177882 102919
201726 46436
221797 311572
3978418 4168075
201735 84325
6181962 6181994
2320622 3025649
201772 132286
976414 1819476
6187866 6187890
216532 49102
1780795 316453
6194007 6194019
6199431 6199438
6202061 6202079
3019791 3529630
6204761 6204772
6204886 6204898
2516069 3181597
701883 46497
6209374 6209391
6209887 6209898
290690 808902
6222815 261454
4325736 4399581
6224625 6224630
5154297 5154351
6226921 6226952
6228366 6228393
1342528 2216163
6229546 56308
4779232 272199
1715380 2548047
6250983 6250995
6252944 52563
6254985 107619
6258540 6258572
1452709 2322788
6266526 6266560
6267812 6267841
6269218 6269240
6270952 6270965
6275583 6275592
6276147 6276163
332480 906459
6277051 6277078
4315383 4392943
6279672 104403
6281302 6281310
6281628 6281674
223421 689807
6288592 6288631
2723146 3315101
1444850 2313715
849561 111874
6296565 6296591
6296918 135339
214213 192828
220665 680737
6298242 6298253
216498 76284
5903 51996
6301653 64173
6302443 6302450
6302568 6302594
6306297 43033
223988 694538
3525939 3879530
6310420 6310449
6313126 6313144
6316666 6316674
6318526 218119
5639470 5639547
218958 672282
6319979 6319997
6321967 6322004
223461 690701
5427597 5427663
3179062 78211
6328330 22782
6328832 6328870
6328986 602274
226858 50516
6333576 6333618
1342530 2216220
201773 102231
6335545 6335574
6340413 6340468
6340946 6340972
6346772 6346786
223514 692381
6347621 6347632
320059 865837
6354674 39294
6354726 6354760
6358325 6358346
2452614 3132114
6359882 6359903
6360230 6360250
6364594 6364612
1491210 104746
6373265 6373295
6374817 41911
6376352 6376368
6377341 6377361
6378599 396895
2437415 3119532
54929 40834
6381047 6067
6381439 271960
6383703 6383725
6385083 95100
6387152 6387175
6389813 6389833
6392754 6392788
6393806 6393824
6394718 6394731
104050 336059
6399470 6399497
6401766 218185
218224 669900
216171 656152
6407653 6407667
1341828 68554
1341829 22249
2880961 3428409
6414731 6414779
6415010 6415026
6415738 297380
221595 36248
5080882 5080912
6419972 6419985
6419989 95947
6421196 6421212
6422168 6422192
6426245 6426264
6426799 42322
6427450 6427480
6427836 47365
6428196 6428204
3120806 3599307
2592537 3227740
6431553 362393
6434935 109873
226859 701453
201746 146125
1898162 2680371
6439389 6439404
1340683 2213297
605709 1342847
5910 52189
1340460 88202
6444353 36140
6444785 350851
6448717 126765
6450120 6450141
928899 1743460
3272690 3711231
6455716 6455732
6458615 6458636
6462132 6462139
6462140 6462154
6462672 282591
6463191 6463218
5135818 186204
201665 28899
224362 226588
216165 105189
4706456 213367
201666 249707
534434 40039
6471482 6471497
6472099 124625
6076163 816702
216172 656176
6476394 6476419
6479566 6479588
201700 288413
6485041 6485066
6485892 6485917
6486141 6486172
593429 105326
6487462 6487477
6487658 1089237
6488676 6488696
2667005 3280623
6494870 6494887
6495085 287360
6495637 99244
6496243 6496249
6497563 6497574
6497605 6497621
201701 18042
6499992 91465
1046881 1909234
6500536 93664
6501788 6501800
6502862 109522
6503368 6503393
934896 1761914
5974 54525
6506223 6506245
6507499 6507519
669415 1413291
6509208 16633
6510138 6510151
6512226 228656
5230125 5230186
6513792 337888
6514839 6514853
6514931 6514947
221596 167536
6518733 6518743
6519653 6519662
6519978 6520002
1342532 2216300
6522773 6522782
6526565 6526595
6526642 6526654
6527578 149816
1422482 39293
1398185 46897
223422 91462
1340687 2213358
6529726 6529743
6530179 334562
6532224 101893
223441 690116
1800073 2613859
6534867 6534877
5975 54560
6538016 6538030
6540219 6540244
6542921 6542939
6544337 6544347
221597 683712
6551756 6551770
223442 690148
6554999 6555019
216148 36989
6557305 6557336
201667 170839
2528534 3187786
6557976 6558005
5976 54585
6563353 6563370
6564479 6564489
6565265 250003
6566496 6566507
6567411 6567418
6569488 6569508
1342502 2215655
55121 187513
6574368 51067
6575671 6575684
6577709 325408
5887835 5887872
6578228 6578246
6579335 17965
4615936 4625353
6580190 215666
6581225 6581237
6581923 56614
6584508 118064
6585596 6585611
201774 19587
6585864 6585873
6585874 44178
4436712 4479383
6590801 6590829
6592406 96823
6593042 6593055
1695631 2529386
6595466 92099
6599196 181904
1249469 294887
223578 693610
6609829 6609853
6613270 108436
201668 1411
6615559 6615571
223518 692520
6618127 6618136
1340580 2212555
6619017 6619040
6620539 6620554
6620575 6620586
6622697 207675
6624032 218291
221598 683740
2875446 263436
6625865 6625887
6626556 736958
2281418 3005307
6628905 6628912
6632448 6632462
6632850 6632860
5715545 5715590
6633434 6633443
6634554 6634563
724706 1490398
6635138 216360
6635397 144989
6636220 6636237
3988145 233106
6637669 1038324
201669 36767
6638177 6638200
6638640 6638670
6639049 6639067
221825 102748
6640307 48996
223423 236759
1524114 2381203
1455988 2325794
6648599 6648629
6649547 75379
657980 54527
6653918 6653936
6654315 6654336
6654346 6654358
55122 77324
6656927 6656938
6657289 6657304
4778565 39291
3708461 142277
6663150 6663163
223580 51079
6669059 6669075
6669356 6669370
214150 651402
6672251 6672264
6675973 104821
6681313 332712
6684547 6684571
6685884 112305
6686035 6686044
6686769 168670
223581 180835
6690846 222998
6690872 6690898
3648512 3959186
6693767 6693796
6694296 6694310
6694883 6694898
224364 54526
6699009 6699047
6700731 6700748
6701068 6701089
6701469 121432
216534 35679
6702169 6702187
6702295 6702316
216500 201295
6704912 6704944
6705401 6705424
6705426 240646
224380 72775
995259 1842614
6715687 6715701
6716712 330581
6719055 6719064
1342505 2215739
6720163 51277
6720202 219936
6722617 144131
6722680 110789
6722682 6722704
6725051 6725092
6726427 6726436
4887276 442889
6731850 45959
6733328 6733340
6738074 6738087
201720 79193
216535 45764
6743196 6743213
6743301 100677
6744006 6744025
6745332 6745347
6745514 126905
54708 226017
5204723 346816
4515046 4540049
1459606 2330052
6749318 6749344
6751175 6751204
6752881 6752890
6681623 361649
6752997 6753022
6754149 6754160
6756488 6756513
5760268 5760296
6758723 612425
220298 677949
6760448 6760464
6761287 6761298
6761312 6761341
1422548 189478
6763035 6763053
957845 1791131
6763640 6763660
6296670 18476
6765851 337567
6767094 224632
223444 690187
223523 692646
6769493 6769501
201670 290225
6770681 6770692
4482987 4515070
6772856 44865
6774302 51522
5919 52568
6778281 6778290
6781016 6781026
6781695 185072
6784348 1403
6784849 6784864
201736 18888
6789095 6789115
2650506 3269913
4297938 4380554
6793804 6793818
701897 80303
6801421 6801436
6801837 42616
6802604 6802614
6804322 6804341
6804938 6804959
54507 223788
6807521 6807529
6808012 6808033
604141 1341048
6810068 6810080
6811033 6811058
6812595 6812639
4714733 4717174
6812786 6812804
6816130 6816149
6816751 325865
6816915 17880
5920 40040
6832504 72377
6833247 52567
6833905 195505
6835309 6835321
6836535 6836555
6836807 75544
6837702 6837721
6838145 6838185
6838790 6838803
6839173 284144
223462 690723
6178466 6178508
3270817 3709776
6842731 6842748
111444 219984
679414 38439
201747 130949
6845674 6845684
604142 5597
6849086 6849100
6850310 6850318
5977 54618
6861120 6861128
1457345 2327520
6864218 6864229
201748 312773
224365 695624
6871592 6871604
216698 121189
6872288 86013
6872648 6872661
6872999 391402
6873815 6873835
701884 17123
1763997 2581839
6875878 1402
6875298 6875351
6879547 6879567
5949661 5949707
6880828 6880867
201737 16182
6883287 6883296
201671 144278
6884572 6884596
201783 46167
6885137 290916
216174 656215
6886454 6886466
201702 603893
201749 94516
2271014 2992694
5233971 651770
6890346 440773
223583 693719
6892523 189168
5038574 5038621
6897983 6897993
6898974 6898999
2994116 3509790
1342536 2216409
1424381 2299556
6906787 6906804
6908127 6908140
6908272 50088
2326957 3030137
6909920 3924
6910982 6911017
6911723 6911731
2214406 4412
6913604 6913623
934940 200308
6914618 6914644
701885 1459678
6916314 17050
6916359 91103
6916673 6916696
6916796 6916813
701886 189268
6917341 6917362
6917447 6917484
6918165 6918187
216536 288091
3630977 3949034
6919762 333822
216166 261451
4944694 4944784
6928364 6928388
6928460 539310
6930718 363403
4798055 4798281
6933164 6933184
6767771 6767815
224034 232959
50462 213659
6953475 6953487
6954055 6954077
6415740 6415775
6954184 54315
6954429 6954448
201672 40899
6962503 6962524
6963894 6963923
934944 1762821
6967133 6967153
6967662 6967673
6968245 191088
6969071 6969082
6969666 6969678
1340698 2213640
2174359 2913969
201673 35962
6980069 46217
6983299 80421
6984275 6984287
6984315 141377
2177828 2916306
6991499 6991517
6991657 109741
6992600 170726
6997445 6997464
6997671 6997690
6997811 6997837
1365 17120
6998072 142067
103608 335699
7000122 7000151
448138 1103250
5215230 5215271
2006363 96709
7006905 7006921
7007807 17290
1340699 2213667
7010128 7010144
7012263 142862
5978 54660
4904165 4904221
7015890 94441
7017108 7017128
201703 213165
1800851 2614462
695684 44313
7021550 7021566
1340700 2213700
7026065 93596
7027658 7027670
7030453 7030466
7031039 7031063
794797 1584533
7033385 39645
7037719 460251
7046589 7046623
7047723 7047739
7047990 7047997
3009675 3522576
223543 693150
7054451 99466
7054911 7054925
201674 19011
2323737 3028032
7060117 7060133
201675 603371
7062064 7062078
5979 54754
7066485 7066501
7066835 7066854
7069869 221879
7074720 545420
689866 1444929
201739 218290
224366 59525
7078011 7078028
7078127 7078143
7080982 7081006
7081010 7081024
7081681 7081703
7083215 7083233
7086144 57570
1450898 2321622
7088744 7088781
532980 1245604
224330 695091
7090512 119440
201721 67999
7091865 7091880
7098015 7098030
7099808 7099825
7100513 7100547
7101680 7101695
221800 102299
1440298 2308727
5233945 5234104
7111059 7111079
5980 50953
223446 690253
7112989 7112998
223989 694595
333095 908809
7031015 140104
7121252 89888
7122811 7122826
7123018 7123039
7123068 7123081
7126175 7126194
7129829 7129841
7132292 7132301
7132345 7132362
2384376 3076515
7133917 7133943
201784 307295
7135499 7135531
3922625 4131679
7144546 324697
7144600 7144633
7146465 7146494
7146635 7146655
224368 63515
7149347 7149360
1722454 2558601
7154795 5465
7158902 7158909
1447463 2315836
201676 603398
7162874 7162888
7162890 7162903
223545 693211
4708055 4711047
3233932 3682930
2189102 2927675
7169692 7169699
7170374 54269
1436477 36005
7172277 7172292
1340701 2213726
7176166 192467
1391318 41910
201785 104229
7185425 219935
7185643 7185655
7191983 95375
7193624 7193640
7193832 97604
224369 344610
7194362 7194394
7195288 76396
1722660 2559567
7196818 58039
7197247 7197268
216523 65259
216537 14967
1421106 2296403
219358 674125
7201439 7201454
7204220 7204249
7205856 7205871
7206502 55532
2566145 3206524
7207544 7207576
7210995 7211010
7212830 220555
4443922 4485049
325601 879647
2127684 2875400
7218557 7218584
7218966 7218978
696620 1451934
7223522 170566
665419 1407229
221600 145107
7226880 7226917
7226986 7227001
7227463 92825
54931 227264
919128 1726201
7229595 7229610
7232436 7232457
7232746 141995
7234108 225522
7235033 7235059
7236243 40953
7236341 7236351
7237762 19408
7239877 7239895
1707790 2538204
3843016 4081758
7247490 7247514
4842018 55923
1430355 34875
7249396 7249417
7250422 7250458
7253770 105228
7255011 7255032
55123 37622
7262467 7262483
7262953 7262965
7265423 7265434
7270137 5598
7272550 7272558
7273883 247334
7274178 392706
7278609 7278632
7280463 7280480
7280973 7280986
7281492 7281520
1592871 2450212
7287396 7287414
7289433 7289448
7289482 7289510
7290456 86649
7293303 240413
2270962 2992279
7294030 7294045
7294631 7294648
7295973 7295987
7297072 132493
7299067 7299083
5929 53163
7301044 415691
216502 413949
7303697 7303710
7304687 7304699
7304986 7305003
7309350 50514
7311160 204540
7311188 7311207
7315269 7315276
7321841 7321860
223531 692896
7324857 7324868
7325327 7325340
7326128 7326149
7327932 7327940
5696190 5696496
919130 1726259
7332026 209388
7332042 7332058
7335717 396954
7338476 94748
7339670 164775
5981 54792
3529110 3881616
3679909 95717
3679910 216891
7348160 7348173
7350658 7350671
7352861 7352871
7358280 7358299
3565906 17961
7307477 7307521
223447 690330
223584 693750
7371390 7371402
7371531 7371541
2868623 94288
5982 54826
201704 22824
216699 221303
701898 43218
972855 213280
7384767 7384786
7386748 7386771
701899 37582
201786 605703
216503 80893
224381 22248
216538 658389
7400739 7400747
7400882 7400895
962215 1800109
7402182 96243
7402397 7402404
7403963 7403982
7405622 7405633
2361556 3057570
7406769 23039
605329 99992
54508 97306
54509 157139
201727 53190
2215274 2949229
7415511 39297
7418615 7418630
7419325 7419338
7421190 7421209
7423487 7423497
7425406 7425414
7427022 7427030
7427277 7427304
7429176 7429190
7430909 7430933
7431015 7431033
7433857 7433868
7434256 7434267
7434325 7434332
7436227 7436238
7437255 7437264
7438104 7438128
7440505 7440530
1450584 2320387
7446014 7446019
7447366 7447385
5087102 5087129
7456767 39298
7457978 7457985
7459508 7459515
7462752 104743
7464754 7464766
3507954 3862980
7465799 104678
7465885 7465907
7468521 150832
7471976 7471985
7473375 7473386
584749 1313403
7475403 7475410
201775 188743
7489726 7489748
6045107 6045145
7500645 7500652
7503989 7504022
7509325 7509333
7509448 37923
7517197 7517206
7525251 7525263
7528855 7528862
605258 1341991
7535209 76283
224343 695346
6415742 6415818
7544134 276393
7546481 7546496
7546793 7546839
7547804 7547816
7548853 7548889
7549026 7549053
7554086 7554098
224331 695131
1431830 95844
2264888 2985081
7563916 7563968
7568989 7569009
7569180 186206
7574263 7574276
7574279 7574287
7574530 100177
7579848 7579861
7584639 17883
7586415 7586441
1340708 2213879
7590110 7590122
7590772 7590785
7590923 7253274
7590933 7590957
3319658 3740945
7598615 7598629
7606776 7606810
7616711 7616718
7625743 7625768
7627558 7627571
7630935 7630954
3202369 3660463
7633853 7633863
7635801 7635845
7639920 7639940
7641664 7641704
7645772 7645787
7648521 93764
5218432 133317
977738 1821326
7656848 7656857
7657545 7657565
3227992 243050
7659379 7659386
7659477 7659481
7659867 7659876
201705 5161
7660732 7660756
7663314 7663322
7669134 7669145
7669747 7669754
216177 656270
7683276 2765
7683309 7683321
5983 54865
1392051 2265748
701889 1459760
7690587 7690599
7692928 349661
7694083 180683
227391 72602
7697691 5160
7697732 7697756
2329829 72376
7704482 7704489
7711232 7711250
7714759 7714766
7714874 7714887
7719935 7719953
1833502 2640016
7721253 7721266
7725019 96827
7725464 7725479
7728130 7728151
4772741 4773453
7730222 7730241
7730309 7730349
7731106 7731114
7731560 7731590
7731983 98990
7733466 7733477
7735845 7735849
7743187 7743209
52651 218671
7744672 109099
7745481 7745498
7750476 7750499
223448 18112
7750514 7750526
2580063 3219035
7752714 7752722
7758812 7758819
7760165 7760179
1342314 181901
7764297 5748
7767022 7767034
7768695 55339
7769784 7769796
7771641 7771677
5931 53210
934981 1763490
7782189 7782197
7783195 7783211
1424382 37053
4684420 4688703
201706 72380
7792358 7792372
329992 899462
7794604 7794630
7796812 7796825
7797428 7797437
7798927 323991
1343156 2217806
5984 54895
201728 604433
7805064 7805074
3971645 4163451
7809829 7809839
7809925 7809937
7809938 7809950
7815938 7815947
7818602 7818623
7822199 7822232
7828242 7828252
7828953 95422
7830244 7830259
7840895 216937
7845099 7845120
7849558 7849586
7850190 7850202
7857522 7857534
7862750 7862774
1342544 2216574
1432921 54827
7864654 1630
7871309 7871317
7871867 7871882
7872887 7872901
7879110 7879138
7881317 7881330
7885403 198583
7894027 7894035
7894559 7894581
201678 180837
7896000 7896013
7900324 54406
5003574 340669
7901438 36921
224382 696009
7905244 7905257
7909287 7909304
7910009 186701
2653863 3272310
1790345 2607878
7915760 7915776
7921813 7921824
7929261 7929278
7930180 7930206
7930513 7930525
7934089 219479
7937484 7937494
7947604 177174
7950767 7950776
7951228 90055
7952599 110313
7956200 7956223
7965007 7965017
7965409 7965428
7966269 393094
7966278 50959
7968381 7968390
7975886 134123
7976930 109361
7978538 7978562
7988477 7988494
7991891 95476
7994149 7994156
7994606 7994614
8006188 206621
8009968 8009977
962217 1800167
8022863 8022901
8023879 119556
8030304 8030314
8035877 8035890
8041337 8041346
8049809 8049815
8050105 8050118
8054976 8054990
8077045 8077056
8079978 142065
8088704 8088712
8088727 261141
8091079 8091090
8102141 163884
8104701 8104713
8110642 8110648
8112573 96438
8113107 1407
8113116 56781
8113125 58553
919135 1726390
8128361 8128404
8129526 328780
8135282 8135298
8145501 142424
8146639 8146653
8151045 8151059
221801 684258
8155437 8155450
8156249 8156273
8158298 8158311
8158510 8158528
8158939 8158959
8159408 8159428
8161135 95103
5696463 5696746
8166638 8166659
216150 117470
8169316 48010
8173258 8173272
903363 1713745
8175735 8175755
6916361 6916401
8176486 8176498
8177535 8177548
8178713 37409
8178862 8178870
216539 658413
8179977 36765
8180203 8180209
8185476 8185491
8189431 8189440
8192400 8192423
6306299 6306343
8194597 8194612
8195146 8195168
2991530 3506912
8202287 8202310
224088 694797
4229649 4337908
8212655 8212668
8217724 8217752
8218649 8218670
8219888 8219916
8221862 8221870
8223752 8223762
8224059 8224072
8225393 8225417
8225683 36067
8227632 8227659
8227946 178308
8233488 8233502
8233590 8233604
8233651 8233665
8234772 215784
8234786 60164
8236448 8236468
8237966 8237976
8240239 52837
8241927 104605
8248950 121059
8251238 8251263
8252947 8252972
8256162 8256183
8256510 8256551
4159796 4291056
8257449 8257463
8266131 213940
8266326 8266339
8267202 8267215
8269527 8269550
3744424 4016183
8279419 8279436
8280206 8280225
8281378 8281402
8281470 8281485
947924 1777663
8286943 180832
8287039 51520
8287088 8287103
3880462 4105887
3197938 3655296
8292474 8292505
8292557 8292565
8293964 8293975
8295444 8295463
8296043 8296060
8296202 8296230
8297736 8297744
8299662 8299677
8299814 8299847
5234486 5234890
1413589 2286271
8307418 8307438
201752 654
8308035 8308048
8311088 8311095
8313066 8313073
8313379 8313398
8313448 62429
8314360 8314378
8315007 8315023
351146 939475
1342514 2215897
1459878 2330160
8339952 109599
8342356 8342386
3859074 92648
8342992 37238
5937 53463
8345074 8345085
8345847 8345854
111399 363919
585298 1315002
5054501 5054540
8348253 8348273
8350728 8350743
8353502 8353524
8354119 8354129
8357525 8357543
8363336 8363346
8365938 8365950
8373854 8373872
8377208 8377225
1431831 2302363
8377469 8377476
8380377 8380421
216541 658437
8385130 8385137
935015 1763993
8388824 8388834
8390918 8390937
8393727 803747
8394888 8394900
8395228 99582
8396753 8396774
8400030 8400044
8404040 8404054
216542 658453
8411396 8411403
2263836 2983938
216505 52722
8417158 8417163
8417884 8417897
8417991 8418005
8424558 8424569
8427138 8427166
322334 871693
8428615 8428664
8430932 8430951
7548855 7548921
223990 694617
8436260 8436274
8438918 8438933
1867143 143678
8445687 8445698
8446854 8446864
8448037 8448047
8450433 42219
1423674 111506
8452340 8452358
8452431 8452446
201753 605038
8459742 8459757
8463701 8463709
8464323 8464347
201679 281986
1340713 2213967
8469290 8469299
8472670 186737
8472902 8472919
8476822 8476857
605259 52190
8477265 8477278
8477517 8477544
8477844 8477874
8478512 8478538
8482112 8482141
8482594 8482633
8482793 8482817
1579571 2438139
8486032 8486041
201740 604758
8500372 8500412
8501281 8501288
8501750 8501759
8503431 8503474
694972 1449860
2430739 3114187
224344 695359
1507 18988
8517392 8517405
8523744 8523758
8523785 8523794
7750530 7750554
8524535 8524544
8524915 8524925
8529361 8529377
224383 696026
8531338 8531348
8484887 8484918
8534273 199191
8534286 51648
8536536 8536546
8539072 8539087
8542121 8542136
8542955 8542969
8544161 8544173
8544455 117407
8544854 8544871
5985 54959
8546366 8546383
8547093 8547106
8547519 8547532
223991 694652
8548358 8548369
8548738 8548751
8550745 8550762
8551436 8551451
8551465 8551503
8552509 8552528
201787 605801
8558497 8558514
8564309 5545
223426 689874
8567386 8567390
216506 657729
8572672 8572686
8573010 8573029
8573681 8573686
8573730 8573750
1342546 2216616
8577643 8577666
8579294 8579330
1443554 2311447
8587011 8587025
8591145 8591161
216507 657760
8600677 8600688
958377 99584
8602372 8602401
8602445 102223
8602499 8602510
3640113 3953809
8610242 8610257
8614045 8614063
1340461 2212346
8618571 8618577
8621865 8621879
8627629 8627654
8627684 8627700
1340715 2214019
223449 690405
8631813 8631838
7739476 22252
8640606 8640620
701900 194270
8642000 8642016
8642322 8642335
8642373 75957
8642725 8642743
8643485 8643507
8644998 8645012
8649924 8649936
8651428 8651440
8655430 8655441
8656150 527714
8657234 8657240
8666068 8666079
19131 107679
8666548 8666569
1946505 98597
2320370 3025475
8669142 8669154
8670634 8670641
8674636 8674648
7788574 7788594
1398195 2272348
8678296 8678303
8680988 8681014
8689228 8689244
8689261 8689272
8689488 16994
8690026 243827
8690514 8690522
8690674 116944
8690847 8690856
8691130 8691147
8691640 8691656
8158941 8158965
8694799 8694810
8695553 8695568
8696821 270892
8697637 8697650
7656970 7657017
8700866 8700875
8701521 8701536
8702875 361706
2320047 3025221
8708274 8708283
201741 604794
201793 605932
8711747 701563
8712738 8712747
201707 604024
8716219 8716234
216508 152146
8718682 8718689
1342517 2215953
8719187 8719201
8720929 8720945
1342549 2216723
3786799 4040378
8724868 554805
8728334 217838
8728372 8728385
8728463 92138
8733506 8733521
8734917 8734932
8735588 8735595
8736682 8736692
3662542 3966038
8738228 8738240
8739611 8739622
3243032 3689425
935039 1764405
8746888 8746902
8753750 8753777
8753868 8753886
8754816 8754840
8756185 8756201
8756580 8756599
3509011 3863855
224333 322951
8760021 8760031
8760675 8760688
8762621 8762652
8762787 8762803
8763409 8763435
8763444 8763453
2326964 3030291
8768293 8768310
8769143 1405
8770263 8770277
8778615 8778626
8778722 8778737
8780578 8780592
8783667 8783684
8786371 8786374
1450688 2321099
8788480 8788490
8794379 102870
2559391 3203537
8801254 8801264
1341564 2214608
8803437 8803480
8805251 62878
8805578 8805587
4653427 4660233
8807776 8807797
8808943 8808954
216509 657801
8812499 8812517
8812781 8812792
8078566 8078592
8817860 8817877
8819845 8819857
2741793 102869
8821076 8821091
8821577 8821589
8821952 8821963
8824418 8824436
8825297 8825318
8825423 8825450
8825614 8825631
8830615 8830625
1398196 2272388
8833106 8833123
8835119 8835131
8835151 8835167
8838248 8838262
940146 1771474
6815826 6815877
8840142 8840160
8842603 8842617
8842771 8842793
8844503 77299
8844760 8844773
8847809 8847835
224345 695370
184624 569891
8851788 8851805
8852445 8852461
4473962 4507433
8862559 8862584
8863202 8863209
8866655 8866673
8867624 8867636
8867638 8867651
2995968 3511267
8869328 8869335
8869467 8869478
8869489 8869499
8869501 8869514
8870370 8870387
8872427 8872440
216510 657826
8876794 8876815
8879077 8879091
8881620 8881636
8881742 8881769
8883421 8883434
1398197 2272412
353958 946623
603668 276154
54150 221349
8889516 8889529
8892688 8892726
8892853 8892867
8894158 8894182
8895470 8895480
8899001 8899028
8899168 8899191
8899308 95948
8901796 240514
4745633 4746769
8903917 8903934
8904234 8904250
8904790 8904803
216701 658836
7273885 7273921
8907782 8907791
8908514 8908534
8909435 8909448
54933 42323
8910996 8911012
2994130 3509885
8912475 8912481
8914092 8914102
223548 693256
8914842 8914863
8915970 8915983
8918161 8918176
8918347 8918368
1342518 2215979
8919487 8919496
201708 604037
8920706 8920715
8921795 8921832
8922250 8922275
8922302 8922311
8929162 8929176
8929712 8929726
8931749 8931757
329881 897750
8936810 333384
8937033 8937044
8937908 8937917
8939143 8939155
8939396 8939407
8942021 8942028
8944029 8944045
224346 695389
8945427 8945441
8948548 8948567
8949208 8949240
8953548 8953564
694973 1449880
8960512 74327
8961495 8961520
8962470 8962479
2573748 3214074
8966081 8966105
8966789 8966802
4308990 4388374
8972198 8972230
8972236 8972253
1340718 2214068
8973920 8973930
8977971 97968
8981675 8981685
8982438 8982449
8983240 76395
223992 694674
8689490 8689531
8985205 8985213
8985609 8985625
8985677 8985684
8985700 8985713
50606 214364
8987710 255374
8988622 8988633
1398198 2272437
8991594 8991606
8991809 8991821
8992903 8992913
1450944 2321872
9002037 9002048
216511 173966
9007337 9007358
9007732 9007742
9007896 9007909
9009243 9009254
9011715 9011736
9012277 9012294
1103122 1974413
9015258 9015293
9019099 340925
9019240 9019261
9021381 9021388
9021389 9021400
4698005 4701588
3565386 3903809
9023814 9023831
9024947 9024956
9025485 9025496
9026285 9026312
9031804 9031821
9033655 9033694
9042162 9042174
9042589 9042597
9043315 9043340
9045147 9045163
9045691 9045702
9050564 9050576
9051131 9051142
9052787 9052794
9056018 9056033
9056833 9056857
9057669 9057682
9057803 9057809
9059487 9059507
9059872 9059884
9060517 9060529
216702 658858
9061275 9061289
7619597 7619648
9061683 9061691
5986 54989
9062845 9062853
9064715 9064741
9065079 9065098
9067623 9067649
9069664 9069679
9071809 9071818
9074910 9074914
9075904 9075909
9076648 9076671
9076996 9077001
1340720 2214122
9080443 9080460
9082074 9082086
9084132 9084151
9084942 9084948
9085420 9085437
216524 658089
9089995 9090005
9091124 9091140
9092424 9092431
9095601 9095612
9096607 9096629
9100510 9100528
9100726 9100739
9102651 9102663
9104326 9104339
9104340 9104361
9106044 9106059
1398199 2272458
9110333 9110349
9110768 9110777
9114901 180836
6505073 6505102
9117851 9117860
605203 1341921
9118942 9118955
224334 695227
9122216 9122229
9123885 9123903
221802 684286
9124574 9124582
9124655 9124675
1960495 2731445
1771695 2586061
6111787 220544
9131720 9131733
9132797 9132824
9134254 9134270
9135257 157454
9135289 9135305
9135319 9135330
9135376 9135383
216543 658473
9139226 9139237
9140604 9140616
9142587 9142605
9144713 9144733
9144924 9144943
9145042 9145069
223450 690424
9147616 9147638
9147671 9147684
9147687 9147700
9150239 9150251
9152411 9152418
9152464 9152481
9153168 9153193
9153296 9153313
9153606 9153617
1357210 2231010
9154643 9154652
9155830 9155841
9156592 9156601
9158134 9158146
9158327 9158341
9159123 9159132
227392 702211
4466209 4501275
9168160 9168177
9169379 9169401
9169987 9170000
9170887 9170904
216550 658573
201789 605846
9175613 9175622
9176979 9176992
9178139 9178161
9178266 251737
1711003 2541468
9186368 9186375
221803 684306
9188514 9188528
9189256 9189267
9189733 9189746
8155339 8155378
9190503 9190514
9190641 9190656
9191381 9191391
201729 604462
9193437 9193444
9194084 9194096
4705122 4708143
9196533 9196541
9197050 9197065
9197609 9197628
9200602 9200620
9201016 9201033
9201552 9201560
9201765 9201786
9202999 9203011
9203599 9203607
9203792 9203813
9203961 126730
9204956 9204980
201776 605369
9206651 9206664
216525 658117
9209556 9209560
9210982 202406
2626823 3253913
9216192 9216204
4666440 4672038
9217273 9217278
9218663 51187
9219084 9219094
4990508 603787
9219419 9219438
9219798 9219823
9220097 9220111
9220191 9220202
9220244 9220254
9220255 228617
9220807 9220821
9221271 9221291
9221710 9221720
9221733 9221741
9221856 9221874
9222507 9222521
9222958 9222972
9224493 9224510
9224624 9224638
9226680 9226696
223428 689918
9227873 9227880
9230044 9230058
213124 649517
9233977 9233985
3510185 3864591
9238108 9238119
9240658 9240667
1342164 2215197
9242291 9242301
9242599 9242610
9243225 9243245
9243492 9243506
1444867 2314101
9246793 9246804
9247643 9247654
2215177 2949198
9250004 9250011
9250379 9250407
2329005 101653
9252580 9252603
9253098 9253116
1340723 2214185
9254667 9254672
9256764 9256775
9257900 9257929
9260258 9260275
9260841 9260857
9261469 9261478
9261545 9261557
9262106 9262116
223993 694694
684265 1437062
201709 604059
9264713 9264718
9266875 9266902
9269024 9269030
9270416 9270429
9270447 9270454
9270512 9270520
221804 684328
9272438 9272449
9272857 9272877
9275074 9275083
9278086 9278108
9279295 9279316
9279414 9279418
9280046 9280055
9280665 9280674
9281700 9281718
9282290 9282305
9282333 9282353
9284704 9284715
9285568 9285584
1970252 2742063
9286797 9286805
9287057 9287074
5987 55009
9287215 9287226
201794 605956
9287949 9287962
9288027 9288053
9289341 9289353
9291656 9291677
9293308 9293321
9295376 9295388
9295545 9295554
9296367 9296381
9297962 9297976
9299705 9299711
9303489 9303503
9303623 9303636
9303752 57676
699820 1457228
9304550 9304563
9304796 9304803
9305958 9305966
9306707 9306716
9307103 9307123
9310000 9310016
1103123 1974428
9311035 9311040
9311043 9311055
9312457 9312465
9312898 9312913
9312916 9312931
9313013 9313023
9313516 9313533
9313637 9313655
9315930 9315945
9315947 9315958
9316484 9316493
9317221 9317229
6355477 6355508
9319647 9319655
9320198 9320210
1398200 2272474
9320833 9320851
9323938 9323953
9329230 9329246
9330373 9330384
2594031 3229139
9331800 9331821
9331948 9331959
9332784 9332802
9333295 9333325
9333332 9333353
9334013 9334021
9334313 9334331
9334566 9334574
1398201 2272506
9335261 9335284
9337272 9337282
9337696 9337699
9339473 9339480
9340234 9340248
9340679 9340687
9343216 9343220
8464325 8464374
9347648 9347660
9347764 9347784
9347865 9347880
9348593 9348605
9349162 9349176
9350081 9350092
9350573 9350588
9352101 9352114
1341568 2214675
9352597 9352606
201777 605406
9359153 9359173
9361326 9361331
1577088 2436115
9363128 9363141
9363231 9363245
9365500 9365519
201730 604511
1449594 2319841
9369680 9369691
9369749 9369765
9371223 9371235
9373760 9373782
9374854 9374870
9374882 9374892
9375120 9375139
9376544 9376551
221605 683847
216178 55177
9381915 9381934
9384533 9384555
1407595 2282117
9384992 9385007
9385756 9385771
9386887 9386894
3709713 3996935
9387848 9387866
9388487 9388494
9388633 9388636
1640813 2483816
9391362 9391369
9391504 9391510
9392066 9392094
8548740 8548756
9394869 9394879
9398667 9398680
9398790 9398798
9398977 9398986
9399067 9399081
9399581 9399593
9400673 9400682
9401491 9401513
9402433 9402451
9403294 9403310
9404581 9404584
9405202 9405217
9407346 9407360
9407600 9407612
9408892 9408909
9409699 9409710
9410106 9410119
9410334 9410341
8924587 8924616
9416176 9416186
4990751 4990788
223429 689944
2741813 3334300
9421463 9421470
2270538 2990739
9423694 9423710
9426707 9426730
9426734 9426758
9427233 9427246
9427515 9427530
9427736 9427758
9429115 9429129
9429157 9429186
9431443 9431460
9433964 9433977
9434103 9434110
9434125 9434132
9434788 9434810
9435504 9435547
9437096 9437115
9437648 9437655
9437937 9437950
9438084 9438101
9438741 9438752
9439290 9439305
2871630 3421345
223451 690442
9439876 9439901
9440012 9440027
9440072 9440093
9442164 9442175
9442361 99638
9446252 9446279
9446486 9446497
9447698 9447710
9448192 9448215
9448217 9448224
227394 702240
9449459 9449469
9449820 9449845
9450260 9450267
9451301 9451304
201742 604821
9451809 9451821
3863982 4093325
9452821 9452832
9454163 9454170
9454215 64126
9455765 9455775
9456520 9456526
9456777 9456794
3508970 3863777
9457336 9457354
9459602 9459613
9459802 9459835
3222762 3674112
694974 1449899
1326246 2197749
9465456 9465468
9468747 9468759
9468935 9468950
9471096 9471128
9471296 9471303
9472092 9472106
9473115 9473124
9473289 9473300
9473811 9473819
9474124 9474139
201722 604338
9474434 9474448
9474510 9474523
224347 695413
9478740 9478753
9482417 9482424
9482523 9482533
9482665 9482674
2556956 3202832
9483393 9483409
353221 943271
9485466 9485477
9486112 9486147
9488145 9488158
9490123 9490143
9490789 9490803
9491296 43950
9491384 9491400
9491948 9491957
9492019 9492026
9493247 9493252
9493779 9493804
9494125 9494147
9494598 9494613
7762232 7762254
9496369 9496377
9496474 9496491
9496911 9496920
9497427 9497438
9499000 18455
9499075 9499092
9499968 9499977
9501951 9501969
9506343 9506364
9506566 9506572
223994 694710
9529134 9529148
9529607 9529641
9530945 9530960
9532856 9532863
9534457 9534467
9535382 9535410
9536976 9537007
9537820 9537833
9538545 9538554
9539025 9539032
9539107 9539118
9540968 9540973
9541595 9541609
9542104 9542119
9542894 9542903
9544862 342010
2994132 3509911
9545328 9545339
9546467 9546482
1422512 43216
9548170 9548181
9548310 9548324
9548327 9548350
9275295 9275347
223549 693285
9552213 9552234
9552628 9552636
9554722 9554729
9555044 9555055
9555522 9555525
9557617 9557627
9557666 9557675
9558251 9558259
9558525 9558537
9559112 9559132
9560302 9560334
9562347 9562357
9562367 9562375
201681 603546
9563603 9563611
9564102 9564110
9564432 9564443
9566532 9566540
9568728 9568735
9569106 9569116
9569778 9569793
52895 219233
9577605 9577622
9579028 9579038
9582137 9582144
9582145 9582155
9582233 9582244
9584920 9584942
4352400 4417765
3861718 4092121
9592714 9592725
9593099 9593106
9593601 9593612
5988 55038
9594606 9594621
9594786 9594800
4985696 4985732
9595571 9595585
9596271 9596282
9596977 9596983
9601605 9601627
9602439 9602450
9603377 9603394
221806 684375
9607043 9607063
9607619 9607624
9607906 9607920
223452 2856
216512 657878
9613392 9613403
9615015 9615031
9615377 9615392
9617165 9617176
9618006 9618025
9619354 9619366
9619536 9619548
9622630 9622644
9624331 9624343
9625608 9625620
9631336 9631344
5990 55071
9635555 9635564
9636127 9636131
9638234 9638258
201682 603569
9641079 9641096
9643139 9643157
9643173 9643181
1425721 2300535
9644021 9644034
9644037 9644042
9644395 9644404
201731 604535
9648400 9648403
9649317 9649329
9649739 9649752
5991 55107
9650932 9650943
9650976 9650985
9652181 9652189
9655860 9655872
9657051 9657063
9657108 9657122
9658426 9658432
9659093 9659110
201710 604073
9659159 9659180
9659564 9659576
9659720 238997
9659994 9660003
201683 603592
201711 604087
9661288 9661298
9661649 9661660
9661674 9661684
9662775 9662778
9663801 9663814
9763137 9763147
9776561 9776578
9780750 9780770
9782396 9782407
9787930 9787941
9788316 9788327
9788673 9788685
9788986 339004
9791300 9791315
9794345 9794354
9794586 9794603
9795205 9795220
9798192 201582
9798442 9798457
9799035 9799048
9799922 9799935
9801109 51719
9801266 62880
9801321 310730
224349 182040
9801759 21710
9804126 9804137
9805340 9805361
9806463 9806477
9806915 9806927
5713986 5714033
9809171 23130
9811141 9811153
9811337 9811344
9812104 9812116
9813742 9813748
9817425 409740
9817708 9817729
9819465 9819476
9819713 9819716
9823561 9823576
9825922 9825939
1422631 2298005
1422632 2298015
9829047 9829059
9829477 9829486
9830941 554795
9859476 9859487
9862218 9862228
9887767 9887785
9889032 9889040
9894451 9894480
9897965 9897976
9910238 9910250
9914512 9914523
9917578 9917588
9919926 9919939
9923991 9924005
9927956 9927977
9932189 9932200
9510293 9510328
9943997 9944005
9948314 651
2320049 3025246
9969193 9969216
9982281 9982298
9983741 226888
9989105 207959
9994454 94517
9994980 9994997
10006903 10006919
3257817 3699869
10011920 248635
10019780 10019794
10026320 10026334
10031297 901052
10057554 10057572
10310171 10310179
10414570 10414585
10414872 10414889
605260 181422
10414977 144350
10414991 579095
10415169 226585
10415464 127229
10415541 10415546
10415697 237960
10416629 191090
10417092 10417107
10418649 135379
10420727 227326
224337 117483
10421014 10421018
216152 219109
201755 605063
10421729 10421735
10423073 137740
10424550 203358
10424725 10424744
10425234 10425258
10428976 197487
602802 1339863
10429506 10429511
10429752 10429755
216167 297209
4679904 189310
7928653 604127
10432858 10432874
10434736 10434750
3107037 100131
10436497 10436521
10436565 10436576
10436916 60040
201712 16635
1097259 1963424
10684128 10684137
10684287 179738
10685478 10685489
10699360 10699375
10699920 10699929
224374 695858
10719745 10719762
10720158 10720164
201743 604833
1664425 2504538
8466774 60455
10724317 10724333
10724728 10724737
10736410 289323
10736858 71288
2989447 433119
10746747 10746753
82047 89007
201732 209912
10749582 10749597
10759222 19415
7809831 7809848
10768907 38525
10770990 10771001
10780253 10780272
3175547 3640505
9439879 9439938
10800654 10800671
10801258 177027
10805079 10805086
694977 1449938
1398202 2272526
10829149 10829162
10833300 10833327
10835486 10835495
10849049 10849062
10858535 10858548
10904444 10904453
10918003 10918013
10918757 95893
10493393 10493414
223454 690491
10974954 211889
10999502 10999521
11000593 11000599
221809 684409
11023977 11023984
2947241 90495
11056712 11056720
11082305 11082323
11085120 11085128
11100626 11100640
11111374 11111381
11150916 190414
201778 96570
11160890 11160904
11163417 328833
1321496 2192414
11194073 901051
11197454 11197461
11216239 11216252
11233496 11233521
223430 92198
11265450 11265459
11314121 11314127
11322958 11322970
11334138 11334157
11335331 11335341
11335844 11335855
11337720 11337735
11341126 11341140
223553 693330
11368642 11368652
2413365 3101270
11413245 11413258
11419115 11419123
11446718 52395
2270976 91464
11484357 11484370
224351 117555
11487631 11487638
11494257 11494267
5956 54014
11516459 194014
11557966 71289
2994121 3509829
3025495 140187
11615246 11615264
11620596 11620608
11621474 11621483
4988716 44159
11639912 11639922
11642787 242693
3185617 3646356
11658593 11658609
11692052 11692070
11692385 11692398
11711420 11711428
5005014 5005035
4697981 4701543
11727009 11727018
11728019 11728029
11736847 11736860
11757931 11757942
11781920 11781931
11794595 11794602
11798164 11798173
11801093 234767
11805947 11805955
11808402 11808417
11812061 11812066
11814403 11814416
11816005 230856
11816852 11816859
11823755 11823764
11829497 11829508
11829943 101602
11835072 11835081
11840168 11840175
11841517 11841530
11844759 70879
10675862 10675874
11854601 462428
11859764 11859774
4212687 49226
11861454 11861462
11861824 11861833
11861867 11861876
11891994 11892001
11892333 11892337
11912928 11912936
11914841 11914851
11917692 11917699
11921670 11921677
11946164 11946172
11951679 11951692
11958551 11958559
11958578 11958585
11964222 11964232
11968361 11968364
11970805 11970817
11979526 11979537
11981389 11981396
11991462 11991471
8635846 8635883
11993480 11993494
12030035 12030042
12030346 12030356
7529138 7529151
12032959 12032969
12053348 12053356
10526441 10526472
12064405 12064417
12067910 12067927
12085593 12085604
12114801 12114814
4674836 103059
12156538 12156549
12156840 12156850
12159941 54189
12167049 12167057
12167061 12167072
12168137 12168147
12170827 12170832
12174211 12174227
12175262 12175275
12178671 12178677
12180433 12180442
12184166 139147
12185682 12185695
12201090 12201100
12205406 12205414
12210268 12210277
8248953 8248990
12215169 12215176
12217316 12217327
12227746 12227754
12231084 12231092
12245209 12245219
10448480 214201
223800 365151
12262615 12262628
12263548 12263557
12264817 15333
12286159 12286168
12289350 1634
12294780 12294793
12296007 12296020
12296134 12296141
12296932 12296941
12297069 12297077
12300109 12300116
12300231 12300238
12302460 12302469
12306881 12306890
223431 689980
12310493 12310500
12312543 12312553
12314325 172188
12314939 12314949
12319390 12319397
12320514 12320523
201723 37362
12335700 12335711
12364659 12364672
12479459 12479475
12509145 43407
12515498 100133
12535935 34680
12551327 12551346
1267039 43409
12572549 12572559
12577039 46219
12579496 12579508
12579912 218065
4962100 4962140
221812 684446
216513 657890
12602437 12602450
12606427 12606434
12609990 12609998
12610458 12610467
12612296 12612308
12613494 12613510
12613958 16954
12613996 12614003
10478095 97972
216153 655751
12621396 12621407
12621422 12621433
12626782 12626791
12639071 12639089
12652630 222336
12664219 215091
12665085 12665098
12666893 12666902
10471996 10472028
12676913 35961
12678195 12678207
12693916 144456
12695842 12695853
221826 42613
1342557 2216862
12718368 221226
201779 605438
12720283 12720292
12723545 12723557
12732754 12732763
216514 657906
12741320 12741332
1771812 2586488
2994134 3509935
12753942 12753950
12755232 12755246
12756845 12756860
12770760 12770776
5673837 5673870
12788971 12788978
12802400 12802411
12804807 12804821
12809409 12809419
201744 604845
9260844 9260866
12912932 12912941
12918297 12918302
12922148 12922158
12922854 12922859
12926328 12926339
12931321 12931333
12938010 12938017
12940106 12940117
12940133 12940140
12948867 12948874
12952772 12952781
12960005 12960012
12960901 12960910
10967621 10967642
12972221 12972236
12972784 12972793
12990484 12990500
12998573 342186
13054885 13054899
13065585 13065595
13089180 13089186
201790 605874
13097252 484370
13097348 13097358
13099360 13099368
13100088 13100102
224352 695483
13103041 13103055
13117086 13117096
13118329 13118338
13119252 76810
13123628 13123637
13125966 13125977
13129785 110041
13131265 13131280
13133309 13133325
13133329 13133346
13135065 13135071
13137316 126148
1606861 2456761
13144371 13144380
13144928 13144936
5177479 5177518
13182729 351435
13185196 369673
13193389 13193400
13193817 13193825
13199929 13199936
14204018 14204027
14204028 60116
14204607 14204619
14204894 14204902
14205772 14205776
14205785 14205794
14207706 14207717
14207863 14207870
14208299 14208308
10529153 10529169
8412648 8412691
14213005 14213016
14214965 14214972
14215812 336586
14216074 14216082
14216118 14216126
14216896 14216899
14220714 14220721
14220777 14220784
14221122 14221131
14223659 14223666
14225074 14225084
14227985 14227994
14230563 14230568
14235078 57299
201757 605079
14237920 14237929
14238347 14238355
1577894 2436924
14238926 14238933
14239098 14239105
14239124 14239131
14239691 14239698
14241149 14241155
14246794 14246805
14247031 14247040
14247515 14247518
14248023 14248030
14251004 14251011
14251915 14251921
14252395 14252406
14253160 14253168
14253669 14253674
9307373 9307393
14257052 14257055
7503994 7504043
14259446 14259453
14260839 14260846
14261604 14261612
14261853 14261860
14261892 14261900
14263283 14263288
14264475 14264482
14267312 14267317
14269288 14269295
14270121 14270126
221815 684466
14271561 14271567
14275051 674552
2994135 3509945
14276074 14276079
14276803 14276809
14278999 14279020
14279099 14279103
14280543 14280550
14283721 14283731
14286048 14286054
14286270 14286275
9076653 9076689
14294408 98162
14294566 14294574
14299097 14299106
14301006 291989
14305498 121061
14308597 14308600
14314131 14314138
14323046 14323051
223432 689992
4783695 35770
14333328 14333336
14339881 14339898
14340523 14340531
14341409 224515
14342645 14342650
14343286 93546
14343293 14343303
14347747 216942
14349557 14349565
14351066 14351069
605689 1342584
201715 604131
14359169 14359176
14360172 14360180
14365269 14365276
14365387 14365395
14365396 14365400
14367098 14367111
14371119 14371124
14371352 14371357
14372415 14372420
14372633 141977
14375622 187665
14379676 157427
14380756 14380766
14383174 14383182
14386017 14386024
14391112 101444
14391714 14391726
14392624 14392631
14394570 14394575
14395893 62851
14396290 14396302
14397027 14397034
14397216 14397225
14403397 63609
14405497 14405502
201759 605091
7781419 7781425
14412300 240412
14412445 74792
14413250 40038
14413546 14413551
13441863 13441894
14416138 14416145
216516 657928
14419235 14419242
14420363 14420370
701901 135432
14421405 14421409
14421762 14421769
14422677 14422681
14425117 192376
14425214 1621
14426311 14426324
216181 345850
14429973 14429980
14438095 14438102
3612004 3934934
14441167 14441176
2994136 3509958
14443384 14443390
14444893 14444906
14446760 14446769
14447370 14447376
14449365 14449370
14450101 14450108
14452095 14452103
14455534 14455543
201760 605105
14456807 112008
1398204 2272544
14465069 22169
14465224 14465231
14465832 14465838
14476578 14476586
14477259 95716
14478867 14478872
14482564 14482570
14484280 14484286
14484720 14484729
14484840 14484848
14487685 14487693
14487694 14487701
14489397 176541
14491772 14491781
14496760 14496763
14498357 14498364
14499139 14499148
14502398 14502402
14513134 14513141
14514137 14514142
201724 604361
14517563 14517570
14520951 14520958
14523833 14523837
14525898 14525906
14527422 14527429
14528707 14528712
14531342 14531349
14533727 14533732
14543261 14543266
14546830 14546837
2837560 3398068
14550463 14550469
14554223 14554235
14557164 14557171
14557272 103861
14557726 14557733
14558633 14558664
14558817 14558824
14561323 14561330
14565822 14565827
14567088 14567096
14569056 14569061
14570646 104679
14571786 14571791
14572992 14573000
14573065 14573070
14576471 14576478
14579985 14579993
14583245 14583250
14589576 14589579
14590573 14590578
8296028 8296042
14594193 14594203
14594650 14594658
14597770 14597775
14611409 14611414
14613340 14613351
14622869 117044
14626821 14626826
2320054 3025290
14636962 14636967
14641945 14641956
14646891 14646900
14652666 14652673
14653915 14653921
14654665 14654673
14654740 14654747
14654846 14654859
14656097 14656102
14658201 14658212
14661939 14661950
14662509 14662520
14662724 327613
14662871 14662878
14662882 14662890
14664264 14664272
14668829 14668837
14670216 62372
14670940 14670949
14675612 14675619
14675652 14675659
14680002 14680010
224356 28898
14687129 14687137
14687512 43324
14688269 14688278
14689070 500045
2306071 3016663
14690514 14690525
14691069 14691076
14691895 14691903
14692706 238362
224338 695309
14693739 276394
14693995 14693998
14694896 14694901
14695318 14695325
14695949 14695953
227399 358425
14698970 52666
14698972 153227
14700656 14700664
14701130 14701139
14703333 14703341
11562812 220312
14704110 14704118
14707919 14707923
14708403 14708410
14711648 14711652
14713654 14713662
14713966 14713978
14714116 131781
14714838 14714847
14715169 14715176
14716307 14716315
14718530 14718537
14720180 14720187
14721151 14721158
10451559 100270
14723762 54866
14723779 612418
14725921 14725928
14727272 14727280
14731580 14731590
14750669 326800
14760645 14760652
14880020 14880029
15249549 15249559
15266521 213505
15284472 104232
15285347 15285350
15285446 15285450
15287175 15287182
15287786 15287789
15291288 398052
15291370 56237
15291399 15291408
15291650 223272
15292330 35464
8113136 93320
15292820 189085
3229196 3678902
15292991 2731
15293081 128473
15293419 580659
15293575 15293578
15294256 15294261
15294262 15294267
15294419 39295
15294665 15294671
14294410 20887
15295087 15295092
15295112 139708
15295139 15295144
15295823 295965
15296037 15296042
15296254 67174
10606728 607514
15296615 452492
15296673 41923
15296715 556219
15296831 62428
15296847 15296850
15297083 96241
15297097 138391
15297118 15297123
15297357 15297362
15297402 5574
15297755 15297759
15297770 105278
15297911 338860
15300688 15300693
3521632 50960
15302215 86015
15302438 15302447
15302746 15302749
15302901 893149
15303036 153344
15303045 15303049
15303150 525080
15303195 15303200
15303905 551986
15304458 15304464
15305158 15305163
15305410 15305413
15305832 15305836
15306758 47367
15306826 15306831
15307492 15307497
15308560 400123
15308943 15308949
15310752 56033
15310823 15310829
15311211 15311215
15311428 1409
15311820 15311824
15312439 15312445
15312709 15312716
15314702 15314707
3457646 342726
15316734 15316739
15316991 15316996
15318247 15318252
15318664 99780
15311822 15311827
15319693 15319698
15323508 15323514
15324381 15324385
15327227 15327232
15330035 57569
15330640 15330647
15330816 15330821
10611596 367549
15332252 15332257
15332762 15332768
15335187 15335192
15335937 15335942
15337626 15337631
15337992 15337997
15338023 135079
15339047 15339057
15339259 15339265
15339571 15339576
15339653 15339658
15339971 15339979
15340156 15340162
15341362 137823
15342010 338367
15342295 330067
15342301 471927
15342385 280588
15342433 361646
15342458 112766
15342593 15342597
15343014 15343019
15343499 98041
15343957 15343962
15343963 15343967
15344308 15344311
15344805 146221
15344926 15344931
15345303 288721
15345401 58260
15347328 15347333
15347680 47642
15347756 15347760
15347812 15347818
15348203 15348207
15348313 15348318
11360931 11360946
15348708 642640
2122200 100679
15351986 15351992
15352016 15352021
15352034 15352039
15352178 15352184
15352621 15352624
15352808 15352816
15353549 150039
15353613 148382
15353872 162832
15356043 85493
15356690 15356696
15357002 15357007
15357081 15357086
15357112 15357117
15357236 15357242
15357250 15357255
15358879 247642
15359180 196363
15360977 312772
15361415 15361421
15363569 15363577
15363696 15363701
15364508 15364513
15366918 15366921
15367021 15367024
15368203 15368210
15368513 15368518
15369398 15369403
15369518 15369524
4089932 4239599
15370101 15370106
15370452 15370457
15370937 15370944
15370977 15370982
15371885 15371890
15371924 15371927
15373259 15373265
15373379 15373384
15373468 15373473
15373572 15373578
15374344 15374349
15375327 15375332
221827 684553
15375624 15375629
15375653 15375660
15378495 56780
15378591 15378597
15382372 15382377
15399385 15399391
6233003 6233027
6097005 6097015
2728868 3319669
15416935 15416941
15421290 15421296
15434825 15434830
15435781 15435784
15435990 15435999
15436433 15436438
15437272 15437276
15437553 15437558
15437840 15437843
15438175 15438179
13839680 13839692
15438418 15438423
15438548 15438553
15439264 15439270
15439751 15439757
15440044 15440047
15440813 15440819
15441158 15441165
15442283 15442288
694982 1449968
15442926 15442932
15442958 15442964
15443211 15443218
15443707 15443714
15443721 15443726
15444072 15444077
15444734 15444740
15446138 15446143
15446161 15446166
15447087 15447090
15447777 15447783
15447842 15447848
15449043 15449048
15449507 15449515
15450171 15450176
15450437 15450441
15451374 15451380
15452380 15452389
15452620 15452626
15453257 15453265
15453512 15453519
15453616 15453622
15454382 15454387
15454798 15454801
15455648 15455654
15455680 15455688
15455905 15455912
15455934 15455939
15455997 15456000
15457091 15457094
15464274 15464278
15468078 15468081
15476701 15476706
15476845 15476851
15477031 15477036
15477250 15477254
15477650 15477656
15479735 15479741
15480169 15480172
15481786 36178
15483228 15483231
15483615 15483620
15485284 15485294
15485760 15485763
15485839 15485845
15486079 15486084
15486426 15486429
15487681 15487686
15489091 15489097
224357 695521
15493009 407821
15493242 15493245
15494913 15494916
15496288 15496293
15496985 15496990
15500556 15500561
15500616 15500619
15500631 15500636
15501591 15501596
15502029 15502034
15502390 15502395
15502491 15502496
15504237 15504241
15505029 15505037
15505550 15505555
15506347 15506350
15506351 15506357
15507281 15507287
15507289 15507294
15507390 15507395
15507798 15507804
15507806 226736
15508071 15508074
15508404 15508409
15508678 15508683
15509744 15509747
4990210 4990226
15510120 15510123
15510834 15510843
15511535 15511540
15511665 15511670
15511875 15511880
15512562 15512565
15512904 15512907
15513216 15513219
15513437 15513440
15513825 15513828
15513991 15513996
15514813 15514816
15514892 15514897
15514943 15514948
7386754 7386782
15516328 15516331
15516658 15516661
15516886 15516891
15517049 15517054
15517687 15517690
15518366 15518371
15518476 15518482
15518818 15518822
15518862 15518865
15519473 15519477
15519655 15519660
15519853 15519858
15520295 15520301
15520336 15520345
15520603 15520606
15520702 15520708
15521205 15521208
15521286 15521289
15522303 15522308
15522817 15522820
15523290 15523295
15523964 15523968
15523985 15523988
15523989 15523998
15525259 15525265
15525413 15525417
15525544 87215
15526090 15526096
15528139 15528146
15529069 15529073
15529384 15529390
15529548 15529551
15529591 15529594
15529759 15529764
15530715 15530720
15530813 15530818
15531748 15531751
15531881 15531885
15532363 15532366
15532903 15532908
15533335 15533338
15533552 15533557
15533717 15533720
15534075 15534079
15534263 15534267
15536902 15536905
15536968 15536976
15537557 15537562
15537634 15537640
15538216 15538222
15538345 15538350
15538411 15538414
15538659 15538662
15538687 15538690
15538732 15538740
15538758 15538761
15538916 15538924
15541631 15541637
15542350 15542355
15542590 15542595
15542884 15542887
15544117 15544120
15544462 15544466
15544833 15544838
15546073 15546078
15548224 15548227
15548630 15548635
15549716 15549721
15551398 15551401
15551696 15551701
15552241 15552246
15554151 15554155
15554532 15554535
15555084 15555091
15556476 15556481
15556819 15556825
15557108 15557112
15559267 15559272
15248949 15248961
15565458 15565463
15565566 15565571
216517 657937
15566736 15566742
15568602 15568606
15570449 15570452
15573015 15573020
15574811 15574816
15575009 15575012
15576005 15576010
15576220 15576225
15578558 15578561
15578906 15578911
15581642 15581647
15581648 15581651
15582029 15582034
15586980 15586989
15587124 15587127
15587754 15587758
15588389 15588395
15588563 15588569
15590523 15590526
15590945 15590948
15591276 15591280
15599290 15599293
15600933 353764
15601674 15601678
216155 41906
9659569 9659580
15602593 43804
15621247 15621250
15624416 15624422
15624694 15624697
15629200 51078
15632995 15632998
15638208 829997
15639726 39296
15640811 15640814
15645339 15645342
15657369 15657372
15658556 15658559
15477821 15477830
15868537 15868544
21774918 21774921
21882915 21882918
5701782 5701790
23734547 23734550
23735184 23735192
23735434 23735440
23735471 23735478
24339041 24339045
24339792 24339794
24347810 237895
15339051 15339063
24388182 24388185
24388228 24388231
24388345 24388348
24388354 24388356
1398193 2272333
24397904 24397906
24402274 99707
24404192 24404194
24408795 24408797
24425031 24425039
24425730 24425732
24426399 24426401
25408708 25408714
25408757 25408759
25409546 25409549
25412218 25412227
7320769 429253
25420039 25420041
25427409 25427412
25430282 25430286
25435676 25435678
25443208 25443211
25445756 25445759
25452517 25452519
25456492 25456495
25459604 25459606
25463560 144988
28308012 28308013
28309232 28309234
28309819 28309820
28309862 28309863
28382685 28382686
28485865 172287
243056 730866
28742365 28742366
28744323 28744326
4988334 4988348
28745286 28745287
28745317 28745318
28745469 28745470
28745494 28745495
28745910 28745911
28745925 28745927
28749120 28749121
28749291 28749293
28749408 28749409
1852842 2654732
28750597 135244
28750619 1488841
28750627 28750628
28750659 889128
28751706 151190
6002077 6002085
28751994 43894
28752036 28752037
28752142 28752144
28752270 28752271
28752277 28752280
28752408 28752409
28752546 660888
28752632 443337
28753194 28753195
28753201 28753202
28753228 28753229
28753655 28753656
28754891 47366
28755063 28755065
28755107 28755108
28755220 28755221
28756461 28756462
28756792 28756794
28756952 28756953
28756973 28756974
28757413 28757416
28758153 172689
1437178 2306586
30295883 30295884
30350488 30350489
30354222 105860
30359705 30359706
30593694 30593695
31087345 31087346
31091172 31091173
31774005 31774007
31774028 31774029
31774057 31774058
31774309 31774311
31774557 31774559
31774624 227444
31774887 31774888
31774896 31774897
31774918 31774920
31774930 31774931
31774938 31774940
31774973 48888
31775009 451865
31775021 44907
31775096 31775097
31775132 31775134
31775192 194015
31775289 31775290
31775302 31775303
31775340 31775341
31775351 229904
31775361 146805
31775398 128023
31775420 31775423
31775425 31775426
31775461 31775462
31775479 17968
31775581 31775582
31775623 31775625
31775666 31775667
31775726 330818
31775781 31775783
31775804 31775807
31775845 363171
31775928 31775930
31776069 201889
31776113 31776114
31776164 31776166
31776234 31776235
31776256 31776257
31776313 961614
31776375 31776378
31776386 31776387
31776433 36588
31776481 31776483
31013772 31013806
31776578 387913
31776580 31776581
31776585 31776586
31776590 31776592
31776609 31776611
31776622 31776623
31776640 31776641
31776645 31776646
31776761 31776762
31776772 31776774
31776784 31776785
31776863 31776865
31776867 31776868
31776869 31776870
31776871 31776872
31776875 31776876
31776918 31776919
31776971 31776972
31777024 31777025
31777068 31777070
31777106 31777107
31777133 31777134
31777174 31777175
31777191 31777192
31777200 31777201
31777215 461364
11048649 207244
31777306 31777308
31777341 31777343
31777348 31777350
9279417 9279420
31777355 31777357
31777358 31777359
31777361 31777362
7303705 7303712
31777419 31777420
6916326 6916339
31941311 1339
2731582 402706
31797607 31797613
32637323 32637326
3589953 3920511
32698147 32698148
13679456 13679459
32880188 32880191
32881465 53235
32888406 32888408
33655077 33655078
33729334 33729335
33729508 33729509
33859694 33859695
33967068 33967070
34093418 34093420
34093491 34093492
34093497 34093498
34093655 34093656
34813555 34813556
34863226 34863227
34863328 217868
34863374 34863375
34863440 34863441
34863510 34863511
34863562 275621
34863685 34863686
34863688 129480
34863726 34863727
34863832 34863833
34863960 34863961
34863964 34863966
34863965 34863967
34864070 34864073
34864600 34864601
34864726 34864727
34864729 34864730
34864822 34864823
34864949 34864950
34864983 34864984
34865054 34865055
34865117 34865118
34865120 34865121
34865127 34865128
34865173 97305
34865191 34865192
34865297 34865298
34865379 34865380
34865427 34865428
34865460 34865462
34865564 34865565
34865585 34865586
34865609 34865610
34865817 34865818
34866309 34866310
34866312 34866313
34883161 34883162
34925806 34925807
34953658 34953659
34974361 34974362
34974366 34974368
34974465 34974466
34974502 34974503
35534825 35534826
35856052 35856053
36115578 36115581
36687122 36687124
36695468 36695469
36738880 36738881
36744079 36744081
30664173 30664175
33677371 33677374
532056 1243196
40591411 40591413
40591714 40591716
40591768 40591770
40591780 40591782
40591985 40591987
36671209 36671211
9165815 9165819
12091851 12091862
9474522 9474524
45245591 45245593
45278746 45278748
45842387 45842388
45842405 45842406
45842410 45842411
45842414 45842415
45842442 148448
45842471 45842472
45842671 45842672
46082244 46082246
46387911 46387913
48122177 48122178
49062693 49062695
49063381 49063383
49063497 49063499
49310013 49310015
49310061 49310063
49310608 49310610
49310738 506914
49310793 49310795
49356541 49356542
49364498 41577
49364499 259815
49364500 168419
49364501 961052
49364502 49364503
49364504 49364505
49364506 49364507
49364508 49364509
49364511 49364512
49364513 49364514
49364515 49364516
49364517 49364518
49364519 49364520
49364521 49364522
49364523 49364524
49364525 49364526
49364527 49364528
49364530 49364531
49364532 49364533
49364534 49364535
49364536 49364537
49364538 49364539
49364541 49364542
49364543 49364544
49364546 49364547
49364549 49364550
49364551 49364552
49364553 49364554
49364555 49364556
49364557 49364558
49364559 49364560
49364561 49364562
49364563 49364564
49364565 49364566
49364567 49364568
49364569 49364570
49364571 49364572
49364573 49364574
49364575 49364576
49364577 49364578
49364579 49364580
49364581 49364582
49364583 49364584
49364585 49364586
49364587 49364588
49364589 49364590
49364591 49364592
49364594 49364595
49364596 49364597
49364598 49364599
49364600 49364601
49364602 49364603
49364604 49364605
49364606 49364607
49364608 49364609
49364610 49364611
49364612 49364613
49364615 49364616
49364617 49364618
49364619 49364620
49364621 49364622
49364623 49364624
49364625 49364626
49364628 49364629
49364630 49364631
49364632 49364633
49364634 226593
49364635 528987
