10180488 52835
10213596 63512
1712400 22450
10213602 316925
10213679 218114
10213684 677538
10213702 1801619
10213706 94690
10213708 118312
271579 519106
10213712 259815
1804823 962602
1227425 275968
2855810 221493
10213758 911521
10213761 50955
10213769 39292
8695 65704
2855715 56308
2657570 827908
10213774 737771
77345 274299
10213805 369909
25001 49761
10213809 130413
10213812 36140
274306 95992
10213826 463528
2456733 638955
10213839 43407
10213842 625241
10213849 57415
274513 604376
10213861 481991
169251 176955
6489 58288
255332 749651
2227808 494397
10213867 111082
10213872 100561
292576 516064
10213888 171614
10213892 603685
113291 193217
10213919 579809
10213925 92197
512276 398190
10213937 103482
10197308 601179
577026 287978
40876 109099
73812 267283
10213954 51996
10213963 355723
10213969 364838
10213983 112085
2987150 221226
10214006 50963
89612 305516
10214017 470949
2617682 866912
1112472 644432
10214025 302381
378553 94845
10214037 334040
10214040 448747
113292 16634
1645174 223417
10214057 201264
381223 316482
1648955 664538
10214093 91465
10214105 98794
4227940 1537642
10214112 293695
10214121 388900
10214125 513709
2392910 144080
726980 196821
271520 775164
8830248 144987
10214131 330040
62353 223001
10214150 989719
2126887 406784
10214157 158897
4632720 766709
10214167 19583
10214171 88202
1653861 435420
10214175 895931
321399 144990
271767 686816
10214183 97306
217357 33575
10214203 449153
10214214 142496
10214218 296158
2396 28899
10214225 175111
274384 30023
10214239 77553
29440 95101
10214255 39750
10197551 188705
3409831 673148
1534532 62962
10214276 895034
277171 93715
169175 14013
10214293 1834859
10214309 136004
2496064 633997
1652492 193419
320996 175012
24393 126906
271892 110130
10214325 99638
398184 328730
10214330 1595307
10214335 99330
3399121 152889
10214358 765034
10214371 241436
10214377 644244
10214383 1002443
10214391 50033
10196448 340336
10214407 22485
10214411 956462
10214417 329680
14533 309
10214429 1228456
2086301 371696
366549 560968
366549 650683
10214434 168952
10214439 41178
424221 1066217
10214299 3170302
12740 75277
10214485 117555
10214497 110841
268215 770258
754488 219894
10214511 807203
10214527 82906
271707 49842
2156236 318825
119328 365698
10214540 209388
10214548 367521
10214554 286677
12053 73818
10214558 146084
10214571 29254
964902 238361
10214579 200961
165663 121255
3254724 735322
10214587 227346
10214596 53776
10214602 102351
3045535 278790
1248140 56929
2106035 652753
111789 367029
23745 126146
7288019 505652
10214613 220670
169116 383856
139025 433184
366739 353246
87807 299079
10214640 418139
931 12036
14425 78435
1227033 52832
10214646 1109843
40342 165657
367027 150870
10214661 340835
10214668 541074
10214671 468524
10214679 1740228
196581 248315
10214682 47639
2697634 1515
4828 45400
10214690 849870
10214699 227444
10214703 328783
10214715 224122
10214728 415691
10214746 142031
10214755 101985
3531741 691863
10214771 347382
10214344 278825
965531 500847
10214787 106507
111662 98223
1220482 497290
10214798 121235
10214809 152034
10214819 227199
10214829 92428
10214841 144131
4180724 92198
10214848 543282
3706707 597428
10214879 201485
1703224 744211
10214886 849576
10214894 1420168
10214900 245324
10214907 222320
522494 339254
10214911 365218
10214914 1670594
10214917 339581
433252 39815
197927 21985
511664 194053
10215060 10215066
189359 340530
10228522 348489
10228560 892089
10228644 976376
10228681 314876
10228686 1842328
10228690 100776
10228707 117485
10228711 34013
10228717 775717
10228771 1199481
10228790 53779
10196535 98444
4019320 342868
10228984 392220
10228937 276658
10229043 3591531
10229068 888454
10229081 2510706
10229150 542638
10229200 237606
10229237 1710796
10229358 230995
10229370 369918
10229373 662349
10229387 2230241
10229473 50517
10229488 1492041
10229620 86650
10229645 10229648
4351364 225326
10229790 2329476
10229805 602409
10229811 273224
10229821 128023
10229863 388509
10229908 17125
10229913 532831
10229923 10229926
10229952 327726
10229972 663701
5481639 503233
10230020 875574
10230032 457039
10230066 593435
10230072 92427
10230156 53048
10230174 1867885
10230192 3157692
10230218 126770
10230226 190418
10230237 178829
10230263 260369
10230281 249963
10230301 90080
10230320 1050143
10230327 384103
10230357 7025346
10230370 316793
10230378 17126
10230384 2302202
10230392 1696000
4090478 2509588
10230461 757890
10230482 397493
10230503 418066
10230512 333700
10230527 501573
10230561 389771
10230583 2305699
10230587 147571
10196781 52190
10230603 29551
10230609 118038
1535123 5574
10230641 40953
10230761 917416
10230770 276554
10230785 146506
10230821 312772
10230894 54973
10230911 624964
10230924 2461722
10230965 739595
10230989 216940
10231031 2211673
10231079 751472
10231090 636115
10231106 90334
10231111 295602
10231129 10231135
10231150 52335
10231178 3028645
10231261 639024
10231264 265418
10231297 217288
10231307 154332
10231334 374294
1227444 1097010
10231427 652485
10231430 151981
10231461 122803
10231604 929854
10231698 4140871
10231764 52191
10231783 1308794
1560373 636276
10231834 1417786
10231889 1204636
10231911 126373
10231991 98709
10215255 423315
10232078 1133243
10232093 3599340
10232153 445152
10232189 415566
10232195 3287555
3166979 621337
10232244 106657
10232292 2565338
10232312 19587
10232348 859466
10232372 513021
10232377 2202661
320492 503738
320492 864619
10232486 594824
10232532 95894
10232538 706082
10232571 319245
10232577 322359
1805032 322841
10232729 167845
10232737 57260
10232744 2230693
10232759 673149
10232779 5279873
10232821 861351
10232833 148382
10232868 1056198
10232932 740701
229490 176700
10232948 94507
10233028 814008
10233052 321066
10233064 46802
10233090 671312
10233156 942906
10233183 297788
10233191 257150
10233239 505712
10233262 44908
10233321 267701
10233333 52073
10233419 961085
10233440 91464
10233467 156164
10233475 3768118
10233551 643266
10233640 47074
10233672 328909
10233710 279089
10233761 46681
10233767 4052084
10233806 698502
433038 344997
10233920 321190
10230329 545906
10233989 170566
10234014 1679924
10234036 5597
10234092 305870
10234128 2284988
10234322 86005
3621653 440973
369805 340921
10234378 962905
10234382 402902
10234390 681532
10234395 249861
10234452 180376
10234544 28936
10234556 449374
10234571 478543
10234579 200831
10234583 83634
10234639 115274
10234660 906596
10234671 174758
10234701 1162721
10234722 361085
10234754 1728164
10234783 152776
10234807 699852
10234818 740453
10234836 332550
10234842 94849
10234891 285252
2927607 924881
10234935 28648
10235002 332063
10235006 110792
10235019 346564
10235058 773380
10235100 420118
10235158 51076
10230578 51077
10235226 672298
10235264 451573
10235276 621384
10235282 522021
10235431 314780
10235453 2538320
10235466 389303
10235479 672304
10235483 92394
10235495 249886
10235514 1740644
10235553 193650
10235653 355111
10235717 1505004
10235751 416701
10235777 660150
6173435 172771
10235825 882909
10215590 923722
10235846 22827
10229048 1028883
10229389 53976
10235950 144890
10236029 93522
10236035 105724
10236067 226499
10236139 253825
1835855 96888
10236157 669862
10236184 223859
10236196 4289365
10236227 503681
10236315 79987
10236321 306628
10236335 73418
10236344 3922643
10236347 313191
10236407 1777154
10236419 105377
10236468 305250
10236492 343902
10236551 1402161
10236613 1619067
10236617 1309951
10236658 320962
10236685 361168
10236701 867852
10236733 934602
10236762 225803
10236805 190353
10236839 2921022
10236948 1338239
10236951 394902
3166972 1142375
10236954 1203636
10236997 355405
10237017 18135
2203601 659787
10237142 1787757
10237166 140189
10237169 1247532
1227406 961463
10237218 99634
10237241 157101
10237276 138393
10237369 251126
10237460 396216
10237524 302501
10237547 312584
2855826 390739
10237594 332122
10237675 1506737
10237681 376226
10237687 84946
10237707 504872
10237740 2240641
10214566 1739511
10237746 163738
10237779 35462
10237787 707972
10237813 346219
10237844 519645
10237890 1358691
10237921 342726
10237942 98762
10237978 1753147
10238085 120808
10238108 249882
10215067 271299
10238161 659232
10238200 220554
10229567 325245
1006486 111139
10238240 223210
10238270 53644
10238270 986787
10238274 9413
10238418 391826
10238452 694779
10238458 1660118
10238543 2870105
10238575 1854614
10238581 661928
10214761 285669
10238629 1551510
10238663 1638618
10238683 221880
3844362 60368
10238714 469622
10230611 3885607
10238757 234127
10238777 21102
10238781 339828
10238835 324699
10238881 206407
10238893 318363
10238927 931784
10238931 92190
10238942 671051
10239018 891242
10239047 170879
10239061 19422
10239096 1154189
10239107 2125746
1560328 274622
10239222 686970
10239287 863654
10239314 10239317
10239344 336755
10239358 4353040
10239416 516714
10239449 160657
10239518 7236710
10238895 502180
10239539 671782
10239565 573366
10239691 330445
10239707 1057139
10239720 99325
10239741 312768
9817 68704
10241042 1401968
30970 132380
10241915 64903
186864 318540
542053 387985
10243548 1018907
10244920 10244923
10245381 500617
10246009 2560533
10261445 4407865
551230 945401
1553441 604853
10401602 345620
10401706 2436296
702667 368368
10410486 51071
10410494 99114
4889548 837206
2386942 1806580
2353043 408263
10410667 741
840493 724096
10410736 543369
32900 134385
10411132 320899
10412384 440317
211713 59850
10703731 267547
10703814 1331672
11962005 223005
12272125 1216584
13255218 1128704
1606823 347048
6870960 343731
10945621 390903
249529 343435
10069 70130
8331 64949
13259909 905756
13260237 364886
72672 265115
13262296 419310
13262576 902353
6383033 1340417
6004873 288720
11705574 332347
13263776 2114755
2376696 55922
13265121 494738
10812777 900871
457835 384674
12196 74541
747979 387426
1565258 1618928
14196 78075
1991053 632026
13275225 582575
4172762 161025
492363 1174468
502277 78386
8929740 220478
1527982 332494
6580388 388376
13265326 346741
13324490 1338038
12319 51595
24289 126829
1569406 41526
13330316 1678260
1066059 680817
13331622 425442
13332772 269828
780989 579319
13335658 694269
29712 131194
12161875 242634
28786 130282
614080 305941
66595 255307
13259913 1566447
10214464 354569
13373178 370374
13373190 423314
12750623 35763
13373194 395917
13373201 1025682
13309 76396
13380247 211562
13380333 917699
13380341 1584633
11536856 1440379
13380360 250001
13383782 1298821
32391 133962
13388088 394471
12464866 487293
3803837 2502588
13390682 856757
13390717 582136
13390951 1711393
2832670 103397
13391435 253706
13391447 1449670
33204 134678
13391539 376115
13392648 568727
13393027 51715
268911 771140
6580368 662979
13395792 938511
33308 134755
13383309 291940
13400566 927242
13401513 886548
13401523 665749
13401530 95799
13401534 3386260
13401537 162579
13401549 664018
13401872 669180
13403037 113657
13409641 320827
548757 529124
11308 72434
13422979 414255
13422982 1091504
13401510 967988
13425595 3474518
150629 474746
2737833 3329200
14324 78378
13442084 328133
1665317 96395
13479537 1687074
13479678 922456
13479681 1147715
13479684 1945052
13479814 403971
13479853 691668
12920739 1475741
4624240 319303
13484219 313438
13266055 228462
13353398 837580
13490903 349599
13493677 432873
13380335 78367
13517024 38613
1329239 529213
9130 67594
24784 127230
4199742 623461
1227445 262006
1147711 616603
14777503 156313
178253 547958
67474 255883
761574 809516
14887840 631535
6812 58143
14890924 1375001
5661502 299908
14894078 164839
14896347 84115
14896983 671677
14897196 238000
14900071 41132
14903541 94891
14904767 154225
14905583 341665
14907759 124900
14908370 1211801
14908572 1633079
14908778 65014
14909774 365970
14911186 95296
14915148 641513
14915996 215685
14916109 108558
79363 92239
14919898 100679
14920962 2961602
14921307 1286304
111545 366647
59604 226726
14924982 163481
14926237 2943692
14927437 1748413
12065183 1414249
10409209 340339
14927937 550586
14930155 1020747
14930780 54527
14931168 689114
14931168 2054843
1475679 237778
58223 237959
14933835 2446946
14934613 350365
14934765 2694820
14934875 73937
14935444 383367
14935502 2373154
1504331 648822
14937955 526498
14938467 215721
14939402 934574
5235447 1240436
14940261 391402
14940362 817711
14940505 309782
14941198 502458
14941201 321835
1920787 596695
14944232 94107
14945373 54122
14945381 23855
14945903 191023
14947532 1745807
14947745 1042765
14947879 143678
14948178 503442
14948182 867410
14948350 503682
14948914 1303780
14949832 889837
14950084 124601
14950084 660276
14950088 143932
1058973 181794
14952129 316966
14952587 91891
14952735 1306132
14954392 283331
14954863 608390
14956383 96770
14956532 716099
14956790 339003
14957395 739935
14957887 2143
14958658 407739
2876824 1623349
14960734 160825
14769472 236620
30212 131730
14961927 675358
3972474 341834
14962801 21893
14963377 449791
14963380 345071
14963402 99040
14963499 367800
14963595 557741
14964975 672740
3445693 357402
14967698 1744951
14968736 60040
14969353 364295
14969496 952120
14970410 1815104
14970785 329458
14974784 1867842
618048 228219
14975297 328587
14975583 60486
271655 102041
14976366 56614
14977683 457765
23530 80691
14983962 265993
14984369 729559
14984911 66896
14985338 160826
14985521 208195
14985602 2170688
14985658 2869748
10214087 721981
14988003 3431216
14989619 488630
14990424 1976133
13997 77830
14991181 19305
14991726 946035
14993385 108979
14993413 51273
14994092 1081787
14994115 3276705
14994171 83208
12407244 3709032
14996993 387750
14997014 52144
14997019 27883
14998409 100821
14999658 231234
14999661 410386
15001439 2369418
769349 99837
245714 68046
229780 484101
15004077 2512635
4370933 1417499
15005402 1475218
15005805 322260
15007864 112151
27168 129211
293124 812274
13438721 895930
15008718 879694
15009704 939247
15009812 21167
3079898 598962
15010441 96709
15010837 578061
28559 130140
15012041 94741
15012382 636304
15014293 17879
15014905 316158
1227387 652252
15015508 132028
15016578 523256
14259766 959732
15017771 129067
15017777 3766572
23994 126506
15018391 258044
15018675 893481
15019113 214916
15020679 251627
15020949 371901
15020959 537937
15020991 827715
15021853 151282
4086580 341074
10215579 41912
15022182 922769
14916037 549855
15023580 216884
14920053 47116
15025931 349805
15026220 862066
15027020 1933118
10336 70535
9613 68370
15027799 54560
15029223 665442
15029231 1444643
15029261 22247
15025494 1222489
15031355 1300968
15031375 2043439
15033351 798178
15034000 46595
15034393 391102
15034776 445149
15035124 193460
15036572 3120866
15036712 56834
15036888 100367
410382 95887
15041359 263476
15041859 222327
15041866 1494533
15042000 376223
15042791 120269
15042818 2435180
15042821 239899
15043360 15043363
15043464 1462966
244605 282758
15043499 1803086
13276771 729530
15043598 19420
15045583 709869
15045588 1001529
15045717 108680
736662 828529
15046011 427634
15046015 1603081
15046847 1175032
15046854 296538
15048006 1641293
15048650 151328
15048964 337083
3308057 1398137
15050153 1521585
15050153 336763
15050162 344259
231997 620596
3441254 1033108
15054857 913848
15054997 632212
771291 872757
15056252 359705
15056459 141726
10214518 901554
15056901 241606
15056996 806727
15057917 953591
15060952 195397
11509170 953005
1476341 776216
15061779 196319
15061837 157102
15063424 932590
15063451 3676910
15063460 226083
13490068 1312936
15064597 43531
15064776 892563
10213097 390357
15065030 1634329
15065051 288716
15065709 94588
15066039 102149
15067389 844844
15069388 587007
15069436 1733047
15069796 641379
15071811 1798927
1930200 963990
15074935 3540441
15075900 526134
15075911 986862
15077273 3666065
15077832 516836
15077849 390084
15080849 307136
15083941 856263
8527893 278860
15084023 106630
4880527 218717
15084454 593690
15084600 464379
15084710 52285
15085537 142164
15085567 93660
15086284 872937
2944990 934671
15086504 542755
15086513 871085
10213750 462925
15086813 889924
3621673 18194
15088634 48890
15089786 98720
15090764 2426588
15091505 98162
15092090 867802
15097919 76283
15097923 487358
13332562 530497
15099749 383187
15099806 264760
15101159 85932
15101183 18888
15101331 62429
15101339 160956
15102036 471912
15102311 5619
15102570 384365
10232739 279463
15103173 838008
15106762 163884
15107018 95481
255617 587499
15108777 22780
15108945 141893
15109326 179329
15109347 52837
15110279 359418
30099 131630
15111110 97127
1552050 261554
4586111 376406
15111937 489201
15112063 2121881
14938270 65261
15112389 696403
538434 1258485
15114492 566569
15115084 194302
15116079 189478
11812 73419
59777 240706
15119613 332521
26146 128628
15119781 780052
14978062 516446
15119997 97849
15120223 612406
15120247 196496
15120306 1915743
15120940 121324
15121423 271076
15121514 99120
24904 127497
15122198 308150
15122449 219819
15122639 715397
15123320 22824
14661 78711
15124176 483228
15124352 805689
15124356 134123
15125813 2290320
15125987 197492
15126178 388501
15126291 385927
15126294 454373
833067 220223
15127679 597647
15127854 82355
15127872 44866
15128379 463451
15128720 607910
15129275 97966
15129477 152146
14103 77956
11026 71954
2287357 47642
15131722 102808
15132143 322839
15132185 51909
131581 406859
15133030 792364
754505 431145
6664503 106698
15134345 593840
15134967 237024
15135132 340670
15135301 332711
15135361 771648
15135435 1340586
15135720 220263
14987988 678219
15136741 98315
14978070 710246
15137624 130163
15137732 427801
15137789 125067
15137796 200828
614248 241544
14993523 867669
3581109 830913
6832923 91210
15138344 640674
729804 56165
15139456 2333899
15139950 62809
15139950 3344070
10238184 227038
15140236 892187
15140302 432353
15140305 96889
15140558 112149
15140721 285911
15141237 934105
15141257 883710
15141261 214743
15141533 101822
15142160 142980
15142295 325984
15143103 841098
15143243 350975
15143515 1213198
15144126 604205
15144167 275156
15144243 444554
15144976 312626
15145210 434445
15145345 3378407
528203 961496
15145922 336223
15145954 143974
15145957 916472
15145971 921194
15145978 103761
15146359 375872
15146940 1138550
15147112 360806
15148467 2447521
15149051 174339
15149054 627205
10235107 235512
14964980 960600
15152209 611155
15152216 351859
15152316 199854
10231439 332983
15152320 328732
15152460 932284
15153546 324800
15154244 406970
15157868 524343
15157918 77789
15158341 276338
15158420 1568889
15158451 367955
15158877 1407561
15159270 98896
15001459 559444
15160575 2654520
15162149 186737
15162167 3580742
15162651 2700963
15162670 226976
15162896 874197
15163012 180780
15144128 343495
15164747 1345277
15165527 471289
15166749 688669
15167069 35679
15167390 903698
15167452 366606
15167471 109691
15168443 219893
15168596 350409
15169208 15169212
15170063 54104
15170131 48506
15170476 2298929
15170564 281986
15170874 940277
15171174 130213
15171283 19588
834103 55732
15172617 28284
15173672 600966
15174302 146736
15174313 945830
15175050 1783245
15176878 218185
15177233 56375
15178112 226968
15178922 765544
15178935 953294
15178938 2015227
15179374 1124000
15180420 584659
15180598 400700
847427 859710
1984450 940495
15301236 354969
30429 103213
3725722 687547
11453 72679
13178 75958
60748 241027
737016 345996
15377811 395171
15454267 224729
15479990 1180284
15503037 155361
4543897 3148765
8769806 202361
15557308 1632846
15842729 154173
15012591 959509
1534907 292288
240271 376224
10243 70439
351205 416561
15863155 792754
15869131 926587
15892431 239250
67228 255640
126757 412258
29052490 2962202
29718320 293520
4269288 354659
29748825 394310
281319 789590
30003439 1261961
30491777 233772
850491 100172
10587174 509667
31768820 1518224
2392948 333074
31769179 31769182
31769215 271220
15157385 838247
32820535 1830001
32935054 589645
32935138 343275
1161527 218111
1504434 863923
32938002 348099
30729 132242
646729 221647
29050 130648
32939259 173389
32939338 664209
732610 619192
32940714 2147991
32941157 1651651
24725 127128
25583 128270
32945577 953577
11601 72842
32951533 1768468
32952410 2622541
32952523 825523
32953087 1312419
14905631 1278014
33127014 80043
33129479 351603
1287978 237269
33133955 2349128
28673031 1143139
1050230 130795
2340881 50957
432581 1078563
1923807 294494
33248915 896635
34280671 1309663
7284 59761
2500355 236476
34351209 1652535
29585604 1211248
34285193 33227
13417867 210661
378581 881693
34375928 83795
34384552 849387
34385578 1186592
10270327 341731
30830 132287
14826 79063
14998230 4872411
34392318 242693
34232042 19277
34393913 105327
34395375 82873
34402120 1338814
34404698 34404701
34259006 215258
34422111 480922
34424871 2291404
34424974 34424975
34429031 34429032
205649 614728
15071054 508759
34433057 149406
34435494 1128274
34436183 309596
34438537 873241
34347076 34347077
34451008 154579
34345923 810256
2943551 91342
4386545 96481
2206805 316365
1570814 213279
34472870 34472871
34473562 20887
249591 722638
8408217 41492
10215573 1031314
34481471 157454
271086 119440
7990 63612
60529 35965
34489928 481993
34491332 161406
4846558 582712
34403412 337308
275693 320843
4036424 104096
127392 413322
34495486 218355
1267310 121910
576947 1293204
35047199 218347
35047363 800324
35047531 41924
35047534 665686
27093 129187
242370 248553
35047670 260610
31275 132608
8246 63993
35047710 208771
28094 129743
35047749 53744
176227 52569
3245918 97000
35048416 614822
13264338 701928
35048563 353126
14899589 36180
35048822 342607
10215281 295770
10231143 1385639
203299 103378
10400570 451237
485153 363449
34388742 507278
35049774 642503
35050265 333790
7167 59508
33586 134907
30123871 19568
27405 86741
35050757 180835
3079939 53306
615908 412598
10213727 335602
19740 110887
1681024 954210
34424624 467358
35050778 827854
30366 53860
13939 77738
29276 130826
35050782 240202
59904 98439
35050788 1042128
35050796 418448
31847 133316
33534845 197029
10232193 191590
27913 129672
10269585 572647
420389 483903
25799 128332
35050816 122841
35050818 306272
4032709 578271
35050822 929164
33847784 481344
25265 127867
35050831 117648
35050833 358481
1228138 1667789
13616 77153
30293 86410
795292 93544
14993503 429336
28727 130242
29563 131089
35050847 8726
472424 336718
13268061 100314
6489930 171148
35050853 880778
834719 146324
754580 1293363
35050860 471682
420423 909001
7846 63456
11689802 142372
35051090 150039
35051387 791074
35051829 142278
35052066 717128
27610 129450
35052253 1336518
23298 125809
35052068 318640
35052868 937565
35052929 147043
27803 103939
35085270 1649515
13005 52999
35100489 35100491
33542937 929388
32854959 47365
1135237 325443
33538456 300221
33533366 186593
29336463 99587
36870176 4877687
36870413 947907
36871037 2781403
36871150 2517719
36871266 1425843
36871777 1432550
36872388 517252
36873566 595149
36873573 3138509
36875530 36875532
37706960 2199907
38017628 726267
33850988 571264
33845507 2442711
6412080 3029009
15019336 207607
60863 216717
33845663 394013
2393165 5048
33845599 95374
33843195 1220549
33679997 695143
33842979 160957
111763 190573
38165117 38165119
13382438 413550
38231032 670411
38338886 861312
38339981 190184
38340188 831153
16047 78660
38340770 559605
38342215 1480762
38342884 908633
38343375 1815273
38343713 394612
38343796 3170126
38341787 92240
38346006 2438861
1227371 153438
443791 216204
38360782 38360783
13280035 175978
38360810 6240011
38360821 3012538
38360829 38360830
38360832 38360833
487642 1166149
38395782 779204
38397864 4112176
30034526 1709661
38399428 126924
38399429 397762
38399448 572780
38399479 1757259
38399482 2368589
38399489 1940969
38400024 38400026
38408678 237025
38444841 2752351
38456910 405604
38456921 1280741
25915 25363
38561132 360727
38578764 874080
24643 127043
8990081 660310
38587575 915903
267921 53374
38587580 310248
38588797 674553
38588845 867138
38588902 42615
38588923 277709
38588938 623893
1944258 67859
38588978 700008
2697627 97896
12575 75159
38616415 1324299
15164054 1305
38616432 3771570
63880 246840
38624626 2129003
14979190 4695118
2792241 418567
38629596 915564
38629630 50792
86118 92053
38636463 1004298
38636466 796246
38636571 364887
38636598 939945
38636613 333691
38636628 1735366
10169457 280250
1532787 98761
38636691 351093
38636694 38636695
38636701 142494
2147609 608927
38636712 1258499
34390662 1435503
38636819 715417
38636826 395954
38636839 889441
38636846 1397382
38636851 612244
38636858 374070
38636860 1598164
38636878 1501590
10229543 970313
29736530 573079
38636939 51079
29747080 4867709
38636952 2983733
38637066 619787
38637082 1058952
2393280 296049
38637096 2952434
38637114 95590
1150205 397003
38637143 45555
38637148 128705
38637156 261516
38637178 105190
38637180 1482862
38637191 1419463
544690 4413
38637211 109198
38637248 10794
38659220 300385
38661792 1059894
38668834 180266
38676395 288913
38676396 361988
35417190 343326
30925 132324
38695860 512855
38710207 141925
197854 325951
30064741 962306
7288011 189402
38727089 108436
21618268 92499
38728841 414194
38744551 416836
38753197 3882455
38755270 908196
13255854 551986
38759013 119009
3409809 293085
21806896 363403
186021 573875
38788891 142067
12589048 323170
10213710 212932
15034656 1379796
38792224 526133
38818068 365912
38818069 118039
33025864 338719
38823812 594405
15139458 1318556
34489970 721920
39195493 148029
39454699 333751
39657078 145392
29178 130755
39677537 2630735
277279 75760
39907172 6022080
39934332 1260018
40044503 2298601
40047836 2441585
40091462 149714
40091464 347120
40091482 378822
40091485 235927
40091499 288535
40091564 139046
40091571 94446
40091529 1309447
40091598 443682
40091601 40091602
40091665 500334
40091736 828251
40091737 170727
3409769 9289
40091793 873818
40091802 67053
40091815 1076384
35713459 224127
40091833 3540376
40091837 895705
40091913 93376
40091929 1462958
40091947 48996
40092169 3128077
40092194 51181
15129518 647405
40092217 50393
40092324 616196
40092436 1546850
40092526 1744700
40092546 898859
40092567 171917
40092577 356784
40092585 47367
40092592 127421
40092816 1186085
40092902 915586
40092925 150245
40092977 852024
40092979 361706
40092993 505114
748119 704187
31154397 72996
12296958 161229
12316492 2613726
32879469 324965
40141779 1250807
28803798 83793
40162684 890867
15168527 442056
32880966 881217
3329968 52505
3076183 2509169
7613797 343989
5525371 3461942
31072211 351744
32881080 1273621
36730364 649587
14586091 117147
40210021 3204
1317992 325375
40211102 552639
6719516 19072
4400230 1097955
34785658 98712
40230953 336596
40234135 1844089
40237550 1162171
40237858 1182460
40288666 289052
40288669 103323
40288852 568726
40288864 157843
40288866 139853
40288868 1705082
40288872 336500
40288876 665770
40288878 670616
40288884 142498
40288906 1477987
40288908 1326008
40288912 640881
32793133 945130
40294180 1337037
30457778 668773
165758 100271
40663073 262702
785911 332982
40665207 370041
715858 392537
40718123 759511
32545 134075
41318353 30991
41319841 1052114
14970413 1347768
41691552 345359
41691559 218533
41691564 1340919
41691592 3927
41691608 64012
41691684 92368
41691715 1462728
41691748 534406
41691765 339674
41691768 955363
41691773 316624
41691856 1318232
41691974 228337
41692002 299935
41692028 19416
41692052 41913
41692074 143914
2787475 1312344
14978804 594761
41692130 790894
41692133 879951
41692134 348787
34060 96240
10187220 836461
3483704 228371
32817263 858117
41692157 299645
15167896 106977
475519 163416
10214323 2576111
41692206 860291
14978985 536427
41692208 220199
4050695 95372
41692233 735691
41692010 913630
11790950 358032
14987985 2646066
10243221 170773
41692295 945467
41692300 1649717
13446882 2219801
497209 664869
41692345 395721
32835546 51908
13259740 910748
14985805 356072
41692419 1126431
41692428 686418
41460719 672852
3747082 104538
41692438 924517
41691685 297862
41692465 383258
41692467 2274985
13280011 1616187
41692475 392884
15299317 479467
41692476 197101
10242628 346625
33734 135080
41692482 790893
1507918 939134
41692513 904136
41692538 641037
41692577 396654
4825883 143626
41692598 424660
41692604 109825
13402766 305872
41692621 1407006
41692650 3169233
3037341 515763
41692651 4872195
3349194 710127
229882 446344
13283703 942504
41692676 41692677
41692678 49453
15244750 49102
11754265 349171
41692713 363353
3370058 930129
41692741 572079
41692769 632268
41692787 385922
3065412 41934
462416 208597
41692793 50956
3598251 1001400
41692806 2843339
41692827 347151
41692843 800543
41692858 2915029
316979 61140
14988002 1578154
41692947 278510
40288905 55366
41692957 657188
41692959 537556
41692961 435373
41692965 102871
41692971 425717
14970373 322259
41692989 1205759
41692999 326040
41693000 1150433
10187068 898171
41693006 252521
41693013 2007494
41693016 1139456
15136948 261961
41693034 365151
41693037 228370
2203486 1405305
67788 256395
41693054 830017
13526 76675
41693061 325801
41693066 906915
41693067 328049
12507 75030
41693076 174209
13252197 736849
41693089 250648
33129480 2493136
41693106 185659
13416221 1273221
30062 131582
267618 538635
41693111 355245
41693117 341132
2413792 369116
41693130 2409325
41693140 117775
1532809 51713
41693148 340058
41693157 440938
8773242 659191
41693161 924142
41693162 353425
41693175 208978
41693198 190408
41693216 548620
13402034 168323
41693248 1313669
32835564 108840
41693258 879088
41693260 122928
41693261 21890
41693262 343732
41693269 740921
41693271 50717
33526 134868
838161 333950
41693280 2980145
41693282 1387072
41693291 951933
41693292 1388527
41693293 110952
41693296 686581
41693297 1311131
41693299 268741
3749978 525827
10189222 190413
41693300 755252
41693307 442763
41693309 394012
41693311 2367441
41693313 1262715
41693318 26270
41693319 483936
10221477 224126
14999664 500046
41693326 1791052
41693328 58043
41693330 2028236
41693332 195505
41693333 69222
41693344 1740093
41693345 935609
41693347 1667910
41693348 161076
41693349 641757
41693350 51357
41693353 30359
41693359 217567
41693361 551080
41693363 100442
41693364 636275
41693368 435834
41693372 404992
41693374 394425
41693375 2292821
41693376 5828
15049001 584592
41693379 860293
41693387 2174531
41693391 723156
41693392 640539
41693393 189268
41693396 226737
41693399 2143490
41693399 890935
41693400 433501
41693409 83923
41693410 286404
3119672 104746
41693412 988786
41693414 917602
10197711 222326
41693424 1035181
41693426 3329043
41693463 917989
41693464 395771
41693465 107816
41693478 65892
41693479 41693480
31769217 674243
41693481 1338520
41693487 871589
41693489 1027282
41693492 1396225
41693496 718383
41693498 1771887
41693499 149999
13262529 64544
10232192 346299
41693500 324314
41693503 94688
41693507 733971
13265323 859309
41693509 219481
41693510 436679
715746 659849
41693511 150607
41693524 224129
41693525 2514144
41693526 1675899
41693527 21169
41693528 330183
41693530 346667
41693536 1115683
41693542 518195
41693543 874892
41693544 336867
41693545 894231
41693546 1418265
41693547 655
41693548 101892
41693549 102105
41693563 705208
41693564 874792
41693565 663176
3484521 356143
41693568 179794
41693569 297870
41693573 365530
41693576 1029148
41693577 200309
41693578 51438
13354143 675509
41693579 1165003
41693586 23281
41693587 60367
13439378 1713559
41693589 53645
41693590 621693
10229173 437554
41693595 452688
41693602 459971
41693603 3323195
41693604 42276
41693608 741597
41693609 392747
41693619 3772434
41693620 313989
41693621 779205
41693622 2181215
41693624 299142
41693625 615218
41693631 83433
41693632 1738058
41693642 16141
41693649 1249387
41693650 296324
41693651 2392799
41693653 384761
41693654 4865022
41693655 975928
41693663 1564746
41693667 752662
41693676 962402
41693677 66526
41693679 500938
41693684 201482
13372094 580974
41693686 1680803
41693687 624317
15144134 299912
41693688 671783
41693693 249699
41693705 394570
41693707 579146
41693708 479598
15146395 1408833
41693712 341221
41693720 42696
41693729 1008997
41693730 174183
41693731 52864
41693732 345956
41693733 342608
41693734 311447
8136806 17966
41693736 219295
41693738 361415
41693740 55086
41693746 635743
15004808 1115649
41693748 1477274
41693749 75379
41693750 2074467
41693752 803933
41693754 333610
41693764 252393
9678186 783503
41693766 66613
41693767 100480
41693768 98658
41693774 1699942
41693775 836269
41693777 1406786
41693779 363721
41693799 965181
41693810 1569965
41693811 384487
41693816 612884
41693818 649532
41693819 50034
41693827 2057586
41693828 41757
33904 54730
41693830 463595
41693836 505713
41693837 96283
41693838 323695
41693841 1488194
41693847 167107
41693853 836125
41693855 234356
41693857 241627
41693860 1177737
41693863 1053309
41693865 76725
41693871 983563
41693878 241641
41693879 276180
41693882 4093262
41693901 359081
41693905 105419
41693911 1561957
10243515 57569
41693912 255374
41693920 472246
41693294 479165
41693922 285622
3616863 1496714
41693923 3053389
41693925 339676
212219 350366
41693927 2025398
41693934 435450
41693936 180836
41693937 389456
41693948 285910
41693949 96104
41693950 842841
41693951 95249
41693954 505113
41693965 387019
14958970 21822
41693971 2507514
41693972 226406
41693975 136773
14163 77997
41693982 116944
41693984 324363
41693985 95156
41693987 489184
10238784 19071
41693991 768994
41693974 824558
41694005 21715
41694006 824524
41694011 53777
41694028 552680
41694030 653682
41694031 634231
41694040 536093
41694046 434300
41694048 334562
41694051 1208810
41694053 678491
41694057 31536
41694060 163078
41694061 659788
10197432 228807
41694063 24603
41694064 947322
41694065 100360
41694067 230856
41694084 162201
41694086 1759709
41694093 758311
515044 604870
35052523 358779
41694094 340980
33162382 482475
15018450 463192
41694096 95951
41694110 19308
41694111 330665
41694113 868097
41694118 2108031
41694123 509454
41694124 1287555
41694125 388205
41694126 715357
41694127 42551
15163801 2403909
41694136 52563
41694137 322953
41694138 915016
41694147 825230
41694148 101713
41694158 1492038
41694159 2249910
41694160 824028
41694161 962601
15096714 91378
15079544 362321
41694163 29819
41694191 109741
41694192 253507
41694193 121381
41694194 71288
41694195 585991
41694197 912296
41694202 329089
41694205 448806
41694209 219663
2014247 504512
13255747 52143
41694211 1020427
41694213 340925
41694214 983731
41694215 50514
41694218 291918
41694221 1025109
8660 65645
41694223 104470
41694224 715256
41694225 681283
41694226 513116
41694227 627983
34477669 444760
41694230 344515
41694238 356623
41694239 110560
41694240 1867274
41694241 1963150
41694242 264250
15848402 358256
32761 134292
41694249 90911
41694250 638956
4825990 301149
41694251 312631
41694253 755521
41694253 2043799
41694255 276154
41694257 219933
41694258 296965
41694265 828566
41694267 324041
41694268 789725
41694270 396895
41694274 272438
41694275 41694276
41694278 169322
41694286 701939
168999 76693
15131829 696660
41694288 103138
35052127 2203855
41694290 252046
41694294 1719406
973972 910273
41694300 590689
41694301 329195
13326220 97457
41694305 101987
41694308 509854
41694311 824252
41694315 606580
41694316 53245
41694324 297153
41694336 611938
41694337 224415
41694340 336870
41694356 1756083
15170479 329133
41694357 825191
38231034 2869682
41694358 27689
41694359 1723303
41694371 648145
41694374 72285
10235106 611672
41694375 1290503
10214760 790896
41694376 1627804
4499666 1254417
14937958 724384
41694388 52403
41694389 715389
41694398 215183
41694400 180781
41694401 658235
41694403 63933
41694414 580476
41694416 1188088
33150446 2572213
41694417 496211
41694427 224736
41694428 922298
41694429 616967
10197258 342948
41693623 251586
41694431 409041
1248745 1274255
41694432 203469
41694437 1825792
41694439 606653
10229010 538545
41694440 116254
13387317 143026
41694449 197711
41694450 1073373
41694451 107453
41694454 177174
41694468 87888
10215242 896355
41694469 100678
41694470 115698
41693327 316894
10213978 323990
41694472 82978
41694473 1655357
41694477 189085
41694479 1489534
41694482 97636
41694484 960382
41694485 111083
41694486 666289
41694487 360230
41694501 385296
13380366 624594
41694502 52775
41694503 1078924
41694504 1066319
41694506 219699
41694516 675376
41694524 100822
41694526 946162
41694530 53859
41694533 500014
41694536 2078714
41694537 296099
41694539 218351
41694540 755251
38616464 352199
41694557 537431
41694558 133816
41694559 312776
41694560 365308
41694562 1505718
41694564 397036
41694565 249912
41694566 485770
41694567 37923
41694569 396954
41694571 340411
41694579 990736
41694582 51279
41694583 335257
41694584 51651
41694585 923747
41694586 2938782
41694590 192153
41694592 227137
41694595 191512
41694599 423650
41694601 346816
41694602 234445
41694604 311734
41694610 339830
41694611 505714
41694612 1189365
41694613 1775210
41694614 360447
41694621 2586293
41693966 253463
41694641 67159
367493 77583
41694642 353307
41694645 622323
41694042 110093
41694658 320898
41694659 328833
41694660 1574964
41694662 127330
41694663 3187640
41693910 1721961
41694667 669374
41694668 209830
41694669 246899
41694671 587351
41694674 2561589
15046014 347297
41694680 212533
13373207 513117
1554569 2414889
41694682 375676
41694683 261495
41694685 213167
3094430 181643
41694691 879509
41694692 1063280
34027200 48997
41694693 280327
41694704 252420
35051906 1854441
41694708 628031
41694709 363060
41694710 249993
41694711 852561
41694713 90671
41694714 1069764
41694715 352401
41694723 525584
41694725 970675
41694726 951868
41694728 123617
41694736 917625
41694741 457699
41694747 890375
41694748 677831
10196803 489360
41694749 281002
41694763 60676
41694765 463621
41694768 333745
41694771 51274
41694773 514769
41694779 122447
41694780 338368
39485104 669565
41694785 1703656
41694788 453869
275424 671234
41694790 379200
41694792 341571
41694796 148624
25193 127777
1805848 102300
41694800 1466885
41694801 797981
41692030 145499
41694805 299763
41694806 1365482
41694809 117456
41694810 328615
41694818 1209312
41694819 580822
41694820 98799
31213 132545
41694821 313589
41694825 380588
1074617 873342
15108783 449404
41694833 1567579
41694834 1898447
41694835 753956
189461 582465
258036 753179
41694839 1620063
10234940 28571
41694873 188937
41694875 427833
29749324 288531
41694876 460796
41694886 659004
41694890 370216
41694892 118498
41694893 21710
1096931 329221
41694895 1823434
41694898 361646
41694900 836863
41694901 159431
41694902 1016955
41693967 469315
41694905 989841
41694909 1091494
1264618 394982
28671151 217044
41694910 400544
41694913 93596
41694916 626593
41694918 227537
41694920 108339
41694921 1767527
15107431 529195
41694927 542796
41694930 764486
41694934 330581
41694940 422758
41694941 618136
41694942 221303
41694944 332423
41694947 341741
41694948 344361
4307084 52570
41694949 49529
41694950 852710
41694954 530808
41694955 2809192
41694970 534666
41694974 1757218
41694977 54063
41694984 993466
41694989 1065148
41694990 146129
41694991 912792
4431994 2900647
41694995 52148
14329397 1210726
41694996 736687
2413759 1191714
41695004 322672
41695005 1232168
41695009 907911
41695022 409200
41695023 764942
41695024 2869216
41695032 434708
1444416 249930
41695033 667398
41695036 394311
41695037 396529
41695045 276324
8329728 929448
41695047 1741341
41695048 64545
41695061 115637
41695072 295773
15086588 252340
5021460 672812
41695074 101489
10587175 122218
41695078 2996194
41695083 1363688
41695084 301077
41695085 977561
41695088 82828
41695090 51361
41695091 431567
41695092 488309
41695094 2873181
41695095 1750963
41695100 385181
41693804 1441671
13276116 1499977
41695116 122089
41695117 98552
41695119 690860
41695121 61771
41695122 703820
41695125 22451
41695126 206468
41695128 479482
35053220 173026
15110771 1132774
41695135 95002
2437606 51522
41695140 602821
41695141 1198064
41695146 20064
10137319 103862
31562 132871
249898 741050
41695151 3012709
41695152 4861
41695154 333657
41695158 606767
35048096 453809
41695163 58044
10233399 500374
41695165 316204
41695166 435395
41695169 339580
32269 133800
41695170 37295
41695172 389371
41695173 232511
41693035 5161
41695181 94445
41695183 343183
41695185 2025887
41695188 400123
41695191 312671
41695196 638684
41695198 220048
41695202 224060
41695207 692950
41695212 164249
41695213 325508
41695214 19408
41695227 706552
41695232 346161
41695233 295965
13262302 890143
747945 995644
41695238 1456653
41695239 32502
41695243 297622
41695245 233357
41695246 61777
10196687 403730
41695249 116951
41695250 396611
41695255 49571
29894178 328638
31661 132991
41695259 241678
33842982 215424
41695271 1311131
41695272 98510
41695273 205013
13339581 1240985
30500601 829942
41695281 158523
41695286 622595
15117861 194695
2464678 727416
41695288 507357
41695304 41922
41695306 809471
41695307 884475
41695308 1233188
41695316 1718521
41695317 96101
38788103 1007742
41695321 654991
41695323 38891
41695324 1200558
41695327 917389
41695333 898543
31128 35459
41695336 334039
41695340 420343
41695343 132109
41695352 223608
41460888 390789
41695357 1365852
41695359 3102093
41695360 123343
111641 366894
41695372 13332
41695374 23283
41695380 278528
41695382 202438
41695390 1151847
41695392 910208
41695394 1612843
41695396 99524
41695399 4882589
14907765 94108
41695400 17880
41695403 330512
41695404 110094
15032618 623712
41695408 339203
41695410 148655
9059399 98760
14922997 397573
41695417 90543
41695420 394720
41695424 219480
41695425 776658
41695426 243663
41695428 2213450
41695436 297208
41695438 640069
10233336 196318
41695446 117898
41695447 348157
41695448 364578
41695449 165538
41695451 251455
41695455 1414001
41695457 206789
41695459 97379
41695461 57066
41695462 962349
41695463 362064
41695465 534426
41695467 52281
41695474 1247375
41695475 488275
41695476 354419
41695478 568566
41695479 425041
41695480 150556
31770765 103059
41695485 353427
41695486 449375
41695488 611939
41695490 607424
41695493 397226
41695494 190417
10247197 3603967
41695505 665497
41695508 368333
41695515 51074
41695516 781320
4604201 1023317
294556 464493
41695529 71836
41695531 665570
41695533 695591
41695538 217210
41695544 428797
10232723 828047
41695554 101382
41695565 686235
41695578 3672086
41695581 157926
41695583 332288
41695584 332249
41695585 1342620
41695588 440443
41695591 390188
41695598 1180126
41695601 1939002
41695613 160243
41695614 584773
41695620 442193
41695623 5552229
41695624 361465
41695629 86742
41695630 889479
41695634 878077
41695644 2696726
41695647 59890
41695649 92395
41695650 1855106
41695653 94444
41695656 234169
41695657 85550
41695661 634130
41695664 1029176
41695665 1283804
41695666 21711
41695673 392221
41695674 856
41695686 1103579
39609892 855950
41695694 3205
41694776 17130
41695704 775021
14992872 1034459
610137 242883
3164575 288537
41695717 100870
41695723 2002583
41695727 673478
41695728 1169654
41695731 52557
41695732 493295
41695733 234893
41695734 449296
10231185 94379
41695741 50847
41695748 500917
2616676 333038
41695750 589105
41695754 1653516
14937959 19043
41695763 3367706
41695769 181262
41695776 41695777
41695781 554417
41695785 859059
3061317 289905
41695789 620346
41695793 363451
41695797 31715
41695809 1317827
41695813 200830
41695814 96194
41695815 1617766
41695822 94963
41695828 1407007
10233720 2985014
41695834 93238
41695835 344822
41695837 1792693
41695844 1196558
41695857 705306
41695859 418169
41695865 221974
41695869 3024593
41695872 31716
41695877 143600
41695881 609360
854095 339341
2874561 1707626
41695887 194014
40008360 156267
41695902 858162
41695903 202106
41695904 345524
41695906 3532482
15146382 26882
41695910 895693
41695912 396293
41695915 893150
41695918 880706
41695927 251769
41695930 583051
41695936 286076
41695938 379097
41695947 160500
41695948 4198455
41695952 953578
41695956 2287988
10215165 101597
41695959 1056558
41695960 826592
41695964 339829
41695969 459923
41695985 92391
41695986 2142518
41695991 281607
41695992 194270
41695993 756942
41695995 246119
41696002 87924
41696005 139708
4945477 312630
41696009 236423
41696021 879283
41696026 681797
14994704 341365
41695129 296030
377330 173059
41696032 869911
41696035 890773
41693831 848378
41696039 858288
14988884 639183
10214575 976929
41696045 383707
41696046 213929
41696047 641980
41696051 4879796
41696052 333749
366720 551125
41696058 48968
41696063 2952432
41696073 1488251
41696077 566782
41696083 541679
32855018 2008951
41696087 576491
41696093 92575
41696096 904413
41696097 221560
41696098 355110
41696102 757886
41696103 93547
41696104 18046
41696105 392486
41696106 1249560
41696110 160736
41695356 2774385
41696112 899453
41696115 108744
41696117 820709
41696120 716151
41695637 735031
41696121 4892650
41696135 53372
41696137 997918
41696139 55305
41696142 3131142
41696143 202938
41696144 946940
41696146 327109
41696147 396778
41696148 235254
41696150 27688
41696151 1143615
41696154 100438
41696155 230037
41696156 499026
15048653 504253
41696166 816185
41696167 626541
41696173 105329
41696174 3122723
41696175 332420
41696177 273294
10228569 23549
41696183 2853138
41696184 159430
41696186 18936
41696187 97509
41696189 455474
41696194 562297
41696197 1520922
41696198 87580
3951298 78042
41696200 78188
41696202 361514
41696204 995351
41696206 909047
41696209 54408
41696210 450824
4765986 1350269
41696222 616611
15183321 1503683
15140415 1309790
41696244 616673
41696246 518933
15144146 932779
41696252 340877
41696253 1391171
41696254 622771
41696257 349966
41696260 10348
41696261 444845
41696264 927341
41696267 393786
41696277 621920
41696279 92988
41696281 962240
41696285 295678
41696286 257811
41696288 1612013
41696290 2880844
10215409 397071
41696291 620310
41696294 341485
41696297 438394
969662 228832
41696299 633843
41696303 27082
10232827 343904
41696307 739648
41696310 1672975
41696311 316683
41696312 65893
41696314 803556
14994174 1513485
41696317 325559
41696318 989988
41696326 613418
41696331 709106
41696335 356019
41696336 110041
41696340 541593
41696342 2890110
41696345 208580
41696346 600671
41696349 377373
41696350 362464
41696352 3308716
41696353 671147
41696354 2156801
41696355 642477
41696356 158659
41696358 112159
41696365 1406692
41696368 836745
41696371 121017
41696372 668745
41696374 332390
41696379 2178028
41696380 555381
41696381 190662
41696385 606981
41696388 79375
41696389 867343
41696393 330599
38616450 2749872
41696397 936462
41696399 1710033
41696401 2862312
41696403 995348
41696422 149816
15090067 827860
41696426 670618
41696429 705121
41696432 292923
41696437 93594
41696439 101168
41696440 1522968
41696441 1659703
10215630 336190
41696442 132685
41696444 962382
4905355 856723
41696446 262005
41696447 118380
41696449 48669
30504238 3280745
41696456 21891
41696457 1720215
18219 92071
41696461 607039
41696462 1724980
15152214 327727
41696464 358483
41696466 238360
41696478 455493
41696481 719843
41696484 237080
41696487 39079
41696488 350374
41696490 1791745
41696491 1207230
41696497 1566808
41696501 2382138
13263964 219995
41696502 213182
41696503 574481
41696511 67201
14970779 946139
41696514 963957
41696515 917794
41696521 146672
41696523 220476
41696527 328874
15152219 245224
41696535 95958
41693383 635238
41696536 634417
41696537 53189
41696538 729910
41696539 1007113
41696540 2556250
41696541 1308489
41696543 346817
41696544 1141971
41696548 47222
41696550 555385
41696551 58040
41696553 48995
41696554 736385
41696556 3066051
41696557 291989
14979878 2299988
41696565 96045
41696566 167303
41696568 26476
41696573 792121
41696574 100479
41696576 586614
41696577 29137
41696517 1673244
41696590 343078
41696591 1732687
41696593 331534
41696595 359041
41696596 609363
41696597 248536
2472926 681869
41696599 1100853
3635091 785223
810290 1612246
41696619 2572503
41696622 875514
41696623 232339
41696625 180891
41696628 118499
27331 49759
41696630 98994
41696631 89895
41696633 185406
41696653 137452
41696655 687671
41696658 278826
41696659 226589
41696660 92866
41696663 233636
41696669 1662304
3119213 606516
41696672 85001
41696673 458117
41696687 566509
41696694 877188
41696697 332625
41696699 233807
41696700 233871
41696701 220313
41696702 49395
41696704 51776
41696705 673857
41696706 336994
41696708 387017
41696709 1105085
41696713 216074
41696726 338944
41696728 1987151
41696734 3377982
41696737 8074
41696739 163240
41696745 462328
41696662 391908
41696752 35423
13402036 1940514
41696758 131667
41696759 622225
41696760 1725317
61383 103350
41696764 28285
41696766 888456
41696768 392343
41696769 3368157
41696771 964830
41696772 333946
41693417 206712
41696773 721268
41696775 623460
14927412 1306674
41696778 331780
41696789 327390
15128727 522652
41696793 782547
71661 263281
2724013 589365
41696797 2230737
41696798 1096156
15144144 3545958
61457 241700
41696813 122927
2126752 121808
41696815 333045
41696816 99045
41696819 170097
41696820 130325
41696823 214201
41696824 165464
41696825 883238
41696827 158028
41696828 818645
41696829 1308379
41696830 191150
15146362 1711646
41696831 1097690
41696832 827551
760637 1300265
41696837 3167655
41696842 641383
41696847 207771
41696849 477580
41696851 101826
41696852 822486
41696853 1438115
41696854 1029049
13290390 60764
41696857 108043
41696858 84663
41696859 122449
41696860 733379
41696861 274532
41696862 18887
41696867 177217
41696868 108931
41696869 2177
41696870 164581
41696871 365908
14904396 915209
41696875 112245
41696878 52507
41696879 504306
41696882 125483
41696895 471293
41696896 991193
41696897 352201
41696900 1510765
41696902 305986
41696906 393460
41696907 658143
41696908 334031
41696916 312583
41696917 1350705
41696919 1307531
41696920 11711
41696924 38020
41696927 612425
41696930 333570
41693336 41693337
41696953 425607
41696957 276130
41696958 100518
41696960 376170
41696964 402962
41695861 94518
41696973 51431
41696974 94452
41696975 53114
41696382 362660
41696977 52147
10409303 962056
41696978 1289901
41696989 95718
41696990 2145
41696991 548188
41695860 325023
41696995 313830
41696997 348958
41696998 238001
41696999 756056
41697000 648823
41697002 78210
41697004 634129
41697005 2349171
41697006 424746
41697007 96155
41697008 2531696
41697017 770073
41697018 1249805
10235104 284143
41697020 673004
41697023 223089
41697024 775067
34477986 659558
41697025 62981
34444749 341907
41697026 1554381
41697027 7480976
41697032 1484809
41697033 453143
41697034 192375
41697035 701201
41697036 1859670
41697038 3273428
41697040 371996
41697041 515283
41697043 2235733
41697044 669569
41697048 354475
41697050 83127
41697051 82236
41697060 3329576
41697068 1974720
41697070 383939
41697071 913113
41697075 95541
41697078 641730
41697079 316768
41697082 105474
41697086 432714
41697087 638551
41697089 649074
41697090 400251
1112537 1984474
41695907 1265302
31767 112006
41697101 1067737
41697102 511953
41697103 2612098
41697105 2984787
41697106 665496
41697109 24809
41697120 242692
10186838 702451
41697127 215785
10213821 67999
41697130 3706778
41697131 1685858
41697136 628240
41697139 686576
41693639 862200
41697141 217566
41697142 1420843
41697144 223813
41697145 3315135
41697151 734300
41697162 346250
41697166 866523
41697173 201556
41697176 900844
41697177 295848
41697179 51080
41697182 330441
41697190 169561
223956 104533
41697196 1417787
41697200 122516
41697205 47126
4830296 222117
41697207 65896
41697209 191088
41697210 576241
41697212 341181
41697213 32926
41697225 481294
41697227 63520
41697232 930130
41697234 602875
41697236 973877
41697238 241525
41697241 223272
41697248 214844
41697249 2048238
41697250 1576416
41697252 1198940
14985669 397038
13488339 284694
41697260 317168
41697261 29462
41697263 1566894
41697264 3484532
41697267 570705
41697268 352096
41697269 74111
41697270 566039
41696545 106699
41697273 847871
41697274 537149
41697275 51065
41697280 767599
41697281 36247
41697283 2390750
41697284 290588
41697285 325920
41697288 43548
41697289 3866112
41697290 624852
41697291 945778
41697294 381140
10214396 36474
41697296 690035
41697298 392893
41697300 1082047
41697301 180592
38823813 6372
754500 913812
41697304 372049
41697305 830759
41697306 53244
41697307 27790
41697311 396168
41697314 100131
41697315 185081
41697317 280820
41697325 99776
41697328 87925
41697330 118496
41697331 1054830
41697332 536794
41697346 365386
41697348 228211
41697349 736958
41697352 92393
41697353 858289
41697355 363063
33140656 223858
41697369 650011
41697370 1482923
12166954 597202
41697371 119881
41697373 489559
41697376 74932
41697378 922927
41697381 884833
41697385 278157
41697386 645042
10231434 1401945
15149057 858693
41697390 946936
41697395 84325
41697396 242152
41697399 196497
41697401 219545
41697402 1413801
41697403 572161
41697404 264076
41697405 463127
41697413 97168
41697415 1265373
41697416 253353
41697419 2376566
13267064 1787232
30569 44766
41697428 41697429
41697431 87883
41697432 382318
41697433 2061559
41697436 332248
41697441 1717386
41697444 172017
15144143 2580490
588189 92200
41697453 323562
41697454 1229097
41697455 37237
41697456 98164
41697458 185065
41697459 1799253
41697460 1438124
41697462 1950388
41697464 1704742
41697466 1623
41697473 649807
41697475 102397
41697476 1023272
41697483 158522
41697489 664571
41697492 93116
39678195 950229
41697503 658918
4363168 96439
41697504 637559
41697505 225153
41697506 630089
13401875 792313
41697507 157928
41697512 913010
34363133 18441
457631 1119238
2501122 1669868
41857603 540443
4764688 2058470
41946216 320823
34038467 1537640
42092162 1390784
30739514 683727
4051202 365808
43233033 64123
34181150 389770
3762008 1411735
43398746 326854
43398835 94747
43398842 500310
43399426 1488307
43399587 43399588
43399645 364584
43399955 328939
43400081 917795
43400082 43400083
43400423 139147
43400452 217571
43400456 389575
43400473 2706815
43400482 898276
43400588 2659853
43400888 317786
43400910 1452349
43401020 1314486
43401021 324799
43401062 1005994
43401065 101039
43401170 1312511
43401174 104744
43401264 572071
43401289 62877
43401316 392146
43401400 4892661
43401546 927049
43401555 462525
43401556 431575
43401563 336761
43401565 521215
43401567 106764
39676370 330402
43401593 333450
43402775 639291
63055 219665
43403118 333369
43403134 1047617
43403135 480576
43403136 547741
43403159 89850
43403163 2481936
43404075 246503
43682694 280412
43810323 2091468
43810534 2517040
43814530 4375918
44125889 429252
29874 131272
68674 151790
26120 128564
26740 128949
11771 73093
24565 126991
44126075 1504305
44126076 3028092
44126083 1976399
44126085 13800456
44126218 853243
44126222 39289
32813779 710237
44126999 978869
747791 295847
44127407 338910
44127417 1387207
44127433 123683
44127449 953148
44127459 345958
44127482 108746
44127519 998836
44127622 134385
8558 65212
44127687 3467444
44127781 2082790
1336983 948594
548725 824712
44127864 302282
44127968 192649
44128086 1590189
44128124 935303
44128129 554624
43666256 364030
44128236 916081
44128252 1087046
44128471 419976
44128482 891330
44128591 1830709
32167 133701
32668 134199
9469 68083
10978 71619
60641 240982
44129166 1097489
60722 128056
3341547 220614
11162 72095
11162 72096
44131183 13311984
30680 132183
44131336 105378
44131352 56708
44132131 217865
44132969 1281723
10213999 1004742
44134685 874270
44136007 660578
44136023 399326
10214004 190927
44138519 188418
44138877 496424
9059382 403860
44139698 333655
44139892 320857
44139992 369891
44140687 437437
44140848 778419
44141908 360932
44143930 397042
44144613 292138
44144724 331779
44144789 829941
5021444 97202
44145961 654166
44146020 713211
44146060 685174
44146517 161576
44147382 927793
15094391 909728
44150418 495048
44150433 68532
44150437 756341
44150448 385821
44150538 202362
44150607 125121
31411 132665
305586 249166
44152436 2426721
44152816 341304
44155358 1582566
44155477 959987
44157652 3408560
44160589 202230
44160596 884479
398997 96195
44160622 3991082
44160643 72565
44160652 519977
44160654 2162918
44160657 98509
10231115 896540
44160681 398235
44160685 121078
44160714 219607
44160880 882949
15160578 842872
229767 105274
44160966 424149
707255 659649
514212 258101
44161011 671318
44161038 352303
44161059 611845
44162240 5469
44162241 42322
44162242 299643
44162243 64945
44162244 99520
44162245 1602583
44162246 890827
44162247 1321205
44162248 828846
44162249 208770
44162250 44162251
44162252 44162253
44162254 246159
44162255 40306
44162256 384046
44162257 349701
44162258 38852
44162259 280523
44162260 698249
44162261 251025
39668250 911828
44162262 914915
44162263 336716
44162264 477586
44162265 857573
44162266 444962
41697081 415565
44162267 721267
44162269 1255414
44162270 1289544
44162271 1751460
44162272 325690
44162273 98598
44162274 30990
44162275 2398104
44162276 176323
44162277 546856
44162278 986186
44162279 510187
44162280 363804
44162281 52836
44162282 101034
44162285 6628
44162286 140562
240219 688070
44162287 280588
44162288 209977
44162289 142029
44162290 674088
40044433 105356
44162291 328978
44162292 893148
44162294 2232401
44162295 320896
44162296 42273
44162297 4038
44162298 391992
44162299 323878
44162300 385925
44162301 142423
44162302 654
44162303 188549
44162304 543728
44162305 1417754
44162307 1708620
44162308 691003
44162309 642537
44162311 134469
44162312 1891556
44162313 924305
44162314 349125
44162315 104062
44162316 8898
44162317 654396
44162318 1241057
44162319 100403
44162320 1433492
44162321 873376
44162322 59789
44162323 328518
44162324 58949
44162325 1122102
44162326 137513
44162327 397640
39665523 575902
44162328 478965
44162329 299823
44162330 715332
44162331 2010129
44162332 351382
44162333 612370
44162334 1202934
44162335 1753121
44162336 1006576
44162337 1006576
44162338 1138441
44162339 497736
44162340 944463
44162341 573551
44162342 884476
44162344 3532512
44162345 14339
44162346 648273
44162347 952719
44162348 443292
44162349 295146
44162350 1659719
44162351 871611
44162352 3076610
44162353 154330
44162354 914544
44162354 912426
44162356 859013
44162357 959793
44162358 1602034
44162359 1042429
44162360 393842
44162361 588849
44162362 477937
44162363 1464449
44162364 327353
989200 756206
44162365 338947
44162366 196218
44162367 43099
44162368 1089236
44162369 1581953
44162370 835946
44162371 1004585
44162372 1062495
44162373 180722
292887 355299
44162374 353551
44162376 3330492
44162377 1098014
44162378 117470
44162380 1087048
44162381 901699
44162382 470735
44162383 280898
44162384 438334
44162385 490894
44162386 831606
44162387 215318
44162388 215262
44162389 1429131
44162390 507794
44162391 192079
44162392 810229
44162393 99774
44162394 161358
44162396 401793
44162397 2213320
44162398 682232
44162399 317843
44162400 389158
44162402 1063719
44162403 2587752
44162404 592007
44162405 284728
44162406 65974
44162407 465952
44162408 995704
44162409 1908485
44162410 2134060
417124 1056650
44162411 532935
44162412 50136
44162413 77582
44162414 371378
44162415 202586
44162416 1852635
44162417 1121974
44162418 64173
44162419 215385
44162420 669493
10235435 21101
44162422 418673
44162423 677886
44162424 660889
44162425 198583
44162426 681621
44162427 487077
44162428 887824
44162430 807199
44162431 241638
44162432 120907
44162433 664017
44162434 504703
44162436 736761
44162437 1813012
44162438 407822
44162441 793546
44162442 1458617
44162443 1286129
44162444 2552199
44162445 97670
44162448 17124
44162446 19585
44162450 2148545
44162452 1553132
44162453 671278
44162454 454950
44162455 944464
44162456 898170
44162457 52724
44162459 53885
44162460 248730
44162461 47040
44162463 1141025
44162464 2566470
44162465 1218529
44162467 77552
44162468 1339353
44162469 299648
44162470 1520877
44162471 44162472
44162473 1491822
44162474 501441
44162476 5466
44162477 1026099
44162479 434202
44162480 384278
44162481 2036082
44162482 299349
44162483 73594
44162484 695491
44162485 445154
44162486 463755
44162487 174352
44162488 17881
44162489 591720
44162490 308646
44162491 713009
44162492 308643
44162494 121189
44162496 104947
44162498 44162499
44162500 305515
44162502 44162503
44162504 44162505
44162506 314980
44162507 3204482
44162508 961435
44162509 3028800
44162510 249873
44162512 2839995
44162513 1539670
44162514 249770
44162515 468607
44162516 53430
44162517 2281968
44162518 52395
44162519 624703
44162520 3359418
44162521 2615078
44162522 1414277
44162523 53604
44162524 1935556
44162525 3112144
44162526 1890181
44162527 4597653
44162528 1379726
44162530 739629
44162531 51187
44162532 369673
44162533 211360
44162535 136139
44162536 1486307
44162537 501343
44162538 3919126
44162539 2873555
44162540 668569
44162541 584026
44162542 521244
44162543 977558
44162544 1375417
44162545 84104
44162546 676985
44162547 1718509
44162548 1978108
44162549 3193038
44162550 2487327
44162551 3365911
44162552 4370767
44162553 619570
44162554 110013
44162555 3122352
44162556 104829
44162557 740025
44162558 740362
44162559 987636
44162560 2605378
44162561 3545757
44162562 389830
44162563 347230
44162564 4882659
44162565 249892
44162566 42613
44162566 92138
44162567 2691420
44162568 99039
44162569 830707
44162570 507055
44162571 3877476
44162572 2599260
44162574 44162575
44162576 3508090
44162577 1246384
44162579 349090
44162580 78076
44162581 49228
44162582 1121584
44162583 2288303
44162584 1672353
44162585 992242
44162588 465149
44162589 2868806
44162590 1493674
44162591 8728
44162592 5545
44162594 38439
44162595 299287
44162597 2144414
44162599 2166528
44162600 1813087
44162601 32818
44162602 353388
44162604 1711966
44162605 2329545
44162606 1018241
44162607 1405791
44162609 12453
44162610 257856
44162611 4852911
44162612 52565
44162614 82235
44162615 15333
44162616 856479
44162617 484887
44162618 1594946
44162619 527762
44162620 350305
44162621 224846
44162622 1067742
44162623 2819163
44162624 1948361
44162625 4782236
44162626 1617882
44162627 2689326
44162629 38621
44162630 37582
44162631 99841
44162633 3052298
44162634 109464
44162636 178964
44162637 908464
44162638 470552
44162640 2969949
44162641 322791
44162642 3666890
44162643 42805
44162644 2089948
44162645 1009808
44162646 2324872
44162647 747064
44162648 53551
44162650 1081409
44162651 9625
44162653 3348178
44162654 25567
13441542 2403876
44162655 1853164
44162656 2733901
44162657 921838
44162658 3016162
44162660 1577555
44162661 4873840
44162662 929445
44162663 261556
44162664 3308613
44162665 2660513
44162666 2808536
44162667 2640939
44162668 327632
44162669 1257269
44162670 831539
44162671 109692
44162672 1644046
44162673 451723
44162674 2808548
44162675 194092
44162676 83120
44162677 1208199
44162678 1707810
44162679 2502805
44162680 2487006
44162681 1406186
44162682 591058
44162683 67145
44162684 760153
44162685 1306087
44162686 664827
44162687 1601341
44162688 493383
44162690 1967668
44162691 393501
44162692 1606244
44162693 3876740
44162694 1847113
44162695 951168
44162696 213368
44162697 1446463
44162698 1405529
44162699 1602743
44162700 1842641
44162701 350248
44162702 831390
44162703 1304276
44162704 348490
44162705 294888
44162706 3182238
44162707 208314
44162708 353204
44162709 1713062
44162710 1842107
44162711 1485215
44162712 339588
44162713 721830
44162714 1374838
44162715 689223
44162716 959706
44162717 1325796
44162718 882827
44162719 687748
44162720 108491
44162722 949945
44162723 52923
44162724 652381
44162725 54406
44162726 1823081
377672 878002
44162727 2142531
44162728 220704
44162729 1350649
44162730 448560
44162731 633489
44162732 1548384
44162733 1717494
44162734 826548
44162735 822657
44162736 895145
44162737 1749532
44162738 92207
44162739 915473
44162740 2879463
44162741 1308827
44162742 846942
44162743 510022
44162744 147111
44162745 91965
44162746 2366072
44162747 2299785
44162750 1597064
44162751 2461624
44162752 1342155
44162753 1578735
44162754 54660
44162755 325885
44162756 542034
44162757 1240001
44162758 416393
44162759 3085081
44162760 142972
44162761 274624
44162762 651
44162763 180683
44162764 1937267
44162766 199065
44162767 91626
44162768 35463
44162770 572726
44162771 164640
44162773 1237301
44162774 200832
44162775 1120065
44162776 1686286
44162777 399805
44162778 1207957
44162779 173550
44162780 275365
44162782 213366
44162783 2309456
44162784 723668
44162785 200159
44162786 2182691
44162787 44162788
44162789 1828731
44162790 90495
44162791 2501387
44162792 719552
1060175 1074787
44162794 153344
44162795 2204451
44162796 75957
44162797 666182
44162798 1335387
44162799 1333569
44162800 169267
44162801 54866
44162803 565259
44162804 48776
44162805 10790
44162806 1617707
44162807 815436
44162808 5598
44162809 60116
44162811 2140471
44162812 2367770
44162813 154337
44162814 627524
44162815 1745714
44162816 772195
44162817 1777938
44162818 1780081
44162819 1843788
44162820 107619
44162822 1066936
44162824 678137
44162825 411443
44162826 2558001
44162827 1799036
44162828 3725660
44162829 1582485
44162830 1198727
44162831 2998406
44162832 312632
44162833 58289
44162834 967996
44162835 123205
44162836 385828
44162837 332487
44162838 3481702
44162839 397492
44162840 238003
44162841 35780
44162842 2426397
44162843 312042
44162845 862610
44162846 1823625
44162847 44162848
44162849 1750664
44162850 436039
44162851 288325
44162852 598755
44162854 1942519
44162855 584285
44162856 124796
44162857 325515
44162858 475758
44162859 3327584
44162860 687576
44162861 554111
44162862 9554101
44162864 328733
44162865 3032592
44162866 1511298
44162867 342242
44162868 425307
44162869 1041305
44162870 1420505
44162871 44162872
44162873 1439163
44162874 216892
44162875 1359303
2927617 698165
44162876 219827
44162877 341033
44162878 124799
44162879 1842721
44162880 107939
44162881 650682
44162882 325372
44162883 63521
44162884 815854
44162885 676321
44162886 1412
44162887 4032180
44162888 181750
44162889 44053
44162890 1028553
44162891 1246100
10233675 149752
38444945 6344187
44162355 96158
44162892 676078
44162893 345525
44162894 1091701
44162895 633065
44162896 40838
44162897 634972
44162899 623488
44162900 5084
44162901 12989
44162902 10347
44162903 33783
44162905 24015
44162906 7122
44162907 979102
44162908 518026
44162909 2318088
44162910 2178441
44162911 1132477
44162912 7136967
44162913 2441066
44162914 2876907
44162915 513008
44162916 3046787
44162917 4072
44162918 485100
44162919 1456910
44162920 3851704
44162921 291826
44162923 697139
44162924 430033
44162925 1744652
44162926 1517879
44162927 1618658
44162928 285779
44162929 1336520
44162930 87288
44162931 225668
44162932 291866
44162933 193101
44162934 809836
44162935 453520
44162936 2289571
44162937 2693604
44162938 3594863
44162939 353309
44162940 151191
44162941 5067352
44162942 692013
39804405 37238
44162943 273285
44162944 223921
44162945 2468259
44162946 392842
44162947 3632544
44162948 124132
44162949 3748594
44162950 67387
44162951 226289
44162952 866824
44162953 1362130
44162954 321837
44162955 582935
44162956 865333
44162957 634161
44162958 6194869
44162959 165791
44162960 150361
44162961 338369
44162962 152252
44162963 821371
44162964 3381336
39680196 100613
44162965 333654
44162966 3380579
44162967 121
44162968 98277
44162969 2778503
44162970 3923979
44162971 1754418
34427783 1580465
44162972 2774156
44162973 1800660
44162974 321308
39831136 180686
44162975 51289
44162976 660939
44162977 915567
44162978 186757
44162979 54085
44162980 388746
44162982 35266
44162984 96666
44162985 46169
44162986 100823
44162987 219828
44162988 39501
44162989 1666689
44162990 336637
44162991 250511
44162992 814366
44162993 371676
44162994 619086
44162995 63648
14994097 1006253
44162996 886026
274494 450789
44162997 105529
44162998 220672
44162999 196822
44163000 326041
44163001 2601192
44163002 393697
44163003 21820
44163004 663457
44163005 73774
44163006 1164111
41677919 899205
44163007 520934
44163008 923438
44163009 123299
44163010 100478
44163011 785675
44163012 86015
44163013 893008
44163014 444304
44163015 413491
44163016 42324
44163017 462644
44163018 650301
44163019 96483
44163020 862911
44163021 337453
44163022 42806
44163023 103631
44163024 120860
44163026 952720
44163027 663143
35048218 48442
44163029 505392
1109785 1981967
44163030 1277807
44163031 217645
44163032 667984
14883745 287139
44163033 2554515
44163034 947411
44163035 314322
44163036 394572
44163037 512504
44163038 174290
44163039 110007
44163040 425530
44163041 49141
1093479 726183
44163042 968478
44163044 299988
372124 973245
5124 46064
