5034354 5034363
5035160 5035174
5038135 5038144
5039583 5039590
5039631 5039642
5040420 5040429
5043230 5043243
5047445 5047455
5051483 5051493
5052771 5052786
5055894 5055899
5056453 5056462
5057298 5057307
5058688 5058698
5060587 5060597
5066096 5066104
5066245 5066253
5068399 5068410
5068763 5068771
5071062 5071073
5072588 5072605
5074485 5074494
5077965 5077972
5079309 5079314
5083514 5083524
5088583 5088592
5091262 5091272
5092646 5092657
5096137 5096154
5097951 5097962
5101841 5101849
5104633 5104643
5111140 5111145
5113163 5113177
5113404 5113419
5114858 5114870
5114917 5114926
5115160 5115177
5115321 5115333
5119415 5119429
5125566 5125573
5126205 5126218
5128520 5128528
5130037 5130045
2552228 3199591
5135901 5135912
5136008 5136018
5138049 5138056
2869301 3419509
261054 756884
5167479 5167487
5167761 5167769
5172388 5172399
5172595 5172602
5173741 5173754
5177918 5177926
5179102 5179113
5186053 5186060
5193324 5193331
743055 1517060
5208069 5208080
5211168 5211180
5211542 5211552
5039585 5039602
5215564 5215570
5218163 5218171
5220267 5220278
5225271 5225285
5230422 5230428
5235499 5235508
5240455 5240468
5254750 5254760
5254988 5254995
5255574 5255584
3314430 3736914
4213103 4324567
5260653 5260665
5265248 5265263
5265619 5265633
5267104 5267116
5153737 5153768
2357116 3053773
5269226 5269235
5274135 5274140
5291183 5291194
5299842 5299849
5303083 5303096
5308915 5308925
5316170 5316181
1448818 2317920
5319595 5319603
5327151 5327160
5334915 5334932
371940 972316
5346356 5346366
5347875 5347883
5349147 5349154
5353590 5353600
332149 903814
5374164 5374167
5384633 5384641
3840831 4080228
5396999 5397004
115283 371897
5401043 5401057
1313567 2185395
353517 943926
5422952 5422966
5427849 5427863
1096368 1962132
5439952 5439965
5445321 5445333
5446527 5446543
5459337 5459352
5463070 5463082
5464003 5464014
5464788 5464799
5478819 5478830
5488218 5488223
5492096 5492107
5492801 5492809
5493441 5493446
5498574 5498583
5503232 5503237
5504313 5504325
5507271 5507283
5513789 5513801
724637 1487412
5516573 5516579
5523732 5523744
5537338 5537347
5539424 5539437
5545357 5545369
5554167 5554180
1814687 2625505
5561165 5561177
5566315 5566326
5567419 5567432
5569355 5569366
5569715 5569727
5578935 5578951
5581070 5581075
5583268 5583282
5584441 5584448
5588748 5588760
5594199 5594204
3644723 3956976
5599141 5599151
5603292 5603304
5613347 5613353
5616235 5616246
5619894 5619901
5624690 5624700
2359490 3055723
2636698 3260336
5639322 5639335
1339909 2211541
5663643 5663654
5672134 5672140
5676893 5676898
5684189 5684200
4913179 4913196
5692629 5692638
5698327 5698332
5698702 5698710
5699538 5699544
5703036 5703053
5706675 5706685
5712061 5712074
5713828 5713838
3055710 3552920
5724669 5724680
5724713 5724721
5735768 5735775
5736785 5736801
5741709 5741719
5376290 5376312
1490155 2356732
5753189 5753201
5762133 5762139
5767438 5767448
5768061 5768070
5108990 5109013
5769366 5769374
5771473 5771486
5772060 5772066
5772239 5772249
5781942 5781953
742952 1516844
5786087 5786097
5786569 5786578
5791498 5791507
2081997 2836499
5801595 5801605
5807438 5807450
2420976 3106912
5819705 5819711
5824392 5824404
5825316 5825329
5827173 5827182
5832765 5832774
5835989 5836003
2722535 3314417
5847764 5847770
5858298 5858309
5862510 5862517
5326075 5326118
5866399 5866409
5868153 5868165
5872030 5872035
5872116 5872134
5875339 5875349
5875901 5875908
5875913 5875928
5876053 5876069
5877750 5877761
5877750 5877762
5878185 5878196
5038137 5038159
5886616 5886624
5896256 5896267
5907281 5907291
5911628 5911634
5918764 5918773
5920407 5920416
5925862 5925875
5930092 5930101
1490156 2356770
3229142 3678855
5937435 5937446
5943304 5943317
5956091 5956103
3803942 4050817
1398913 2273874
5502439 5502453
5968329 5968346
5973510 5973517
5984846 5984856
5985668 5985678
5993689 5993697
5998127 5998141
5999070 5999080
371942 972352
2590630 3226369
6019497 6019508
6026531 6026539
6030401 6030408
5171441 5171464
2504608 3173321
6042129 6042136
6043792 6043800
6049713 6049723
6056567 6056573
6059055 6059064
5071769 5071794
5101843 5101865
6069386 6069397
6093844 6093853
6108021 6108034
6110218 6110226
6112795 6112807
6127752 6127762
5567422 5567454
6136568 6136574
6162641 6162649
6163531 6163539
6166370 6166380
6178405 6178415
6181885 6181896
6199446 6199451
6203568 6203576
6215677 6215687
6218179 6218193
6226733 6226738
724675 1489058
743369 1517899
743369 1517900
6263201 6263211
6263639 6263649
6285276 6285290
359060 957758
373103 975313
6291646 6291652
6293080 6293093
6294838 6294843
6302549 6302559
6310257 6310266
6312365 6312375
6314047 6314055
5376292 5376341
6337475 6337488
4962131 4962151
6348699 6348707
6352770 6352782
6360212 6360221
6363375 6363385
2504609 3173367
6367095 6367102
1002002 1851341
6377924 6377933
6392495 6392506
6400761 6400773
6401963 6401973
6420387 6420397
2468747 3146048
5578938 5579002
6428771 6428777
6442865 6442872
6443840 6443850
6474862 6474870
6481951 6481958
5083348 5083395
6487830 6487840
6494087 6494093
2187653 2925550
6498457 6498463
6502270 6502280
6502571 6502579
6511360 6511368
6511541 6511548
6517031 6517043
6529980 6529985
6541141 6541150
6543871 6543877
6544008 6544020
6551931 6551939
6559217 6559226
6573362 6573370
6580241 6580250
6585066 6585076
6591888 6591893
6598411 6598418
6599798 6599802
6602383 6602394
6607086 6607093
6615291 6615298
1973582 2745982
4255719 4352022
6621752 6621763
6632166 6632176
6635174 6635184
6635738 6635747
6638431 6638444
6645195 6645203
6654767 6654782
5153719 5153748
223580 693647
6669969 6669979
6677002 6677013
6684040 6684045
5113188 5113204
6703775 6703791
6716144 6716158
972218 1811489
6738059 6738066
6738620 6738632
3313509 3736140
1490158 2356813
2358702 3054980
6747083 6747089
6750995 6751006
6755490 6755500
6773788 6773795
6782105 5254760
6788567 6788582
6812876 6812887
6517033 6517060
6822068 6822079
6830225 6830237
380218 987377
6285278 6285302
6869025 6869036
1490353 2357093
6879997 6880008
6883493 6883499
6889407 6889414
282993 793632
6891335 6891346
6891924 6891932
6900490 6900495
6908040 6908049
371947 972462
6918671 6918677
6918930 6918935
1953786 2725222
6921858 6921869
6471501 6471517
6935283 6935293
6946613 6946622
6958388 6958395
6964780 6964785
6965255 6965262
6965298 6965312
1492377 2358713
2067062 2825179
6996677 6996689
448138 1103165
7002995 7003008
7007007 7007015
7008247 7008257
7014330 7014342
7016723 7016728
7016929 7016934
7017177 7017190
7018133 7018145
441479 1089803
7029862 7029870
7036527 7036536
7036904 7036915
7057411 7057423
7064892 7064898
7066999 7067005
4315289 4392822
7085607 7085615
7086335 7086342
7097179 7097185
7101040 7101048
7103501 7103509
7104956 7104967
7112243 7112250
7113274 7113282
3337971 3754401
7125098 7125106
7127601 7127607
7132740 7132752
2359493 3055751
224367 695665
7148396 7148404
7151065 7151075
7151302 7151308
7166079 7166085
7168408 7168419
2745970 3337863
724729 1491223
7177485 7177491
7181962 7181969
7188215 7188224
4996658 4996704
7200017 7200025
7202773 7202780
7205873 7205881
7210154 7210161
7211214 7211224
696642 1452461
1953787 1953832
7228940 7228950
7234239 7234249
7036062 7036077
7244338 7244344
7247869 7247876
7250395 7250405
3910776 4123907
7260513 7260520
7269546 7269557
7293583 7293593
7294149 7294158
7306646 7306657
5868155 5868190
7315292 7315300
7321068 7321075
7329500 7329510
7350391 7350398
7350816 7350822
7353285 7353291
7361550 7361561
7374513 7374521
6255770 6255795
7377230 7377239
1774571 2590316
1245635 2124887
7381118 7381126
7383073 7383079
1793917 2610296
7389788 7389795
7395471 7395479
943900 1774646
7405507 7405518
6435028 6435051
7412388 7412399
7412958 7412964
7413903 7413910
7415009 7415022
7417478 7417491
7426736 7426743
7429358 7429369
7430491 7430499
7440640 7440653
7443670 7443680
7444799 7444807
3887244 4109708
7451647 7451655
7462926 7462938
7464011 7464018
7471368 7471373
7471591 7471597
7472905 7472908
2359018 3055354
7497236 7497243
5408826 5408848
3590977 3921199
7517819 7517825
7517892 7517898
7519118 7519122
7522093 7522103
7109190 7109221
7532963 7532974
7533752 7533761
7534295 7534302
7541700 7541709
7542067 7542074
7545362 7545376
7555861 7555870
7556064 7556075
7557147 7557153
7561265 7561272
7564878 7564883
7571889 7571900
7572821 7572829
7572886 7572897
7588870 7588882
7591168 7591175
7604462 7604473
7613720 7613731
7632499 7632508
7639820 7639825
7641230 7641240
371952 972622
7650052 7650059
7667348 7667360
7677324 7677333
7692948 7692958
371868 972112
7701260 7701269
7720354 7720365
7725740 7725746
7727469 7727479
7727492 7727502
7728960 7728967
7729796 7729801
818916 1625786
7731030 7731035
7741342 7741351
7747248 7747253
7759231 7759240
7761676 7761687
7762179 7762188
371955 371993
7764457 7764463
7766012 7766018
6669061 6669085
7774341 7774345
7776460 7776467
7777204 7777214
1954497 2725959
1822223 2632126
7805480 7805487
7806544 7806554
7808804 7808815
7810547 7810552
7811608 7811619
5311502 5311515
7830501 7830510
1487968 2355121
375613 978696
7875324 7875333
7876152 7876163
1617923 2467435
7885111 7885119
7914784 7914790
7917834 7917840
5096164 5096248
2359518 3055938
1953789 2725314
7925028 7925035
7932403 7932411
7946062 7946069
1089792 1954104
7963841 7963848
7965571 7965578
371960 972776
7979973 7979979
2623033 3250885
3695115 3987865
7991952 7991963
3199627 3658602
5239755 5239792
1714593 2544599
8023781 8023787
7666870 7666901
8029123 8029129
7720356 7720380
8045118 8045125
8050496 8050499
8065485 8065492
8065485 8065493
8065885 8065891
8068489 8068496
8082110 8082114
2622530 3250529
1522984 2380591
8093319 8093326
8093631 8093638
8097210 8097216
8106244 8106249
8114386 8114394
8115218 8115225
1800854 2614518
8129051 8129061
8131189 8131196
8137171 8137178
8151837 8151847
8154848 8154858
8155874 8155880
8157163 8157172
815644 1619571
8194010 8194024
374644 977807
8216381 8216391
1491963 2358379
1035163 1898822
8221965 8221971
285661 797153
7927325 7927354
8230587 8230593
8245329 8245335
8255864 8255871
8256312 8256318
2356876 3053561
8259790 8259799
8260017 8260026
8264688 8264699
8264688 8264700
8265447 8265456
371964 972844
8274407 8274413
1618870 2468320
371965 972865
8294592 8294604
8295566 8295571
8295756 8295767
8297849 8297862
8304866 8304872
371966 972884
5993691 5993719
8317957 8317964
8324944 8324952
8330773 8330780
8331838 8331843
8333993 8334002
8337206 8337211
8340655 8340665
3908051 4121908
8341862 8341867
8346953 8346960
371968 972918
8350716 8350723
8356932 8356937
8359389 8359393
8369540 8369546
7301548 7301581
5083366 5083445
8378938 8378949
8382839 8382844
7932405 7932425
8387524 8387531
8388039 8388048
2552229 3199618
8395215 8395222
8399160 8399166
8399925 8399931
2215712 2949466
8405818 8405827
1811378 2622769
8411507 8411515
8414899 8414905
8416602 8416610
2356681 3053421
8443963 8443970
8448411 8448420
8448590 8448598
8451402 8451409
8464685 8464693
583080 1301094
8473315 8473322
2686302 3286856
8478056 8478064
8392022 8392027
1814699 2625545
8484214 8484222
8484768 8484777
1437505 2306814
8493861 8493867
8496494 8496500
8499998 8500008
8503112 8503117
8511797 8511804
8516362 8516367
8532701 8532709
8542036 8542040
1540420 2400120
8555364 8555373
8555423 8555429
8557581 8557589
374645 977821
8558851 8558855
8559348 8559358
7572181 7572205
8570792 8570801
8573694 8573703
8578100 8578108
8581419 8581424
1954071 2725470
8584963 8584970
8588196 8588206
8592883 8592892
8595304 8595312
8612965 8612969
8614963 8614977
8619157 8619164
1564089 2423195
8634635 8634644
8643359 8643366
8647470 8647476
8652176 8652186
8655156 8655159
8657250 8657255
8657353 8657361
8660870 8660880
8666714 8666720
8668715 8668722
8670410 8670415
8333538 8333551
8680737 8680744
8682015 8682021
8684249 8684255
8684733 8684742
2297180 3014026
8689250 8689256
8693051 8693056
8697991 8697997
8706547 8706556
8712437 8712443
8716989 8716993
816123 1620612
8723390 8723401
8728111 8728120
8729485 8729496
8731683 454856
1790351 2608003
8742258 8742264
8742378 8742389
8746063 8746071
8746792 8746797
1811715 2623401
8765334 8765344
8770136 8770145
8771840 8771850
2624884 3252621
351406 939738
8784665 8784673
8792220 8792226
4976898 4976946
8804570 8804576
8806753 8806761
8807999 8808007
8811293 8811297
8814575 8814587
8817260 8817267
8828504 8828510
8837381 8837386
8847246 8847251
8854081 8854087
8250995 8251019
1492958 2359107
8870801 8870808
8884593 8884601
5447041 5447070
8901267 8901270
8904714 8904720
8910164 8910172
7036086 7036097
8915352 8915361
8919899 8919904
5080009 5080027
8924763 8924771
8934084 8934095
8935139 8935148
8935306 8935313
8938950 8938955
3994094 4179944
8947250 8947256
8966341 8966353
8968397 8968401
8969532 8969541
8975120 8975125
8976819 8976827
818358 1624736
8990283 8990292
5029926 5029971
8993964 8993975
9001056 9001060
221603 683816
9007621 9007628
9007847 9007856
9009183 9009188
9010585 9010598
9023056 9023063
9029966 9029974
9030270 9030276
7484388 7484409
9037217 9037228
9042454 9042458
2623515 3251150
9045391 9045397
2359143 3055452
9055160 9055169
9055596 9055599
9068856 9068866
9075953 9075964
9077473 9077479
9078294 9078300
9079622 9079630
3201316 3659959
9093962 9093968
9105535 9105543
9111114 9111120
9126135 9126142
9147266 9147274
9148835 9148843
9150374 9150383
9152986 9152990
9154169 9154176
9178002 9178009
9179293 9179301
9179904 9179910
9187034 9187039
9199787 9199795
9201005 9201011
9202309 9202314
9203221 9203225
9212739 9212743
9217280 9217285
5173357 5173393
3590978 3921221
9235004 9235012
9237186 9237192
5781680 5781694
9256073 9256082
5345238 5345285
3901406 4117951
9267922 9267927
9275715 9275723
9283125 9283129
9289380 9289389
9292874 9292881
3145875 3620316
9320484 9320491
9320710 9320720
9322861 9322865
9329816 9329821
8969534 8969554
7100680 7100710
9340757 9340765
9343078 9343083
9350495 9350503
5929375 5929434
9373211 9373223
9373422 9373427
9380284 9380295
9383041 9383048
9389112 9389121
9390711 9390718
9395020 9395029
9395884 9395893
9398170 9398176
8500000 8500026
9407954 9407962
9411687 9411697
1819182 2629745
9417597 9417604
9423298 9423306
9429343 9429346
9438552 9438557
9439705 9439712
3071561 3562426
8270148 8270167
3201317 3659973
9455210 9455223
9455615 9455622
9475950 9475956
9476753 9476759
9478700 9478707
5249322 5249348
9498416 9498418
9501932 9501938
9503034 9503040
9504127 9504138
9516615 9516621
9297587 9297599
9549257 9549263
9555596 9555602
4175043 4301724
9561036 9561045
9569161 9569167
9572626 9572637
9573012 9573019
9575760 9575766
4590122 4601487
380259 988313
9589522 9589534
9590215 9590219
12312 74661
9606348 9606356
9609255 9609260
9619181 9619187
9628456 9628461
9629151 9629157
9630493 9630499
7036088 7036122
9662543 9662546
9760397 9760401
9775204 9775210
9782557 9782561
9783990 9784001
391300 1001894
9794471 9794478
9803463 9803470
9806265 9806272
6441184 6441206
9820599 9820605
9822923 9822928
9824769 9824776
602532 1339689
9856333 9856339
9861405 9861408
9864921 9864928
9868470 9868476
1103125 1974455
9910686 9910694
8355874 8355898
2213809 2948080
9978406 9978412
9986709 9986719
10017953 10017961
10023423 10023431
2625531 3253126
10034573 10034579
2637623 3261408
5729401 5729442
10331078 10331084
1103129 1974477
375615 978746
10426723 10426726
1492959 2359131
10435799 10435807
10436859 10436862
3467998 3841658
10695903 10695909
10709392 10709397
10711836 10711842
2622796 3250694
373045 975260
10754854 10754857
1089737 1954077
2379353 3070539
7219020 7219038
10852147 10852152
10870155 10870158
10920999 10921003
3250519 3694666
10989155 10989160
371975 973009
11053290 11053295
11079561 11079566
1492961 2359148
11122757 11122760
5310600 5310628
11164395 11164399
985592 1832476
11191712 11191716
11207594 11207601
11217946 11217950
11277789 11277795
11314348 11314355
11382424 11382429
11433925 11433928
11479597 11479602
5376306 5376377
4977234 4977275
2475199 3150418
11588650 11588654
11591984 11591987
11626039 11626046
11762917 11762927
3696788 3988654
11837104 2585281
11889026 11889028
11907427 11907429
6936302 6936318
11946450 11946453
11959616 11959620
7336575 7336613
12043525 12043527
5226145 5226168
12045569 12045573
12064362 12064366
5166701 5166722
12146386 12146389
12165310 12165316
12172305 12172307
12178638 12178644
12185880 12185883
1811717 2623414
12200429 12200434
12201465 12201467
4256979 4352527
12237538 12237540
12242089 12242091
12261025 12261032
12311754 12311756
12315229 12315236
12316953 12316955
3696028 3988207
12324087 12324090
12326417 12326420
1811381 2622785
12379127 12379129
3148499 3621341
371978 371992
371979 973032
12451913 12451915
12459785 12459790
12546061 10620833
12577522 12577526
12597749 12597751
12609451 12609456
12621524 12621530
12640446 12640448
12641323 12641325
2065988 2824368
12697028 12697030
12730964 12730966
12733610 12733613
8127936 8127950
5109005 5109058
5794070 5794083
12799503 12799508
12981352 12981354
12998288 12998290
13002415 13002417
13026409 13026415
13060245 13060252
13137361 13137366
13161917 13161919
13162577 13162579
13163821 13163823
13163992 13163996
13164464 13164466
13168371 13168374
13169745 13169747
13169883 13169886
13176312 13176314
3575835 3910784
13196128 13196130
13211557 13211560
1524019 2381142
14210904 14210907
372679 974382
14215452 14215455
14219588 14219591
14228028 14228033
14228437 14228439
14228488 14228490
14238385 14238387
14238394 14238401
14244972 14244974
14264177 14264179
13859123 13859127
14287593 14287595
14293974 14293976
14311827 14311829
251141 742443
14352212 14352214
14366486 14366491
14367743 14367745
14371987 14371989
14384682 14384684
14395853 14395858
14396371 14396378
14402893 14402896
14407075 14407077
2468331 3145879
14433493 14433498
14435251 14435254
9572491 9572503
14446026 14446030
14446336 14446340
14454134 14454137
8270146 8270156
14467141 14467143
4177860 4302942
793630 1583427
14310930 14310948
14495998 14496001
14503478 14503480
14509915 14509918
14512744 14512747
14517082 14517085
14310931 14310959
14527720 14527723
14528887 14528891
822324 1629677
14537717 14537721
14546521 14546524
14563202 14563204
14591602 14591604
14614275 14614281
14624141 14624144
14630633 14630636
10764155 2945860
14649293 14649295
14651601 14651603
2222763 2954483
14658246 14658248
14662360 14662363
11535330 11535337
14675063 14675065
14694588 14694590
14724872 14724874
14736844 14736846
4988511 4988528
14759879 14759884
14761180 14761182
15241875 15241878
15266848 15266852
2730278 3321156
15269350 15269352
15270744 15270746
15271891 15271894
15272780 15272783
15272803 15272808
15273459 15273462
15275125 15275129
15286265 15286267
15289093 15289095
15289107 15289111
15293250 15293254
15293594 15293598
15294166 15294170
7931379 7931388
15295179 15295183
15295478 15295482
14340704 14340714
15298848 15298851
15301720 15301724
15307452 15307455
15308082 15308085
15290841 15290850
15309170 15309174
15302637 15302644
15311221 15311225
15319412 15319416
15322537 15322541
1098713 1966822
15329324 15329328
15331899 15331903
15334585 15334588
15337260 15337264
15342672 15342676
15344395 15344400
15345414 15345418
15349756 15349758
4967401 4967417
15355503 15355507
15356363 15356365
15359456 15359458
15361802 15361805
15362013 15362015
15363413 15363417
15365224 15365226
15365233 15365235
15374434 15374438
15476058 15476061
15510734 15510736
12056843 12056855
15532060 15532062
15535281 15535284
15540995 15540999
15545215 15545218
15546943 15546946
15553250 15553252
15609560 15609563
15628552 15628554
15633478 15633480
15633516 15633518
15636245 15636247
7278469 7278480
15645815 15645817
15652297 15652300
15413611 2824360
15655434 14147383
2835672 3396863
15659279 15659281
15661422 14183280
15661453 15661455
15663581 15663583
15512959 15512963
8792091 8792095
21876813 21876815
14529329 14529337
21942990 21942992
22500706 22500708
22502876 22502878
22506145 22506147
22515830 22515833
22518135 22518137
2472580 3148530
22529965 22529967
22533315 22533317
22539559 22539561
9840337 9840348
22558452 22558454
22558685 22558687
22569586 22569588
22586585 22586587
22587101 22587103
22591463 22591465
869789 1685912
22593358 22593360
22596574 22596576
22597870 22597873
22601159 22601161
22604996 22604998
22611254 22611256
22614236 22614238
7887589 7887596
22622189 22622193
22626132 22626134
22628024 22628026
22629187 22629189
22630227 22630229
22647569 22647571
22651427 22651429
22654517 22654519
22665034 22665036
22668952 22668954
22669016 22669018
22673275 22673277
22674440 22674442
22683472 22683474
22684507 22684509
22690208 22690210
8975264 8975274
22696930 22696932
22705825 22705827
22712833 22712835
22713021 22713023
22718224 22718226
22734213 22734215
8189369 8189395
2640529 3263519
22749022 22749024
22759259 22759261
22772313 22772315
22773093 22773095
22781372 22781374
3263533 3705007
22793080 22793082
1103147 1974537
22795726 22795728
22810138 22810140
22811353 22811355
22816269 22816271
22818050 22818052
22821229 22821231
22825376 22825378
22825530 22825532
22825873 22825875
22827523 22827525
22829620 22829622
22862236 22862238
22872219 22872222
22878624 22878626
22879757 22879759
22884219 10501259
22892947 22892949
22893034 22893036
22894572 22894574
22903376 22903378
22904598 22904600
815678 1620124
22927179 22927181
22929336 22929338
22949935 22949937
22950966 22950968
22961205 22961207
22978584 22978586
22979158 22979160
4859887 4859902
22992163 22992165
7304164 7304182
22998066 22998068
23002664 23002666
23002830 23002832
23018790 23018792
23020391 23020393
23021884 23021886
23034410 23034412
23052608 23052610
23054414 23054416
23055520 23055522
23090601 23090604
23099628 23099630
4145604 4281475
23105754 23105756
23113468 23113470
23115293 23115295
23124915 23124917
23124915 23124918
4145605 4281478
23143821 23143823
1680297 2515953
23151267 23151269
23152959 23152961
23159797 23159799
23082425 23082433
23176717 23176719
23195925 23195927
23197676 23197678
23208107 23208109
23229931 23229933
23231992 23231994
23239595 23239597
23245870 23245872
23272880 23272882
23276637 23276639
23282191 23282193
23296919 23296921
23300947 23300949
3620318 3942417
23307089 23307091
23307245 23307247
23314552 23314554
23334701 23334703
23334952 23334954
22604956 22604966
23342187 23342189
23350746 23350748
23368085 23368088
23368774 23368776
23369908 23369910
23375736 23375738
23381242 23381244
23386005 23386007
23392090 23392092
23401786 23401788
23403302 23403304
23270536 23270542
8757073 8757081
23416171 10653537
9297582 9297589
23432680 23432682
23434727 23434729
4281484 4370062
23446354 23446356
23446423 23446425
23450153 23450155
2354673 3052134
23460206 23460208
2643228 3265508
23466814 23466816
23470847 23470849
23474880 23474882
9276313 9276323
23478826 23478828
23485444 23485446
23495972 23495974
23498860 23498862
23500450 23500452
23451664 23451670
23505392 23505394
23522702 23522704
23524031 23524033
23543638 23543640
23011557 23011561
13822325 13822334
23556859 23556861
23564109 23564111
16993 87735
23575964 23575966
23576576 23576579
23586929 23586931
23589918 23589920
23604742 23604744
23606440 23606442
23613919 23613921
23617421 23617423
8975265 8975280
23619453 23619455
23624000 23624002
23625224 23625226
23631072 23631074
23631485 23631487
23639519 23639521
23651578 23651580
23657985 23657987
24351229 24351231
10577992 10577997
24390968 24390970
24396677 24396679
24400255 24400257
24423724 24423726
24425097 24425099
8245333 8245344
1513282 2375257
28305373 28305374
28306285 28306286
28311483 367781
28312014 28312015
28314395 28314398
1101083 1971584
28315353 28315354
28315402 28315403
28315621 28315622
28315642 28315643
28315874 28315875
28317628 28317629
28317752 28317753
28359503 28359504
28361111 28361112
28362332 28362333
28362332 28362334
28362644 28362645
28363121 28363122
28363187 28363188
28365514 28365515
3148542 3621367
28367266 28367268
28367994 28367995
28369153 28369154
28369161 28369162
28371626 28371627
8029128 8029132
28373088 28373089
28373422 28373423
28376919 28376920
28377273 28377274
28377886 28377887
28378778 28378779
28314397 28314405
28382948 28382949
28383338 28383339
28383343 28383344
28383811 28383812
28383868 28383869
28384503 28384504
14395857 14395871
28385212 28385213
28385678 28385679
28386370 28386371
7784501 7784507
28389516 28389517
28389518 28389519
28389520 28389521
28389522 28389523
28389524 28389525
28389526 28389527
28389529 28389530
28389531 28389532
28389535 28389536
28389538 28389539
28389541 28389542
28389544 28389545
28389544 28389546
28389550 28389551
28389553 10642213
28389556 14072339
28389557 28389558
28389563 28389564
1624737 2472581
28389565 28389566
28314399 28314410
28389571 28389572
28389582 28389583
28389585 28389586
28389593 28389594
28389595 9833050
28389599 28389600
28389601 28389602
28389604 28389605
28389607 28389608
28389610 28389611
28389613 28389614
28389618 28389619
28389621 28389622
28389624 28389625
28389627 28389628
28389630 28389631
28389633 28389634
28389637 28389638
28389641 28389642
28389644 28389645
28389649 28389650
28389653 28389654
28389656 28389657
28389659 28389660
28389664 28389665
28389667 28389668
28389670 28389671
28389674 28389675
28389677 28389678
28389680 28389681
28389683 28389684
28389686 28389687
28389689 28389690
28389700 28389701
28389705 28389706
28389708 28389709
28389711 28389712
28389716 28389717
28389719 28389720
28389722 28389723
28389725 28389726
28389729 28389730
28389732 28389733
28389737 28389738
28389741 28389742
28389744 28389745
8382820 8382825
28389747 28389748
28389750 28389751
28389754 28389755
28389757 28389758
28389760 28389761
28389764 28389765
28389768 28389769
28389772 28389773
28389775 28389776
28389778 28389779
28389781 28389782
28389784 28389785
28389787 28389788
28389797 28389798
28389800 28389801
28389804 28389805
28389807 28389808
28389810 28389811
28389813 28389814
28389816 28389817
28389820 28389821
28389824 28389825
28389827 28389828
28389830 28389831
28389834 28389835
28389837 28389838
28389841 28389842
28389844 28389845
28389850 28389851
28389853 28389854
28389860 28389861
28389863 28389864
28389866 28389867
28389869 28389870
28389872 28389873
28389878 28389879
28389881 28389882
28389885 28389886
28389891 28389892
28389897 28389898
28389900 28389901
28389903 28389904
28389906 28389907
28389912 28389913
28389915 28389916
28389918 28389919
28389921 28389922
28389924 28389925
28389927 28389928
28389930 28389931
28389933 28389934
28389936 28389937
28389939 28389940
28389942 28389943
28389948 28389949
28389951 28389952
28389955 28389956
28389958 28389959
28389961 28389962
28389964 28389965
22410274 22410298
28389967 28389968
28389973 28389974
28389979 28389980
28389983 28389984
28389989 28389990
28389992 28389993
28389995 28389996
6632177 6632202
28389998 28389999
28390001 28390002
28390004 28390005
28390007 28390008
28390010 28390011
28390013 28390014
28390017 28390018
28390020 28390021
28390023 28390024
28390026 28390027
28390029 28390030
28390035 28390036
28390039 28390040
28390043 28390044
28390046 28390047
28390049 28390050
28390052 28390053
28390055 28390056
28390058 28390059
28390061 28390062
28390064 28390065
28390067 28390068
28390070 28390071
28390073 28390074
28390076 28390077
28390080 28390081
28390083 28390084
28390083 28390085
28390088 28390089
28390088 28390090
28390096 28390097
28390099 28390100
28390102 28390103
28390105 28390106
28390108 28390109
28390111 28390112
28390114 28390115
28390114 28390116
28390121 28390122
28390121 28390123
28390130 28390131
28390130 28390132
28390137 28390138
28390140 28390141
14452339 14452343
28390143 28390144
28390146 28390147
28390149 28390150
28390152 28390153
28390155 28390156
28390158 28390159
28390161 28390162
28390164 28390165
28390167 28390168
28390170 28390171
28390174 28390175
2355633 3052718
28390177 28390178
28390180 28390181
28390183 28390184
28390186 28390187
28390189 28390190
28390192 28390193
28390195 28390196
71326 263060
28390198 28390199
1624738 2472582
28390201 28390202
28390204 28390205
28390207 28390208
15023154 15023156
28390210 28390211
28390213 28390214
28390216 28390217
28390219 28390220
28390224 28390225
28390227 28390228
28390230 28390231
28390233 28390234
28390237 28390238
28390240 28390241
28390243 28390244
14209691 14209695
28390246 28390247
28390249 28390250
28390252 28390253
28390257 28390258
28390260 28390261
28390263 28390264
28390266 28390267
28390269 28390270
28390272 28390273
28390275 28390276
1522061 2379982
28390278 28390279
1522062 2379983
28390285 28390286
2188113 2927139
28390289 28390290
7513741 7513749
28390292 28390293
28390295 28390296
28390298 28390299
28390301 28390302
28390304 28390305
28390308 28390309
28390311 28390312
28390314 28390315
1624674 2472433
28390317 28390318
28390321 28390322
28390324 28390325
28390327 28390328
28390330 28390331
28390333 28390334
28390336 28390337
28390339 28390340
28390342 28390343
28390345 28390346
28390348 28390349
28390351 28390352
28390358 28390359
28390363 28390364
28390366 28390367
28390369 28390370
28390372 28390373
4116450 4261078
28390376 28390377
28390379 28390380
28390382 28390383
28390385 28390386
28390388 28390389
28390393 28390394
28390396 28390397
28390401 28390402
28390407 28390408
28390411 28390412
28390414 28390415
28390417 28390418
28390421 28390422
381809 990922
28390425 28390426
28390429 28390430
28390432 28390433
28390437 28390438
28390440 28390441
28390443 28390444
28390446 28390447
28390456 28390457
28390459 28390460
28390462 28390463
28390465 28390466
28390468 28390469
28390471 28390472
28390474 28390475
28390477 28390478
28390480 28390481
28390483 28390484
13679961 13679965
28390486 28390487
28390490 28390491
28390493 28390494
28390497 28390498
28390500 28390501
28390503 28390504
7842705 7842708
28390506 28390507
28390509 28390510
28390513 28390514
28390518 28390519
28390521 28390522
28390524 28390525
28390527 28390528
28390533 28390534
28390538 28390539
28390544 28390545
28390548 28390549
28390551 28390552
28390554 28390555
28390557 28390558
28390564 28390565
28390571 28390572
28390580 28390581
28390584 28390585
28390587 28390588
28390592 28390593
28390595 28390596
28390598 28390599
28390603 28390604
28390607 28390608
28390610 28390611
28390614 28390615
22788360 22788364
8475186 8475192
23398375 23398380
15654567 15654576
28390618 28390619
9255313 9255318
28390628 28390629
22672994 22673003
28390637 28390638
8767480 8767492
22701505 22701513
23201631 23201636
1957890 2728713
23448333 23448338
23398376 23398381
23097333 23097337
23186039 23186043
22915527 22915531
23565366 23565374
28390647 28390648
23615004 23615007
23448334 23448339
28390642 28390644
23544749 23544756
22502883 22502887
23076538 23076541
23241341 23241345
23359510 23359517
22915528 22915532
22701506 22701514
23270545 23270551
28390653 28390654
28390659 28390660
22597872 22597876
5525143 5525162
22701507 22701515
22953745 22953749
28390623 28390625
28390665 28390666
28390674 28390675
23587648 23587652
28390682 28390683
22584588 22584594
22784110 22784113
28390690 28390691
28390698 28390699
28390703 28390704
28390707 28390708
28390711 28390712
22639480 22639484
28390717 28390718
28390721 28390722
28390726 28390727
28390730 28390731
28390734 28390735
28390740 28390741
28390744 28390745
28390747 28390748
28390753 28390754
28390757 28390758
28390761 28390762
28390765 28390766
28390768 28390769
28390772 28390773
28390776 28390777
28390780 28390781
28390784 28390785
28390787 28390788
28390790 28390791
28390793 28390794
28390796 28390797
28390799 28390800
28390802 28390803
28390805 28390806
28390808 28390809
28390811 28390812
28390814 28390815
28390817 28390818
28390820 28390821
28390823 28390824
28390826 28390827
28390829 28390830
28390832 28390833
28390835 28390836
28390838 28390839
28390841 28390842
28390844 28390845
28390847 28390848
28390850 28390851
28390853 28390854
28390856 28390857
28390859 28390860
28390862 28390863
28390865 28390866
28390868 28390869
28390871 28390872
28390874 28390875
28390877 28390878
28390880 28390881
28390883 28390884
28390886 28390887
28390889 28390890
28390892 28390893
28390895 28390896
28390898 28390899
28390901 28390902
28390904 28390905
28390907 28390908
28390910 28390911
28390913 28390914
28390916 28390917
28390919 28390920
28390922 28390923
28390925 28390926
28390928 28390929
28390931 28390932
28390934 28390935
28390937 28390938
28390940 28390941
28390943 28390944
28390946 28390947
28390949 28390950
28390952 28390953
28390955 28390956
28390958 28390959
28390961 28390962
28390964 28390965
28390967 28390968
28390970 28390971
28390973 28390974
28390976 28390977
28390979 28390980
28390982 28390983
28390985 28390986
28390988 28390989
28390991 28390992
28390994 28390995
28390997 28390998
28391000 28391001
28391003 28391004
28391006 28391007
28391009 28391010
28391012 28391013
28391015 28391016
28391018 28391019
28391021 28391022
28391024 28391025
28391027 28391028
28391030 28391031
28391033 28391034
28391036 28391037
28391039 28391040
28391042 28391043
28391045 28391046
28391048 28391049
28391051 28391052
28391054 28391055
28391057 28391058
28391060 28391061
28391063 28391064
28391066 28391067
28391069 28391070
28391072 28391073
28391075 28391076
28391078 28391079
28391081 28391082
28391084 28391085
28391087 28391088
28391090 28391091
28391093 28391094
28391096 28391097
28391099 28391100
28391102 28391103
28391105 28391106
28391108 28391109
28391111 28391112
28391114 28391115
28391117 28391118
28391120 28391121
28391123 28391124
28391126 28391127
28391129 28391130
28391132 28391133
28391135 28391136
28391138 28391139
28391141 28391142
28391144 28391145
28391147 28391148
28391150 28391151
28391153 28391154
28391156 28391157
28391159 28391160
28391162 28391163
28391165 28391166
28391168 28391169
28391171 28391172
28391174 28391175
28391177 28391178
28391180 28391181
28391183 28391184
28391186 28391187
28391189 28391190
28391192 28391193
28391195 28391196
28391198 28391199
28391201 28391202
28391204 28391205
28391207 28391208
28391210 28391211
28391213 28391214
28391216 28391217
28391219 28391220
28391222 28391223
28391225 28391226
28391228 28391229
28391231 28391232
28391234 28391235
28391237 28391238
28391240 28391241
28391243 28391244
28391246 28391247
28391249 28391250
28391252 28391253
28391255 28391256
28391258 28391259
28391261 28391262
28391264 28391265
28391267 28391268
28391270 28391271
28391273 28391274
28391276 28391277
28391279 28391280
28391282 28391283
28391285 28391286
28391288 28391289
28391291 28391292
28391294 28391295
28391297 28391298
28391300 28391301
28391303 28391304
28391306 28391307
28391309 28391310
28391312 28391313
28391315 28391316
28391318 28391319
28391321 28391322
28391324 28391325
28391327 28391328
28391330 28391331
28391333 28391334
28391336 28391337
28391339 28391340
28391342 28391343
28391345 28391346
28391348 28391349
28391351 28391352
28391354 28391355
28391357 28391358
28391360 28391361
28391363 28391364
28391366 28391367
28391369 28391370
28391372 28391373
28391375 28391376
28391378 28391379
28391381 28391382
28391384 28391385
28391387 28391388
28391390 28391391
28391393 28391394
28391396 28391397
28391399 28391400
28391402 28391403
28391405 28391406
28391408 28391409
28391411 28391412
28391414 28391415
28391417 28391418
28391420 28391421
28391423 28391424
28391426 28391427
28391429 28391430
28391432 28391433
28391435 28391436
28391438 28391439
28391441 28391442
28391444 28391445
28391447 28391448
28391450 28391451
28391453 28391454
28391456 28391457
28391459 28391460
28391462 28391463
28391465 28391466
28391468 28391469
28391471 28391472
28391474 28391475
28391477 28391478
28391480 28391481
28391483 28391484
28391486 28391487
28391489 28391490
28391492 28391493
28391495 28391496
28391498 28391499
28391501 28391502
28391504 28391505
28391507 28391508
28391510 28391511
28391513 28391514
28391516 28391517
28391519 28391520
28391522 28391523
28391525 28391526
28391528 28391529
28391531 28391532
28391534 28391535
28391537 28391538
28391540 28391541
28391543 28391544
28391546 28391547
28391549 28391550
28391552 28391553
28391555 28391556
28391558 28391559
28391561 28391562
28391564 28391565
28391567 28391568
28391570 28391571
28391573 28391574
28391576 28391577
28391579 28391580
28391582 28391583
28391585 28391586
28391588 28391589
28391591 28391592
28391594 28391595
28391597 28391598
28391600 28391601
28391603 28391604
28391606 28391607
28391609 28391610
28391612 28391613
28391615 28391616
28391618 28391619
28391621 28391622
28391624 28391625
28391627 28391628
28391630 28391631
28391633 28391634
28391636 28391637
28391639 28391640
28391642 28391643
28391645 28391646
28391648 28391649
28391651 28391652
28391654 28391655
28391657 28391658
28391660 28391661
28391663 28391664
28391666 28391667
28391669 28391670
28391672 28391673
28391675 28391676
28391678 28391679
28391681 28391682
28391684 28391685
28391687 28391688
28391690 28391691
28391693 28391694
28391696 28391697
28391699 28391700
28391702 28391703
28391705 28391706
28391708 28391709
28391711 28391712
28391714 28391715
28391717 28391718
28391720 28391721
28391723 28391724
28391726 28391727
28391729 28391730
28391732 28391733
28391735 28391736
28391738 28391739
28391741 28391742
28391744 28391745
28391747 28391748
28391750 28391751
28391753 28391754
28391756 28391757
28391759 28391760
28391762 28391763
28391765 28391766
28391768 28391769
28391771 28391772
28391774 28391775
28391777 28391778
28391780 28391781
28391783 28391784
28391786 28391787
28391789 28391790
28391792 28391793
28391795 28391796
28391798 28391799
28391801 28391802
28391804 28391805
28391807 28391808
28391810 28391811
28391813 28391814
28391816 28391817
28391819 28391820
28391822 28391823
28391825 28391826
28391828 28391829
28391831 28391832
28391834 28391835
28391837 28391838
28391840 28391841
28391843 28391844
28391846 28391847
28391849 28391850
28391852 28391853
28391855 28391856
28391858 28391859
28391861 28391862
28391864 28391865
28391867 28391868
28391870 28391871
28391873 28391874
28391876 28391877
28391879 28391880
28391882 28391883
28391885 28391886
28391888 28391889
28391891 28391892
28391894 28391895
28391897 28391898
28391900 28391901
28391903 28391904
28391906 28391907
28391909 28391910
28391912 28391913
28391915 28391916
28391918 28391919
28391921 28391922
28391924 28391925
28391927 28391928
28391930 28391931
28391933 28391934
28391936 28391937
28391939 28391940
28391942 28391943
28391945 28391946
28391948 28391949
28391951 28391952
28391954 28391955
28391957 28391958
28391960 28391961
28391963 28391964
28391966 28391967
28391969 28391970
28391972 28391973
28391975 28391976
28391978 28391979
28391981 28391982
28391984 28391985
28391987 28391988
28391990 28391991
28391993 28391994
28391996 28391997
28391999 28392000
28392002 28392003
28392005 28392006
28392008 28392009
28392011 28392012
28392014 28392015
28392017 28392018
28392020 28392021
28392023 28392024
28392026 28392027
28392029 28392030
28392032 28392033
28392035 28392036
28392038 28392039
28392041 28392042
28392044 28392045
28392047 28392048
28392050 28392051
28392053 28392054
28392056 28392057
28392059 28392060
28392062 28392063
28392065 28392066
28392068 28392069
28392071 28392072
28392074 28392075
28392077 28392078
28392080 28392081
28392083 28392084
28392086 28392087
28392089 28392090
28392092 28392093
28392095 28392096
28392098 28392099
28392101 28392102
28392104 28392105
28392107 28392108
28392110 28392111
28392113 28392114
28392116 28392117
28392119 28392120
28392122 28392123
28392125 28392126
28392128 28392129
28392131 28392132
28392134 28392135
28392137 28392138
28392140 28392141
28392143 28392144
28392146 28392147
28392149 28392150
28392152 28392153
28392155 28392156
28392158 28392159
28392161 28392162
28392164 28392165
28392167 28392168
28392170 28392171
28392173 28392174
28392176 28392177
28392179 28392180
28392182 28392183
28392185 28392186
28392188 28392189
28392191 28392192
28392194 28392195
28392197 28392198
28392200 28392201
28392203 28392204
28392206 28392207
28392209 28392210
28392212 28392213
28392215 28392216
28392218 28392219
28392221 28392222
28392224 28392225
28392227 28392228
28392230 28392231
28392233 28392234
28392236 28392237
28392239 28392240
28392242 28392243
28392245 28392246
28392248 28392249
28392251 28392252
28392254 28392255
28392257 28392258
28392260 28392261
28392263 28392264
28392266 28392267
28392269 28392270
28392272 28392273
28392275 28392276
28392278 28392279
28392281 28392282
28392284 28392285
28392287 28392288
28392290 28392291
28392293 28392294
28392296 28392297
28392299 28392300
28392302 28392303
28392305 28392306
28392308 28392309
28392311 28392312
28392314 28392315
28392317 28392318
28392320 28392321
28392323 28392324
28392326 28392327
28392329 28392330
28392332 28392333
28392335 28392336
28392338 28392339
28392341 28392342
28392344 28392345
28392347 28392348
28392350 28392351
28392353 28392354
28392356 28392357
28392359 28392360
28392362 28392363
28392365 28392366
28392368 28392369
28392371 28392372
28392374 28392375
28392377 28392378
28392380 28392381
28392383 28392384
28392386 28392387
28392389 28392390
28392392 28392393
28392395 28392396
28392398 28392399
28392401 28392402
28392404 28392405
28392407 28392408
28392410 28392411
28392413 28392414
28392416 28392417
28392419 28392420
28392422 28392423
28392425 28392426
28392428 28392429
28392431 28392432
28392434 28392435
28392437 28392438
28392440 28392441
28392443 28392444
28392446 28392447
28392449 28392450
28392452 28392453
28392455 28392456
28392458 28392459
28392461 28392462
28392464 28392465
28392467 28392468
28392470 28392471
28392473 28392474
28392476 28392477
28392479 28392480
28392482 28392483
28392485 28392486
28392488 28392489
28392491 28392492
28392494 28392495
28392497 28392498
28392500 28392501
28392503 28392504
28392506 28392507
28392509 28392510
28392512 28392513
28392515 28392516
28392518 28392519
28392521 28392522
28392524 28392525
28392527 28392528
28392530 28392531
28392533 28392534
28392536 28392537
28392539 28392540
28392542 28392543
28392545 28392546
28392548 28392549
28392551 28392552
28392554 28392555
28392557 28392558
28392560 28392561
28392563 28392564
28392566 28392567
28392569 28392570
28392572 28392573
28392575 28392576
28392578 28392579
28392581 28392582
28392584 28392585
28392587 28392588
28392590 28392591
28392593 28392594
28392596 28392597
28392599 28392600
28392602 28392603
28392605 28392606
28392608 28392609
28392611 28392612
28392614 28392615
28392617 28392618
28392620 28392621
28392623 28392624
28392626 28392627
28392629 28392630
28392632 28392633
28392635 28392636
28392638 28392639
28392641 28392642
28392644 28392645
28392647 28392648
28392650 28392651
28392653 28392654
28392656 28392657
28392659 28392660
28392662 28392663
28392665 28392666
28392668 28392669
28392671 28392672
28392674 28392675
28392677 28392678
28392680 28392681
28392683 28392684
28392686 28392687
28392689 28392690
28392692 28392693
28392695 28392696
28392698 28392699
28392701 28392702
28392704 28392705
28392707 28392708
28392710 28392711
28392713 28392714
28392716 28392717
28392719 28392720
28392722 28392723
28392725 28392726
28392728 28392729
28392731 28392732
28392734 28392735
28392737 28392738
28392740 28392741
28392743 28392744
28392746 28392747
28392749 28392750
28392752 28392753
28392755 28392756
28392758 28392759
28392761 28392762
28392764 28392765
28392767 28392768
28392770 28392771
28392773 28392774
28392776 28392777
28392779 28392780
28392782 28392783
28392785 28392786
28392788 28392789
28392791 28392792
28392794 28392795
28392797 28392798
28392800 28392801
28392803 28392804
28392806 28392807
28392809 28392810
28392812 28392813
28392815 28392816
28392818 28392819
28392821 28392822
28392824 28392825
28392827 28392828
28392830 28392831
28392833 28392834
28392836 28392837
28392839 28392840
28392842 28392843
28392845 28392846
28392848 28392849
28392851 28392852
28392854 28392855
28392857 28392858
28392860 28392861
28392863 28392864
28392866 28392867
28392869 28392870
28392872 28392873
28392875 28392876
28392878 28392879
28392881 28392882
28392884 28392885
28392887 28392888
28392890 28392891
28392893 28392894
28392896 28392897
28392899 28392900
28392902 28392903
28392905 28392906
28392908 28392909
28392911 28392912
28392914 28392915
28392917 28392918
28392920 28392921
28392923 28392924
28392926 28392927
28392929 28392930
28392932 28392933
28392935 28392936
28392938 28392939
28392941 28392942
28392944 28392945
28392947 28392948
28392950 28392951
28392953 28392954
28392956 28392957
28392959 28392960
28392962 28392963
28392965 28392966
28392968 28392969
28392971 28392972
28392974 28392975
28392977 28392978
28392980 28392981
28392983 28392984
28392986 28392987
28392989 28392990
28392992 28392993
28392995 28392996
28392998 28392999
28393001 28393002
28393004 28393005
28393007 28393008
28393010 28393011
28393013 28393014
28393016 28393017
28393019 28393020
28393022 28393023
28393025 28393026
28393028 28393029
28393031 28393032
28393034 28393035
28393037 28393038
28393040 28393041
28393043 28393044
28393046 28393047
28393049 28393050
28393052 28393053
28393055 28393056
28393058 28393059
28393061 28393062
28393064 28393065
28393067 28393068
28393070 28393071
28393073 28393074
28393076 28393077
28393079 28393080
28393082 28393083
28393085 28393086
28393088 28393089
28393091 28393092
28393094 28393095
28393097 28393098
28393100 28393101
28393103 28393104
28393106 28393107
28393109 28393110
28393112 28393113
28393115 28393116
28393118 28393119
28393121 28393122
28393124 28393125
28393127 28393128
28393130 28393131
28393133 28393134
28393136 28393137
28393139 28393140
28393142 28393143
28393145 28393146
28393148 28393149
28393151 28393152
28393154 28393155
28393157 28393158
28393160 28393161
28393163 28393164
28393166 28393167
28393169 28393170
28393172 28393173
28393175 28393176
28393178 28393179
28393181 28393182
28393184 28393185
28393187 28393188
28393190 28393191
28393193 28393194
28393196 28393197
28393199 28393200
28393202 28393203
28393205 28393206
28393208 28393209
28393211 28393212
28393214 28393215
28393217 28393218
28393220 28393221
28393223 28393224
28393226 28393227
28393229 28393230
28393232 28393233
28393235 28393236
28393238 28393239
28393241 28393242
28393244 28393245
28393247 28393248
28393250 28393251
28393253 28393254
28393256 28393257
28393259 28393260
28393262 28393263
28393265 28393266
28393268 28393269
28393271 28393272
28393274 28393275
28393277 28393278
28393280 28393281
28393283 28393284
28393286 28393287
28393289 28393290
28393292 28393293
28393295 28393296
28393298 28393299
28393301 28393302
28393304 28393305
28393307 28393308
28393310 28393311
28393313 28393314
28393316 28393317
28393319 28393320
28393322 28393323
28393325 28393326
28393328 28393329
28393331 28393332
28393334 28393335
28393337 28393338
28393340 28393341
28393343 28393344
28393346 28393347
28393349 28393350
28393352 28393353
28393355 28393356
28393358 28393359
28393361 28393362
28393364 28393365
28393367 28393368
28393370 28393371
28393373 28393374
28393376 28393377
28393379 28393380
28393382 28393383
28393385 28393386
28393388 28393389
28393391 28393392
28393394 28393395
28393397 28393398
28393400 28393401
28393403 28393404
28393406 28393407
28393409 28393410
28393412 28393413
28393415 28393416
28393418 28393419
28393421 28393422
28393424 28393425
28393427 28393428
28393430 28393431
28393433 28393434
28393436 28393437
28393439 28393440
28393442 28393443
28393445 28393446
28393448 28393449
28393451 28393452
28393454 28393455
28393457 28393458
28393460 28393461
28393463 28393464
28393466 28393467
28393469 28393470
28393472 28393473
28393475 28393476
28393478 28393479
28393481 28393482
28393484 28393485
28393487 28393488
28393490 28393491
28393493 28393494
28393496 28393497
28393499 28393500
28393502 28393503
28393505 28393506
28393508 28393509
28393511 28393512
28393514 28393515
28393517 28393518
28393520 28393521
28393523 28393524
28393526 28393527
28393529 28393530
28393532 28393533
28393535 28393536
28393538 28393539
28393541 28393542
28393544 28393545
28393547 28393548
28393550 28393551
28393553 28393554
28393556 28393557
28393559 28393560
28393562 28393563
28393565 28393566
28393568 28393569
28393571 28393572
28393574 28393575
28393577 28393578
28393580 28393581
28393583 28393584
28393586 28393587
28393589 28393590
28393592 28393593
28393595 28393596
28393598 28393599
28393601 28393602
28393604 28393605
28393607 28393608
28393610 28393611
28393613 28393614
28393616 28393617
28393619 28393620
28393622 28393623
28393625 28393626
28393628 28393629
28393631 28393632
28393634 28393635
28393637 28393638
28393640 28393641
28393643 28393644
28393646 28393647
28393649 28393650
28393652 28393653
28393655 28393656
28393658 28393659
28393661 28393662
28393664 28393665
28393667 28393668
28393670 28393671
28393673 28393674
28393676 28393677
28393679 28393680
28393682 28393683
28393685 28393686
28393688 28393689
28393691 28393692
28393694 28393695
28393697 28393698
28393700 28393701
28393703 28393704
28393706 28393707
28393709 28393710
28393712 28393713
28393715 28393716
28393718 28393719
28393721 28393722
28393724 28393725
28393727 28393728
28393730 28393731
28393733 28393734
28393736 28393737
28393739 28393740
28393742 28393743
28393745 28393746
28393748 28393749
28393751 28393752
28393754 28393755
28393757 28393758
28393760 28393761
28393763 28393764
28393766 28393767
28393769 28393770
28393772 28393773
28393775 28393776
28393778 28393779
28393781 28393782
28393784 28393785
28393787 28393788
28393790 28393791
28393793 28393794
28393796 28393797
28393799 28393800
28393802 28393803
28393805 28393806
28393808 28393809
28393811 28393812
28393814 28393815
28393817 28393818
28393820 28393821
28393823 28393824
28393826 28393827
28393829 28393830
28393832 28393833
28393835 28393836
28393838 28393839
28393841 28393842
28393844 28393845
28393847 28393848
28393850 28393851
28393853 28393854
28393856 28393857
28393859 28393860
28393862 28393863
28393865 28393866
28393868 28393869
28393871 28393872
28393874 28393875
28393877 28393878
28393880 28393881
28393883 28393884
28393886 28393887
28393889 28393890
28393892 28393893
28393895 28393896
28393898 28393899
28393901 28393902
28393904 28393905
28393907 28393908
28393910 28393911
28393913 28393914
28393916 28393917
28393919 28393920
28393922 28393923
28393925 28393926
28393928 28393929
28393931 28393932
28393934 28393935
28393937 28393938
28393940 28393941
28393943 28393944
28393946 28393947
28393949 28393950
28393952 28393953
28393955 28393956
28393958 28393959
28393961 28393962
28393964 28393965
28393967 28393968
28393970 28393971
28393973 28393974
28393976 28393977
28393979 28393980
28393982 28393983
28393985 28393986
28393988 28393989
28393991 28393992
28393994 28393995
28393997 28393998
28394000 28394001
28394003 28394004
28394006 28394007
28394009 28394010
28394012 28394013
28394015 28394016
28394018 28394019
28394021 28394022
28394024 28394025
28394027 28394028
28394030 28394031
28394033 28394034
28394036 28394037
28394039 28394040
28394042 28394043
28394045 28394046
28394048 28394049
28394051 28394052
28394054 28394055
28394057 28394058
28394060 28394061
28394063 28394064
28394066 28394067
28394069 28394070
28394072 28394073
28394075 28394076
28394078 28394079
28394081 28394082
28394084 28394085
28394087 28394088
28394090 28394091
28394093 28394094
28394096 28394097
28394099 28394100
28394102 28394103
28394105 28394106
28394108 28394109
28394111 28394112
28394114 28394115
28394117 28394118
28394120 28394121
28394123 28394124
28394126 28394127
28394129 28394130
28394132 28394133
28394135 28394136
28394138 28394139
28394141 28394142
28394144 28394145
28394147 28394148
28394150 28394151
28394153 28394154
28394156 28394157
28394159 28394160
28394162 28394163
28394165 28394166
28394168 28394169
28394171 28394172
28394174 28394175
28394177 28394178
28394180 28394181
28394183 28394184
28394186 28394187
28394189 28394190
28394192 28394193
28394195 28394196
28394198 28394199
28394201 28394202
28394204 28394205
28394207 28394208
28394210 28394211
28394213 28394214
28394216 28394217
28394219 28394220
28394222 28394223
28394225 28394226
28394228 28394229
28394231 28394232
28394234 28394235
28394237 28394238
28394240 28394241
28394243 28394244
28394246 28394247
28394249 28394250
28394252 28394253
28394255 28394256
28394258 28394259
28394261 28394262
28394264 28394265
28394267 28394268
28394270 28394271
28394273 28394274
28394276 28394277
28394279 28394280
28394282 28394283
28394285 28394286
28394288 28394289
28394291 28394292
28394294 28394295
28394297 28394298
28394300 28394301
28394303 28394304
28394306 28394307
28394309 28394310
28394312 28394313
28394315 28394316
28394318 28394319
28394321 28394322
28394324 28394325
28394327 28394328
28394330 28394331
28394333 28394334
28394336 28394337
28394339 28394340
28394342 28394343
28394345 28394346
28394348 28394349
28394351 28394352
28394354 28394355
28394357 28394358
28394360 28394361
28394363 28394364
28394366 28394367
28394369 28394370
28394372 28394373
28394375 28394376
28394378 28394379
28394381 28394382
28394384 28394385
28394387 28394388
28394390 28394391
28394393 28394394
28394396 28394397
28394399 28394400
28394402 28394403
28394405 28394406
28394408 28394409
28394411 28394412
28394414 28394415
28394417 28394418
28394420 28394421
28394423 28394424
28394426 28394427
28394429 28394430
28394432 28394433
28394435 28394436
28394438 28394439
28394441 28394442
28394444 28394445
28394447 28394448
28394450 28394451
28394453 28394454
28394456 28394457
28394459 28394460
28394462 28394463
28394465 28394466
28394468 28394469
28394471 28394472
28394474 28394475
28394477 28394478
28394480 28394481
28394483 28394484
28394486 28394487
28394489 28394490
28394492 28394493
28394495 28394496
28394498 28394499
28394501 28394502
28394504 28394505
28394507 28394508
28394510 28394511
28394513 28394514
28394516 28394517
28394519 28394520
28394522 28394523
28394525 28394526
28394528 28394529
28394531 28394532
28394534 28394535
28394537 28394538
28394540 28394541
28394543 28394544
28394546 28394547
28394549 28394550
28394552 28394553
28394555 28394556
28394558 28394559
28394561 28394562
28394564 28394565
28394567 28394568
28394570 28394571
28394573 28394574
28394576 28394577
28394579 28394580
28394582 28394583
28394585 28394586
28394588 28394589
28394591 28394592
28394594 28394595
28394597 28394598
28394600 28394601
28394603 28394604
28394606 28394607
28394609 28394610
28394612 28394613
28394615 28394616
28394618 28394619
28394621 28394622
28394624 28394625
28394627 28394628
28394630 28394631
28394633 28394634
28394636 28394637
28394639 28394640
28394642 28394643
28394645 28394646
28394648 28394649
28394651 28394652
28394654 28394655
28394657 28394658
28394660 28394661
28394663 28394664
28394666 28394667
28394669 28394670
28394672 28394673
28394675 28394676
28394678 28394679
28394681 28394682
28394684 28394685
28394687 28394688
28394690 28394691
28394693 28394694
28394696 28394697
28394699 28394700
28394702 28394703
28394705 28394706
28394708 28394709
28394711 28394712
28394714 28394715
28394717 28394718
28394720 28394721
28394723 28394724
28394726 28394727
28394729 28394730
28394732 28394733
28394735 28394736
28394738 28394739
28394741 28394742
28394744 28394745
28394747 28394748
28394750 28394751
28394753 28394754
28394756 28394757
28394759 28394760
28394762 28394763
28394765 28394766
28394768 28394769
28394771 28394772
28394774 28394775
28394777 28394778
28394780 28394781
28394783 28394784
28394786 28394787
28394789 28394790
28394792 28394793
28394795 28394796
28394798 28394799
28394801 28394802
28394804 28394805
28394807 28394808
28394810 28394811
28394813 28394814
28394816 28394817
28394819 28394820
28394822 28394823
28394825 28394826
28394828 28394829
28394831 28394832
28394834 28394835
28394837 28394838
28394840 28394841
28394843 28394844
28394846 28394847
28394849 28394850
28394852 28394853
28394855 28394856
28394858 28394859
28394861 28394862
28394864 28394865
28394867 28394868
28394870 28394871
28394873 28394874
28394876 28394877
28394879 28394880
28394882 28394883
28394885 28394886
28394888 28394889
28394891 28394892
28394894 28394895
28394897 28394898
28394900 28394901
28394903 28394904
28394906 28394907
28394909 28394910
28394912 28394913
28394915 28394916
28394918 28394919
28394921 28394922
28394924 28394925
28394927 28394928
28394930 28394931
28394933 28394934
28394936 28394937
28394939 28394940
28394942 28394943
28394945 28394946
28394948 28394949
28394951 28394952
28394954 28394955
28394957 28394958
28394960 28394961
28394963 28394964
28394966 28394967
28394969 28394970
28394972 28394973
28394975 28394976
28394978 28394979
28394981 28394982
28394984 28394985
28394987 28394988
28394990 28394991
28394993 28394994
28394996 28394997
28394999 28395000
28395002 28395003
28395005 28395006
28395008 28395009
28395011 28395012
28395014 28395015
28395017 28395018
28395020 28395021
28395023 28395024
28395026 28395027
28395029 28395030
28395032 28395033
28395035 28395036
28395038 28395039
28395041 28395042
28395044 28395045
28395047 28395048
28395050 28395051
28395053 28395054
28395056 28395057
28395059 28395060
28395062 28395063
28395065 28395066
28395068 28395069
28395071 28395072
28395074 28395075
28395077 28395078
28395080 28395081
28395083 28395084
28395086 28395087
28395089 28395090
28395092 28395093
28395095 28395096
28395098 28395099
28395101 28395102
28395104 28395105
28395107 28395108
28395110 28395111
28395113 28395114
28395116 28395117
28395119 28395120
28395122 28395123
28395125 28395126
28395128 28395129
28395131 28395132
28395134 28395135
28395137 28395138
28395140 28395141
28395143 28395144
28395146 28395147
28395149 28395150
28395152 28395153
28395155 28395156
28395158 28395159
28395161 28395162
28395164 28395165
28395167 28395168
28395170 28395171
28395173 28395174
28395176 28395177
28395179 28395180
28395182 28395183
28395185 28395186
28395188 28395189
28395191 28395192
28395194 28395195
28395197 28395198
28395200 28395201
28395203 28395204
28395206 28395207
28395209 28395210
28395212 28395213
28395215 28395216
28395218 28395219
28395221 28395222
28395224 28395225
28395227 28395228
28395230 28395231
28395233 28395234
28395236 28395237
28395239 28395240
28395242 28395243
28395245 28395246
28395248 28395249
28395251 28395252
28395254 28395255
28395257 28395258
28395260 28395261
28395263 28395264
28395266 28395267
28395269 28395270
28395272 28395273
28395275 28395276
28395278 28395279
28395281 28395282
28395284 28395285
28395287 28395288
28395290 28395291
28395293 28395294
28395296 28395297
28395299 28395300
28395302 28395303
28395305 28395306
28395308 28395309
28395311 28395312
28395314 28395315
28395317 28395318
28395320 28395321
28395323 28395324
28395326 28395327
28395329 28395330
28395332 28395333
28395335 28395336
28395338 28395339
28395341 28395342
28395344 28395345
28395347 28395348
28395350 28395351
28395353 28395354
28395356 28395357
28395359 28395360
28395362 28395363
28395365 28395366
28395368 28395369
28395371 28395372
28395374 28395375
28395377 28395378
28395380 28395381
28395383 28395384
28395386 28395387
28395389 28395390
28395392 28395393
28395395 28395396
28395398 28395399
28395401 28395402
28395404 28395405
28395407 28395408
28395410 28395411
28395413 28395414
28395416 28395417
28395419 28395420
28395422 28395423
28395425 28395426
28395428 28395429
28395431 28395432
28395434 28395435
28395437 28395438
28395440 28395441
28395443 28395444
28395446 28395447
28395449 28395450
28395452 28395453
28395455 28395456
28395458 28395459
28395461 28395462
28395464 28395465
28395467 28395468
28395470 28395471
28395473 28395474
28395476 28395477
28395479 28395480
28395482 28395483
28395485 28395486
28395488 28395489
28395491 28395492
28395494 28395495
28395497 28395498
28395500 28395501
28395503 28395504
28395506 28395507
28395509 28395510
28395512 28395513
28395515 28395516
28395518 28395519
28395521 28395522
28395524 28395525
28395527 28395528
28395530 28395531
28395533 28395534
28395536 28395537
28395539 28395540
28395542 28395543
28395545 28395546
28395548 28395549
28395551 28395552
28395554 28395555
28395557 28395558
28395560 28395561
28395563 28395564
28395566 28395567
28395569 28395570
28395572 28395573
28395575 28395576
28395578 28395579
28395581 28395582
28395584 28395585
28395587 28395588
28395590 28395591
28395593 28395594
28395596 28395597
28395599 28395600
28395602 28395603
28395605 28395606
28395608 28395609
28395611 28395612
28395614 28395615
28395617 28395618
28395620 28395621
28395623 28395624
28395626 28395627
28395629 28395630
28395632 28395633
28395635 28395636
28395638 28395639
28395641 28395642
28395644 28395645
28395647 28395648
28395650 28395651
28395653 28395654
28395656 28395657
28395659 28395660
28395662 28395663
28395665 28395666
28395668 28395669
28395671 28395672
28395674 28395675
28395677 28395678
28395680 28395681
28395683 28395684
28395686 28395687
28395689 28395690
28395692 28395693
28395695 28395696
28395698 28395699
28395701 28395702
28395704 28395705
28395707 28395708
28395710 28395711
28395713 28395714
28395716 28395717
28395719 28395720
28395722 28395723
28395725 28395726
28395728 28395729
28395731 28395732
28395734 28395735
28395737 28395738
28395740 28395741
28395743 28395744
28395746 28395747
28395749 28395750
28395752 28395753
28395755 28395756
28395758 28395759
28395761 28395762
28395764 28395765
28395767 28395768
28395770 28395771
28395773 28395774
28395776 28395777
28395779 28395780
28395782 28395783
28395785 28395786
28395788 28395789
28395791 28395792
28395794 28395795
28395797 28395798
28395800 28395801
28395803 28395804
28395806 28395807
28395809 28395810
28395812 28395813
28395815 28395816
28395818 28395819
28395821 28395822
28395824 28395825
28395827 28395828
28395830 28395831
28395833 28395834
28395836 28395837
28395839 28395840
28395842 28395843
28395845 28395846
28395848 28395849
28395851 28395852
28395854 28395855
28395857 28395858
28395860 28395861
28395863 28395864
28395866 28395867
28395869 28395870
28395872 28395873
28395875 28395876
28395878 28395879
28395881 28395882
28395884 28395885
28395887 28395888
28395890 28395891
28395893 28395894
28395896 28395897
28395899 28395900
28395902 28395903
28395905 28395906
28395908 28395909
28395911 28395912
28395914 28395915
28395917 28395918
28395920 28395921
28395923 28395924
28395926 28395927
28395929 28395930
28395932 28395933
28395935 28395936
28395938 28395939
28395941 28395942
28395944 28395945
28395947 28395948
28395950 28395951
28395953 28395954
28395956 28395957
28395959 28395960
28395962 28395963
28395965 28395966
28395968 28395969
28395971 28395972
28395974 28395975
28395977 28395978
28395980 28395981
28395983 28395984
28395986 28395987
28395989 28395990
28395992 28395993
28395995 28395996
28395998 28395999
28396001 28396002
28396004 28396005
28396007 28396008
28396010 28396011
28396013 28396014
28396016 28396017
28396019 28396020
28396022 28396023
28396025 28396026
28396028 28396029
28396031 28396032
28396034 28396035
28396037 28396038
28396040 28396041
28396043 28396044
28396046 28396047
28396049 28396050
28396052 28396053
28396055 28396056
28396058 28396059
28396061 28396062
28396064 28396065
28396067 28396068
28396070 28396071
28396073 28396074
28396076 28396077
28396079 28396080
28396082 28396083
28396085 28396086
28396088 28396089
28396091 28396092
28396094 28396095
28396097 28396098
28396100 28396101
28396103 28396104
28396106 28396107
28396109 28396110
28396112 28396113
28396115 28396116
28396118 28396119
28396121 28396122
28396124 28396125
28396127 28396128
28396130 28396131
28396133 28396134
28396136 28396137
28396139 28396140
28396142 28396143
28396145 28396146
28396148 28396149
28396151 28396152
28396154 28396155
28396157 28396158
28396160 28396161
28396163 28396164
28396166 28396167
28396169 28396170
28396172 28396173
28396175 28396176
28396178 28396179
28396181 28396182
28396184 28396185
28396187 28396188
28396190 28396191
28396193 28396194
28396196 28396197
28396199 28396200
28396202 28396203
28396205 28396206
28396208 28396209
28396211 28396212
28396214 28396215
28396217 28396218
28396220 28396221
28396223 28396224
28396226 28396227
28396229 28396230
28396232 28396233
28396235 28396236
28396238 28396239
28396241 28396242
28396244 28396245
28396247 28396248
28396250 28396251
28396253 28396254
28396256 28396257
28396259 28396260
28396262 28396263
28396265 28396266
28396268 28396269
28396271 28396272
28396274 28396275
28396277 28396278
28396280 28396281
28396283 28396284
28396286 28396287
28396289 28396290
28396292 28396293
28396295 28396296
28396298 28396299
28396301 28396302
28396304 28396305
28396307 28396308
28396310 28396311
28396313 28396314
28396316 28396317
28396319 28396320
28396322 28396323
28396325 28396326
28396328 28396329
28396331 28396332
28396334 28396335
28396337 28396338
28396340 28396341
28396343 28396344
28396346 28396347
28396349 28396350
28396352 28396353
28396355 28396356
28396358 28396359
28396361 28396362
28396364 28396365
28396367 28396368
28396370 28396371
28396373 28396374
28396376 28396377
28396379 28396380
28396382 28396383
28396385 28396386
28396388 28396389
28396391 28396392
28396394 28396395
28396397 28396398
28396400 28396401
28396403 28396404
28396406 28396407
28396409 28396410
28396412 28396413
28396415 28396416
28396418 28396419
28396421 28396422
28396424 28396425
28396427 28396428
28396430 28396431
28396433 28396434
28396436 28396437
28396439 28396440
28396442 28396443
28396445 28396446
28396448 28396449
28396451 28396452
28396454 28396455
28396457 28396458
28396460 28396461
28396463 28396464
28396466 28396467
28396469 28396470
28396472 28396473
28396475 28396476
28396478 28396479
28396481 28396482
28396484 28396485
28396487 28396488
28396490 28396491
28396493 28396494
28396496 28396497
28396499 28396500
28396502 28396503
28396505 28396506
28396508 28396509
28396511 28396512
28396514 28396515
28396517 28396518
28396520 28396521
28396523 28396524
28396526 28396527
28396529 28396530
28396532 28396533
28396535 28396536
28396538 28396539
28396541 28396542
28396544 28396545
28396547 28396548
28396550 28396551
28396553 28396554
28396556 28396557
28396559 28396560
28396562 28396563
28396565 28396566
28396568 28396569
28396571 28396572
28396574 28396575
28396577 28396578
28396580 28396581
28396583 28396584
28396586 28396587
28396589 28396590
28396592 28396593
28396595 28396596
28396598 28396599
28396601 28396602
28396604 28396605
28396607 28396608
28396610 28396611
28396613 28396614
28396616 28396617
28396619 28396620
28396622 28396623
28396625 28396626
28396628 28396629
28396631 28396632
28396634 28396635
28396637 28396638
28396640 28396641
28396643 28396644
28396646 28396647
28396649 28396650
28396652 28396653
28396655 28396656
28396658 28396659
28396661 28396662
28396664 28396665
28396667 28396668
28396670 28396671
28396673 28396674
28396676 28396677
28396679 28396680
28396682 28396683
28396685 28396686
28396688 28396689
28396691 28396692
28396694 28396695
28396697 28396698
28396700 28396701
28396703 28396704
28396706 28396707
28396709 28396710
28396712 28396713
28396715 28396716
28396718 28396719
28396721 28396722
28396724 28396725
28396727 28396728
28396730 28396731
28396733 28396734
28396736 28396737
28396739 28396740
28396742 28396743
28396745 28396746
28396748 28396749
28396751 28396752
28396754 28396755
28396757 28396758
28396760 28396761
28396763 28396764
28396766 28396767
28396769 28396770
28396772 28396773
28396775 28396776
28396778 28396779
28396781 28396782
28396784 28396785
28396787 28396788
28396790 28396791
28396793 28396794
28396796 28396797
28396799 28396800
28396802 28396803
28396805 28396806
28396808 28396809
28396811 28396812
28396814 28396815
28396817 28396818
28396820 28396821
28396823 28396824
28396826 28396827
28396829 28396830
28396832 28396833
28396835 28396836
28396838 28396839
28396841 28396842
28396844 28396845
28396847 28396848
28396850 28396851
28396853 28396854
28396856 28396857
28396859 28396860
28396862 28396863
28396865 28396866
28396868 28396869
28396871 28396872
28396874 28396875
28396877 28396878
28396880 28396881
28396883 28396884
28396886 28396887
28396889 28396890
28396892 28396893
28396895 28396896
28396898 28396899
28396901 28396902
28396904 28396905
28396907 28396908
28396910 28396911
28396913 28396914
28396916 28396917
28396919 28396920
28396922 28396923
28396925 28396926
28396928 28396929
28396931 28396932
28396934 28396935
28396937 28396938
28396940 28396941
28396943 28396944
28396946 28396947
28396949 28396950
28396952 28396953
28396955 28396956
28396958 28396959
28396961 28396962
28396964 28396965
28396967 28396968
28396970 28396971
28396973 28396974
28396976 28396977
28396979 28396980
28396982 28396983
28396985 28396986
28396988 28396989
28396991 28396992
28396994 28396995
28396997 28396998
28397000 28397001
28397003 28397004
28397006 28397007
28397009 28397010
28397012 28397013
28397015 28397016
28397018 28397019
28397021 28397022
28397024 28397025
28397027 28397028
28397030 28397031
28397033 28397034
28397036 28397037
28397039 28397040
28397042 28397043
28397045 28397046
28397048 28397049
28397051 28397052
28397054 28397055
28397057 28397058
28397060 28397061
28397063 28397064
28397066 28397067
28397069 28397070
28397072 28397073
28397075 28397076
28397078 28397079
28397081 28397082
28397084 28397085
28397087 28397088
28397090 28397091
28397093 28397094
28397096 28397097
28397099 28397100
28397102 28397103
28397105 28397106
28397108 28397109
28397111 28397112
28397114 28397115
28397117 28397118
28397120 28397121
28397123 28397124
28397126 28397127
28397129 28397130
28397132 28397133
28397135 28397136
28397138 28397139
28397141 28397142
28397144 28397145
28397147 28397148
28397150 28397151
28397153 28397154
28397156 28397157
28397159 28397160
28397162 28397163
28397165 28397166
28397168 28397169
28397171 28397172
28397174 28397175
28397177 28397178
28397180 28397181
28397183 28397184
28397186 28397187
28397189 28397190
28397192 28397193
28397195 28397196
28397198 28397199
28397201 28397202
28397204 28397205
28397207 28397208
28397210 28397211
28397213 28397214
28397216 28397217
28397219 28397220
28397222 28397223
28397225 28397226
28397228 28397229
28397231 28397232
28397234 28397235
28397237 28397238
28397240 28397241
28397243 28397244
28397246 28397247
28397249 28397250
28397252 28397253
28397255 28397256
28397258 28397259
28397261 28397262
28397264 28397265
28397267 28397268
28397270 28397271
28397273 28397274
28397276 28397277
28397279 28397280
28397282 28397283
28397285 28397286
28397288 28397289
28397291 28397292
28397294 28397295
28397297 28397298
28397300 28397301
28397303 28397304
28397306 28397307
28397309 28397310
28397312 28397313
28397315 28397316
28397318 28397319
28397321 28397322
28397324 28397325
28397327 28397328
28397330 28397331
28397333 28397334
28397336 28397337
28397339 28397340
28397342 28397343
28397345 28397346
28397348 28397349
28397351 28397352
28397354 28397355
28397357 28397358
28397360 28397361
28397363 28397364
28397366 28397367
28397369 28397370
28397372 28397373
28397375 28397376
28397378 28397379
28397381 28397382
28397384 28397385
28397387 28397388
28397390 28397391
28397393 28397394
28397396 28397397
28397399 28397400
28397402 28397403
28397405 28397406
28397408 28397409
28397411 28397412
28397414 28397415
28397417 28397418
28397420 28397421
28397423 28397424
28397426 28397427
28397429 28397430
28397432 28397433
28397435 28397436
28397438 28397439
28397441 28397442
28397444 28397445
28397447 28397448
28397450 28397451
28397453 28397454
28397456 28397457
28397459 28397460
28397462 28397463
28397465 28397466
28397468 28397469
28397471 28397472
28397474 28397475
28397477 28397478
28397480 28397481
28397483 28397484
28397486 28397487
28397489 28397490
28397492 28397493
28397495 28397496
28397498 28397499
28397501 28397502
28397504 28397505
28397507 28397508
28397510 28397511
28397513 28397514
28397516 28397517
28397519 28397520
28397522 28397523
28397525 28397526
28397528 28397529
28397531 28397532
28397534 28397535
28397537 28397538
28397540 28397541
28397543 28397544
28397546 28397547
28397549 28397550
28397552 28397553
28397555 28397556
28397558 28397559
28397561 28397562
28397564 28397565
28397567 28397568
28397570 28397571
28397573 28397574
28397576 28397577
28397579 28397580
28397582 28397583
28397585 28397586
28397588 28397589
28397591 28397592
28397594 28397595
28397597 28397598
28397600 28397601
28397603 28397604
28397606 28397607
28397609 28397610
28397612 28397613
28397615 28397616
28397618 28397619
28397621 28397622
28397624 28397625
28397627 28397628
28397630 28397631
28397633 28397634
28397636 28397637
28397639 28397640
28397642 28397643
28397645 28397646
28397648 28397649
28397651 28397652
28397654 28397655
28397657 28397658
28397660 28397661
28397663 28397664
28397666 28397667
28397669 28397670
28397672 28397673
28397675 28397676
28397678 28397679
28397681 28397682
28397684 28397685
28397687 28397688
28397690 28397691
28397693 28397694
28397696 28397697
28397699 28397700
28397702 28397703
28397705 28397706
28397708 28397709
28397711 28397712
28397714 28397715
28397717 28397718
28397720 28397721
28397723 28397724
28397726 28397727
28397729 28397730
28397732 28397733
28397735 28397736
28397738 28397739
28397741 28397742
28397744 28397745
28397747 28397748
28397750 28397751
28397753 28397754
28397756 28397757
28397759 28397760
28397762 28397763
28397765 28397766
28397768 28397769
28397771 28397772
28397774 28397775
28397777 28397778
28397780 28397781
28397783 28397784
28397786 28397787
28397789 28397790
28397792 28397793
28397795 28397796
28397798 28397799
28397801 28397802
28397804 28397805
28397807 28397808
28397810 28397811
28397813 28397814
28397816 28397817
28397819 28397820
28397822 28397823
28397825 28397826
28397828 28397829
28397831 28397832
28397834 28397835
28397837 28397838
28397840 28397841
28397843 28397844
28397846 28397847
28397849 28397850
28397852 28397853
28397855 28397856
28397858 28397859
28397861 28397862
28397864 28397865
28397867 28397868
28397870 28397871
28397873 28397874
28397876 28397877
28397879 28397880
28397882 28397883
28397885 28397886
28397888 28397889
28397891 28397892
28397894 28397895
28397897 28397898
28397900 28397901
28397903 28397904
28397906 28397907
28397909 28397910
28397912 28397913
28397915 28397916
28397918 28397919
28397921 28397922
28397924 28397925
28397927 28397928
28397930 28397931
28397933 28397934
28397936 28397937
28397939 28397940
28397942 28397943
28397945 28397946
28397948 28397949
28397951 28397952
28397954 28397955
28397957 28397958
28397960 28397961
28397963 28397964
28397966 28397967
28397969 28397970
28397972 28397973
28397975 28397976
28397978 28397979
28397981 28397982
28397984 28397985
28397987 28397988
28397990 28397991
28397993 28397994
28397996 28397997
28397999 28398000
28398002 28398003
28398005 28398006
28398008 28398009
28398011 28398012
28398014 28398015
28398017 28398018
28398020 28398021
28398023 28398024
28398026 28398027
28398029 28398030
28398032 28398033
28398035 28398036
28398038 28398039
28398041 28398042
28398044 28398045
28398047 28398048
28398050 28398051
28398053 28398054
28398056 28398057
28398059 28398060
28398062 28398063
28398065 28398066
28398068 28398069
28398071 28398072
28398074 28398075
28398077 28398078
28398080 28398081
28398083 28398084
28398086 28398087
28398089 28398090
28398092 28398093
28398095 28398096
28398098 28398099
28398101 28398102
28398104 28398105
28398107 28398108
28398110 28398111
28398113 28398114
28398116 28398117
28398119 28398120
28398122 28398123
28398125 28398126
28398128 28398129
28398131 28398132
28398134 28398135
28398137 28398138
28398140 28398141
28398143 28398144
28398146 28398147
28398149 28398150
28398152 28398153
28398155 28398156
28398158 28398159
28398161 28398162
28398164 28398165
28398167 28398168
28398170 28398171
28398173 28398174
28398176 28398177
28398179 28398180
28398182 28398183
28398185 28398186
28398188 28398189
28398191 28398192
28398194 28398195
28398197 28398198
28398200 28398201
28398203 28398204
28398206 28398207
28398209 28398210
28398212 28398213
28398215 28398216
28398218 28398219
28398221 28398222
28398224 28398225
28398227 28398228
28398230 28398231
28398233 28398234
28398236 28398237
28398239 28398240
28398242 28398243
28398245 28398246
28398248 28398249
28398251 28398252
28398254 28398255
28398257 28398258
28398260 28398261
28398263 28398264
28398266 28398267
28398269 28398270
28398272 28398273
28398275 28398276
28398278 28398279
28398281 28398282
28398284 28398285
28398287 28398288
28398290 28398291
28398293 28398294
28398296 28398297
28398299 28398300
28398302 28398303
28398305 28398306
28398308 28398309
28398311 28398312
28398314 28398315
28398317 28398318
28398320 28398321
28398323 28398324
28398326 28398327
28398329 28398330
28398332 28398333
28398335 28398336
28398338 28398339
28398341 28398342
28398344 28398345
28398347 28398348
28398350 28398351
28398353 28398354
28398356 28398357
28398359 28398360
28398362 28398363
28398365 28398366
28398368 28398369
28398371 28398372
28398374 28398375
28398377 28398378
28398380 28398381
28398383 28398384
28398386 28398387
28398389 28398390
28398392 28398393
28398395 28398396
28398398 28398399
28398401 28398402
28398404 28398405
28398407 28398408
28398410 28398411
28398413 28398414
28398416 28398417
28398419 28398420
28398422 28398423
28398425 28398426
28398428 28398429
28398431 28398432
28398434 28398435
28398437 28398438
28398440 28398441
28398443 28398444
28398446 28398447
28398449 28398450
28398452 28398453
28398455 28398456
28398458 28398459
28398461 28398462
28398464 28398465
28398467 28398468
28398470 28398471
28398473 28398474
28398476 28398477
28398479 28398480
28398482 28398483
28398485 28398486
28398488 28398489
28398491 28398492
28398494 28398495
28398497 28398498
28398500 28398501
28398503 28398504
28398506 28398507
28398509 28398510
28398512 28398513
28398515 28398516
28398518 28398519
28398521 28398522
28398524 28398525
28398527 28398528
28398530 28398531
28398533 28398534
28398536 28398537
28398539 28398540
28398542 28398543
28398545 28398546
28398548 28398549
28398551 28398552
28398554 28398555
28398557 28398558
28398560 28398561
28398563 28398564
28398566 28398567
28398569 28398570
28398572 28398573
28398575 28398576
28398578 28398579
28398581 28398582
28398584 28398585
28398587 28398588
28398590 28398591
28398593 28398594
28398596 28398597
28398599 28398600
28398602 28398603
28398605 28398606
28398608 28398609
28398611 28398612
28398614 28398615
28398617 28398618
28398620 28398621
28398623 28398624
28398626 28398627
28398629 28398630
28398632 28398633
28398635 28398636
28398638 28398639
28398641 28398642
28398644 28398645
28398647 28398648
28398650 28398651
28398653 28398654
28398656 28398657
28398659 28398660
28398662 28398663
28398665 28398666
28398668 28398669
28398671 28398672
28398674 28398675
28398677 28398678
28398680 28398681
28398683 28398684
28398686 28398687
28398689 28398690
28398692 28398693
28398695 28398696
28398698 28398699
28398701 28398702
28398704 28398705
28398707 28398708
28398710 28398711
28398713 28398714
28398716 28398717
28398719 28398720
28398722 28398723
28398725 28398726
28398728 28398729
28398731 28398732
28398734 28398735
28398737 28398738
28398740 28398741
28398743 28398744
28398746 28398747
28398749 28398750
28398752 28398753
28398755 28398756
28398758 28398759
28398761 28398762
28398764 28398765
28398767 28398768
28398770 28398771
28398773 28398774
28398776 28398777
28398779 28398780
28398782 28398783
28398785 28398786
28398788 28398789
28398791 28398792
28398794 28398795
28398797 28398798
28398800 28398801
28398803 28398804
28398806 28398807
28398809 28398810
28398812 28398813
28398815 28398816
28398818 28398819
28398821 28398822
28398824 28398825
28398827 28398828
28398830 28398831
28398833 28398834
28398836 28398837
28398839 28398840
28398842 28398843
28398845 28398846
28398848 28398849
28398851 28398852
28398854 28398855
28398857 28398858
28398860 28398861
28398863 28398864
28398866 28398867
28398869 28398870
28398872 28398873
28398875 28398876
28398878 28398879
28398881 28398882
28398884 28398885
28398887 28398888
28398890 28398891
28398893 28398894
28398896 28398897
28398899 28398900
28398902 28398903
28398905 28398906
28398908 28398909
28398911 28398912
28398914 28398915
28398917 28398918
28398920 28398921
28398923 28398924
28398926 28398927
28398929 28398930
28398932 28398933
28398935 28398936
28398938 28398939
28398941 28398942
28398944 28398945
28398947 28398948
28398950 28398951
28398953 28398954
28398956 28398957
28398959 28398960
28398962 28398963
28398965 28398966
28398968 28398969
28398971 28398972
28398974 28398975
28398977 28398978
28398980 28398981
28398983 28398984
28398986 28398987
28398989 28398990
28398992 28398993
28398995 28398996
28398998 28398999
28399001 28399002
28399004 28399005
28399007 28399008
28399010 28399011
28399013 28399014
28399016 28399017
28399019 28399020
28399022 28399023
28399025 28399026
28399028 28399029
28399031 28399032
28399034 28399035
28399037 28399038
28399040 28399041
28399043 28399044
28399046 28399047
28399049 28399050
28399052 28399053
28399055 28399056
28399058 28399059
28399061 28399062
28399064 28399065
28399067 28399068
28399070 28399071
28399073 28399074
28399076 28399077
28399079 28399080
28399082 28399083
28399085 28399086
28399088 28399089
28399091 28399092
28399094 28399095
28399097 28399098
28399100 28399101
28399103 28399104
9088339 9088345
28399106 28399107
