224804 189254
3395007 308646
5074517 285537
5101504 224129
219431 216074
1393472 10100
5199934 330651
961125 5455
5206514 505114
2171802 392221
650869 999248
650869 675852
5082457 479401
5273524 79015
700217 269202
5294888 222733
5325412 1007114
225402 365385
110439 52724
110439 355111
1116596 768270
5369643 207674
1948239 218719
110272 219826
1391370 376169
1215332 327133
676138 325281
2390162 99522
5403418 128627
335711 612424
1500199 213166
327794 79168
5438044 330373
893050 72968
1340234 901983
685129 53973
141006 324083
1780709 396954
2947189 233106
262333 80182
219378 671051
5557382 5655
723292 197711
5561734 339200
5564609 1056552
995950 312584
5565298 14804
520338 5458
84076 288721
213038 213584
3022741 662349
187580 578945
5604475 393647
950114 189402
2292744 96826
790286 242452
1776751 385570
5651930 468523
288462 803747
685134 469385
685135 502911
5677876 102869
137061 428797
958665 893149
1748280 609149
1748280 95192
4826030 179292
45105 72832
45105 190417
222444 51909
5736973 56375
1604372 100131
5762789 106407
5772441 181694
2913121 19588
5798322 367549
5799060 393696
5808856 198583
5810989 10546
435797 251768
137156 132378
137156 148093
2121899 121957
2539462 52723
3010198 529455
5853266 99707
5854314 142684
4538537 105379
288464 133512
1605 19417
435799 1083423
2436638 227444
3809936 450818
3975953 99993
3011436 224513
141061 443467
6013732 48889
6013842 204038
1604339 24713
1358310 842019
1084094 456341
6030742 1256735
2596242 377298
2596242 821099
1756477 95477
1756477 11038
426769 98597
426769 277764
4273560 108226
4273560 178988
609461 829997
2382794 7445
3454977 907401
3454977 340672
3933980 295527
1295039 105526
6058369 95949
958332 215891
2122372 201181
6079439 1587533
1784660 417344
2455305 248910
6091969 76166
3611055 273294
1851404 196550
960182 242203
140233 217288
3226111 566875
4860195 272734
6131828 44313
3706079 170566
164855 339069
6138305 94890
2094418 452906
803694 397290
6171601 1306675
3093086 291760
6178320 579095
6181045 187505
2638977 580551
6185534 186118
4848572 136677
1707055 142312
6195818 101824
2454069 810813
2293068 35265
6200881 147398
3231915 97744
3532848 626416
3532848 1022412
1777043 1625
2099700 243663
6227324 98992
2608585 324801
1945041 610262
3118682 343902
6236333 352883
6237954 930893
2692217 370216
6251788 142932
6251788 224514
6252611 48370
1580505 100775
3530939 831
6273573 627895
6275745 65974
6285172 96046
1000881 344215
2723134 330444
6297314 503159
4996060 53189
3947256 105860
4139337 85577
6314786 612428
2953907 127811
2311758 215408
950974 25768
2440709 419472
2440709 160353
6339926 52147
3156803 5619
3156803 98276
1418103 92465
1418103 612721
5134888 14013
6353241 43216
4566224 161412
2642779 223272
3977413 108414
6369071 101550
1604485 253352
219384 275751
6381647 40838
6388991 25666
6390794 27993
6402837 30991
435593 362114
6410387 1607
2455306 51075
4429069 10791
226859 286404
6437928 200829
4351230 640539
1401204 115637
6455296 138390
6455773 142624
577254 214201
3503775 347382
35323 52073
3529776 126066
6477185 218184
6477185 325375
1954700 416660
4666945 107100
2440697 109522
999357 397136
6511681 240514
6536326 943223
1793379 859873
3100278 1312143
6551591 218110
6560145 438817
1316759 104822
696361 1247375
696361 877895
486190 877515
501915 82828
3106863 293444
3106863 165657
6627454 445147
6636858 297361
3271812 153674
6674642 322954
6676257 1029148
3926262 312861
3853879 352650
6705749 350302
6705749 1336664
6705749 534577
6705810 782486
6721488 51594
6721488 142976
6721488 187665
6721488 621725
6721488 339068
6721526 124796
6721526 19585
6721526 367687
6721526 30439
6721526 45502
1405774 145543
6749576 37295
3570483 321462
6758466 346219
3697761 2048
3697761 832043
6115615 567167
4783545 325206
224700 189037
6837724 394368
6850655 407822
6858954 89007
219389 75158
219389 396561
6861664 841674
6876782 512855
6879753 521136
4429008 179257
6885749 99583
2439565 94515
3198924 1372345
6889461 230921
1293833 316575
5134613 366606
6954132 121844
4668981 1198727
1582078 842555
6980885 49225
6986622 95479
6986934 148599
6988283 664125
7005529 349145
7005529 344643
7005529 341303
4650554 166626
4728211 7712
7020691 131815
7038766 48931
7045077 1213020
7051924 217287
219357 395221
18780 103863
18780 103865
7057974 107618
336137 390788
1848070 249882
7094061 325920
7101442 37582
7101442 212375
7102280 363836
7108256 573858
7108283 33674
7108283 194302
7109163 226287
3682385 243827
7109403 881533
5101001 324239
7111303 45423
435802 668046
435802 251886
7120205 7261
7127030 1621
7147382 95716
6522627 49652
7154390 754170
2719660 112151
1707186 141781
1707186 677828
4076142 50516
7160202 867236
7160265 18047
7186847 252281
4859788 102968
7216646 196319
7216646 338373
6988765 8726
7236495 388374
3944075 54865
2449178 295494
7259263 200826
7262778 478401
957880 163738
3211396 764554
7293676 76047
3977492 276324
7324511 28385
7328988 168953
7330042 328873
440204 20727
40457 18419
7360420 369353
7366063 5795
7367150 104405
7367220 635180
7367323 19586
7367464 208721
7372152 869911
7374686 144350
7376604 947047
1344381 814008
3271966 98091
7381965 156267
7381965 306883
3920579 95423
7391609 101898
7404784 261141
7404880 316440
1780922 243994
1947873 53047
7481090 135609
7486599 353551
6013734 507894
4715208 307464
7519605 104947
1452608 36475
2649528 104318
2649528 29254
7538794 275905
140292 331651
804009 104470
7237327 8207
7554196 249794
4538538 701563
4690276 86902
877480 86208
2474990 612418
2474990 215089
1780388 194959
2866615 225048
2866615 363943
7597059 162578
4641774 195704
4755614 295622
7600760 847871
2481371 441528
7600999 41919
7600999 181769
3454903 503779
7601728 99900
58014 237700
4107273 192368
7606746 100358
7607729 79956
7607944 532831
7607944 172689
7610377 395771
7610437 618068
7612793 339256
7612793 554198
6906101 674243
7615636 51830
7615636 282591
7615636 53242
7615636 3205
7616214 149406
7616359 83794
2597665 612884
3133155 423315
7620182 36247
6074721 36472
2814559 202586
7622624 36005
7622624 100354
7622624 390357
7622624 52400
7622624 401993
950404 312631
950460 353308
4535180 10254
3104755 224122
7631367 21657
7631367 226497
7631460 329221
7632021 103059
7632225 342138
7640134 343827
7640134 831345
7640134 306906
7642802 547869
995983 951868
335873 72229
7652125 86005
7652331 333634
7658933 72997
1417951 274404
3271823 340671
7680734 214743
7680784 321235
2436666 96398
7689400 54948
7694612 504872
7698670 627231
7699120 280588
3472473 402706
7703677 169560
7705223 8614
7707160 383859
1945393 329680
2926548 33574
959240 100868
4106657 285250
7733234 867739
7764859 158897
7783551 753936
7787258 105187
3645347 316068
7794708 345149
7794708 189086
7807117 497616
7831699 306065
7831751 345851
7855288 102351
7868781 178964
7868841 36765
7868841 93717
7868841 621384
326202 328475
326202 884273
7884662 219933
7884662 12343
7885733 31536
7885733 998484
7917724 261455
662950 332420
1086605 346399
7931130 390358
436953 93767
7932317 220092
6311258 316790
7972234 308695
4847766 101773
4847766 230335
8000347 904413
7300577 104402
4512686 336222
8073757 143461
4894244 932625
3977537 14342
8115277 542064
1792395 340670
8144945 227038
8147361 401505
385413 303222
8161621 905409
8161701 288535
8162918 358948
8162918 52287
4465088 96933
1347015 267323
5097303 159589
8173296 1075563
1851408 234242
5579435 276393
8188369 193147
2924588 186884
8197185 328944
8198566 551125
7703713 362661
8228141 146506
8229753 9726
8244490 120406
8244722 8078
335874 335325
8266179 152776
1418031 219723
8270595 52331
8280931 337484
8280931 110235
8293637 371900
8295690 190650
8302366 147111
8302395 629850
3711969 104321
3711969 333948
3711969 154372
4010354 93818
8312829 125276
8317327 381140
3074347 332550
8320034 79928
2983661 27279
8323018 831767
8329220 364995
8329220 118496
8329220 1183336
8329220 107939
8329220 27790
8335020 263435
8335020 235856
8350224 35289
8350272 336869
8360494 577422
8375651 101549
8375651 293980
8385175 52773
8385175 634544
8395933 163884
8400511 542367
8402690 1020463
4643802 227346
4635740 783138
8403192 1114870
8417684 229972
8431031 474443
6032227 94507
8453893 356721
8457316 358953
8457316 50959
8461941 284144
8471627 351208
3692043 865878
8488378 53373
8503258 104743
8506231 218066
4345065 19422
8516391 18440
3659628 441526
8524427 21819
4345066 131166
4715674 1199481
8525301 1004276
1780926 250169
8553873 901117
5557656 243347
1603806 320153
8575266 237080
2537202 353426
8606306 330067
8611316 15333
8615707 332288
8618982 353125
8629920 77422
8631041 1672833
999358 92349
8634484 24916
8637847 303181
8652452 1198618
8239978 157292
4352088 343327
8670269 346817
8679290 408242
8679290 117205
8683641 219889
8684423 338528
3220908 460589
8705476 530058
8705514 11938
8720959 139146
8720959 431325
8724341 365530
8725685 295773
4087728 102296
1646960 121380
2037151 84856
8744180 365475
8760395 30022
8765787 42616
4512687 252908
4512687 185092
8779935 506676
18784 104065
8790017 479884
8812704 226290
8814070 249565
8839788 51275
8839884 49351
8850695 841506
8850695 128541
2718906 260369
8867983 70133
8870150 85430
8885446 323991
8897043 218112
8897043 341133
8897043 785189
8918139 52865
8931047 410386
8939840 118312
8941077 501440
8947548 352627
4115760 262045
8963560 374496
5807241 111874
5807241 356974
8977055 700276
8971081 95249
2330561 135453
2424833 580708
8999199 393093
8999199 279335
8999199 319586
8999199 1423072
1781275 221026
9004347 93721
9012109 93763
1347016 284143
9021070 672838
9021070 461723
4154341 288304
9048975 320383
9060759 674154
9064266 204698
9064266 263476
9078079 549880
9083359 51778
9085925 689208
9085925 446952
9091391 361465
9116023 77324
4010026 313440
9125814 319683
9131098 330581
9134729 857513
3232124 328943
9149909 396332
9149937 220615
7906611 317342
9157950 110041
9158005 142724
9158005 562511
9182451 409740
9185123 893990
9197702 698589
4417922 151559
9199571 330183
9203082 142296
9203082 98275
2454525 1170136
9209634 119698
9224417 430714
9224417 387913
4720353 188490
9229462 5464
9229541 259950
9231072 36476
3231971 648351
9233579 370109
9233579 142424
9238243 67229
9242445 100091
7382207 4144
9285539 220265
9292948 122928
4476910 462925
2436669 53914
2436669 1596559
2436669 28720
9304564 328874
9308101 10099
2649529 248635
2649529 161376
2649529 149278
9314456 94688
9316119 323170
9330421 134384
1391918 201295
9334117 1207230
9338443 333688
9341200 50958
9341258 696794
9344726 397001
9344816 26270
9345018 485086
9345018 325374
9345954 110659
9346814 931498
9346814 267484
2880689 118064
5807085 186085
4295602 58044
9358917 52837
9365145 347275
9365961 346667
9365961 585411
9368011 80423
1841203 54406
9376875 131887
9381989 397573
9393915 392050
9394582 52401
9395087 56166
2609340 16118
9396391 532895
9398068 320267
9401328 109422
9401328 208220
9401328 107041
8315566 226406
9406739 41409
9406739 816702
9406996 110236
9407166 622839
9419425 119640
9425108 325650
4643791 552679
9431660 53190
9439438 278712
9439438 340412
9442222 246474
9450763 109599
683912 45819
9472599 223003
9482269 251698
9482269 506948
9490587 23549
9502676 742240
9521954 450824
9531909 102720
9540142 230461
9542016 100825
9543712 226965
9544456 342009
1947948 171963
9555747 602274
9555747 78211
9567596 392054
9571817 660211
9574956 98796
9574956 345588
9574956 509560
9592966 627204
9592966 92931
9601138 328586
895411 215491
9610806 266066
9617695 673148
9618205 9519
9636683 424245
9636687 135509
9782262 252943
9782262 14556
9782262 52509
1857525 606519
9797637 340923
9798800 238233
9798942 100906
9435566 109691
9812657 332004
9818632 179103
4657062 347381
9834989 407821
9835276 336503
9835295 321609
9819744 208417
9837094 216027
9837116 132026
9839073 447082
9839992 95248
9843622 244265
9843622 108174
9846303 117045
9847812 334912
9847812 185081
9847890 606763
9847890 433230
9849526 181952
9850930 736687
4690255 344954
9856038 256121
9856038 1042145
9856038 598161
9860346 992887
9864165 243050
9864268 325865
9865702 213505
7127753 98442
7127753 8485
7127753 19587
7127753 433184
9866137 983731
9869509 51424
9869509 326270
9871843 99116
9871843 424319
9873172 642477
9873433 58968
9873471 365696
9873471 216889
9873471 339342
9873471 177132
9873471 528922
9873471 94892
9873471 49228
9873471 84327
9873490 324931
9873490 1009967
9873490 604775
9873490 97812
4278317 97203
9875054 1684046
9877339 449794
9877371 45299
9877371 11470
9877652 739595
9879850 328877
2377463 8483
9896959 49653
9896959 13086
9900946 268806
9901538 173058
9901538 213724
9901564 148382
6755197 137994
9906564 18112
9917208 288036
9918588 243060
9918704 22249
9918825 107816
9919162 797617
4295631 640304
9930341 98512
5378377 101380
4015562 79375
9935104 48009
9935104 178743
4717261 190194
10125738 56781
10270066 798178
10270066 1047617
10270066 1412
10307302 790120
10307302 678490
953716 164775
10333016 489184
10342517 279574
10342517 467800
10345209 507859
10345209 112083
10345209 500310
10345209 620537
10345653 335602
4704868 295676
4704868 636921
10347313 101934
10348431 100173
10352243 102227
10352653 25885
10352653 86014
10352653 882909
4154335 505714
3998381 338572
10363137 582798
10413521 186180
10414012 2202661
10414630 5544
10414920 85355
10417168 164479
10417168 220616
10417510 538729
3677182 334562
10421106 363721
10421236 396697
10421342 206621
10421342 12866
10421384 152291
10421394 166204
10421394 26375
10421407 93320
10421466 70251
10421466 1089756
10421466 445276
10421514 142277
10421514 252045
10421517 95480
10422488 308655
10422674 46551
10423814 882825
10423814 600966
10423814 200831
10423814 38525
10426332 64154
10428541 222331
10428541 339008
10428572 110095
10433047 337888
10433047 697261
10433047 99329
10433047 196363
3530940 39812
10436948 51905
3633969 130414
7253300 98894
10661087 126765
10661847 309828
10667584 13587
10667679 512556
10675163 142606
10705116 109290
5044661 224060
10713864 182040
10716058 467681
10717854 322284
10719060 51361
1794241 1017561
10727301 316966
9315799 11107
9315799 1142152
10731415 137740
10732094 329134
10734910 11469
10734910 62882
10736793 58042
10736793 318425
10740980 157926
10741758 336722
4267598 647808
18342 92865
7322956 211889
7322956 33783
10755482 459910
10755482 18135
10759701 53974
10759701 428960
10764891 440314
10765183 223608
10765569 100475
4919212 97967
10773043 709454
10774488 177083
10777100 195775
10778325 868372
10781659 292923
10783181 23656
10784682 770671
10787793 788576
10788395 177027
10788395 463421
10788395 343903
10788395 562297
10789309 530842
10789935 340530
10791065 628418
10792351 1101642
10792351 262703
10799739 261556
7620185 71836
7620185 1110234
10803447 12989
3952461 418104
3952461 346531
10806215 347120
10807311 211832
10812600 230076
10813802 361168
10814414 322955
10815808 137091
10817117 939247
10817353 1017587
10817353 101168
10817353 963507
10822242 64945
10822242 542638
10822242 131420
10822996 194015
10830060 618178
10831981 108620
10831981 110131
10832726 633997
996955 106431
996955 101651
10834163 430299
10835826 193101
10835893 333015
10835893 523692
10837526 199191
10840829 342455
10841432 225966
10851173 94380
10853123 550642
10855481 229318
10857432 485770
10858212 660149
10885315 1628
10891247 64126
10913572 332058
10864480 33128
10927651 10927660
10930874 740841
10941945 2142
10747928 209912
10982492 341364
10982492 29551
10982492 149167
10990118 316339
10995164 31259
11004790 343709
2189606 53403
2189606 761292
11009348 723155
11013568 53112
4704474 17967
7127735 49103
7127735 18305
7127735 6968
7127735 155437
11023396 88039
11023396 622838
11023396 346740
11026997 729910
4130196 482325
11046721 51078
11087378 188506
11089070 687344
11092330 332287
11096641 120696
11096653 199936
11107244 35775
2991191 127306
11114484 100733
11116567 99036
11116567 146128
2312807 221973
5022444 669886
2892678 325410
11148313 963957
10440902 232110
11150625 96241
7990015 51081
11159006 120745
11159897 102350
11163107 191088
11163107 47455
367515 78186
11169786 325611
4153177 112011
11178631 218292
11179715 110952
11182009 54866
11183316 619437
11188074 396255
11188107 328730
11188799 189374
11189839 461308
11190742 20035
2649140 359418
11193045 221741
11193257 171404
11195881 246536
11196910 259815
11202394 91906
11202551 108873
11204843 231234
11204843 540362
877494 99470
11209192 624852
11210843 22824
11213104 361646
18788 104193
11221731 46802
11223311 131310
11223311 110887
11226523 226288
11226523 627521
11232777 551462
11232777 43323
11234856 610285
11235551 113362
11235551 159430
11235551 257942
11249583 376113
11249701 220090
996921 1100853
11254073 50034
11254814 1156662
11254814 1042842
3567418 5545
11263619 216359
11264918 214916
11267287 283933
11273816 338367
11279425 338946
11279425 86011
11280726 451865
5294893 240303
11282715 218794
11282715 96479
11282715 174481
11282807 338371
11288833 363402
11289314 203469
8431035 222629
8431035 83928
8431035 322359
4076144 1029416
11293070 55626
11293070 96194
11294064 56113
11294276 99171
3906014 280820
11296475 511955
11296475 161076
11296475 1634
11297754 613374
11298320 124032
11299407 1532903
1007460 680987
7227340 13925
11308438 109872
11309125 7121
11309125 643666
11312883 832
11317107 321766
11318427 76048
11318427 112012
11318427 170727
11319095 842872
11320166 18455
11324018 1385639
11325553 281986
11325576 160736
11325576 6067
11325576 220049
11329676 577267
11329676 152410
4130197 90159
11334588 796912
11335559 142164
11120390 736958
11339933 341365
8531820 35423
11342221 1054482
11342661 991790
11342661 394768
11345324 201582
11347810 345113
11348202 864661
11348202 87884
11359055 57569
11359055 1199515
11364604 143678
11364604 323374
11364604 333206
11364604 946529
11365004 568564
11365748 119348
11368337 559444
11386906 5748
11388752 333384
4704869 53776
11393980 145765
11395936 225049
11398268 99776
11404282 142031
11409258 373264
11425456 87924
11425456 593390
11428278 110130
11428278 360806
11428469 76395
11436158 31258
11436386 2731
11436550 28648
10793528 340407
11444320 27591
11444744 354664
11450040 334561
11450040 213280
11451337 100512
11451337 1032757
11451337 82873
10793529 639225
11453254 208330
11456892 221494
11458817 550312
11465468 29919
11465564 913811
11466879 27490
11467125 98041
11467576 146381
11475072 100132
11481767 43950
11482449 100905
11496034 188743
11497092 34680
5027951 721268
11507881 160827
11510887 34561
11518191 403793
11525007 418169
11526803 371901
11535197 325607
10831983 41925
11541174 576491
11543789 192778
11543789 96767
11548554 287467
11551076 698348
11556551 267807
7242826 390686
10782699 60295
11571216 93662
11572808 135510
11575898 913451
11590507 27884
11590507 190418
11601467 264889
11601655 346487
11603945 334563
4465131 126598
11618915 52285
11618915 215785
120218 2051
11627774 87060
4500570 22248
11638341 441525
11640571 93596
11642661 94748
11643039 344859
11643118 358425
11646614 170776
8773125 190414
11653701 96156
11342315 112766
8852729 21817
11655119 99703
11655528 32818
11655874 336224
11689328 98553
11693605 435450
11739064 67747
11740209 249884
11776437 651802
11791519 395955
11791519 33675
11874182 189562
11930016 97305
802200 220047
11935293 346250
11935293 4861
11967459 245324
11982689 447165
11984320 453068
11985147 288413
11994112 11210
10769764 118656
12016830 222998
12019090 96155
12020168 160656
12053558 117044
3926172 537970
12064555 681797
12066514 13326
12066665 922188
12074114 1245806
12077958 118192
12094954 329915
12149788 461364
12178435 14801
12180214 309048
12206124 1071981
12207230 141979
12212752 355492
12230588 240274
12230588 622225
12232058 696399
12232216 325105
12264554 1650288
12281872 52404
336017 364583
336017 307997
336017 97411
12292049 390188
12292158 606981
12293092 218398
12300846 468936
12317761 52557
12343277 154403
12352789 678930
12368052 331732
12388005 248043
12411330 121216
12413073 420343
12414859 55339
12416366 661681
12423208 125484
12424011 102870
12428118 100270
12437776 1041232
12543035 440444
12546383 500717
12546396 117470
12550733 642557
5009712 112617
1531508 118038
12677766 332490
12683955 72379
12714138 660797
12738662 93661
12767829 276251
12768408 740388
12785561 289058
12785633 346161
12797812 101384
3609542 222336
12817102 77299
12819753 95476
12821915 1248774
12822176 224341
3313458 349982
12831136 756056
12831136 288913
12832090 209081
12836996 117685
12836996 554805
9954791 330879
12848522 272747
12852640 41541
12856998 110313
12859770 93116
12864843 389829
12865289 1182548
12865706 339004
12865713 72776
12866098 52045
12866098 484438
12871009 893059
12892463 275803
12895149 1193911
12677768 324174
12914318 346530
3907988 440773
3907988 165501
13062368 138263
13064448 126770
2171760 5543
13091705 94164
13108208 779386
13120522 99252
13127986 776658
13128031 305250
13189960 572071
13203313 216388
1484746 70616
14206934 888454
14213018 109361
14225571 233078
14226337 387077
14226347 360804
14226981 157929
14227545 38215
14266392 575650
14268117 51272
14284645 54111
14296778 92391
14308552 352017
13348973 537814
14330739 376226
14332300 573868
14332300 935609
14332308 27374
14345870 34013
7622629 52666
7622629 37051
7622629 50087
7622629 98444
7622629 479285
14355822 43717
11778061 351808
14374498 53548
14384351 348443
14389846 218351
14395167 668477
14395167 616581
14395167 530808
14396230 435420
14396230 49392
14397187 604127
14397312 270136
14397978 319014
14408198 455493
14408286 69002
14408286 351922
14408412 339672
14408412 5457
14408412 859986
14408412 790896
14408412 867300
14408655 330019
14409477 447805
14409589 250003
14411010 106657
14053768 122927
14053768 146672
14411806 35462
14416506 26574
14416506 389103
14416985 132182
14416985 49352
10807795 26677
14434007 111506
14434513 35781
14434575 511271
14436252 27489
14436270 515193
14436697 249930
12999231 124729
14440465 51065
14444386 105724
14444386 332248
14469214 530843
14470606 153672
7235340 200060
14477897 367611
14477897 1693731
14479306 56237
14480012 312042
14487659 946442
14488722 333951
10793541 122644
14495961 14677
14497412 6967
14498315 493364
14499026 67999
14507151 328945
14512124 790488
14512438 285669
14513262 79784
14206889 346092
6073604 6243
14516981 147255
14518385 335128
4378924 16994
14520197 36248
14520845 321066
14527568 48890
14527892 36178
14531136 361649
14531625 276154
14542655 584285
14542655 552824
14543238 377344
14547054 674365
4130201 945921
14550342 112008
14559685 388373
14569678 216351
14577649 319013
14583140 278825
14583749 500374
14627328 5828
14633015 345956
10793531 21168
14680970 6832
14681030 189077
14681815 339199
14681972 429253
14682401 196791
14683695 50954
14686493 566228
14689431 35463
11002632 94102
14690153 365103
14690687 11587
14699799 102231
14701078 987693
14114230 361706
14703029 36067
14104592 278626
14104592 338437
14705103 800326
14705485 348489
14705485 155956
14705485 68705
14707765 218353
14708658 30283
14709024 221303
11178666 97603
14710427 98038
14710427 50963
14710427 893060
14711967 818933
14721441 98663
14729162 84325
14729162 358958
14729762 441933
14736698 23007
14753517 19418
12207578 5463
1077917 52568
15268979 52667
15379360 218906
15379448 96889
15379744 51593
14105988 219573
15381671 5656
2892688 111082
15391866 705385
15393111 671677
15393116 189083
15393122 132493
15393327 449374
15393546 249951
15393663 16634
15394246 1124000
15394246 362235
15394346 83930
15395535 126905
15399553 161171
15402140 219988
15403262 100176
15405172 104320
15408695 225051
15416431 21101
15419838 384163
15419838 317464
7874388 123885
10793533 452264
15432614 226083
15432614 331073
919011 227537
15464628 127229
15464998 299142
15464998 1238824
15465891 322104
15465891 340190
15466884 271951
15467996 336757
15469003 345650
15469256 51067
15469383 677910
15469383 284185
15469394 552813
15469425 30905
11287264 204475
3025972 916073
3025972 99398
3849742 553440
3849742 324799
3650123 336682
3650123 90671
4727294 132200
15547710 213789
15566679 98895
15569675 765060
14472420 300385
15649344 665442
15655495 504253
15659221 173144
15669716 299764
21609261 547933
21609382 16017
21609382 979102
21609388 866523
21609426 343622
21609447 181815
21609527 513057
21609527 268636
21609557 91464
21609557 145801
21609557 94749
4154926 551080
21610500 192467
21611098 47365
21611226 94516
21627369 225326
21645827 997779
21665099 828439
21665099 363757
21665099 17968
21689750 2150656
21689750 6373
21690893 506635
21701722 17051
21706545 442421
5074543 180836
21725084 405085
21725281 180837
21740952 348874
21740952 228656
21741463 626250
21741463 49227
21787023 305870
21797022 59892
21803597 339675
21804106 54483
21809396 2052
21811494 802336
21826920 381562
21833079 217868
21836377 572787
21836377 782927
21838156 339737
21840272 519106
21852608 144989
21861198 36477
21862137 172287
21881058 102299
21900434 212966
21910374 119697
21913513 51079
21934729 86786
21934729 20945
21934729 139280
13958355 137566
21951426 402991
21954466 791219
21957578 108841
4304181 657159
4304181 354943
23761072 198350
23761678 507190
23763601 408278
24347221 280821
24352727 66755
24378741 48929
24395124 52726
13959142 108524
13959142 538545
24400362 109651
24405436 301077
24420831 582428
24423126 255429
24423126 399147
25408800 665283
25421285 93544
25421612 498756
25430772 1141971
21984395 503682
25434279 16633
25434279 865698
25438292 831730
25441355 17122
372686 974441
25457256 349661
25461690 25483
5618426 249861
5618426 222734
28806073 347252
11319579 237605
30317176 130089
30317176 23136
30317176 665107
30317176 14449
30317176 311447
30317176 100870
30317176 780144
30317176 96161
30407328 635103
31110136 103482
31113452 160657
31114744 1998408
31131335 363286
31167957 96104
31183543 550698
31761510 171524
31761923 111083
31762331 236712
31762331 534426
31762331 146127
31762331 295899
31762351 340478
31762485 582470
31762703 6683
31762714 50388
31756479 448276
31762775 1088397
31764476 154866
22198415 568165
31764750 1305231
11930092 43099
31766152 176955
31756221 344394
31766685 48578
32877486 285039
32961661 78335
32963323 120910
32964363 125325
32965336 821737
32965926 59891
32966063 14555
32966375 21167
32966375 520888
32966428 119556
32967267 385817
32967283 98935
32975401 483012
28945048 1246100
32982614 79062
32983034 328733
32984281 150832
32984954 573977
32985430 83737
28943512 668654
28943512 340189
28943512 33575
32989078 100437
32990560 363837
32990560 1095688
32995446 90543
33006292 274265
33006292 355723
33013549 149960
33013550 101649
33013563 351861
33013627 393094
33124743 705436
33165682 31171
33359023 153107
33383127 101893
33653930 23770
33776438 224308
33776438 394898
31762332 764555
31762332 449352
31762332 146129
33965565 144278
34080289 360550
34821335 341033
34897798 276180
34952122 396055
34956051 67461
34976165 42551
34995497 43403
34995497 407823
35043524 764327
35537284 62962
35696937 660888
37823804 66148
15075498 207414
30798385 109197
30798385 399695
39116467 275723
39227689 464493
39227889 651676
39605146 97966
39605146 43894
40050347 142065
40050348 299643
40050349 62372
40050350 471927
40050351 128023
40050352 226588
40050353 524081
40050354 96101
40050355 100050
40050356 537634
40050357 94441
40050359 41577
40050359 285779
40050360 52443
40050361 312773
40050362 144659
40050363 2765
40050364 539310
40050366 95844
40050367 56614
40050370 100174
40050371 192468
40050372 39645
40050373 48180
40050374 100560
40050376 276691
40050377 235254
40050378 204497
40050379 158181
40050380 159311
40050381 432714
40050382 48888
40050383 272199
40050384 328833
40050384 175111
40050385 44865
37893719 203404
40050386 104229
40050387 200961
40050388 43405
40050389 107878
40050391 114870
40050392 110315
40050393 100561
40050394 313191
40050395 758388
40050396 160826
40050397 353350
40050399 249892
40050400 323526
40050401 53645
40050402 276592
40050403 94107
40050404 225330
40050405 20887
40050406 32598
40050407 42504
40050408 858785
40050409 136773
40050409 385818
40050410 629990
40050411 509559
40050412 53110
40050412 97459
40050413 752434
40050414 870863
40050415 399541
40050416 363670
40050417 224633
40050418 221974
40050419 144131
40050420 91514
40050421 1200558
40050422 511270
40050423 97536
40050425 1630
40050426 96397
40050427 228367
40050428 42386
40050428 907811
40050429 1017534
40050430 361650
40050431 350213
40050433 657006
40050434 418853
40050435 235082
40050436 448219
40050437 275722
40050438 1513485
40050439 688942
40050440 654859
40050441 615218
40050442 94381
40050443 498130
40050445 117483
40050446 72775
40050448 457201
40050449 224302
40050450 333749
40050451 332945
40050452 586536
40050453 335755
40050453 1031032
40050453 41923
40050454 299825
40050455 941948
40050456 1089535
40050457 522083
40050458 781320
40050459 895931
40050463 28936
40050464 28285
40050465 392486
40050466 360992
40050467 26982
40050468 154625
40050469 104745
40050470 102721
40050471 859277
40050472 241643
7622641 95060
40050473 358959
40050474 366894
40050475 173633
40050476 195751
40050477 92200
3886976 884019
40050478 138492
40050479 1683582
40050480 325204
40050481 338717
40050482 138391
40050483 297209
40050484 312624
40050485 51522
40050486 22252
40050488 43952
40050490 135883
