5036131 39036
5036188 39036
5042589 1201192
5048173 39036
5062836 4450895
5062836 14320
5069041 2951791
5090032 39036
5104891 1569838
5104891 267694
5130085 5130093
5135754 5135760
5141275 18008
5141275 267694
5141926 5141933
5142216 1766549
5143369 2756515
5143369 5143375
5143677 14320
5144379 18008
5145612 39036
5145689 1354430
5145689 2228010
5154879 2129577
5172940 5172942
5179847 15272
5190285 5190295
5190285 5190296
5201609 5201618
5130087 470776
5130087 5130093
5238699 18008
5238699 3439046
5246757 39036
5247991 5247996
5248748 489435
5252252 2756515
5261689 39036
5261689 586747
5270036 14320
5277643 149099
5277643 18008
5288629 36811
5288629 5288634
5289791 342593
5292131 5292137
5295294 276213
5298956 1655017
5307682 18008
5314852 39036
5323809 39036
5338259 5338271
5349333 267694
5349333 46589
5352984 2228009
5360235 5360244
867466 276696
5372081 39036
5372081 3462715
743714 265790
5373579 499896
140817 18008
5411693 616111
5418766 39036
5450673 39036
5450673 499982
332155 276426
5462530 78259
1715332 18008
5474277 18008
5485865 161390
5485865 2545976
5485865 1311617
2635596 3259468
5428083 39036
5338261 5338271
5534250 475387
5534250 5534254
5539424 43374
5607258 5607264
5644954 5644960
5697405 475387
5697844 5697847
5715316 18008
5723233 4012658
5730106 18008
5730106 1138913
5743719 48214
5743719 5743725
5748943 39036
742791 1515771
5765053 769391
743719 18008
5821560 39036
5821560 475387
5846367 5846371
5855932 616111
5870231 265790
5884239 2076762
5885275 15272
3197966 48214
106055 342593
5937696 39036
5939372 180763
5965478 180772
5985782 1655017
6051263 6051265
6061674 6061680
6088674 39036
6105955 1352424
6160941 533429
6160941 91098
6166750 310450
6172841 6172844
6172841 962898
1302857 310227
743724 1520643
6197086 342593
6231177 499899
928884 43709
6242196 2125454
6243545 684861
6243951 149099
6243951 1766562
1068262 1126961
6265972 616111
6265972 6265982
6272223 586750
6280903 783318
6397293 2824638
6405487 884138
6426461 1201173
6435137 39036
6435137 1569863
6437176 782974
6532052 14320
6532052 3798339
6545939 786750
6549180 470261
6562365 6562367
6600224 6600226
6620466 462301
6628961 18008
120129 221943
6654912 39036
5523235 5523270
6730987 43709
932763 18008
6751456 1949333
6762095 18008
6767977 18008
6771842 18008
6771842 2582642
6774611 14320
6774611 345048
6788071 475387
6788409 161390
6788409 39347
6810398 18008
6810398 614310
6814926 6814928
6814926 520385
6857341 2008626
6860887 221943
6888682 512181
6929669 2577367
6952121 6952124
6959517 2721059
6959773 43709
6959773 554693
6962984 1552096
6970151 6970158
6981771 502473
6995342 507810
7012330 502474
7016364 6562367
7016364 39036
7047220 2740028
7070180 39036
5911497 161438
7187801 462301
7239899 39036
7304908 2821505
7307207 18008
7307207 7307209
7314809 18008
7314809 1127980
7314809 276354
7327942 7327948
7341808 2050029
7341808 7341815
7342716 39036
3529110 39036
3529110 3881589
7379458 15272
7380276 7380282
7383825 149099
7383825 7383830
7390693 616111
7403177 471711
7403177 7403182
7404282 18008
7437698 769465
7437698 1552171
7439260 181895
7443317 470776
7443317 7443322
7463907 1982988
7488435 433659
4747558 3112408
7508577 507811
7523845 180771
7523845 7523851
7558691 7558699
7560930 2148639
7572082 39036
7577648 39036
7630177 586748
7652022 339564
7652022 7652027
7686697 14320
7686697 181895
7704289 1124389
7717505 39036
7729150 6525775
7729150 7729155
7764948 149099
5338357 5338271
7775012 161438
7775739 43709
7791075 149099
7791075 18008
7791075 2789753
7807372 149099
7814776 769479
7839187 39036
7858002 39036
5757081 149099
7887930 7887932
7891295 3561633
7907358 1236734
7915778 7915789
7919944 345048
7934143 7934148
7938040 39036
7938040 7439069
7962051 507758
7962051 1201348
5588804 769479
2549644 39036
7978039 5130093
7978629 7978636
7985845 265790
8015384 8015389
8033341 470280
802993 43374
802993 345048
8040190 43709
8042215 18008
7142952 7142970
8093656 310491
8093656 507795
8093793 43709
8093793 783396
8102946 8102951
8115650 8115656
8116803 2428359
2547099 783431
8172952 614310
588479 1320372
6200174 161362
8205344 1236734
8205363 265790
8212807 3881063
8219539 18008
8219539 520234
8219539 2018334
8233779 276650
4903110 4903115
4903110 15272
8234990 5875309
8262293 8262299
8266742 18008
8266742 91098
8277367 1982988
8291102 586748
8299098 1785552
8316179 552714
8316179 440093
1525696 19539
8356135 8356138
8357154 18008
8357154 936017
8363038 2571402
8366921 161390
8366921 1201349
8368988 18008
8372537 267694
8373191 18008
8397139 1201192
8398166 14320
8398166 8398170
8423046 769391
8426825 2428362
8434514 5142460
8436238 161394
8442691 684902
8455253 5882326
8460511 2740028
8460511 262546
8485387 2125454
8493318 8493324
8506882 470282
8530944 575319
8546905 1569866
8567446 418038
8567446 475387
8579719 43709
8584257 349472
8584257 2832676
584010 936017
8586326 43709
6407711 18008
8618956 8618960
8625014 310212
8632520 18008
8632520 5523270
8663473 149099
8663473 18008
8681079 43709
8681079 310227
8681079 8681086
8722398 507893
8744587 15272
8755897 159291
8755897 8755902
8775070 342593
8775070 684902
8785764 2884396
8812427 475387
8812427 5372887
8817173 470267
8831347 8831359
8831347 1311617
8863364 8863368
8877604 844308
8880497 8880503
8885203 8885209
8885203 2721286
8885203 8885213
8899580 8899582
8899580 8899586
8904623 2873523
8908094 6941800
8919966 8919970
8941055 1106903
9008361 783318
9009432 39036
9011174 3116
9029664 1928681
9054068 43374
5366950 475387
5366950 2018333
9064429 844294
9163826 149099
9163826 179064
9190127 783467
9202197 5644960
9248977 452563
9266298 8885209
9266751 7887932
9273896 1569809
9322949 6562367
9368002 1552094
9434273 39036
9434273 3559073
9456415 1569761
9496297 1511476
9562233 783431
3236005 1507878
9605117 782880
1282823 2040625
1282823 2160442
9623174 1352419
9623322 9623327
9649999 684902
9777847 18008
9852136 9852143
1641590 47786
9990889 8610946
10021315 10021321
10021315 2411953
10273751 499982
10292293 782879
10309546 342593
10309546 10309549
8093658 310491
8093658 507795
10358705 8885209
10358705 5246743
10358705 10358709
10358705 10358710
10362960 10362965
10364862 1065481
10364862 10364866
10676837 10676841
10687509 10687512
10687509 1928689
10696944 1331721
10711244 1320372
3236011 507730
7635239 7635244
7635239 7635245
7635239 276695
10837170 3423271
10845746 10845751
10848411 181891
10857472 10857476
2788586 1152966
10894630 10894635
10923063 10923069
10926437 18008
10927233 2061748
3528145 18008
3528145 3881063
10968072 1236734
10972371 15272
5179861 36811
7556460 1311627
7556460 936065
11098270 18008
11098270 2756515
11100248 39036
1569384 18008
1569384 520234
1569384 310433
1569384 1999866
11112949 39036
11124919 3220788
6714646 15272
11330062 1135643
11361452 394361
11365835 2852142
11378780 1447114
11378780 7445673
11387204 265790
11411487 7934148
11421861 4323938
11452601 18008
11471289 470279
11490117 80027
11490659 936017
11526047 475387
11533967 149099
11548762 11548770
11564119 3329794
11651285 1919885
5491475 14320
11674009 39036
11692749 11692751
11696709 43374
11696709 11696712
11706155 39036
11708798 1919911
11712115 342593
11712124 14320
11717027 39036
2601663 181887
11731100 10402789
11731100 1110229
11731235 276544
11731235 1236734
5940076 1655005
11740978 1785486
11741398 440093
11742751 18008
11742751 11742753
11743011 11743013
11743946 2167360
11745085 2756515
11745515 11745517
11747324 43709
11753786 1318228
11762120 14320
11771315 7887932
11772130 507862
11772553 39036
11774800 10409455
11774800 11774802
11777007 43709
11777007 2024554
11778627 2374260
5523213 15272
11779750 11779755
11779771 2024554
11781498 11781500
11784190 14320
11787285 18008
11787285 11787287
11792384 1919890
11795797 1569307
11795797 1766560
11802805 11802807
11803870 11803872
11814659 11814661
11819615 11819618
11840885 11840890
11849663 2429103
11850067 11850070
11850067 462331
11854232 11854235
11860675 769479
11865305 15272
2547347 1203074
11913388 782880
11922192 39036
11923824 11923826
11928061 2203574
11928063 2203574
11928063 310488
11932875 78328
11934491 1766549
11934491 1569867
11936289 684902
11939018 11939020
11966988 14320
11967621 11967623
11968399 2812582
11968481 11968483
11969043 1655004
11969045 1655004
11969045 844291
11969159 11969162
2176432 18008
11969213 1552173
11970057 2191050
11970095 43709
11970095 554694
11971332 11971334
8361693 2050029
3684991 844098
11973003 48214
11973272 11973275
11974517 11974520
11974708 499979
11974746 262546
11974895 1544049
11974917 3093557
11974988 2404334
11975004 39036
11975004 159297
4169068 159291
11976093 1569865
11976097 1569865
11976123 3881589
11976181 2404335
11976186 2337445
11976207 783194
11976247 499982
9844450 14320
11978087 11978089
11978176 1655005
11978806 2832696
11978806 1201198
11979940 39036
11979940 78328
11981546 3093557
11981573 39036
11981573 2582642
11981592 18008
11981595 78328
11981686 39036
11981714 39036
11981767 39036
11983150 39036
11983237 786750
11983258 786750
11983258 494479
11983552 11983554
11984444 146497
11984551 11984553
11984560 11984562
11984615 786750
11984615 3798339
11984638 11984640
11984647 539549
11984650 3595855
11985235 18008
11987086 438592
11988077 5690615
11988552 36811
11988555 539549
11988558 11988560
11988955 276544
11989034 1127980
11989133 10409538
11990073 4450895
11990098 11990100
11990240 2018333
11990286 475387
11990426 2376205
11990426 2152677
11991095 2834336
11991574 4450895
11991680 1147522
11991687 1147522
11991862 11923126
11991866 6814928
11991979 10409445
11991979 1472853
11992010 11992012
11992019 2951791
11992019 783139
11992022 18008
11992022 10358709
11992319 739996
3069961 3561633
3069961 936017
11992413 2004160
11992438 11992440
11992453 2376205
11992456 8899582
11992611 1087062
11992617 342593
11992621 265790
11992638 2577367
11992645 2129576
11992648 502471
11997362 310220
11997368 554792
11997403 1147531
2901315 276468
2901315 502471
11997434 1569308
11997434 684902
11997437 8899582
11997439 8899582
11997445 2821494
11997485 1159024
11997492 11997494
11997527 3462715
11997569 10402789
11997572 11997574
11997582 11997584
11997594 265790
11997636 507823
11998676 181891
11998676 1058101
11998859 10409455
11998862 11998864
11999175 265790
11999276 684902
11999306 1949333
11999405 1511099
11999432 3395849
11999447 1756605
11999534 2760646
11999537 2337445
11999559 616111
11999559 5882326
11999651 616111
11999684 586746
11999687 2577383
11999690 2577383
11999724 11999726
11999736 11999726
11999754 2832676
11999771 554694
11999774 43709
11999774 267694
11999777 783316
11999813 11999816
11999972 43709
11999972 2129577
11999975 181895
11999978 161363
12000122 2024554
12005750 6445157
12005763 12005765
12005879 43709
12005879 12005881
12006236 18008
6445150 6445157
6445150 470267
12006526 18008
12006526 1311627
12006529 2847481
12006565 1222216
12006568 8857490
12006568 12006570
12007344 507758
12007380 18008
12007380 12007382
12007409 470272
12007630 1222216
12007675 475387
12007807 1569787
12007846 12007848
12007931 18008
12007931 3881589
12008020 149099
12008020 12008022
12008057 18008
12008060 18008
12008066 2577371
12008069 345048
12009778 783093
12009965 12009967
12009965 78284
12010146 12010148
12010362 221943
12010398 12010401
12010406 7696681
12010412 12010414
12010450 1065481
12010593 1275819
12011550 12011552
12011563 936017
12011641 12011643
12011664 161356
12011689 14320
12011697 10676841
12011728 18008
12011768 78259
12011896 598749
12011935 12011937
12012058 12012061
12012098 48214
12012184 3798338
12012433 12012435
12012444 1785510
12012751 18008
12012751 418100
12012969 12012971
12012992 345048
12013137 2429045
12013153 12013155
12013317 2136880
12013497 12013499
12013540 46589
12013540 12013542
12013683 1275855
12013698 2821510
12013701 507888
12013714 2076763
12013717 507888
12013725 161391
12013737 507888
12013740 2832677
12013746 12013748
12013757 2078765
12013760 507922
12013767 2076856
12013786 507795
12013789 1201198
12013792 1201198
7717679 161390
7717679 507806
7717679 161361
7717679 161363
12013848 1201197
12013853 2078761
12013856 161390
12013856 161361
12013859 15272
12013864 3988960
12013873 15272
12013882 2655238
12013882 3798339
12013888 15272
12013891 15272
12013943 15272
12013947 15272
12013965 15272
12013965 782974
12014055 11166355
12014076 462312
12014076 12014078
12014109 782974
12014122 12014124
12014132 46589
12014145 12014147
12014201 12014203
12014291 1127980
12014320 5247996
12014343 1290126
12015332 2786181
12015332 46589
12015362 276176
12015362 14320
12015513 782974
12015840 14320
12016289 15272
12016296 15272
12016296 267694
12016309 15272
12016359 15272
12016362 541300
12016372 904658
12016372 1569309
12016372 782882
12016397 904658
12016402 1152966
12016446 782882
12016453 4006011
12016465 2100543
12017573 4903115
12017576 395761
12017580 12017582
12017665 1223201
12017678 783136
12017685 1947547
12017747 783396
12020758 2191051
12020953 1569910
12021589 9852143
12021597 12021599
12021884 2191051
12022305 339564
12022305 12022307
12022324 12022326
12022338 3975506
12022338 12022340
12022353 1524802
12022597 783467
12022628 12022630
12022634 12022326
12022646 5539434
12022693 1757013
12022693 4457931
12022696 7887932
12022709 7887932
12022730 43374
12022730 1511050
12022742 11967623
12022745 12022747
12022801 19539
12022801 1127980
12022807 470259
12023539 1523213
12023832 1570003
12024235 1162088
12024241 1246185
12024444 783467
12024453 783467
7635242 276695
12024558 78328
12024558 783426
12024719 180766
12024734 2737315
12024749 5911542
12024753 12024755
12024807 783291
12024819 1919911
12024833 43374
12024836 161438
12024836 11814661
12024840 12024842
12024871 1981558
12024875 12024877
12024960 507730
12024986 554793
12025021 181911
12025174 12025176
12025243 12025245
12025255 12025258
12025281 19539
12025289 2050029
12025289 7341815
12025827 12025829
12026265 11978089
12026268 3330996
12026274 43374
12026285 2721059
12026304 2123737
12026325 43374
12026329 6525775
12026329 12026331
12026367 180767
12026370 11978096
12026373 12022714
12026378 11743013
12026381 12026383
12026416 12026420
12026417 2050029
2893283 19539
12026432 956926
12026438 7281299
12026460 12022698
12026463 161438
12026463 11803872
12026471 179064
12026680 276544
12026680 1162088
12026683 1569866
12026692 1147523
12026791 12026793
12026919 12026921
12026970 18008
12026970 512180
12027034 512180
12027038 512180
12027044 512180
12027313 512180
12027375 783469
12027824 12027826
12027847 12026310
12027862 12027864
12027882 12027884
12027901 471699
12027901 12027903
12027912 149611
12027943 12027945
12027943 12027946
12028012 2951791
12028012 5674680
12029581 2951791
5213877 798174
5213877 798177
12045590 1203074
12045754 418197
12046182 39343
12061946 91104
12067606 276544
12067762 12067764
12067797 276206
12067797 12067800
12069063 782974
12069072 12069074
12069118 12069120
12069129 418100
12069129 782974
12069129 12069131
12069140 12069143
12069269 5534274
12071717 769465
12072112 149099
12072112 43709
12072242 8330324
12073124 586751
12076011 1058076
12076231 15272
310208 310220
310208 844098
12143706 1569909
12144954 14320
12144954 3197970
12146152 769478
12146158 783136
12148823 2429045
12148971 1520299
12148977 15272
12149723 1982988
12154827 418100
12154846 418038
12154887 418102
12157104 12157106
12159229 2411968
12159960 2203577
12161838 1552192
12161986 783091
12163872 1223201
12163880 80040
12163880 12163882
12163897 528023
12163931 39036
12163931 783467
956920 15272
956920 43374
12166165 339564
12166329 12166331
12172204 18008
12172453 470266
12173582 267694
12177288 265790
12177288 2337445
91081 18008
91081 310220
12179934 18008
12179934 520385
12180966 783319
12184161 936065
12184598 18008
12184598 5523292
12192491 475387
12194599 1201337
12195801 3310838
12202362 5172942
12202394 8493324
12203023 2152677
12208805 12208807
12209734 12209737
12209736 12209737
12209919 783320
12210160 418197
12210310 1191667
12210607 18008
12210610 11997494
12210613 554796
12211220 7380282
12215649 2884396
12231196 936062
12235994 3543122
12236836 2077038
12243512 586752
12243755 12243757
12243765 18008
12254091 2373652
12015424 12015427
12272802 3926098
12278631 1949333
12288030 91090
12288795 39036
12288795 12288800
12013850 1201197
12289919 1785486
12289919 1354772
12290113 1320372
12290153 1318227
12290311 15272
12290311 12290315
12290336 276544
12290336 1569867
7361666 1311617
7361666 1275856
12304423 1207401
12312323 12312325
12317273 18008
3712454 932301
12322187 395761
12324315 18008
12324315 6565594
12326320 161391
12340688 12340690
12342209 3197970
12343005 276650
12343442 12343448
12343813 769469
12343813 783469
12345511 18008
12345511 783467
12345867 149611
12347646 1201268
12347651 91082
12349808 684902
12360879 3099662
12373191 748431
12376999 14320
12376999 5697847
12392906 39036
5588609 19539
12398452 15272
12402392 276544
12402392 12025829
12402994 48214
5757104 149099
5523288 499884
12409811 14320
12414690 14320
12414690 267694
12414690 78263
12416119 11212878
12416192 507730
12440030 39036
12443679 18008
12443679 7670126
12448418 2941556
12450513 149099
12457253 786750
12479828 43709
12480044 684902
12482909 1191658
12488670 1318229
12489255 12489260
12490151 12490156
12491120 783093
12492691 6562367
2881242 18008
12498622 844332
12501385 1785477
12501385 12012435
12506100 1547807
12507468 2789753
12507478 179064
12510057 1352421
12511347 12511349
12513648 2739557
12525346 438592
12525984 616526
12535369 3921307
12535369 12535371
12541137 11166355
12541165 3099646
12541271 39340
12541729 43709
12541729 554694
12545352 149099
5179872 5179884
583962 14320
12556099 12556103
12558453 2340401
12560808 12560810
12563539 78259
12563539 12563542
12564198 39036
12564198 844333
12571447 12571449
12572827 14320
12573827 15272
12576415 2024554
12576486 782878
12578018 1766564
6941782 6941800
12582984 91082
12585372 783319
12590399 39036
12590796 1544048
12593166 91089
12600634 12600636
12600648 12022698
12603795 12603798
12603873 267694
12603885 4425387
12607109 5662425
12607109 265790
11756447 39036
6364899 149099
6364899 267694
12608668 149099
12608894 452563
12610634 1352419
12614005 91087
12614419 475387
12616922 342593
12621513 2777028
12625976 149099
12625976 475387
12625976 5523270
12633740 18008
12639772 786750
12639772 3798339
12639839 18008
12639839 1058101
12640236 276468
12640236 783320
12007347 507758
12007347 1575739
12486193 14320
12640780 783136
12640931 18008
12640931 206600
12641163 769390
12641973 12641975
12641973 12641976
12642677 276615
12642763 844294
12644347 1201324
12644347 1201394
12644586 161438
3678543 14320
3678543 936017
12645447 18008
12645447 1569808
12645447 91085
8368144 161390
8368144 507896
12647879 12647881
12648534 769475
12649365 7380282
12649368 39036
12649800 267694
12650078 149099
12651632 12651634
12651795 39036
12655449 46589
12657216 12657219
12659106 12659111
8493321 8493324
12662280 2428408
12671493 1919895
2546581 48214
2546581 3197970
12678876 18008
12689029 12689032
12689603 1277648
12689603 489435
12691849 12026310
12026972 18008
12026972 512180
12694836 161390
12695165 2429019
12697047 43709
12698902 798176
12699215 12699217
12699575 769475
12702959 1065481
12703576 2582642
12704528 161356
12704528 345048
12705670 14320
9604896 2353141
1788828 15272
1788828 43374
12714975 18008
12714975 1919895
12717034 149099
7488439 433659
12726248 5743725
12727319 475387
12727319 3197970
12733064 2789753
12738469 43709
12738469 8458807
5911503 161438
12744815 5247996
12747632 149099
12751408 4449603
12751411 1159024
12759303 14320
12759303 11992440
12759303 2337445
12762911 12762914
12763849 418037
9486338 267694
2881244 18008
12786729 18008
12786729 418100
12814033 149099
12814033 310212
12815336 18008
12815336 844291
12816456 12157106
12823198 15272
12849212 6714655
12875022 7439069
12912646 769478
12915103 470776
12915103 11166355
12920691 1552097
12026978 512180
12928512 39036
12929206 265790
12936238 14320
12938948 265790
12938948 12938950
12941140 14320
12953553 5145122
12954935 3037807
12955969 14320
12969554 39036
12969554 3430809
12969731 14320
12969731 181895
12970599 783139
12971592 418100
12973292 43709
12974564 3039582
12978066 2411894
12979695 2002954
12979886 2002954
12979902 2002954
12982497 39036
12982996 18008
12982996 2429103
7445660 7445673
12987762 1222216
12989065 276544
12989065 2203576
12993526 786750
13002267 13002271
13005590 39036
13007754 43709
13010282 12290315
13012365 2076832
13018245 276615
13022783 2191051
13028590 149099
13028904 36811
13033820 684902
13033848 684902
13035935 684902
13036798 462301
13046983 2429103
13051836 276695
13054421 769390
13059463 13059465
13091729 10208146
13091729 1138525
13091729 782974
13095186 12563542
4169069 2832742
13104553 265790
13104553 13104555
13109706 2136880
13116450 12157106
13116757 5662425
13122291 14320
13123518 13123520
13128584 1569863
13129897 1187579
13132120 10412089
13136793 265790
13137141 2203575
13137141 2941556
12008053 3039605
13165227 265790
13165227 7978636
13166531 267694
13170524 2024561
1441025 39036
1441025 265790
13188950 2010412
13190966 1058101
13191775 5142480
3333254 3750798
13204362 18008
13204362 267694
13204367 267694
146499 462356
14232771 2024554
14232771 12187248
10620719 10620729
10620719 3380819
14264861 10358709
14297847 14297849
14307439 12166331
14334571 39036
14334571 14334573
14361354 1252173
14420808 15272
14420808 14420810
14467187 14467192
14509057 19539
10620747 10620752
1742972 43709
14859229 2768198
14874124 1058046
15210443 1331721
15247998 15272
15249295 43374
15250929 276308
783204 1569709
15258609 15258611
15292048 929847
15349025 146117
15353087 43709
15353087 502474
15375997 357600
15435885 8885207
15547136 6335829
15571376 12659111
15579481 181887
15579481 15272
15607549 15272
15614053 1152966
15623879 7696681
15631242 14320
15631242 161390
15631242 161361
15631242 161363
15635470 11978095
15641639 5654438
15641639 15641641
15646919 1124389
28315667 612043
28315667 3310838
11354183 11354192
28435829 783467
28444602 475387
28444602 3462715
28444604 1352424
28444606 954575
28444608 3037807
28444610 786750
28444610 28444611
28444619 2164359
28444621 5142528
28444622 18008
28444622 475387
28444623 80029
28444625 7327948
28444626 13445359
28444629 10845751
28444632 598749
28444632 586746
28444636 470259
28444636 2870445
28444638 4006012
28444639 28274684
28444641 554609
28444641 554763
12705676 2018284
28444650 2121664
28444653 1766563
28444656 1201291
28444656 1654970
28444659 14334573
28444660 8153320
28444663 6970158
28444667 6814928
28444668 181894
28444668 2873523
28444670 12563542
28444671 1152966
28444676 783395
28444678 276696
28444680 1058168
28444687 46589
28444687 395760
28444697 28270220
28444700 2018333
28444700 418102
28444705 760822
28444710 507758
28444710 507760
28444712 783431
28444716 782974
28444716 28444717
1201193 507808
28444732 12025258
28444733 28444734
28444750 1277647
28444750 12226043
28444751 554793
28444763 2076832
28444769 748660
28444769 349472
28444771 12208380
28444771 28444772
28444781 6941800
28444795 149099
28444796 1318228
13708816 12009908
28444797 494442
28444799 119759
28444799 91098
28444805 267694
28444809 1222216
28444809 39036
28444818 28444819
28444835 13004105
28444871 43709
28444871 14956348
28444883 2164359
28444883 28444884
28444922 507811
28444924 18008
28444936 12026793
28444941 1177257
12015489 276384
12026973 18008
12026973 512180
28451830 2050033
12705673 78283
12705673 12705677
28451832 11992440
1569395 1236734
1569395 783353
28451840 10243868
28451843 1569866
28451844 3112453
28451848 736800
28451848 11800472
28451849 28451850
28451849 462332
4169072 2078761
28451857 14320
28451858 28451859
2601681 15272
28495718 2428359
28495718 2582643
28495719 7445673
28578864 475387
28578865 28578866
28578876 39036
28578876 159293
276514 221943
276514 91088
429750 80029
28578879 2760637
28578880 6814928
28578880 1352424
28578881 28578882
28578888 512178
28578889 43709
28578901 28578902
28578911 1919911
28578912 1507878
28578913 11803872
28578917 43374
28578917 470259
28578920 1928681
28578920 28578921
28578927 5338271
28578933 5292137
28456568 15272
28578936 2602021
28578937 15311722
28578940 2203574
28578940 11822757
28578910 1124389
28578941 18008
28578942 10240293
28578942 28170762
28578943 2066387
28578945 1290126
28578945 4214043
28578951 1507878
28578955 28274789
28578959 15124482
28578965 181912
28578968 1201298
28578970 7464098
28578984 1919911
28578986 782974
28578986 1928683
28578987 507795
28578991 43374
28578991 10409393
28578993 10402829
28578998 3197970
28579011 276384
28579013 14320
28579013 438592
28579014 267694
28579014 5534254
28579015 3039605
28579021 2050029
28579021 28274740
28579025 3762661
28579026 394361
28579027 2429103
28579029 2601360
28579034 43709
28579034 181896
28579036 146117
28579037 11696712
28579040 1552095
28579044 5644960
28579049 5142480
28579063 18008
28579069 5246743
28579073 91090
28579073 1756605
28579100 769469
28579105 1147523
28579108 2152677
28579111 262546
28579131 1271198
28579144 276176
28579144 782883
28579168 1223201
28579170 149611
28579173 1246183
28579179 12489260
28579182 14320
28579182 28579183
28584250 598749
1569387 2428548
28591382 1177254
28591385 28591386
28591395 1766560
28591395 307285
28591396 1147520
12534665 470261
28591404 1569307
28591405 3354007
12067608 276544
28591408 12013542
28591411 5911542
28591412 78263
28591419 148193
28591419 28591420
28591427 11212878
28591429 162411
28591447 28591448
28591453 78282
28591454 1569907
28591456 119759
28591457 6941800
28591458 470275
28591460 310212
28591461 15272
28591465 2040608
28591474 7443322
28591476 5372887
28591476 2152677
28591477 2411968
28591479 783481
28591482 1569307
28591485 2050029
28591486 345048
28591488 28591489
28591500 2411883
28591502 1569310
28591504 1318228
28591505 2850219
28591506 1177254
28591507 616647
28591508 12603798
28591511 310542
28591512 15272
28591514 159295
28591518 1147520
28591520 91082
28591520 1058076
28591525 39036
28591527 1223200
28591528 28177771
28591528 28591529
28591539 1137055
28591542 1928681
28591542 1928683
28591548 1947550
28591550 276650
28591554 159291
28591571 18008
28591571 1507878
28591589 159293
28591592 2821510
28591595 28591596
28591602 2577371
28591605 18008
28591605 11742753
28591609 11166355
28591610 1277649
28591620 507808
28591620 783353
28591623 28591624
28591636 12382608
28591644 276544
28591644 2429104
28591654 7778468
28591654 12013155
28591568 18008
28598442 936017
28598442 13002271
28617991 14320
28617991 471699
28617994 161375
28618008 1569310
28618010 91099
4956119 18008
28618240 475387
28632374 1318227
28632379 28632380
28632388 149611
28632388 12571449
28632390 28632391
28632400 783291
28632402 2076832
28632403 14856128
28632403 10358710
28632404 2428508
28632405 28632406
28632405 5743725
28632408 8115656
28632410 28632411
28632414 7327948
28632415 848085
28632416 78328
28632416 276694
28632418 782974
28632418 28632419
28632427 15614056
28632428 1919911
28632430 357603
28632431 1552192
28632432 181888
28632432 28632433
28632444 276323
4568410 1177165
4568410 1201394
28632449 499884
28632450 399757
28632450 276695
28632453 1201191
28632454 1177166
28632455 2125344
28632456 39036
28632464 28632465
28632483 783390
28632484 13391313
28632493 554636
28632497 1569838
28632500 15272
28632500 1552192
28632501 181887
28632501 1569788
28632502 8919970
28632511 28444782
28632516 1126948
28632522 554796
28632523 10402786
28632525 28632526
28632536 4490057
28632540 2411883
28632544 554636
28632547 554793
28632549 554576
28632552 507862
12662283 2428408
28632555 3496147
28632559 276695
28632571 78328
28632573 2411893
28632576 11781500
28632603 28632604
28632605 1138525
28632605 4027534
28632610 10402829
28632610 28632611
28632619 4312452
28632634 28632635
28632646 5654438
28632682 2582643
28632684 28632685
28632684 2076832
28632693 2040625
28632698 497799
28632701 149099
28632703 2582642
28632706 28632707
28632711 12520081
28632712 5846371
78272 14320
28632721 520234
28632722 149099
28632722 276405
28632722 192098
28632725 1569789
28632727 1785477
28632728 1187654
28632730 345048
28632732 12027884
28632740 783467
28632743 2655238
28632745 2033699
28632745 1569660
28632751 39036
28632751 43709
28632811 11819618
28632811 1223201
28632814 1065481
28632821 80026
28633516 43709
28633516 438592
5552040 5552044
5552040 5552045
28633520 28578866
28633521 1569910
28633523 181894
28633528 3273322
28633531 15272
28633532 15272
28633534 14297849
28633534 7415942
28633549 276305
28633550 2191050
28633554 206607
28747774 43374
28763665 28763666
2288178 276214
29372051 265790
30288332 149099
30314704 748660
30319286 2018274
30333641 221943
30333641 265790
30391813 1201198
30391842 15272
30405572 586749
31107320 28444734
31118525 159291
31129812 2480
31167399 12200819
32917185 91078
32917198 32917200
32917207 267694
32917207 1919884
32917218 11931504
32917222 8857490
32992388 586748
32992397 1331995
32992400 1058101
33009463 14320
33027313 265790
32848448 12442635
33027314 33027315
33027314 33027316
33027317 914
33027320 5135759
33027321 267694
33027322 43709
33027323 684902
33027324 1552156
33027325 507823
33027326 2429103
33027327 1201196
33027328 1544049
33027330 783469
33027334 3854162
9062242 3854162
33027335 3395841
3274533 2337445
33027336 844335
33027337 33027338
33027346 11742998
33027347 33027348
4287164 161390
4287164 4154233
4287164 1311617
33027355 33027356
33027363 586747
33027364 1201395
33027365 33027366
33027376 119759
33027376 1085531
33027379 11800472
33027380 33027381
33027389 119759
33027390 91085
33027390 10973730
33027391 3496147
33027392 276405
33027393 418037
33027395 294761
33027396 2167351
33027397 1126949
33027398 2411883
33027399 28444819
33027403 1552189
33027404 12010414
33027405 33027406
33027413 33027414
33027425 91107
33027426 507888
33027427 616111
33027428 43374
33027428 748660
33027429 2740381
33027430 15186035
2055356 2814980
33027432 33027433
33027437 36811
33027439 36811
33027443 247321
33027444 161363
12231506 146117
33027447 586752
33027448 2078761
33027453 1655004
33027454 14320
33027455 12243757
31167400 12200819
13129899 1187579
33027456 12026310
33027457 48214
32848192 6941800
33027458 2602049
33027459 3881589
33027460 15272
33027461 1949332
12005745 181912
33027462 18008
33027463 18008
33027464 18008
33027465 39036
33027466 43374
33027467 149099
28732548 149099
33027469 149099
