5024486 5024491
5129169 1185209
261054 756929
427468 1071499
5313727 1304072
1718025 2077186
588772 1320950
905476 1716506
383676 994942
373319 976129
766085 756929
743056 1517142
5222849 4280469
5479268 233055
5498343 5498386
222666 687939
5519642 5519651
5529872 5529940
5534372 3686258
5552368 2077186
3032241 3538039
520338 1222557
685131 1438812
5599743 3229560
583726 1304072
4846835 3229560
520450 1222753
45156 191785
5529874 1473453
289655 807671
5887 50911
499255 1186699
1935520 2710672
144422 455629
116204 374243
512964 1209582
5770992 5771006
5817808 1083570
1210997 2086872
2601630 3235328
5845369 5529940
5914884 5914898
5932398 5932438
5946853 1998636
242438 730254
1448114 2316302
5956345 5956361
5959526 5959574
110277 354852
743059 1517281
141061 443553
6028154 6028187
6053094 5914898
6088585 6088603
214148 651273
6141563 6141577
724663 1488580
6144652 3318699
6145655 2065607
5541790 5541873
6149024 2077186
426415 1069748
140235 436377
1317078 2188101
1357516 2231610
3563392 3200555
1500229 1083570
6212836 2077186
3376331 1473453
1063928 1222967
435801 1083570
6257864 6257895
1126877 1998636
2920172 2077186
6277741 6277771
6301930 6301952
3017252 3527719
6321301 6141577
2182327 2920210
6337880 1222967
815328 1618309
520451 1222788
893169 1317072
6412928 4184059
6419836 6419857
6438465 6438485
6448459 6448490
6480208 6301952
6486115 5529940
6497207 6497225
5529875 5530005
6515997 6516010
3562451 3902111
1898779 2680863
6529137 2077207
5898168 5898276
6546564 2077186
6574496 6574512
6575470 6575487
2378939 3070353
6604761 6604802
6609814 6609818
6737385 6737407
6747656 1185209
140253 437058
6794051 1473453
6843050 233055
929664 1749117
415403 1054472
6906391 6906408
3216781 3670059
1448127 2316589
141422 445784
7092681 7092706
3237719 3686258
188134 580097
7131449 7131469
2335 23242
7168377 7168391
7175984 1473453
7187888 7187914
508055 1080622
3719888 4002525
3235661 3684397
2183527 2921408
7334653 7334670
1496301 2361325
2553286 3200555
7403097 7403128
7417039 7417051
433740 1080622
7506618 7506636
7595454 7595462
1868211 2667423
977226 1820830
7665418 7665437
7691162 7691181
7707299 7131469
7726834 2920210
6949161 3090772
7741899 7741916
4804008 4804247
7798907 7798926
1191113 2065607
6725706 6725727
7851997 7852017
7862163 1185209
7904705 7904726
799401 1590921
1301196 2180693
2182328 2920247
7978785 2920210
7979424 1083570
520455 1083570
8002577 1473453
8013012 3090772
8032006 7506636
1201459 2077186
2566937 3207140
8049570 3229560
8064544 7506636
2199139 2936623
8116834 8116857
3040752 1222967
8214781 8214807
8222276 1473453
8256162 4280469
8279366 8279387
8291200 1222753
1473430 1473453
8327674 8327713
2727833 3318699
8350272 1473453
8371212 4280469
5956363 5956409
1448140 2316843
8415179 8415191
8426945 8426953
7483636 7483705
2414582 3102257
8470925 8470965
8511843 8511862
8545467 8545479
11183 72162
8577525 8577542
429760 1074031
8639110 8639131
7158205 7158267
141007 443285
8713309 6257895
2033632 2797013
8796881 2415574
8858332 8858346
8870783 1083570
331379 902125
8956559 8956592
8986918 7131469
402053 1015922
9032112 9032123
9051913 9051928
9067723 909789
9073954 9073982
9075886 9075902
1344077 2218383
9127509 9127519
9134139 7506636
6890104 6890129
2426984 2936623
973863 1816164
5345238 5345309
4915451 4915508
9277379 9277388
9287511 9287534
333171 909789
321493 870040
2782161 3362558
2439169 3121142
9405480 7131469
268413 770512
9419729 9419749
9444382 9444403
9453049 7506636
9453547 9453558
9480459 9480481
9487233 4178763
9587006 9587038
9610742 9610763
34583 137419
9649431 9649444
337011 923153
197358 593635
178731 548638
7355 59839
884 6610
125438 409123
2339 23510
2340 23622
2340 23623
2340 23624
7357 59955
2343 23832
29004 130540
16977 87618
1270701 2146699
1270701 2146700
7195872 5498386
4679287 4683773
2345 23978
9861267 9861284
6759149 6759192
2346 24090
2346 24091
2346 24092
87380 297542
87380 297543
87380 297544
87380 297545
1237 16103
1237 16104
1237 16105
1237 16106
886 6792
886 6793
886 6794
9984958 6141577
887 6921
888 7061
890 7219
2062796 2822198
1188498 2062759
892 7557
892 7558
892 7559
15983 82434
2930426 3466079
2930426 3466080
141274 444889
511867 1206893
893 7686
893 7687
317838 855443
1229378 2108082
521113 1224808
757450 1539676
15530 80754
15530 80755
15530 80756
7380 60575
2349 24277
895 7922
895 7923
895 7924
896 8046
2350 24386
2351 24485
2352 24577
897 8176
2353 24686
898 8309
2354 24771
2354 24772
899 8446
900 8575
900 8576
900 8577
901 8687
2355 24884
2355 24885
902 8842
2356 24994
2357 25100
2357 25101
2357 25102
2357 25103
903 8990
903 8991
904 9111
2358 25218
2358 25219
905 9249
905 9250
905 9251
905 9252
906 9370
907 9482
908 9594
908 9595
908 9596
908 9597
909 9697
910 9805
911 9932
911 9933
2359 25320
2359 25321
2359 25322
2359 25323
114 1125
913 10045
2360 25457
2360 25458
2360 25459
914 10217
914 10218
914 10219
914 10220
7381 60656
915 10322
2361 25544
916 10412
2362 25634
917 10505
9262 67808
918 10636
919 10761
920 10881
7382 60733
921 10996
2363 25738
2363 25739
923 11175
924 11296
925 11427
2364 25854
7383 60827
9816 26240
2365 25958
2366 26048
2367 26132
2368 26240
2369 26341
2370 26446
2371 26543
2372 26644
2373 26752
2374 26851
2375 26950
926 11552
2376 27046
2377 27152
2378 27256
2379 27346
557 4952
927 11668
2380 27459
2381 27560
928 11786
2382 27656
2383 27757
2384 27853
2385 27965
2386 28054
929 11902
2387 28150
14532 78571
2388 28249
930 12026
2389 28353
2390 28457
2391 28543
2392 28623
2394 28776
615241 1353593
198945 596870
59542 240006
2395 28884
2395 28885
205232 613770
673053 1415895
1229379 2108104
673054 1415911
3372426 3775155
1167540 2039509
3306110 3306126
10209743 1497668
1350078 1350094
240141 240166
10209761 10209767
2396 28914
39683 162485
39683 162486
8995662 8995674
10233876 10233885
932 12182
932 12183
933 12307
934 12418
934 12419
934 12420
934 12421
935 12529
936 12625
2397 28997
937 12732
2398 29106
938 12824
7392 61256
2399 29220
420416 296237
727774 1497270
240069 727713
204113 611734
240070 727734
1074469 1936457
240097 727817
1497219 2362000
204114 611758
204115 611777
1497672 2362301
727599 1497107
204116 611797
59546 240117
59547 240138
611715 1350066
1350133 2224655
239988 240512
611738 1350094
240072 727772
727694 1497172
59548 240166
240170 240187
59549 240187
727845 1497351
1936367 731565
240526 728219
240100 727863
204117 611818
1936368 2711642
727695 1497195
728202 1497704
1350049 2224604
8859 66582
8859 66583
8859 66584
2400 29335
2401 29435
2402 29524
2403 29610
2404 29704
2405 29793
2406 29887
939 12951
2407 29991
2408 30086
596846 1332490
12055 73910
499 4478
73918 267885
73841 267586
940 13055
2409 30154
941 13158
2411 30261
2413 30412
2413 30413
2414 30413
2415 30591
2415 30592
2993 36737
36816 146847
7394 61403
2416 30692
2417 30785
2418 30884
2419 30961
2420 31053
2421 31147
2422 31227
2423 31333
942 13285
942 13286
2424 31423
2425 31507
2426 31583
943 13413
943 13414
943 13415
36443 143879
8860 66653
8860 66654
2427 31679
2427 31680
603 5136
603 5137
6187 56080
6187 56081
6187 56082
7395 61473
944 13543
2428 31791
2428 31792
2428 31793
945 13675
945 13676
2429 31900
426 4122
426 4123
946 13784
2430 31999
2430 32000
2430 32001
2431 32090
2431 32091
2432 32186
2432 32187
2432 32188
2433 32285
2433 32286
2434 32380
947 13886
2435 32472
2436 32566
2437 32683
2438 32779
948 13982
2439 32891
2440 33004
949 14082
949 14083
949 14084
2441 33100
950 14183
950 14184
2442 33191
2442 33192
15317 80220
15317 80221
5420 47690
19711 111722
1369 17938
2994 36804
2995 36879
77348 274444
4016 40401
4016 40402
951 14305
951 14306
951 14307
6651 58589
952 14417
302 2640
6192 56416
6192 56417
6192 56418
2444 33295
7229 59682
2445 33393
953 14525
2447 33543
2447 33544
2447 33545
2448 33635
2449 33754
2450 33827
954 14643
2451 33927
955 14763
956 14887
2453 34079
461693 1125815
10249408 10249420
87017 296675
87017 296676
3734065 4010179
2455 34228
2711819 3306126
2361981 3058170
3058321 3554320
80393 279676
45266 196057
10274515 1185209
10279981 10280002
10282362 2920210
7125058 7125072
10286953 10286957
10289184 2077186
10290962 10290992
10292488 2188101
2905520 2161735
2058049 2817153
10295270 1185209
10295503 10295509
10298333 10298345
10298884 3679809
10301315 10301327
10305154 10305161
10305194 10305199
1567437 2427015
10307877 2161735
10310401 7506636
776160 1561183
704753 1463245
8325 64625
25004 127671
10318323 7131469
10319509 3229560
2426986 3111690
10322995 7403128
499802 1187516
10327155 10327157
2393965 3086443
3142898 3618387
10329571 10329597
10330655 3086443
10332435 10332444
7483618 7483661
10334253 10334272
10334925 10334939
10337918 10337923
586198 1317072
3910176 4123496
10351445 10351454
10353873 3620833
10356113 10356122
10356667 10356677
2955506 3483538
10357072 10357074
10360622 10360625
10362008 233055
1283521 2161735
10364052 1473453
10364716 10364724
3684896 3980372
149158 470672
297565 821080
297565 821081
1060891 1922571
1284003 2162742
134455 423401
10688409 1222967
235744 720407
8085468 8085486
10690114 5914898
10690413 10690427
10695868 10695874
10695920 10695932
4527088 3976497
214237 652233
1201460 2077198
10711556 7506636
9440258 9440270
10825415 10825430
10828996 10829007
10849838 10849857
10896007 10896014
10901381 3086443
10951280 2188101
11010443 11010450
11018384 11018397
11020505 11020510
11020812 11020823
2838982 3399159
495598 1179136
1555513 2415574
2920336 3460121
4544047 4562607
196304 590868
11162539 11162556
2859906 2180693
11248469 11248479
11253466 11253476
5145747 5145770
11290895 3620833
11313665 1222967
11357019 11357028
11363155 2077186
11372813 1304072
1080624 1941923
714389 1473453
11412187 10298345
5699298 1083570
11472743 6141577
11500522 11500526
11527210 2920210
4001609 4184059
11557575 11557590
11575159 11575168
5231722 5231745
3166626 1317072
11613454 11613458
11615712 2920210
7158206 7158285
11643938 11643944
11650770 1222753
11652567 10825430
405909 1035473
146474 462272
11695127 1304072
11720305 11720311
11732195 11732198
4678694 4683217
11755390 3620833
11772804 7131469
322331 871603
11788427 4280469
11788956 8415191
10326000 10326061
3663665 3966692
2036411 2108153
3993116 4178763
1164719 1164731
11930978 6141577
1317307 2188253
11961524 1185209
1201462 2077207
483999 1160794
12080720 12080727
12087865 7131469
12103399 4178763
12110114 436377
11867977 4178763
12141279 7691181
12141755 7131469
12142617 8415191
10334969 10335002
12200024 12200036
2160837 2901676
12222467 12222484
191717 586196
191717 586197
12231400 9453558
12254760 12254765
12257528 12257540
12271028 12271039
32009 133504
6656 58753
12274636 5914898
781081 1567393
12280587 12280596
2898010 3440510
12291785 1222753
12296807 12296810
12308917 12308927
12308917 12308928
12319900 12319918
3483521 3200555
12336020 12336024
12336679 12336682
13558 76847
12353499 10326061
56657 233055
495608 1179150
8027601 8027625
1575172 2434503
445757 1097118
12594591 12594596
2110791 2859898
12642262 12642267
12644847 11500526
12657278 3229560
12659897 5519651
12660062 12660076
1297944 1222967
12754843 12754856
12777178 3200555
12814398 1473453
12825988 4280469
12841494 12336024
12848973 12848982
12852764 2077186
12862682 12862694
12872274 12872282
12880092 4178763
12883666 10364724
5498389 5498410
12896937 12896945
4667787 4673556
12903363 12903373
2594602 3229560
3130707 3607051
12909153 12909169
9309824 4683217
4745384 3229560
182957 562482
13042344 4562607
13054693 3620833
3111720 3593136
13058737 3229560
11184015 11184025
13088449 4562607
13092966 13092983
8085476 1304072
13129829 6890129
2553293 3200584
13145160 7131469
13156508 13156517
10249411 10249426
10249466 10249518
9177019 9177037
5023335 5023355
183013 562917
114850 371204
477993 1151841
10249427 10249464
116082 373944
592585 1327182
26653 128914
20288 115180
116178 374138
36971 148015
574935 1290480
38202 156602
575642 1291347
149988 472714
3009 37601
541607 1262977
144641 456522
13262268 13262276
13262618 13262627
3795993 4046160
509068 1203540
474719 1146234
484574 1161634
153525 484594
248943 739418
308026 840625
5429 47992
5429 47993
44190 186922
176052 541661
44102 186407
21478 119463
21478 119464
42500 174708
8532325 8532351
36459 144258
36459 144259
150628 474741
673055 1415931
927033 1734117
1187383 2061556
1070358 1933312
1213294 248868
58693 238968
1415915 2288787
673056 1415949
1088104 1950313
514768 248868
486866 1164682
486867 1164699
1164687 2036406
1415916 2288787
37865 154361
1053293 1915778
382171 991516
855409 1669966
497344 1182268
1415917 2108082
10249428 10249472
655556 1398039
1096548 1962402
574479 1290117
1415952 1415967
486868 1164715
739200 1510418
219240 673073
1510407 2373118
1229385 2108153
1164688 2036424
673058 1415967
154257 486882
1950300 1950313
43016 178466
615184 1353534
1353511 2227278
803911 1604270
2825164 3390469
1016241 1867816
173607 536455
13298027 13298053
10574056 10574083
34287 136351
13322471 13322476
13322798 13322804
13322806 13322812
486870 1164731
2036414 2373118
493206 1175445
845437 1656393
205748 614939
205749 614966
205843 615206
205843 615207
2361982 2362000
13335335 13335338
13335335 13335339
5271381 5271405
575180 611777
47928 205779
10249412 10249439
855415 1670042
855417 1670067
1497690 1497704
423899 1065948
143759 452558
143759 452559
615067 1353342
1203523 2079350
486871 1164753
180718 552632
47929 205810
205845 615271
157641 496999
1160829 2032673
554476 1277279
1164670 2036388
2036377 2036388
240122 240138
686925 1441532
611716 611734
367455 965600
133339 421433
205846 615298
426655 1070383
205817 615136
59711 240512
2224589 2224604
240101 240117
205786 615035
205787 615062
10865210 10865236
13391575 3400303
13394542 13394552
13394542 13394553
4006798 4187150
13398697 13398700
180006 551094
86844 296237
243589 731565
1332599 2204355
2994023 3509767
13411210 13411218
13414619 13414643
10249431 10249483
727696 727713
611780 611797
84478 290095
13438139 13438146
177122 545386
34663 137642
47931 205871
38345 157190
1936439 1936457
2711626 2711642
9650298 9650324
4141812 4279382
1283298 2160882
10249423 10249459
968868 1808279
454752 1115379
14094685 14094690
14248268 1222967
14257598 1083570
14282038 14282042
14290261 233055
7015817 7015843
14323258 5771006
6535875 6535892
334830 30412
262381 760456
14430563 4280469
14561529 11018397
14576354 909789
2058669 2817995
81367 55503
14612030 14612035
4447834 4487757
14651656 14651659
4746533 3229560
14687392 14687396
14487986 14487998
14730254 2077186
81564 283221
81564 283222
14882086 14882091
139841 434979
139841 434980
139841 434981
14940205 14940209
14970186 14970194
14970340 14970343
4965281 4965290
4965281 4965291
14994691 14994695
14999830 14999842
15009055 15009058
15009055 15009059
15009055 15009060
15010011 15010015
15011846 15011849
20522 116186
15034077 15034081
15073444 15073448
15078875 15078878
15103166 15103171
15103166 15103172
978980 1822456
15108983 15108986
15108988 124497
15108988 15108992
15109273 124298
15109460 15109464
15109468 15109471
15109468 15109473
15109474 15109478
15109479 15109482
15109479 15109484
15109479 15109485
15109486 15109490
15109491 15109495
15109496 15109499
15109501 124425
15109505 15109508
15109510 15109513
15109518 15109521
15109523 15109527
15115923 124379
15115927 15115931
15115936 15115940
15115941 15115944
15115946 15115949
15115951 15115954
15115956 15115960
15139182 15139185
15149947 15149951
15149955 15149958
3465705 3837690
15164452 15164456
450984 1108442
2426987 3111697
15248110 15248122
15335922 15335929
15335922 15335930
15344574 5529940
15483817 15483820
165533 519047
15514612 7131469
15525637 15525645
15583822 15583827
15584286 15584295
15584286 15584296
133001 420750
15607178 909789
15638416 15638421
3348661 3761906
15655952 7131469
15658623 7131469
2084535 2838310
773025 1556406
127775 413679
76534 273109
76534 273110
992 15573
21649713 21649717
1609356 2459061
4446654 2920210
21745667 5914898
21761800 21761810
3229826 3679809
21831869 21831872
3155558 3200555
21837691 21837700
21941366 21941378
21841124 21841131
22024208 22024214
14999921 939996
22799657 22799666
22799657 22799667
23156510 23156532
24347505 6438485
25427721 25427727
47936 205887
205890 615339
28166111 28166120
280712 788612
205877 615315
452535 1110910
205916 615396
1723540 2560162
47937 205901
1061840 1923394
205966 615467
553280 1276097
519031 1219921
47939 205927
205878 615326
47940 205941
47940 205942
185949 573731
47941 205961
472827 1143540
573722 1289224
412906 1051373
153394 484057
143493 451004
452537 1110942
47942 205979
615319 1353626
206022 615579
206022 615580
615307 1353610
12025257 12025270
1107409 1979737
553311 1276136
113615 370806
494736 1177801
164301 515718
164301 515719
788603 1575616
12163341 12163352
145103 458067
47944 206019
615461 1353788
467329 1134596
452539 1110953
205946 615438
1051362 1913917
452540 1110962
452540 1110963
4187136 4307976
4187137 4307978
586200 1317080
28216856 28216860
28216856 28216861
28216856 28216862
13071112 4307976
13071113 4307978
28218910 28218914
28218910 28218915
28218910 28218916
28221106 28221117
28221120 28221131
242272 729984
1110897 1982917
452541 1110972
452541 1110973
1051363 1913923
206024 615602
452542 1110982
205931 615422
47946 206034
205968 615479
615320 1353636
519034 1219933
8056409 8056443
6163 55502
6163 55503
28362342 2065607
28387076 1304072
28426084 3440510
28215847 28215853
461420 1125237
28458447 28458449
28458904 3200555
28462156 28462158
77873 275533
28513011 1185209
28513045 1304072
28513631 28513632
28515287 11732198
28218340 28218344
28636471 28636474
1349922 2224533
28637508 28637513
28637620 6141577
28637621 4280469
28637622 1185209
28637623 909789
28637624 1222967
28637639 28637642
11184018 11184028
14954828 11720311
28647449 4562607
3229726 3679398
28647451 2077186
28648003 14651659
10330660 10330677
6644679 6644688
28648167 6141577
3851309 4086296
28648201 28648203
28648220 10829007
10193398 6574512
28680344 28680345
28680348 4002525
28680351 10298345
28680352 909789
28685780 3679809
28685783 14612035
28685787 2415574
28685788 3620833
2161808 2902340
28759297 28759305
28765509 28765516
28765669 28765675
28769236 28769238
28774830 28774836
28777380 28777384
6609060 6609106
4215188 1222753
29010573 29010575
29013737 1222967
29016898 29016900
14323260 4562607
498676 1185209
119207 380928
28777181 28777189
1807465 2619059
29343739 28221117
28277963 240512
28410127 28410134
29372920 3058170
29372940 1497668
29372953 1497668
29372967 29372972
29372980 29372986
29372994 240512
29373005 29373013
29373018 29373027
29373037 29373045
29373050 29373056
29373062 29373067
59713 240525
28277973 28277984
4043155 4207841
29373089 1497711
28277974 28277997
28277967 28277984
29373104 1497668
28277975 28278005
29373126 3058170
29373138 29373146
28277976 1497668
29373153 29373162
29373166 3554320
2877864 3426488
29373184 1497668
535485 1252361
29373201 1497668
29373211 29373219
29373225 1497711
29373238 29373247
29373252 29373261
29373264 4642263
240545 728228
29373283 29373027
8833414 8833430
29373295 1497668
14644661 14644696
29373314 29373323
29373329 29373338
29373342 29373351
29373355 13322812
29373370 1497711
29373388 1497668
29373402 29373411
29373415 29373424
29373428 1497668
29373446 3554229
29373488 1497668
15659434 1497668
1332427 240512
29373562 240512
29373581 1497668
29373603 3554229
29373634 1497668
29373662 1497668
29373685 1497668
29373738 29373743
1497642 2362246
239990 240006
29373796 3554229
728229 1497711
29373853 29373858
29373876 3058170
29373894 29373027
29373915 29373919
29373941 29373946
240497 240512
29374041 8099760
29374068 240117
1497659 1497668
728190 1497668
29374174 1497668
1497660 1497668
1497661 2362272
29374281 29374285
29374303 29373027
29374323 13322812
1497662 2362278
29374382 1497668
29374401 29374406
29374430 29374434
29374460 29374464
29374654 3730928
29374734 29374740
29374754 29374759
29374765 8099760
29374792 29374464
29374844 8099760
29374848 29374852
29374864 29374740
29374879 29373919
29374896 3058170
1497091 1497107
29374915 3554229
29374936 1497668
29374962 29374966
29374980 29374985
29375001 8099760
29375013 29375017
1497338 1497351
29375491 3554229
29375537 29374464
29375561 3058170
29375578 1497668
29375604 29375608
29375632 29375638
29375684 29375692
29375723 29375727
29375731 29375737
29375740 29375737
29375755 29375759
29375773 29375727
29375782 29375787
727719 727734
29375795 3730928
29375827 29374464
29375841 29375846
29375881 13322812
29375894 29374464
29375686 29375699
29375927 29375932
29375942 29375947
29375960 3554229
29375961 29375974
29376039 29375759
29375962 8099760
29376070 29376074
29375963 29375984
29375964 29375787
29376112 29376116
29376128 29376133
29376144 29376149
29375965 29375932
29376174 3730928
29376175 1497711
29376176 29375932
29376177 29375759
29376178 29375787
29376269 29375727
29376281 29375727
29376543 3730928
29376576 29376581
29376614 29376149
29376632 29374464
29376654 29376658
29376678 29375692
29376707 29375692
29377684 29377688
29377708 3730928
29377753 29377757
29377772 29377776
29377801 29377805
29377838 3058170
29377864 29377869
29377885 29377889
29377924 29374464
29377950 29377954
29377970 29373919
29378010 29378015
29378043 29378048
29378059 29376149
29378074 3058170
29378093 29378097
29378109 29378114
29378132 29378137
29378146 29378150
29378152 29374464
29378167 29378137
29378177 29374464
29378191 29378196
29378206 29377688
1497257 1497270
3306112 3730928
29380279 29380282
29380297 240138
29380316 29380320
29380329 29380334
29380347 29380352
29380369 29380372
3554306 3554229
29380415 29380419
29380435 29380440
29380458 29380464
29380483 2362246
29380501 3554320
29380516 29375692
29380532 29380538
3058154 3554229
29380577 29376149
29380601 29378137
29380629 29375692
29380659 29380663
29380681 29376149
3058155 3058170
29380696 3730928
29380748 29374464
29380770 240512
29380785 3058170
29380811 29380816
29380842 29375692
29380869 2361945
29380901 29380905
29380920 29380922
29380942 29374464
29380974 29380978
29380989 29380994
29381024 29381028
29381041 29381028
29381058 3058170
29381088 29381092
29381117 29381121
29381139 29381144
29381161 29375932
29381178 29381092
29381193 29381198
29381210 29374740
29381223 3058170
29381235 29374464
29381249 29378137
29381265 29381267
29381726 3554229
29381766 29376149
29381780 611734
29381802 2362246
29381818 29381822
29381819 29376149
29381928 29381092
29381945 8099760
29381962 13322812
29381988 29381092
29382005 29381092
29382021 29382026
29382038 29382043
29382054 3058170
2362287 2362301
29384128 29373261
29384382 29384386
8601327 3554229
29384637 611797
29384654 29374464
29384670 29384673
29384692 29373424
29384702 29384705
29384728 29374464
29384738 10209767
29384749 3554229
29384797 611797
29384811 29375727
29384837 29384841
29384851 29384855
29384880 29384884
29384900 13322812
10209702 10209716
29384939 611797
29384954 611797
29384988 29384992
29385009 3554229
611742 611758
29381851 3554229
29385069 29385072
29381840 8099760
29381835 2361945
29381841 29381863
29381842 29374464
29385132 29385136
29385163 29385168
29381843 29381872
29381852 3554229
29385246 29385250
29385275 29385280
29381853 29381889
29381854 29381895
29385340 29385344
29385377 3058170
29385394 3730928
29385422 611797
29385439 29374464
29385454 29376149
29385472 29385477
29385525 8099760
29385552 29381267
29385473 29373424
29385480 29385490
29381844 29376149
29385623 29385627
29385637 29375759
29385481 29385495
29385659 29381092
29385482 29377688
29385692 3554229
29385745 29385750
29385766 611734
29385797 611734
29385809 29385815
29385846 29385850
29385867 611797
29385884 29381092
29385899 29381092
1350051 1350066
29385912 3554229
29385958 10209767
29385974 611734
29385997 29386002
29386025 29386030
29386066 29384705
29386082 611797
29386088 611734
29386083 611797
29386172 611797
29386209 29386213
29386225 10209767
29386239 29386243
29386090 611797
29386255 611797
29386271 10209767
29386283 29386286
29386294 3730928
29386314 29386243
29386333 29386336
29386354 611797
29386373 611797
29386395 13322804
29387166 3730928
29387202 29374464
29387224 29373946
29387242 611797
29387260 8099760
29387278 611797
29387285 611797
29387308 29387314
29387325 29387329
29387345 13322812
29387356 3554229
59714 240532
29388178 3554229
2224640 2224655
29389038 3554229
29389092 29389096
29389129 29381822
29389150 1497668
29389196 29375692
4634370 4642263
29389233 29385495
29389273 29373946
29389294 29389298
29389335 3058170
727848 727863
29389357 3554229
29389430 29389434
29372914 240117
29389534 4642263
29389560 1497668
29389603 29373946
4313009 4391074
29389659 3730928
29389717 29389721
29389752 29374464
29389794 3730928
29389828 1497668
29389844 1497668
29389868 13438146
29390860 29377688
29391206 3554229
8099769 3730928
8099748 8099760
8099749 8099766
8099776 8099797
29391700 29391705
8099777 8099803
8099770 8099788
29391747 29373424
29391765 3554229
29392221 3554229
29585586 29585590
398484 1008271
2112992 2861995
112514 368246
29611460 29611465
29661803 29661807
29675951 29675955
29677076 29677079
29677095 29677098
29677163 29677166
29677279 29677282
29677619 29677622
29715972 29715973
1580409 2439226
19452975 19452994
29741724 29741725
29759503 29759508
29789274 29789283
3289591 3720851
4274595 4365131
2024400 2788435
29870121 29870124
453621 1113702
4033454 4202504
29881382 29881386
29889081 29889086
29889081 29889087
10249414 10249447
1987726 2560162
1061812 1923357
472829 1143553
29933740 29375737
2132150 2879192
10249415 1670067
2794671 3369789
450989 1108482
30014664 30014668
519666 1220971
2152935 2895944
30051268 30051270
3853245 4087361
2231730 2962401
1061828 1923376
30095630 30095634
30102277 30102280
10249416 10249453
30116529 29373858
853882 1113702
1996260 2766088
3069819 3561551
1989623 2760843
3348701 3761919
30184713 30184718
30194990 30194995
2426145 3110983
30268512 3620833
30272540 14651659
30278241 4562607
30281348 9032123
30303264 5498386
30320419 30320420
30382607 1473453
13303895 13303899
30762956 30762959
4936624 4936641
4936624 4936642
4433343 4476526
520477 1222967
30825628 30825632
30825633 21831872
30827232 30827237
30828429 12848982
30829451 5914898
30831069 30831070
30831076 3679809
30831251 2161735
30831317 3620833
30834779 30834780
30835341 8327713
30836186 21831872
3090579 3578035
30837902 30837906
30840156 870040
30842707 3200555
30857282 7691181
30857395 30857397
30857644 30857647
12127345 2459061
30857790 2161735
12127364 3090772
30857926 30831070
14954807 14954816
30858248 30858250
30859080 30859085
30859599 30859602
10362817 10362842
30860098 3230152
30860157 30860161
30860325 30860327
30860992 3679809
30861144 2161735
30862264 4474693
30949026 30949030
30247800 1222753
30950071 30950076
30950184 30950187
2396526 3088568
30952264 30952268
30952377 7506636
30952547 30866945
30952554 3229560
30959442 30959446
30966478 4143711
30980365 30980371
30982780 30982786
30983430 4178763
30983567 9032123
30983749 1473453
30984150 30984152
30987513 30987520
30989273 4143711
30866941 30866945
30990349 30990353
30990529 10290992
31066394 31066403
3229397 3679049
31087424 31087425
31090135 6906408
31090208 31090209
31092535 2077186
31093056 2920210
31093576 12862694
1301201 2180724
2020377 2785248
31181240 1304072
14042292 14042294
31903661 31903662
4473430 4506965
32676157 32676165
1487049 2354522
2354518 3052011
32684299 30601062
32684943 32684944
32691487 124311
10559778 10559802
32833514 32833520
32896083 32896085
4238185 4343509
4383312 4440556
32947420 32947423
22957 124410
22957 124411
32978397 32978399
33039178 33039181
81319 282537
33050169 33050177
33099913 11557590
4110479 4258076
4561421 4577082
33129516 2920210
33141400 33141415
33240015 33240017
33240015 33240018
33248127 33248128
33248127 33248129
985544 1832364
1832346 2638567
3248291 3230152
3248291 3693014
3679136 3976497
2594909 3230152
2594909 3230153
33255800 7131469
33255814 4474693
33255835 6141577
33255861 8545479
33256331 33256335
33256336 2920210
33256699 33256701
33256858 33256860
33258823 5914898
33259660 33259664
33265077 28680345
2058026 2817089
33275106 3200555
2398907 3090772
33275140 33275144
33275145 4002525
33275148 33275152
33275756 33275760
33275887 3230152
4431164 4474693
30228275 30228280
33278041 7506636
33280104 7131469
33280127 30963221
33280134 33280136
30225033 4280469
30985096 2077186
4143707 4280469
33284307 1185209
33289466 14612035
10337990 4683217
33297386 33297388
33297390 1222753
33304603 909789
33304608 7506636
33304612 8545479
33304617 2077186
33304623 33304628
33306930 30860327
33311227 31087425
33313752 2077207
33314751 33314754
33316195 33316199
33317271 30831070
33320760 33320764
33321001 5956361
33321357 2920210
33321360 33321362
33321456 6906408
15214449 7131469
30963216 30963221
3939556 2077186
33321494 11500526
33321502 33321506
32844097 32844099
30796067 30796111
33331401 33331409
33334313 1222753
33343802 2920210
33343828 1304072
33347250 1222753
33348927 3679809
33348939 33348946
33349868 7131469
33349891 28680345
33353650 11557590
33355411 2859898
33364865 21831872
33369005 33369008
33385242 4184059
33385322 29016900
33405325 2077186
33411361 6497225
33412051 33412053
10362876 4002525
33418896 5914898
33418945 4280469
33423489 31087425
33425096 30825632
33431603 11575168
33434736 2920210
33444375 10298345
33444697 2920210
33449832 33449834
33455359 7506636
33456444 9861284
33456669 33331409
33456816 33456820
33458379 33458382
33458425 33458427
33463599 10334939
33463948 15483820
33473764 33473766
33475797 7131469
33480528 3086443
33481470 10829007
33481641 3230152
33481643 4683217
33481645 30859602
33486808 11720311
33486869 33473766
33486871 33473766
33488521 33488523
30796070 30796120
33494490 33259664
12426374 7131469
33495489 33495492
33496212 7506636
33504862 1222967
33513524 28637513
33516620 5914898
33520476 33520479
33522360 28773063
33524649 33348946
3146735 3620833
33542237 4683217
33542794 33542800
33542925 7131469
33557113 9032123
33558602 7506636
12799774 12799791
33668393 7506636
33679502 2316843
33948467 33948471
34240725 34240727
15175996 15175999
3079620 3569433
446798 1100571
1415940 1415949
34378291 34378299
4233817 4340016
9776661 9776684
34062936 34062946
34402682 34402692
34413005 34413008
1415887 1415895
1415922 1415931
34416749 34416752
15546199 15546205
3035410 3540464
3079600 3569381
28726643 28726648
351625 939996
34429948 34429950
5793568 5793599
1970984 2742912
931418 1754717
34442965 34442978
34443196 34443202
34453368 34453377
1971144 2743067
446833 1100685
446833 1100686
31078073 31078084
3186713 3646732
10560866 10560913
8995664 8995678
4198283 4315008
1802233 2615220
1497132 2361945
34481663 34481665
2063049 2822431
34488592 34488596
4467465 4502095
12310022 12310030
34861889 34861890
34915891 1304072
4486884 2920210
8051498 8051506
34972977 1185209
34973002 12336024
791531 1581529
35397419 35397421
1971145 2743078
1971145 2743079
1971145 2743080
5744437 5744459
25414703 25414729
30045695 30045711
3365428 3770822
35407721 35407722
4555768 1824289
2754800 124197
35408760 35408762
3906414 4120897
980504 1824289
35409083 35409085
35410348 35410371
35410348 35410372
35410348 35410373
35410544 35410548
35410544 35410549
35410707 35410712
35517470 30984152
35524375 7131469
35529742 1222967
35529896 35529897
35536834 35536839
1583328 2441651
1583328 2441652
29609569 29609595
35669857 3086443
35669862 30859085
35669890 8545479
35702053 35702057
35743705 35743714
28738712 28738748
35743878 35743883
35743946 35743956
35744038 35744046
29883561 29883600
10650961 10650970
35744284 35744292
1100594 1970991
1100594 1970996
4315097 4392688
4111640 4258618
3961008 4156397
35745012 35745024
6621345 6621356
5911286 5911326
5911320 5911372
4339032 4408666
13946718 13946743
35745489 35745496
25461189 25461209
35746530 35746534
3899583 4116363
35747700 35747707
3420996 3805075
7921483 7921527
2774960 3357659
4043935 4208398
4666829 4672532
6719506 6719510
3166323 3634730
3541938 3889980
35743852 35743870
35748951 35748960
31971880 31971888
8555765 8555797
305489 835491
10607235 10607262
35749066 35749081
30045700 30045721
835495 1646040
5744447 5744471
5744447 5744472
3079605 3569409
11508455 11508472
2884169 3430599
3430588 3810806
3430588 3810807
3430588 3810808
2217897 2950870
3468447 3841851
35749866 35749875
10607319 10607327
29804953 29804964
35750472 35750476
2799867 3372959
35752241 35752247
35752303 35752306
33163083 33163090
1971148 2743098
29883593 29883631
29883563 29883607
35750367 35750379
3650839 3960607
3899586 4116371
30572979 30572996
35754283 35754291
1096010 1961904
35747773 35747780
21675057 21675064
4433642 4476734
35755831 35755838
3713118 3998956
35756065 35756070
4156345 4288749
35756115 35756120
4514940 4539984
5911281 5911314
35756218 35756223
14405987 14406003
14405987 14406004
35757291 35757297
4353038 4418210
35750524 35750532
4581410 4593943
15546204 15546208
4270048 4360930
3079624 3569441
24396039 24396053
2884175 3430614
35758667 35758670
1100757 1971289
33135307 33135323
33135307 33135324
33135307 33135325
3926440 4133629
3926440 4133630
3926440 4133631
3926440 4133632
33141885 33141902
3613282 3935611
35753296 35753303
35759537 35759541
35759603 35759610
34818914 34818923
35759873 35759878
2743070 3335801
9205895 9205913
34062912 34062928
33141533 33141540
35761098 35761103
2732521 3322885
2732521 3322886
2732521 3322887
35745409 35745416
35745409 35745417
35762574 35762581
2954127 3482205
35762930 35762937
1100671 1971163
35754118 35754129
33248930 33248960
4514924 4539963
1098978 1967164
35750329 35750346
11722229 11722254
3888733 4110500
35763810 35763816
35765329 35765333
4120874 4264010
6839663 6839702
35766543 35766546
35761331 35761333
9205887 9205903
29870126 29870142
3906372 4120882
3906372 4120883
35767227 35767239
35767676 35767679
35767744 35767749
35761135 35761144
35750375 35750389
35751810 35751818
35749561 35749568
33108157 33108168
832532 1643193
12319444 12319458
3358806 3767342
13434417 13434434
1971152 2743110
10270861 10270891
10270852 10270869
35749489 35749510
34349026 34349029
12077628 12077647
12077628 12077648
4705577 4708725
2526373 3186742
2526373 3186743
2430610 3114064
30997191 30997211
33135312 33135334
33250025 33250088
33250025 33250089
4199641 4316207
3648153 3958904
3292077 3722577
3292077 3722578
34477323 34477332
35824770 35824774
63442 246106
1100621 1971094
36071878 124255
36071879 124481
34837808 34837825
4293471 4377491
4293471 4377492
33163149 33163162
33163159 33163176
36072476 36072485
4263965 4356839
2799872 3372972
36072490 36072494
36072491 36072497
10270863 10270894
33137823 33137835
33137832 33137845
35749458 35749476
36072509 36072519
33248933 33248962
36072524 36072530
36072525 36072534
3642171 3954948
9951753 9951756
36072543 36072551
36072544 36072554
6330289 6330298
22050496 22050522
36072560 36072565
36072561 36072568
36072569 36072573
25461199 25461224
8814203 8814234
8814175 8814206
1970989 2742934
3643419 3956198
35749071 35749089
4258615 4353371
4198214 4314939
4024929 4198217
36072689 36072694
36072690 36072696
35743649 35743662
35743631 35743651
3569405 3906369
1100509 1970875
2810706 3379442
2050785 2810709
3137856 3613287
3841866 4080994
3468460 3841875
4539955 4559339
14275437 14275469
35749020 35749039
1098983 1967174
3186733 3646742
36072709 36072737
3758839 4025346
3343384 3758844
3180131 3643806
3643793 3956525
7921501 7921542
3322902 3743157
2732528 3322905
2526376 3186750
22050475 22050508
3335596 3752414
35750333 35750354
3639794 3953364
4024931 4198222
2871265 3421002
4110497 4258106
35749160 35749189
2742861 3335622
28979994 28980009
2884181 3430627
3430624 3810829
1100622 1971100
1971095 2743018
3785889 4039847
3388759 3785892
3752385 4021684
35769909 35769920
35769905 35769912
33250028 33250100
33250096 33250142
33250097 33250150
35750307 35750322
35750284 35750310
3343385 3758848
4124147 4266361
3911019 4124151
35768634 35768640
35768629 35768636
36072872 36072877
1059481 1921231
29883649 29883674
29883605 29883641
34392171 34392187
34392140 34392174
35755888 35755896
35755877 35755890
1100558 1970937
34826001 34826010
34825995 34826003
35750104 35750115
3643420 3956200
33108154 33108165
33108151 33108156
35769575 35769584
35769567 35769573
3365430 3770834
36072911 36072915
3865236 4094571
30211413 30211423
30211404 30211417
36072918 36072923
36072919 36072929
35749491 35749513
9012942 9012966
9012964 9012982
10020544 10020549
35750233 35750247
670174 1413830
35767964 35767971
35761141 35761147
22110655 22110667
35764038 35764041
33250030 33250105
4689126 4693086
3322880 3743151
33731753 33731766
33137806 33137812
33137810 33137816
36073043 36073052
36073044 36073059
36072920 36072933
36072699 36072726
35746788 35746794
36073100 36073104
36342206 36342209
36489258 4562607
36489773 36489778
36498797 7131469
36501020 36501022
36502513 36502516
36504338 36504342
36504662 8545479
36507371 36507375
36729694 36729695
36729696 36729698
36737678 5771006
3939175 4143711
28773057 28773063
36737692 7506636
36737695 3229560
36737726 10290992
36737738 7131469
36737740 2920210
36737743 4184059
36737745 1473453
36737747 36737749
36740842 10298345
118898 380430
36871717 36871720
10193413 6438485
4433565 4476672
28739802 28739828
8043551 8043581
37826013 37826017
3956957 4154158
37826162 37826164
15592337 15592347
3569463 3906402
3365431 3770837
3365431 3770838
3365431 3770839
12077619 12077637
2404468 3093654
2486185 3159410
3421003 3805089
4120876 4264013
37826943 37826947
35768408 35768420
3799810 4048611
37883254 37883256
38023704 38023708
290086 808229
74883 269171
38209184 38209186
38209184 38209187
1510410 1510418
2036397 2036406
4944573 4944588
55471 228525
704199 1462631
55454 228519
55454 228520
55454 228521
55455 228522
38380211 38380212
38634769 11557590
35758071 35758084
38640112 38640114
4566216 4581429
38643545 38643546
2951023 3479859
4372813 4433134
4372813 4433135
4263992 4356864
4299745 4382229
34843063 34843073
34495514 34495518
4264006 4356878
1100777 1971331
35767492 35767501
4027003 4199644
3752443 4021723
14839471 14839493
36072545 36072557
34843027 34843042
38650240 38650244
35766459 35766464
30439266 30439273
38660732 38660734
38662189 38662191
37827195 37827199
35762218 35762224
38659814 38659818
1164708 1164715
38678169 38678171
38678169 38678172
1970930 2742838
38680827 38680830
3292081 3722586
3138275 3613533
3569052 3906244
38685024 38685028
5911296 5911357
4547858 4565856
3643803 3956540
35766080 35766097
35755979 35755985
38697365 38697368
30775159 30775167
132672 420013
38701190 38701193
1510411 1510418
1164675 1164682
3062436 3557189
3138259 3613517
38716452 38716454
1296978 2175404
9012948 9012972
9776634 9776665
38719535 38719537
10552601 10552627
9205984 9206008
4055333 4215238
35769123 35769126
1164691 1164699
1164692 1164699
38725765 38725767
2036398 2036406
21681909 21681926
35746482 35746497
35766030 35766044
1533134 2391727
38640204 38640209
12481572 12481579
6994795 6994799
2742807 3335566
5911309 5911366
35750650 35750663
38733996 38733998
670179 1413839
38736312 38736314
38736738 38736741
2386913 3079884
37826304 37826314
38765417 38765419
673065 673073
673066 673073
1164746 1164753
486873 486882
486874 486882
1164724 1164731
38726056 38726059
38788084 38788088
38705782 38705784
38705782 38705785
38818058 38818061
38820164 38820166
38822257 38822259
38768970 38768972
35761162 35761171
39517045 39517052
39604180 39604183
39610612 7131469
39610617 7131469
39610633 7131469
39610656 7131469
39611952 7506636
39614573 909789
39614803 6906408
39620141 4562607
39620159 39620162
39620290 30950187
39623351 5498386
39624008 14612035
39624211 9032123
39625548 3229560
39625567 39625569
39625885 4280469
39626665 2077186
39627066 6257895
39630442 3686258
39630845 33321362
39630984 2920210
39631057 2920210
39631530 2920210
64575 248868
204918 613235
1162939 2034570
39766666 39766669
39943400 39943402
39947919 39947920
39958907 39958909
39966064 30959446
39966274 39966275
40083062 5956361
40121759 33412053
40138842 1222967
40138860 11184028
40138871 1185209
40138900 5529940
40138994 40138996
40176719 2920210
40182422 2920210
28590570 28590572
40211577 2920210
12393911 12393915
40620911 33473766
40621328 33473766
4074484 2415574
30974660 4474693
40728873 4474693
40739904 40739906
41320480 41320483
41332959 33320764
37825867 37825879
41358316 7131469
41358324 2920210
41358334 33473766
41460657 41460660
41483106 41483108
41504865 41504866
41702432 41702433
41702435 5914898
38642397 38642402
41727443 41727445
42033408 42033410
42332210 42332212
7921507 7921547
3983220 4170978
42332832 42332834
42332840 42332842
35750063 35750068
42333008 42333010
2218082 2951033
42333877 42333879
34899779 34899792
34498891 34498899
4027011 4199652
3198752 3657833
42336246 42336248
42336314 42336317
8352013 8352038
42339101 42339103
8043557 8043587
2638586 3262157
3292087 3722593
35743798 35743805
35757294 35757299
35749998 35750021
1703328 2534284
2751971 3342733
6141797 6141840
35767653 35767660
35753225 35753236
8214958 8214976
5482525 5482531
38762254 38762256
35753830 35753839
9776648 9776679
37826171 37826174
35744568 35744587
42342208 42342210
13946691 13946712
32695348 32695354
42342215 42342218
2752408 3342998
38662271 38662273
35410364 35410389
35750545 35750554
35757929 35757931
35755795 35755805
3785785 4039798
21613654 21613661
35756591 35756602
38664761 38664762
2822403 3388688
4566209 4581421
4156355 4288762
38723827 38723830
42343646 42343648
4479218 4512202
38648613 38648620
35751871 35751883
42363741 42363742
35766049 35766052
3081535 3570559
42495001 42495003
42496109 42496110
35759946 35759949
42496176 42496178
42496338 42496339
42496730 42496732
43352748 43352750
43426422 43426424
43534329 43534331
12071081 12071085
44905423 1824289
45208741 124394
45868291 124355
45868293 45868295
45885224 30959446
10249438 1203540
10249471 10249525
10249463 10249514
10249524 1669966
46206001 46206002
46464219 46464221
46483688 4280469
46489712 46489713
46490477 1185209
46519141 20527
46519141 124497
47026853 47026854
47755712 47755714
1164758 1164682
47755715 47755717
47755718 47755720
47755721 47755723
47755724 47755726
47755727 47755729
47755850 47755852
47755928 939996
47757665 47757667
47757668 47757670
47757719 47757721
47870600 47870602
47870601 47870602
47875214 47875216
47875215 47875218
47969033 47969035
48136208 124283
48136210 35409085
48136212 115984
48136214 124328
48136216 124497
48136218 45868295
48136220 94242
48136222 124528
48136224 124355
48136226 48136228
48136229 124394
48136229 20527
48136231 48136233
48136234 48136236
48136237 48136239
48136240 228519
48136240 48136242
48136243 48136245
48136243 48136246
48136247 228525
48136247 48136249
48136250 15109513
48136250 48136252
48136253 48136255
48136256 48136258
48136259 124183
48136261 124412
48136263 47870602
48136263 48136265
48136286 124542
48136288 124379
48136290 124213
48136292 15108986
48136294 48136296
48136297 124298
48136299 48136301
48136302 48136304
48136305 124197
48136307 15115944
48136309 48136311
48136312 48133876
48136314 48136316
48136317 48136319
48136320 48136322
48136323 1824289
48136548 48136550
48152463 48152464
49093006 49093007
49167523 124528
49167525 48134083
49167527 49167529
49167530 94242
49167555 115984
49167599 48134165
49167601 48133427
49167603 124542
49167605 49167607
49167608 49167610
49167611 124255
49167613 124412
49167615 48136265
49167617 49167619
49167620 3696947
49167622 124469
49167650 49167652
49167653 49167655
49167736 48134075
49167738 48136027
49167762 49167764
49167762 49167765
49167774 49167776
49167779 49167781
49167779 49167782
49167779 49167783
49167784 4385013
49167784 49167786
49167784 49167787
49167784 49167788
49167789 49167791
49167792 49167793
49167830 48134153
49167832 48134150
49167834 49167836
49167837 4969518
49167839 49167841
49167842 124183
49167844 48134137
49167846 49167848
49167849 49167851
49167852 13420444
49167856 124227
49167858 15109490
49167859 48134085
49167867 4963391
49167875 49167877
49167878 35407722
49167880 49167882
49167883 49167885
49168043 49168045
49168046 49168048
49168049 49168051
49168052 49168054
49168055 49168057
49168055 49168058
49168059 48134049
49168061 49168063
49168064 124452
49168064 49168066
49168067 49168069
49168070 49168072
49168073 1034978
49168075 49168077
49168078 49168080
49168081 49168083
49168084 49168086
49168087 48134156
49168089 49168091
49168092 124213
49168094 124512
49168096 49168098
49168099 49168101
49168102 49168104
49168105 48134163
49168107 48136252
49168109 35413599
49168111 49168113
49168114 49168116
49168117 49168119
49168120 49168122
49168123 49168125
49168126 49168128
49168129 48136255
49168129 49168131
49168132 124481
49168134 48136239
49168136 49168138
49168139 124283
49168141 4183804
49168143 49168145
49168146 49168148
49168149 49168151
49168152 49168154
49168155 20527
49168157 48110944
49168159 49168161
49168162 124328
49168164 49168166
49168164 49168167
49168168 49168170
49168171 43822659
49168173 20526
49168175 48136249
49168177 49168179
49168180 4180559
49168182 124241
49168184 49168186
49168187 49168189
49168190 49168192
49168193 124355
49328989 49328992
49365725 49365726
51799128 124183
51799129 7131469
51799130 7506636
51799131 51799132
51799133 51799134
51799135 51799136
51799137 51799138
51799137 51799139
51799140 51799141
51799142 51799143
51799144 51799145
51799146 124452
51799147 51799148
51799149 51799150
51799151 51799152
51799153 51799154
51799155 51799156
51799155 51799157
51799158 51799159
51799160 124255
51799161 1304072
51799162 51799163
51799164 51799165
51799166 51799167
51799168 51799169
51799168 51799170
51799171 51799172
51799173 51799174
51799175 51799176
51799177 51799178
51799179 51799180
51799181 51799182
51799183 51799184
51799185 51799186
51799187 51799188
51799189 51799190
51799191 51799192
51799193 51799194
51799195 124497
51799196 51799197
51799198 51799199
51799198 51799200
51799201 48133942
51799202 48134085
51799203 51799204
51799203 51799205
51799203 51799206
51799203 51799207
51799208 51799209
51799210 51799211
51799212 51799213
51799214 51799215
51799216 51799217
51799218 51799219
51799220 51799221
51799222 51799223
51799224 51799225
51799226 51799227
51799226 51799228
51799226 51799229
51799226 51799230
51799231 51799232
51799231 51799233
51799234 51799235
51799236 51799237
51799238 51799239
51799238 51799240
51799238 51799241
51799238 51799242
51799243 51799244
51799245 51799246
51799247 51799248
51799249 51799250
51799249 51799251
51799252 51799253
51799254 51799255
51799254 51799256
51799254 51799257
51799258 51799259
51799260 51799261
51799262 51799263
51799264 51799265
51799266 51799267
51799268 51799269
51799270 51799271
51799272 51799273
51799274 51799275
51799276 51799277
51799278 51799279
51799280 51799281
51799282 51799283
51799284 51799285
51799286 51799287
51799288 51799289
51799290 51799291
51799292 51799293
51799294 51799295
51799296 51799297
51799298 51799299
51799300 51799301
51799300 51799302
51799303 51799304
51799305 51799306
51799307 51799308
51799309 51799310
51799311 51799312
51799313 51799314
51799315 51799316
51799317 51799318
51799319 51799320
51799321 51799322
51799323 51799324
51799325 51799326
51799327 51799328
