5034592 5034598
5037273 5037276
5050400 5050406
5050835 5050840
1487269 1487281
5060126 5060133
5104526 5104535
5129106 5129111
5139706 5139712
5175686 5175689
5209615 5209619
4411675 4460073
5244587 5244593
5257529 5257532
5275500 5275504
5315869 5315879
5317990 5317993
5320978 156045
5330014 5330021
4861972 4862002
1787090 1958583
5348612 5348631
5348706 5348714
5353440 5353444
5361130 5361142
5368579 5368596
5368609 5368624
5371178 5371182
5374852 5374858
4297094 4379842
5387164 5387187
225404 698024
5393768 5393776
5422557 5422561
5426438 5426446
5051688 5051719
5428377 5428386
4150653 4284398
5447720 1267101
5448807 5448815
5474999 5475004
4259473 4353734
5485536 5485549
5485970 5485981
5495637 5495644
5498202 5498206
5500463 5500472
5505791 5505798
5431187 5431222
5511029 5511038
5511554 5511568
5078830 5078846
5522430 5522442
5530707 5530710
5535000 5535008
5539624 5539634
2921653 3460869
5548402 5548406
5549143 5549148
5549582 5549587
5553201 5553210
5562871 5562885
5566195 5566202
1183388 2056295
1753938 2575855
5574229 5574236
5574779 5574784
5585752 5585762
272127 776078
5586501 5586506
5588535 5588545
5591961 5591964
5593331 5593345
5597671 3052042
5599607 5599620
76448 272154
5604637 5604642
5606653 5606664
5607177 5607184
4850687 4850735
5618056 2460485
5361579 5361624
2573726 3213721
5623841 5623845
5631826 5631829
5633188 5633198
5638098 5638109
5638487 5638501
5638954 5638975
5341497 5341504
5644278 5644283
1754029 1053313
5654751 5654756
5657908 5657919
5664656 5664660
5669238 5669242
5673756 5673760
5676595 5676604
5676696 5676703
5677876 5677887
3215361 3669228
5679385 5679395
5679925 5679931
1753029 2575186
4292847 4376965
1517099 2376497
2084766 2838550
5687332 5687336
5688476 5688479
5694476 5694485
5695089 4885040
5699549 5699558
5703005 5703014
5711667 5711671
5713492 5713499
5716679 5716686
5720695 5720702
5724821 5724826
5727141 5727155
5760363 5760367
5761161 5116548
5768486 5768497
5772544 5772552
5776846 5776858
5788172 5788175
5792244 5792250
5795205 5795212
5795491 5795512
5440060 5440094
5804045 5804057
5814222 5814232
448260 1103467
5817437 5709230
5831428 5831439
5841917 5841925
5847548 5847560
5854598 5854602
5854627 5854630
5857682 5857695
5864003 5864009
5865150 5865154
5872235 5872243
5873884 5873887
5876520 5876524
5879768 5879771
5879970 5879977
5887056 5887061
5892895 5892903
5900504 5900519
5924014 5924017
5926411 5926415
5927413 5927423
5928701 5928707
5928922 5928932
4348949 4415306
1742917 2571701
5935322 5935330
3929788 4136856
5945934 5945939
5949329 5949338
5957976 5957986
5051685 5051698
5963005 5963015
5963039 5963051
5974688 5974699
5974690 5974718
5477358 5477372
5983769 5983776
2902515 3443566
5992666 5992669
5995719 5995734
2182224 2920028
5556620 5556650
6013515 6013520
6014573 6014582
6016764 6016777
6017374 6017384
6019337 6019344
6019945 6019949
6021877 6021884
6022155 199087
6022757 6022760
6023555 6023558
6023776 6023779
6024387 6024396
6024457 6024464
6026210 6026214
930961 1753298
6026564 6026573
930963 1753330
6027801 6027805
6030475 6030482
6031215 6031218
6034613 6034621
6034995 6034998
6035278 6035284
842850 1653659
6038723 6038730
6040359 6040363
6043315 6043323
6044142 5071043
6044681 6044687
6049161 6049164
6054199 3852244
931099 1754423
6058995 6059002
6059392 6059395
6060437 6060441
6060741 6060745
411475 1049191
6062558 6062569
930967 1753417
6064665 6064695
6068241 3695889
6072152 6072160
6072274 6072279
6073493 6073498
6073967 6073970
6074001 3252076
6078333 6078336
6078404 6078414
6079821 6079825
1289715 2167059
1250878 2129426
6083578 6083582
6083987 6083990
6086603 6086611
5450063 5450080
6089004 6089013
6090774 6090779
6090789 6090792
6091839 6091848
6093005 6093010
6093091 6093097
6093561 6093564
6094480 6094487
5423228 5423236
6100099 6100110
261750 758197
5709281 124452
6103814 6103828
71080 261861
6106458 6106464
6108749 6108758
6111542 6111550
6111724 6111732
5079804 5079821
930975 1753570
6116154 6116160
6119182 6119185
6123518 6123522
6125486 6125489
6128882 6128890
6130064 6130070
6132375 6132378
6136539 6136552
6137184 6137187
5341406 5341478
6140033 6140039
6140309 6140313
6140604 6140613
6141480 6141485
3481211 3849899
6145038 6145050
6146334 6146338
6151741 6151749
6151854 6151858
6153696 2510429
401762 1015238
6154440 6154443
6158825 6158838
516563 1215621
6159300 6159305
6159743 6159750
6160538 6160541
5506662 5506685
1753940 2575871
4352915 4418140
6168479 6168483
930978 1753611
6171742 6171746
6172226 6172231
3647298 3958304
6042347 6042360
6181254 6181260
6182925 510366
6184150 6184156
411432 1049082
6193783 6193789
6196186 6196189
6199254 6199258
6203264 6203269
6207228 6207232
6208396 6208401
1215685 2091712
6214513 1813685
933217 1758153
6233289 6233292
776055 1560898
6239448 6239453
6242786 6242792
6244123 6126342
929893 1749491
2575395 3215536
6252130 6252134
6253685 6253688
6260569 6260577
6262431 6262438
6034327 6034334
6264427 6264431
6265805 6265809
6272193 5328174
6272559 6272566
106108 344650
6279995 6279999
6293780 6293786
6295326 455121
89860 305989
3929789 4136868
6304099 6304102
6305399 6305405
6308913 6308922
6309684 6309691
1965988 2735689
3731704 4008995
3568334 3905790
5331403 5331428
5330027 5330034
1167324 2039300
6336349 6336355
6344470 6344480
2502538 3171543
89861 306030
6346524 6346532
6347549 6347552
6347633 6347637
6348949 6348956
6349760 6349766
6349786 6349792
6349994 6350001
2919249 3458654
6355771 6355774
6356806 815398
6359115 6359118
6359784 6359789
6360508 6360513
6361747 6361751
6364179 3685901
447578 1102020
6372314 6372319
2184023 2921903
6383855 6383861
5709273 5709286
876810 1693956
448262 158931
779161 1565349
6403955 6403960
6404864 6404867
6407305 6407312
6417810 6417823
6430267 6430272
6435525 6435532
3481242 3849982
6443245 6443254
5030076 5030152
6037143 6037180
3272690 3711212
6458641 6458646
5156485 5156523
6473031 6473041
196529 591169
6481756 6481759
305727 835950
2401123 3091871
517158 1216702
6497575 6497582
6498934 6498939
4118134 4262315
6509872 6509884
6514249 6514257
6518956 1101659
6523791 5904119
164860 517177
6531081 6531086
6537673 6537680
6545382 6545387
6549502 6549505
6551213 6551216
933223 1758373
518219 1218303
6560552 6560558
6568669 6568675
5861736 5861749
6133407 6133419
6595845 6595855
6602121 6602124
6603556 6603559
4460081 4496286
6618590 6618593
6624125 6624128
6636673 6636679
6657246 6657253
6663623 6663632
6664998 972467
6667539 6667544
6168324 6168337
6672243 6672247
6674212 6674224
1216985 2093280
6689409 6689412
1753445 2575494
6689984 6689988
274194 779172
6694078 6694082
2632324 3256938
6714136 6714144
6715405 6715408
6721276 6721285
6261793 6261801
800138 1592036
6766214 6766225
6769287 6769293
3398818 3792028
3676743 3974390
6777842 6777846
6781069 6781074
6786079 6786092
6792287 6792294
261751 758228
5330104 5330123
518518 1219211
5051709 5051772
6830123 6830127
6836088 3988296
305849 836129
4487967 4518927
3215614 3669366
6858276 6858280
6860440 6860444
6879445 6879448
4085518 867152
6889997 6890002
6894170 6894173
6895834 6895849
6068912 6068929
3443602 3819047
6904217 6904223
3178935 3642556
5548266 554119
6909759 6909765
6917930 6917935
6918959 6918962
6922608 6922614
6923213 6923217
6926267 6926271
6774549 6774571
6929400 6929406
6929835 6929838
5475286 5475324
6944344 6944350
6953320 6953328
6974532 5126719
6026778 6026831
6991786 6991792
6992312 6992315
6997237 6997242
6999507 6999511
7005997 7006002
7006737 7006743
7014156 7014160
1215608 2091651
1540942 2400622
7056127 7056133
7058958 7058962
7059932 7059941
7081295 7081300
7097841 7097845
7099931 7099938
7105295 7105302
7107437 7107440
6790174 6790189
7115695 7115699
7115704 7115715
7134369 163755
1089515 1953667
7151214 7151217
7161767 7161775
7162219 7162224
141238 444764
7170601 7170606
7174875 7174884
7192741 7192745
411434 1049109
196530 591185
7199728 7199733
7205356 7205361
7219400 7219405
7221832 7221842
7226741 7226747
3538410 3887685
7233678 7233684
5754232 5754266
7237270 7237273
7239801 7239804
326199 884144
7251656 7251661
7260753 7260758
7268833 3878027
255747 750314
7274953 7274956
7278997 7279003
202338 607800
7297200 7297204
196531 591204
7310733 7310743
7312305 7312308
7329255 7329266
7339000 7339004
7346142 7346150
7353281 7353284
1228506 2106864
1541247 2400967
1974881 2747509
7360510 3627640
7360688 7360692
7361195 7361206
7362156 7362161
7375520 7375525
7402541 7402550
7410944 7410948
7444076 7444079
7452312 7452322
7457372 7457378
7498815 7498820
1074086 1935722
7520911 2336127
7551497 6028252
3670802 3971145
1753397 2575459
7569862 7569871
7570955 7570959
7577598 7577602
2876856 3425827
447580 1102059
7587723 7587729
2481495 3155880
7616111 4275774
7619356 1492235
7620395 7188133
7641029 7641033
7643626 7643641
7645513 7645517
7648406 7648410
7655514 7655517
1700930 2531810
2157367 2898744
7668890 7668899
7674210 7674214
447581 1102079
7683910 7683914
3755363 4022952
7691895 2925606
7692589 7692595
7694561 7694567
164862 517226
7706947 3642418
7722795 7722798
7730598 7730605
7733480 7733486
7746640 7746643
7779098 7779105
7780659 7780662
7784631 6727584
7796096 7796099
955826 1786895
7803892 7803895
4512107 4537937
7831161 7831164
517160 1216727
7841847 7841849
7843414 7843421
7850295 7850298
3443192 3818414
3164055 3633362
573998 1289720
7855260 7855267
700905 1458805
7861886 7861889
884123 1700935
447582 1102102
7894742 7894745
7903243 7903251
7904320 7904326
7913297 7913301
7918506 7918509
1167326 2039342
1646341 2489003
8025150 8025153
8119034 8119037
8127047 8127052
933230 1758587
8152208 8152211
8171679 8171683
8186001 8186004
8192179 8192182
8278310 8278318
8280134 8280137
8286504 8286509
8331863 8331866
1753493 2575587
8341332 8341335
8363958 8363961
8370825 8370829
8376056 8376059
196533 591228
8386386 8386390
931005 1754023
8390348 8390351
8399086 8399092
6212760 6212773
2746300 3338214
8411013 8411016
8411019 8411022
8422921 8422927
8423919 8423924
8427391 8427396
8456599 8456613
1101622 1972069
8458941 8458944
8470779 8470792
5481907 5481962
8524985 8524989
8524991 8524994
8525342 8525348
4136885 4275597
8537934 8537939
8558023 501452
1650579 2493232
5079817 5079826
8569590 8569595
8595929 8595933
4195826 4197613
8620054 8620060
8632641 8632646
8646422 8646434
5087321 5087334
8668242 8668245
8676688 8676693
8678774 8678778
954121 1784655
6079928 6079952
1311832 2184263
8731467 8731472
8744777 8744783
8762036 8762040
8775576 8775581
1289717 2167068
6128564 6128574
8819760 6213366
8827356 8827360
8832237 8832245
8844692 8844695
8855004 8855009
8867652 8867658
6749794 6749805
6157647 6157662
8919845 8919848
8924361 8924364
8926582 8926585
8933406 8933410
8937172 8937179
5973047 5973088
8979967 8979970
8985530 8985536
9003041 9003044
9005681 9005687
9006002 9006005
9017889 9017892
9019918 1434633
9034241 6000673
9036261 7600446
9070056 9070059
9079245 9079251
272078 775947
9097565 9097571
6039633 6039651
8895768 8895791
9107882 9107885
9107900 3731607
1972446 2744257
9108208 9108212
9108227 9108231
9108374 9108379
9108431 9108434
9108442 1296502
9108615 9108623
9108767 9108770
9108848 6187589
9108891 9108894
9109051 9109055
9110031 286746
9117545 9117550
9119150 9119155
9127113 9127118
9203296 9203302
9204848 9204851
9209197 9209203
164867 517324
2746449 3338283
9236809 9236812
9251356 9251365
9265017 9265021
6981189 5271583
9289638 9289642
9295595 9295603
528907 1238230
9306401 9306404
9306777 9306780
1049158 1911453
9313177 9313181
9314921 9314925
9315174 9315177
9319065 9319068
9326457 9326461
9332387 9332393
196535 591245
9337030 9337034
9338776 9338779
6105519 6105528
9372691 722770
9378942 9378945
9403268 9403272
9407247 9407253
9414022 9414026
9428174 9428177
165284 518528
9439466 9439469
9450683 9450686
9458067 9458071
9465305 9465308
9469671 9469675
1838203 2643849
1181907 2054525
9493163 1278629
9531434 9531437
9532979 9532984
3333659 3751059
9537968 9537975
9553501 6631696
1095578 1961435
9563380 2725961
9571414 9571417
9572088 9572092
9576991 9576995
9583430 9583438
9589642 9589651
2366838 3061271
9609014 9609017
4281935 4370398
447151 1101193
9625486 9625489
9631562 9631567
9654220 9654224
9992464 9992476
2095055 2847593
6082474 6082498
5789841 5789927
411435 1049129
5572932 5572954
10271476 3557190
10275279 10275281
10276180 10276183
5197100 5197103
10277028 10277032
10277514 5475408
10277747 10277752
7576429 7576451
8720837 8720855
10278932 10278938
10282285 10282288
10283076 10283082
10284816 10284818
10287358 10287363
10287615 10287619
10288759 417633
10289497 10289499
10290690 2135921
10291710 10291712
10291769 10291774
10292316 10292319
10293093 9253909
3946396 4147818
10294326 10294328
10294570 10294573
10297342 10297345
10297523 10297532
340818 931112
10298152 7966604
10298382 10298384
10299845 10299847
10300645 10300648
5804069 5804077
10300988 10300991
10301591 10301594
10301954 7990254
10303722 10303724
10304024 10304026
6389103 6389124
10305330 10305332
10305387 10305389
10305410 10305416
10305443 10305446
6476010 6476020
10306171 10306174
10308976 10308979
10309272 10309275
1753494 2575597
10310573 10310575
10314918 1469276
10326979 10326982
10328803 10328806
10329818 10329820
10333662 10333665
10334517 10334524
10334531 10334533
10335150 10335152
6620516 6620536
10336691 10336694
10337191 10337197
10338651 10338653
10356205 10356209
10358375 10358377
10358934 1617954
10359517 8601833
10359636 10359640
5646592 5646600
10359862 8995806
10333018 10333020
5463552 5463570
10360708 1716984
10361683 10361685
2351951 3049424
10364333 10364339
4085659 4237263
10364765 10364768
10364992 10364996
10365844 3578893
10925004 10925007
4838674 4838734
11054953 11054958
11083153 11083160
11154957 11154965
11211797 7499654
3975034 4165708
71095 262322
11555599 11555603
3235037 3684004
1219492 2096089
11757495 11757497
10095376 10095400
11809914 11809916
196538 591253
3079312 3568959
6079832 6079875
12318637 12318639
12489775 12489777
1182042 2054732
12584609 12584611
3669307 3970364
3109375 3591345
12652009 12652011
2108759 2858398
2476800 3151473
2194582 2931471
1919361 2696330
1241306 2120274
5754153 5754190
196541 591276
3382999 3780388
12914397 12914399
3338277 3754622
3914094 4126577
444753 1095567
12982712 12982714
2221150 2953241
523476 1228423
2106752 2856418
13024665 13024667
3480441 3849366
13097969 13097971
13114345 13114347
2219813 2952275
5561420 5561459
13215241 13215247
13341057 13341062
2688921 3288460
14748010 14748013
14779929 14779933
14784972 14784974
14786893 14786895
9327409 9327438
4005357 4186441
5939638 5939670
14791532 14791534
8402323 8402392
4197600 4314694
6868841 6868866
1591704 2448501
4005358 4186447
9327411 9327458
8332833 8332868
931026 1754170
5361586 5361670
14807947 14807950
6079833 6079885
7677888 7677905
10063734 10063762
14818536 14818538
14822232 7838513
14838213 14838215
14851169 2825249
1789534 2605643
5158030 5158035
931031 1754213
14861455 14861457
14863500 14863502
7228235 7228273
14866718 14866720
15219827 15219829
15363328 15363332
15488942 15488944
6934749 6934767
23759177 23759180
23763691 23763694
5436039 5436049
24390863 24390865
24400735 24400738
25413917 25413920
28312050 28312051
28360023 6803628
28369885 28369886
28383005 28383006
28386907 28386908
28454881 28454883
28455102 28455103
28455203 28455205
28471841 28471843
5757458 5757475
6071335 6071347
28512793 28512794
28512823 28512824
28515851 28515853
28517020 28517022
28517234 28517236
28584116 28584117
28591725 28591727
28591756 28591758
5067265 5067280
4082602 4235433
3843900 4082603
6271538 6271556
9605098 9605103
28734739 28734740
1753503 2575602
5754199 5754238
28739714 28739715
28764965 28764966
28764970 28764971
28764973 28764974
28764978 28764979
28764995 28764997
3218002 3670797
28765230 28765232
28765288 28765289
28765307 28765308
28765313 15291711
29028902 29028903
2575738 3215815
7793383 7793385
3970471 4162863
30312843 30312845
30316551 30316552
30331927 30331929
3305795 3730761
30340821 30340822
30340845 30340846
2106734 2856370
23723499 23723503
1789549 2605676
30491363 30491365
3334102 3751325
30763389 30763390
5427487 5427516
7039805 7039811
30764008 30764009
30764028 30764033
30768834 30768835
31076219 1112280
30737950 30737951
31076759 31076760
31076813 31076815
31078059 31078060
31087951 31087952
5848836 5848843
31089583 31089584
411446 1049142
31105360 31105361
31105458 31105459
31105614 31105615
31105735 31105736
31105741 31105742
9108089 9108091
31106827 31106828
31106843 31106844
31106849 31106850
608161 1345073
2856362 3410386
1219517 2096097
31116261 9299531
518717 1219530
31122990 31122991
31125931 31125933
447605 1102190
3800627 1053410
1239604 2118781
31135042 31135043
23703359 23703363
31140114 31140117
15363331 15363336
1167336 2039353
1203299 2079119
3819753 4061279
7226752 7226784
15908818 15908824
14779938 14779942
15906262 444716
15906262 15906263
4021029 4195782
32877050 32877052
32973023 32973024
32973551 32973552
32984274 32984275
33008239 33008240
33009177 33009178
5561458 5561471
33109935 33109936
33109939 33109940
33109942 33109943
33109947 33109948
33109951 33109952
33109955 33109956
33109958 33109959
6868850 6868903
7677889 7677910
33109960 33109961
33109963 33109964
3341159 3757022
2816402 1157181
33109966 8800325
5713278 5713298
33109968 33109969
33109971 33109972
33109976 33109977
33109978 33109979
33109981 33109982
33109984 5311806
33109986 33109987
33109989 33109990
33109992 33109993
33109996 33109998
33109999 1542238
33110001 33110002
33110003 33110004
4475107 4508460
33110006 33110007
4431653 693276
33110009 33110010
2711430 3305790
33110012 8707270
23700677 23700679
33110014 33110015
33110017 33110018
1101157 1971589
3164585 3633652
33110021 33110022
33110025 33110026
33110028 33110029
33110031 33110032
33110034 33110035
33110038 7195122
33110041 4279335
33110042 33110043
33110042 33110044
33110046 33110047
33110049 33110050
33110051 33110052
33110054 33110055
33110057 33110058
33110062 33110063
33110065 33110066
8808342 470042
33110070 33110071
33110073 123740
33110075 33110076
33110078 33110079
33110083 33110084
2194394 2931309
33110086 33110087
33110092 33110093
33110094 1106970
33110095 33110097
33110100 4422726
33110102 33110103
33110104 1926390
33110106 33110107
33110110 33110111
33110115 33110116
33110120 33110121
33110124 33110125
33110126 33110127
33110129 33110130
5983774 5983783
33110134 33110135
33110137 33110138
33110142 33110143
33110145 33110146
33110149 33110150
33110152 33110153
33110155 18422497
33110157 33110158
33110160 33110161
33110163 33110164
33110166 33110167
33110170 33110171
33110174 33110175
33110177 33110178
33110181 33110182
33110186 33110187
33110191 33110192
33110194 33110195
33110197 33110198
33110200 33110201
33110203 33110204
33110206 33110207
33110209 33110210
33110212 33110213
33110215 33110216
33110220 33110221
33110223 33110224
33110225 33110226
33110228 33110229
33110230 33110231
33110235 33110236
33110238 12757513
10294572 10294575
33110240 33110241
33110243 33110244
33110248 5083090
33110251 33110252
33110254 33110255
33110257 33110258
2194395 2931311
33110260 33110261
33110263 33110264
33110266 33110267
33110269 33110270
33110272 33110273
33110275 33110276
33110280 33110281
33110283 33110284
33110288 33110289
33110291 33110292
33110294 33110295
33110297 33110298
33110300 33110301
33110303 33110305
33110307 3253177
33110309 158931
33110311 33110312
33110314 972277
2194396 2931313
33110316 4386775
4928291 4928299
33110320 33110321
33110324 33110325
33110327 33110328
33110332 33110333
33110336 33110337
33110339 33110340
33110344 33110345
33110348 33110349
33110351 33110352
33110354 33110355
33110359 33110360
33110362 33110363
33110365 33110366
33110371 33110372
3336624 3753137
33110374 33110375
33110377 33110378
33110380 4062403
33110382 33110383
33110385 33110386
33110389 33110390
33110393 33110394
33110397 33110398
33110401 33110402
33110404 33110405
33110409 33110410
33110412 33110413
33110416 33110417
33110419 33110420
33110422 29021857
7549467 7549482
33110424 321033
33110426 33110427
33110431 33110432
33110434 33110435
33110438 33110439
33110441 33110442
33110444 1212926
33110446 33110447
760104 1543124
2741486 3333654
7549468 7549484
14780404 14780408
7011564 7011588
3669498 3970524
5754234 5754280
33110450 33110451
33110452 33110453
33110455 33110456
33110459 33110460
33110462 33110463
33110465 33110466
14802596 14802618
33110468 33110469
33110470 33110471
33110474 33110475
33110477 33110478
33110480 33110481
33110483 33110484
33110487 33110488
33110490 33110491
5973064 5973101
15913434 13367845
33110493 33110494
33110496 33110498
33110504 33110505
33110506 33110507
33110509 33110510
33110513 3086995
33110515 7839632
33110517 33110518
33110521 33110522
33110524 33110525
33110527 33110528
33110530 33110531
33110533 33110534
33110536 33110537
33110539 33110540
33110542 33110543
33110545 33110546
33110548 33110549
33110553 33110554
33110557 33110558
33110560 33110561
33110563 33110564
33110566 33110567
33110569 33110570
33110571 33110572
33110574 33110575
11211801 1250975
33110580 33110581
33110583 33110584
33110586 33110587
33110589 33110590
1229792 2108760
7914474 7914477
33110592 33110593
33110598 33110599
33110603 33110604
33110606 6378364
33110608 33110609
33110612 33110614
33110618 33110619
33110621 33110622
33110624 33110625
33110629 33110630
33110633 33110634
33110636 33110637
33110639 33110640
33110641 33110642
33110644 33110645
33110647 33110648
33110649 33110650
33110655 33110656
33110659 33110660
33110662 33110663
33110665 33110666
33110670 33110671
33110674 495198
33110676 33110677
33110680 33110681
33110683 33110684
33110685 6882749
33110687 33110688
33110689 2633252
33110693 33110694
33110696 33110697
33110700 33110701
33110702 33110703
3383977 3781016
33110705 33110706
6780490 6780494
33110708 33110709
33110711 33110712
33110714 33110715
33110717 33110718
33110720 33110721
33110722 33110723
33110724 33110725
33110728 33110729
33110730 33110732
33110734 33110735
33110737 33110738
33110742 33110743
33110746 33110747
33110750 33110751
33110753 33110754
33110756 33110757
33110759 33110760
33110762 33110763
33110765 33110766
33110768 33110769
33110771 33110772
33110774 33110775
33110779 33110780
33110782 33110783
33110785 33110786
33110788 33110789
1971968 2743800
33110791 33110792
33110794 33110795
33110797 33110798
33110800 33110801
33110497 33110501
33110802 33110803
33110805 33110806
33110807 33110808
33110810 33110811
33110813 33110814
33110815 33110816
33110818 33110819
33110821 33110822
33110824 33110825
33110827 33110828
33110830 6258689
33110832 33110833
33110835 33110836
33110840 33110841
33110843 33110844
33110846 33110847
33110849 33110850
33110852 33110853
33110855 33110856
33110858 33110859
33110862 33110863
5727621 5727632
33110867 33110868
5754235 5754283
33110870 33110871
33110874 33110875
33110876 33110877
33110880 33110881
33110884 33110885
33110889 33110890
33110892 33110893
33110895 33110896
33110898 33110899
33110901 33110902
33110904 33110906
33110910 33110911
33110915 8729374
33110916 33110917
33110919 33110920
30458518 1175895
33110922 29001712
33110925 33110926
33110928 5659660
7513546 7513553
33110932 33110934
33110932 33110935
33110938 33110939
33110940 33110941
33110943 1811729
10056045 10056054
33110946 33110947
2432402 3115461
33110949 33110950
23703362 23703368
23684317 23684320
33110952 33110953
33110955 33110956
33110958 33110959
33110961 33110962
33110964 33110965
1228422 2106753
196555 591313
23695776 23695778
2432403 3115466
3800628 4049008
33110967 33110968
33110970 33110971
33110973 33110974
5698263 5698272
5969608 5969611
33110975 2031744
33110978 1129907
33110981 33110982
4683126 4687720
4475108 4508462
33110986 33110987
5555747 5555770
33110989 33110990
33110991 33110992
33110994 6400037
33110997 33110998
33111002 33111003
33111006 33111007
1228606 2106973
14780859 14780862
33111009 533381
1572789 2432404
33111011 33111012
33111014 33111015
33111017 33111018
33111020 8038556
33111022 33111023
1095583 1961473
196556 591319
33111025 8235906
33111029 33111030
33111032 33111033
33111035 33111036
33111039 33111040
447609 1102198
33111042 33111043
2117045 2864582
33111045 33111046
33111048 33111049
33111051 33111052
33111053 926207
33111056 33111057
5983775 5983786
33111059 33111060
33111062 33111063
33111065 33111066
33111068 33111069
33111072 33111073
33111075 33111076
33111078 33111079
33111080 33111081
33111083 33111084
33111087 571845
33111089 33111090
33111092 10607259
33111094 33111095
33111097 33111098
33111100 33111101
33111103 33111104
33111106 33111107
33111109 33111110
33111112 1832358
33111114 33111115
24423101 24423107
33111117 33111118
33111119 1758958
15963013 15963017
33111122 33111123
33111125 33111126
33111132 33111133
33111135 3326025
33111139 33111140
33111145 15613499
33111147 33111148
6334062 6334071
33111150 2065443
33111151 33111152
33111154 33111155
33111157 33111158
33111160 33111161
33111163 33111164
33111167 33111168
33111169 451514
28746693 28746694
33111171 33111172
33111176 33111177
33111179 33111180
33111183 6180842
33111185 33111186
33111188 33111189
9108652 9108655
33111190 33111191
2366792 3061239
5754154 5754200
1182001 2054670
33111194 33111195
33111197 124183
33112539 33112540
23701584 23701588
33393539 33393541
33565564 33565565
12342006 12342024
4292276 4376772
33683431 7638898
33805333 33805334
33809758 33809759
30458520 8267461
23687300 23687302
34406202 2863136
34407018 34407020
23685679 23685682
23720516 23720519
5693869 5693889
34419193 34419194
34422453 7214076
34752414 34752415
1831785 192260
34774309 34774310
34964239 34964240
6030418 6030425
34964302 34964303
34964563 34964564
34964574 34964575
34964679 34964680
4499445 4526557
35386887 35386889
5431050 5431068
35530766 35530769
29601502 29601506
35865934 8060868
36485907 36485908
36558229 36558231
36558285 36558287
36558326 36558328
36558329 32936579
7283897 7283900
36722868 36722869
3669318 3970391
37665186 37665187
37820067 37820069
37825065 37825067
3049383 500461
38020213 38020214
23702879 23702881
38020216 38020217
38020219 38020220
38020222 38020223
38020225 38020226
38020231 38020232
38020234 38020235
38020237 10418729
38020239 38020240
38020242 38020243
38020245 38020246
38020247 38020248
38020250 38020251
38020254 38020255
38020257 38020258
38020260 38020261
38020263 148994
38020265 38020266
38020271 38020272
38020274 38020275
38020276 38020277
38020278 38020279
38020280 38020281
38020282 38020283
38020285 38020286
38020288 38020289
38020291 38020292
38020294 38020295
38020297 1488611
38020299 38020300
38020302 38020303
38020305 38020306
38020308 38020309
38020311 38020312
38020314 38020315
38020317 38020318
38020319 38020320
38020323 38020324
38020326 38020327
38020329 38020330
38020332 23684888
38020334 38020335
38020337 38020338
38020340 38020341
38020343 38020344
38020345 38020346
38020348 38020349
38020350 38020351
38020353 38020354
38020356 12914635
38020357 30750099
38020359 1098222
38020361 38020362
38020364 38020365
38020367 38020368
38020370 38020371
38020373 38020374
38020376 38020377
38020380 38020381
38020383 6004062
38020384 38020385
38020387 38020388
6030419 6030429
38020390 38020391
38020393 38020394
38020395 38020396
38020398 38020399
38020401 38020402
38020404 38020405
38020407 38020408
38020409 38020410
38020412 38020413
38020414 38020416
38020417 38020418
38020419 38020420
38020421 38020422
38020424 38020425
38020426 38020427
38020429 38020430
38020431 38020432
38020433 38020434
38020435 38020436
4472058 4505997
38020438 38020439
38020442 38020443
38020444 2404159
38020446 38020447
38020449 2391700
38020451 2468131
38020455 1522730
38020457 38020458
38020459 38020460
38020463 38020464
38020467 38020468
38020470 38020471
38020473 38020474
38020476 38020477
38020478 38020479
38020481 38020482
261721 758178
38020484 38020485
38020487 38020488
38020491 38020492
38020494 38020495
38020496 38020497
38020499 38020500
38020504 595075
38020506 38020507
38020509 38020510
38020512 38020513
38020514 38020515
38020517 38020518
38020520 38020521
38020523 38020524
38020527 5776375
38020528 38020529
38020531 38020532
38020534 38020535
38020536 38020537
38020539 38020540
38020544 38020545
38020546 38020547
38020548 38020549
38020551 38020552
38020553 38020554
38020556 38020557
38020559 2622711
38020560 38020561
38020563 38020564
38020566 38020567
38020569 38020570
38020572 38020573
38020574 38020576
38020578 8276031
38020580 38020581
38020583 38020584
38020585 38020586
38020587 38020588
38020590 38020591
38020593 38020594
38020595 38020596
38020598 38020599
38020601 38020602
38020605 38020606
38020608 38020609
38020610 38020611
38020613 38020614
38020616 38020617
34650646 34650647
38020619 38020620
38020622 38020623
38020625 5655612
38020627 38020628
38020630 38020631
9372489 9372492
38020633 38020634
38020636 38020637
38020639 196517
38020641 38020642
38020644 38020645
38020647 38020648
38020650 38020651
38020653 38020654
38020656 38020657
38020659 38020660
38020662 38020663
38020665 38020666
38020668 38020669
38020671 38020672
38020674 38020675
38020676 38020677
38020679 2630930
38020681 38020682
38020684 1010794
38020686 38020687
38020689 38020690
38020692 38020693
38020695 38020696
38020700 842330
38020702 38020703
38020705 38020706
38020707 38020708
38020267 38020269
38020710 38020711
38020714 38020715
38020716 38020717
38020719 38020720
38020721 577826
38020722 38020723
38020726 38020727
38020729 38020730
38020732 38020733
38020734 6806012
38020736 38020737
38020738 38020739
38020741 38020742
38020744 38020745
6230290 6230293
38020747 38020748
38020749 38020750
38020751 38020752
38020754 38020755
38020757 38020758
38020760 38020761
38020763 38020764
534902 1251203
38020765 38020766
38020768 38020769
38020770 38020771
38020773 38020774
38020776 38020777
38020779 9165544
38020781 514455
6283154 6283210
38020782 38020783
38020784 38020785
38020786 38020787
38020790 8839925
38020792 38020793
38020795 38020796
38020798 38020799
38020800 15650042
38020802 5804885
38020804 38020805
38020810 38020811
38020812 38020813
38020815 38020816
38020818 38020819
38020821 38020822
38020825 38020826
38020828 38020829
38020831 38020832
10316425 10316427
38020833 38020834
38020836 38020837
38020839 38020840
38020842 38020843
38020845 38020846
38020848 29009989
38020850 38020851
38020853 38020854
38020855 38020856
38020860 38020861
38020863 38020864
38020866 38020867
38020870 38020871
38020873 38020874
38020877 38020878
38020880 38020881
38020883 38020884
38020886 7268828
38020888 38020889
38020891 38020892
38020894 38020895
38020897 38020898
38020900 38020901
38020902 5581822
38020904 38020905
38020907 38020908
38020909 38020910
931173 1754503
38020912 38020913
38020915 38020916
38020917 38020918
38020920 38020921
38020924 38020925
38020929 38020930
38020932 38020933
38020935 38020936
38020937 38020938
38020940 38020941
38020943 38020944
38020946 38020947
38020950 38020951
38020953 13507510
38020955 38020956
38020958 38020959
38020961 1642369
38020962 38020963
6039526 6039535
38020965 38020966
38020968 38020969
38020971 38020972
38020973 5359773
38020974 38020975
3726211 4006227
38020976 38020977
4516135 4541044
38020979 5378862
38020981 3208983
4041678 4206948
38020982 38020983
38020985 38020986
38020990 38020991
38020993 38020994
38020995 38020996
38020998 38020999
38021002 38021003
38021007 38021008
38021010 38021011
38021012 38021013
38021015 38021016
38021018 38021019
38021021 2079069
38021023 38021024
38021025 38021026
38021028 38021029
38021031 38021032
5572939 5572959
38021034 38021035
38021037 38021038
38021039 38021040
38021042 38021043
38021045 38021046
38021048 38021049
38021051 38021052
38021054 38021055
38021056 2728987
14805955 14805962
38021057 9506032
38021058 38021059
38021061 38021062
38021063 38021064
38021066 38021067
3466568 3840129
2931373 3466565
3466569 3840130
38021069 38021070
38021072 38021073
38021074 38021075
38021077 38021078
38021081 38021082
38021084 38021085
38021086 38021087
38021089 38021090
38021091 38021092
38021094 38021095
38021097 38021098
38021100 38021101
38021102 38021103
38021104 38021105
38021107 38021108
38021110 38021111
38021113 38021114
38021116 38021117
38021118 38021119
38021120 38021121
38021123 38021124
38021125 1811204
38021127 38021128
38021130 38021131
38021133 24353101
38021135 38021136
38021138 38021139
38021141 38021142
38021143 38021144
38021145 38021146
38021148 38021149
38021151 38021152
38021154 38021155
38021157 38021158
38021162 38021163
38021165 38021166
38021168 8330248
38021170 38021171
38021173 38021174
425306 1068254
38021176 38021177
38021179 38021180
38021181 38021182
38021184 30379761
2195029 2931828
7061699 7061701
38021185 38021186
38021187 38021188
38021189 38021190
38021192 38021193
38021195 38021196
38021198 38021199
38021201 38021202
1653660 2495925
8351969 8351997
38021203 38021204
38021206 8827632
38021209 38021210
38021212 38021213
4284001 4371545
38021215 38021216
4838727 4838774
38021218 38021219
38021220 33111133
38021222 33111133
38021224 38021225
38021227 38021228
38021229 38021230
38021232 38021233
38021235 38021236
38021238 38021239
38021241 38021242
38021243 38021244
38021246 38021247
14867072 1977597
38021249 38021250
38021251 967404
38021252 38021253
38021254 38021255
38021256 38021258
38021260 38021261
38021263 38021264
38021265 38021266
38021268 38021269
38021271 38021272
38021274 38021275
38021277 38021278
38021280 38021281
38021283 38021284
38021289 38021290
38021292 38021293
38021295 38021296
38021298 38021299
38021301 38021302
38021303 38021304
38021306 38021307
38021310 38021311
38021313 38021314
38021316 38021317
38021319 38021320
38021321 38021322
38021324 1815020
38021326 38021327
38021329 38021330
38021332 2396827
38021333 38021334
38021339 38021340
38021342 38021343
38021345 38021346
38021348 38021349
38021351 38021352
38021354 2620181
38021356 38021357
38021359 745793
38021361 38021362
38021364 38021365
38021367 38021368
38021372 38021373
38021375 38021376
38021379 17510616
38021381 38021382
38021383 38021384
38021386 38021387
38021389 38021390
38021394 38021395
38021396 38021397
38021399 38021400
38021402 38021403
38021405 38021406
38021408 38021409
38021411 3237323
38021413 38021414
38021416 38021417
1101661 1972075
38021418 38021419
38021421 38021422
38021423 124497
38021425 38021426
38021428 38021429
38021431 38021432
38021435 38021436
38021438 38021439
38021440 38021441
38021444 38021445
38021447 3138256
38021449 38021450
38021452 38021453
38021455 38021456
38021459 38021460
38021462 38021463
38021465 38021466
38021468 38021469
38021470 1347894
38021472 38021473
38021475 38021476
38021478 38021479
38021481 38021482
38021484 6348684
38021485 38021486
38021490 38021491
38021493 38021494
38021496 38021497
38021499 9588203
38021501 38021502
38021504 38021505
38021507 38021508
38021509 38021510
38021512 38021513
38021515 38021516
38021518 38021519
38021521 38021522
38021524 38021525
38021526 38021527
38021530 38021531
38021533 38021534
38021536 38021537
38021539 1133952
38021541 38021542
38021545 38021546
38021548 38021549
38021550 4657638
38021552 38021553
38021555 38021556
38021557 38021558
38021560 38021561
38021564 38021565
38021567 38021568
38021571 38021572
38021573 38021574
38021576 38021577
38021579 38021580
38021582 38021583
38021585 38021586
38021588 38021589
38021590 38021591
38021593 38021594
38021596 38021597
38021599 38021600
38021602 38021603
38021605 38021606
5690594 5690601
38021608 794164
38021610 38021611
38021616 38021617
38021619 38021620
38021623 38021624
38021627 3559449
38021629 38021630
38021631 38021632
38021635 38021636
38021638 38021639
38021641 38021642
38021644 38021645
38021647 38021648
38021650 38021651
38021653 38021654
38021656 38021657
38021659 38021660
38021662 38021663
38021665 38021666
38021668 1145470
38021670 38021671
