222441 686877
222442 687021
824827 1633606
1002002 1851397
120517 393062
18793 104376
158624 498792
21281 118855
337421 926606
7799156 7799182
319098 860140
302755 828354
921871 1729982
8924585 8924598
82159 284202
237325 723377
188103 580041
44264 187308
3421156 3805154
189495 582534
10531329 10531338
862806 1676246
1003942 1854715
10710711 10710725
10732626 10732634
1342951 2217650
21039 117812
870513 1686300
2128322 2875694
11513061 11513081
11513061 11513082
118760 380111
1401785 2276146
368206 966543
82038 283713
12319603 12319621
82189 284405
324493 877141
964137 1803949
1401706 2275938
968129 1807320
722234 1482773
13283003 13283006
13299769 13299773
3125317 3602412
1804026 2616139
380823 989408
733851 1505228
3482118 3850529
10562665 10562671
81558 283194
13375738 13375745
380074 986440
324227 876428
733853 1505246
368365 966986
284591 795350
796327 1587682
115818 373009
354128 948719
21290 119072
13430590 13430603
4971194 4971230
82164 284284
368207 966552
283666 794465
20367 115449
112867 369109
722418 1483140
115658 372891
964210 1804087
2616330 3245619
2930022 3465234
1587690 2445065
14179874 14179918
2655748 3273628
14468424 14468431
3091619 3578788
14522724 14522736
1462648 2332775
3602316 3927627
14606832 14606855
680489 1433205
14202951 14202968
14202961 14202984
14202962 14202995
14202963 14203002
112786 368867
989401 1835231
2731642 3322379
1250609 2128349
1584913 2443348
10365310 10365320
1401694 2275915
380824 989415
1401760 2276018
2619164 3248052
283669 794484
660665 1401714
15046239 15046248
2443168 3125035
2443168 3125036
15078634 15078638
15094374 15094378
2276269 2996593
15119153 15119156
15122666 15122671
82167 284320
660667 1401727
14179882 14179968
15181398 15181404
15182963 15182968
9537038 9537064
14179921 14180010
15192936 15192940
15194452 15194461
15205716 15205723
15194454 15194469
15215432 15215438
15215655 15215663
15218285 15218296
15219520 15219535
15219751 15219758
15220601 15220612
15220642 15220652
15220661 15220668
15221165 15221173
15221188 15221198
15213350 15213368
14179883 14179972
15220670 15220698
15226773 15226782
15226870 15226878
15220603 15220622
15213185 15213203
15237553 15237565
15220672 15220706
15239755 15239767
9537039 9537074
15241177 15241190
15213186 15213210
15241964 15241975
15237555 15237576
15241966 15241981
15243290 15243296
15243308 15243314
15243331 15243336
15243292 15243304
15243339 15243347
15221176 15221186
15243348 15243367
15243425 15243431
15243438 15243444
15243457 15243465
15243491 15243497
5005510 5005559
15243637 15243645
3602207 3927546
15084087 15084098
15220674 15220729
15244087 15244093
15244102 15244113
12319605 12319632
15220675 15220737
15244447 15244454
15243440 15243455
15243902 15243912
15221190 15221206
15226872 15226884
15245096 15245102
15243236 15243248
15245140 15245146
15245152 15245160
15243459 15243471
15245167 15245177
15244056 15244067
15245504 15245515
15220676 15220744
15243353 15243375
9537015 9537036
15213187 15213220
15246680 15246686
15246736 15246742
15246994 15247000
15247183 15247195
15247310 15247318
15218298 15218313
15245169 15245187
15247349 15247357
15247369 15247375
15245120 15245128
15243478 15243490
15247377 15247384
15247403 15247409
15243908 15243925
15247431 15247444
15254019 15254022
15254720 15254727
15259380 15259386
15261545 15261553
15262857 15262862
15264076 15264081
15264943 15264948
1402056 2276424
4094737 4241983
4094738 4241996
1807638 2619211
15568998 15569015
10711988 10712029
15575368 15575376
15590008 15590019
15598272 15598279
15599493 15599503
21652628 21652638
4660800 4666740
3230204 3679928
21740962 21740965
21757609 21757613
3356894 3766120
14451260 14451269
21839657 21839663
877510 1694992
21934814 21934819
4937005 4937039
21967865 21967877
21975177 21975182
21976615 21976622
9201791 9201807
21981132 21981136
15221191 15221229
21984487 21984493
21990597 21990601
21992565 21992570
21992603 21992611
21994444 21994451
21995206 21995220
21998589 21998599
3273926 3712234
22001059 22001073
110201 354144
22001712 22001727
22001894 22001899
22002000 22002006
22006306 22006310
22008454 22008465
21652630 21652648
2443372 3125377
22010136 22010141
4295262 4378622
22011581 22011591
22014940 22014944
22018176 22018183
4984911 4984925
22018867 22018871
22021319 22021326
794700 1584376
5004774 5004823
15931 82187
2445004 3126789
3125009 3601710
22028232 22028235
1772598 2587806
22188117 22188127
22196688 22196693
22208491 22208496
968496 1807737
1396332 2270674
22235728 22235744
2443227 3125164
22260782 22260786
3928956 4136116
22284702 22284706
1804132 2616218
369157 968621
21979613 21979616
28387675 28387677
1401787 2276155
1401788 2276161
28731094 28731099
791350 1580998
2445238 3126955
1587745 2445241
608748 1345613
369087 968437
791352 1581012
2271139 2993157
2445254 3127008
1694987 2528757
28758770 28758772
28763942 28763943
28736051 28736059
283671 794507
3025739 3533755
968498 1807745
968499 1807749
1584641 2443141
29045181 29045183
29046743 29046746
968500 1807751
2443352 3125330
2443353 3125335
82172 284352
371848 971925
380087 986471
2443354 3125341
15247433 15247452
1401763 2276030
29052982 29052989
2443356 3125351
968502 1807771
29365548 29365551
29370157 29370159
29370162 29370164
1401789 2276167
29370198 29370199
3554749 3898071
1676251 2513684
862807 1676254
1401790 2276171
319189 862814
1401791 2276174
2513560 3180365
1401792 2276179
29589327 29589329
29610133 29610141
1960662 2731595
1094684 1960684
29704362 29704365
1396354 2270961
29704988 29704989
29705530 29705531
1396364 2271000
28732663 28732671
29705974 29705975
28732667 28732673
6622944 6622958
6622935 6622942
1003770 1854305
29706850 29706851
29706853 29706854
29706933 29706934
29707071 29707076
29707502 29707504
29707774 29707775
29708301 29708307
4971191 4971221
29708736 29708739
29709200 29709202
29709203 29709205
29709206 29709208
29709217 29709220
29709223 29709225
29709287 29709289
29709605 29709606
29709741 29709743
29709754 29709758
29709755 29709760
29709756 29709762
29709772 29709775
29711969 29711970
29711971 29711972
29711973 29711974
29711975 29711976
29711977 29711978
1587694 2445079
29711979 29711980
29711981 29711983
29711985 29711986
2400835 3091618
29711988 29711989
1541085 2400837
29711990 29711991
29711992 29711994
29711997 29711998
2400836 3091620
3976815 4166829
29712000 29712001
29712002 29712003
3230206 3679929
4295263 4378623
796329 1587697
1511219 2373469
29712146 29712147
29712195 29712196
1676237 2513567
2276277 2996602
1804111 2616181
1804135 2616235
29712459 29712460
366387 964229
366388 964236
366389 964239
1587747 2445249
4254415 4351025
1100926 1971529
2267726 2987000
2619168 3248070
29713678 29713682
29713703 29713705
29713708 29713709
29713710 29713712
29713719 29713720
3712241 3998494
29713824 29713827
29714081 29714082
29714507 29714509
29714594 29714595
29714968 29714969
29715308 29715309
1835140 2641222
29715317 29715318
29715320 29715322
9201793 9201814
29715368 29715373
29715374 29715396
29715375 29715398
29715397 29715418
29715428 29715429
29715376 29715399
29715430 29715431
29715369 29715380
29715370 29715384
29715433 29715435
29715434 29715436
29715438 29715440
29715377 29715403
13497874 13497890
3525419 3879369
4105027 4254410
29715737 29715740
29715745 29715747
29715746 29715748
29715766 29715769
15419332 15419350
791362 1581039
791364 1581048
29716315 29716316
1695029 2528824
29718040 29718041
28731097 28731106
29718057 29718059
29369734 29369737
29718106 29718107
29718978 29718980
29719038 29719039
29719141 29719142
29719922 29719924
29720297 29720298
2198098 2934451
2197987 2934369
30293903 30293911
30298824 30298825
119116 380800
30305628 30305630
111474 366492
13416283 13416292
2587792 3224105
15247434 15247457
380091 986478
30490267 30490277
989428 1835276
12301093 12301116
3230207 3679932
30673523 30673527
28966437 28966462
30752247 30752251
3679933 3976829
22128370 22128379
1807711 2619328
3477963 3848018
3230208 3679935
31835259 31835260
31835272 31835275
31835289 31835291
31835299 31835301
31835225 31835229
31835396 31835399
31835415 31835417
31835262 31835271
31835452 31835454
3126718 3603848
31835502 31835504
31835591 31835594
31835626 31835629
31835683 31835685
31835576 31835579
31835806 31835813
31835567 31835569
3603868 3928936
31836167 31836169
31836222 31836224
3187157 3647051
2444950 3126716
31836268 31836270
31836273 31836276
31836306 31836307
31836373 31836375
31836381 31836383
31836392 31836395
31836442 31836447
31836676 31836678
31836750 31836753
31836708 31836713
31836751 31836756
31836910 31836912
31837026 31837030
31837035 31837038
31837062 31837066
4365546 4427759
31837095 31837097
31837105 31837106
31837127 31837129
31837197 31837199
31838131 31838136
31838411 31838414
31838533 31838534
31838564 31838566
31838580 31838582
31838585 31838586
31838782 31838784
31838786 31838789
31838928 31838931
4971218 4971249
4052531 4213548
31839364 31839370
31839914 31839916
31839959 31839961
15884146 15884159
31840162 31840168
31840402 31840406
22025212 22025222
31840653 31840655
5004786 5004850
31840706 31840708
31840560 31840562
31840755 31840756
31840510 31840511
31840904 31840905
31840908 31840910
21977304 21977307
31841092 31841093
1097457 1964945
31841138 31841140
31842579 31842583
31842585 31842589
2443192 3125067
31842738 31842742
21993095 21993100
31842845 31842847
28913028 28913032
21992605 21992613
31842898 31842900
2441476 3123400
31843074 31843077
28913031 28913034
14230530 14230537
31843255 31843257
28913019 28913026
2443204 3125071
31843515 31843518
31842787 31842790
31843180 31843186
31843687 31843689
31843696 31843700
31843759 31843761
31843776 31843778
2443171 3125045
31842934 31842937
31843888 31843891
31843939 31843941
796308 1587648
31842699 31842702
2731592 3322294
31844091 31844095
2443178 3125048
31842953 31842960
31844145 31844147
31844242 31844243
21994665 21994669
15064169 15064173
21994552 21994561
31844349 31844351
31844389 31844391
22000093 22000105
22008540 22008547
31844565 31844573
31844588 31844592
1401748 2276004
31844727 31844730
31844739 31844744
31844762 31844764
1401803 2276200
31845027 31845029
29718930 29718937
31845613 31845616
29718921 29718932
31845655 31845658
31845656 31845662
31845669 31845673
29718914 29718924
31845670 31845675
31845659 31845665
31845671 31845678
31845968 31845970
31846417 31846418
31846564 31846567
31846591 31846594
31846708 31846710
31846757 31846760
31846779 31846781
31846897 31846898
31846902 31846904
31846998 31847001
31847044 31847047
31847116 31847117
31847122 31847123
31847166 31847169
31847191 31847194
31847480 31847482
4108887 4257063
31847515 31847519
31847580 31847585
31847658 31847659
31847661 31847666
31847669 31847671
2993311 3509240
15892724 15892733
31847763 31847766
31847804 31847805
31847830 31847832
31847918 31847920
31847933 31847936
31848121 31848122
4942564 4942569
31848296 31848301
31848386 31848387
796330 1587700
31848665 31848671
1584855 2443290
31848740 31848745
31848842 31848845
1579440 2437906
2443285 3125253
31848914 31848918
31848757 31848765
31849044 31849046
31849134 31849136
31849150 31849153
31849174 31849176
31849234 31849236
31849295 31849297
31849315 31849316
31849320 31849322
31848695 31848700
31849378 31849380
3994210 4180031
31849453 31849456
4180029 4303583
31849461 31849464
22010286 22010297
31849558 31849561
4968180 4968205
4968180 4968206
31849903 31849904
31849879 31849882
31849919 31849923
31849955 31849957
31849920 31849926
31844337 31844343
31850005 31850008
31850023 31850026
31850119 31850123
31850142 31850145
31850186 31850188
31836056 31836060
31850290 31850292
22165678 22165692
28375216 28375231
31850494 31850497
31850532 31850534
31850885 31850887
31850952 31850954
31850958 31850965
31850966 31850972
31850973 31850980
31850981 31850987
31850988 31850993
31851627 31851629
31851892 31851896
31851897 31851899
31851982 31851984
31852586 31852589
31852638 31852641
31852765 31852768
31852919 31852922
31853260 31853263
31853271 31853274
31853328 31853330
31853328 31853331
31853328 31853332
31853416 31853418
31853493 31853496
3125217 3602251
31853649 31853650
31853660 31853663
31853707 31853709
31853965 31853967
22018184 22018193
31854055 31854059
31854175 31854177
22137366 22137373
31854389 31854393
236821 722436
31854489 31854491
31854546 31854549
22018178 22018186
31854815 31854818
31854885 31854887
31854015 31854019
31855014 31855017
31855033 31855034
31854309 31854317
31855050 31855060
22018179 22018187
5005511 5005566
31855136 31855138
31854126 31854130
31854547 31854551
30683727 30683729
283750 794660
112503 368211
366249 964134
31855354 31855355
22120177 22120194
31844092 31844100
31855527 31855529
31855537 31855538
31855545 31855546
31855789 31855790
21630364 21630377
21978834 21978839
10479727 10479741
31855883 31855886
31855673 31855689
31856000 31856003
31856299 31856300
245171 733863
31854390 31854395
31856694 31856696
31856737 31856739
22128363 22128374
9685429 9685436
31856963 31856966
31856970 31856972
31856975 31856977
31856978 31856980
31857164 31857169
31857213 31857217
3125244 3602354
31857281 31857283
2437773 3119813
31857467 31857471
22082169 22082174
31857468 31857477
31857627 31857628
31857647 31857649
1421120 2296411
4985013 4985016
31857793 31857795
31857798 31857800
582091 1299848
31857844 31857846
31857450 31857456
31857942 31857947
31857956 31857959
31857963 31857970
31857996 31857998
3270635 3709383
31858000 31858003
31858035 31858036
31858097 31858100
31858150 31858152
31858178 31858180
1433445 2303865
31858296 31858300
3013781 3525437
31858335 31858336
4984939 4984976
31857875 31857885
31858098 31858102
2619387 3248165
2619412 3248265
3692815 3986201
3692816 3986207
3013782 3525444
31858534 31858538
29714047 29714050
31858994 31858999
10491813 10491854
31859172 31859178
31859262 31859263
31859274 31859278
10457611 10457629
6622955 6622987
31859158 31859165
31858836 31858841
31859017 31859034
10491713 10491729
28387680 28387708
31859561 31859563
31859576 31859578
15243711 15243725
31859601 31859604
31859606 31859608
31859621 31859624
28387699 28387722
31859749 31859752
31859804 31859805
31854533 31854537
4059407 4216796
29715378 29715406
31859889 31859894
31859901 31859908
31859946 31859949
31858995 31859001
4355738 4420524
31848217 31848222
31859985 31859989
6622956 6622991
28971261 28971280
31860141 31860143
28387676 28387689
31836719 31836728
31860358 31860361
31860461 31860463
31860472 31860476
31860487 31860489
31860495 31860498
31860514 31860517
31860599 31860601
31860607 31860610
31860614 31860616
31860698 31860700
31860897 31860900
31861590 31861592
13439850 13439856
2198157 2934734
31861903 31861905
4968174 4968192
31862019 31862021
31862026 31862029
31862033 31862035
31862124 31862126
31862134 31862136
3692830 3986269
1402011 2276397
31862482 31862492
31862555 31862560
31862664 31862670
31862751 31862761
31862752 31862763
31862753 31862767
31862769 31862777
22096354 22096362
31863200 31863205
31863294 31863298
22001088 22001113
31863689 31863698
10959411 10959423
21991431 21991456
5004938 5004981
31863691 31863709
31864049 31864054
31864065 31864071
31864073 31864079
4231669 4338982
31864156 31864158
31864190 31864193
31864229 31864232
31864272 31864275
31864306 31864307
31864362 31864364
31864387 31864389
31864503 31864504
31864505 31864507
31864558 31864561
31864565 31864566
14205484 14205516
31864649 31864651
31864664 31864670
31864665 31864674
31864666 31864682
31865128 31865136
31865145 31865149
795210 1584910
31865379 31865381
31865396 31865400
660689 1401895
660705 1402015
31865505 31865509
31865530 31865533
31866364 31866367
31866457 31866459
31866485 31866490
31866534 31866536
31866537 31866539
31852920 31852926
31866543 31866545
31866546 31866549
31866564 31866567
31866572 31866574
31866597 31866599
31846758 31846762
31866600 31866602
31866603 31866605
31866611 31866613
31866738 31866742
31861407 31861409
31866729 31866733
31866871 31866873
1401998 2276394
28781650 28781662
31849548 31849551
31866975 31866977
31867017 31867019
22026067 22026076
31867033 31867036
31867073 31867075
4977321 4977330
2270517 2990675
31867319 31867325
10479450 10479456
31837929 31837932
31867320 31867329
22001064 22001095
31867982 31867985
31868128 31868132
31868227 31868230
31857428 31857431
31868217 31868221
31868357 31868362
31868382 31868384
31868424 31868427
31868435 31868438
31868463 31868466
31868467 31868470
31868801 31868807
31868845 31868849
31868868 31868873
31868926 31868927
31867321 31867333
31869023 31869025
15237556 15237583
31869268 31869274
31869449 31869451
31869538 31869539
31869919 31869920
31870149 31870150
31870183 31870187
31849559 31849565
31870365 31870370
31850150 31850162
31870576 31870577
31870885 31870886
31871029 31871032
31871036 31871038
31871048 31871051
31871231 31871233
30787586 30787588
31871853 31871856
31871857 31871863
22007853 22007858
31872572 31872577
31874000 31874002
31870184 31870190
31870188 31870193
31874067 31874069
31874156 31874158
31874157 31874163
660720 1402092
31874212 31874214
31874250 31874252
31874257 31874261
31874306 31874308
31874338 31874344
31874406 31874412
31874451 31874454
31874692 31874694
31874700 31874701
31874707 31874709
31875534 31875538
31875779 31875784
4305072 4385910
15258317 15258321
15258317 15258322
21967417 21967430
401696 1015162
31876016 31876020
31840483 31840493
4081118 4234689
3841999 4081133
3712242 3998497
31876187 31876189
22006668 22006673
31840799 31840805
4182469 4305076
31877113 31877115
31877223 31877225
31877229 31877230
31877328 31877329
31877456 31877458
31877555 31877559
9615388 9615426
31877577 31877580
31877780 31877785
31877903 31877905
31877999 31878001
31878057 31878060
31878076 31878080
15218287 15218301
15218299 15218320
31878158 31878165
31845196 31845201
31878285 31878289
31878538 31878542
31878938 31878940
31878977 31878979
31879041 31879043
31879065 31879067
31879137 31879139
31879170 31879173
31879206 31879208
31879225 31879228
22257877 22257882
31879323 31879325
31879471 31879473
31880312 31880314
12319606 12319637
31874481 31874486
31881202 31881203
31869569 31869572
31881374 31881376
31842569 31842574
31881676 31881678
31882566 31882569
15213351 15213376
31860515 31860520
31882827 31882829
15245193 15245200
31882959 31882969
5000395 5000416
28839281 28839293
22229624 22229633
31883272 31883279
31883284 31883288
31883402 31883403
31883484 31883486
31883501 31883502
31886676 31886677
31886895 31886897
31887124 31887126
31887137 31887139
31887145 31887148
31887185 31887187
1804176 2616295
31887210 31887216
31887236 31887240
31887308 31887310
31887316 31887317
31887324 31887327
31887496 31887500
3602374 3927657
15247313 15247326
31887910 31887913
31849033 31849037
4345803 4413069
31888182 31888183
13219252 13219265
31888569 31888570
5000410 5000442
31888625 31888627
31888933 31888934
21984354 21984363
31889152 31889155
31889455 31889458
31889600 31889603
31889631 31889636
31889666 31889668
31889718 31889721
31889870 31889875
31889888 31889889
31870191 31870195
31837907 31837910
31867064 31867069
30701862 30701866
31889970 31889974
31889991 31889995
3692825 3986255
31890070 31890074
31890212 31890215
31890233 31890238
31890276 31890277
31868359 31868365
31890408 31890409
31890410 31890413
31890414 31890416
31887125 31887128
31890444 31890446
31890457 31890459
31890480 31890482
31890787 31890789
31890889 31890891
31890909 31890910
31890957 31890958
31891433 31891441
31891516 31891520
31891525 31891526
31837269 31837271
15220615 15220637
15220645 15220659
31891603 31891607
31891612 31891617
31891678 31891681
31891895 31891897
28375209 28375222
31859323 31859329
31892011 31892015
31892127 31892129
31892494 31892496
31892665 31892668
31892666 31892671
31892733 31892737
31892787 31892792
31892788 31892794
31892804 31892808
31892940 31892943
31892992 31892998
31893038 31893039
31868360 31868366
31893288 31893291
31893304 31893308
31893305 31893309
21994557 21994563
31893367 31893368
9537043 9537088
28776994 28777039
31893444 31893447
31893454 31893458
31893476 31893478
31893630 31893631
31893639 31893644
31893689 31893698
31893720 31893724
15245517 15245527
31893905 31893908
31893917 31893918
31893991 31893993
15221167 15221180
31852281 31852286
15247186 15247229
31894122 31894125
15243474 15243482
31894238 31894242
31894239 31894245
31894265 31894269
31894266 31894276
31894278 31894285
31894279 31894288
31894341 31894349
31894342 31894350
31894343 31894351
31894385 31894391
31894386 31894397
31894512 31894515
30781453 30781463
15245535 15245544
15221193 15221241
31894569 31894573
31894575 31894580
31895138 31895142
31895160 31895161
31877556 31877565
12319607 12319643
12319639 12319697
28777053 28777084
31895494 31895496
31895535 31895541
28777046 28777067
31889992 31889998
31855674 31855704
31895800 31895803
31895825 31895826
31895838 31895840
29028524 29028541
31896097 31896102
31896252 31896274
31896375 31896381
31896385 31896389
31896467 31896469
31896596 31896600
31896764 31896767
31897181 31897183
31897205 31897207
31835660 31835665
31897298 31897300
31897657 31897659
31897764 31897766
31897801 31897806
31897814 31897819
31897820 31897822
31897825 31897827
31895314 31895317
31897858 31897860
31898068 31898069
31898104 31898108
31898772 31898774
31898785 31898788
31898887 31898890
31898914 31898916
31898926 31898928
31898962 31898964
31898816 31898825
31864027 31864034
2527540 3187206
31899114 31899116
31899208 31899210
31899211 31899213
29715371 29715389
29715381 29715412
29715372 29715394
11119466 11119488
31899272 31899274
3125356 3602468
31899291 31899293
31899300 31899302
31899356 31899357
31899359 31899360
3248917 3693332
31899361 31899362
31899364 31899368
10711992 10712034
31899612 31899615
31899652 31899654
31899686 31899689
31899748 31899750
31899771 31899774
31899876 31899878
31900095 31900096
31900430 31900432
31900985 31900986
31901130 31901132
31901143 31901144
82174 284371
4200319 4316527
31901005 31901008
31901259 31901260
10494796 10494804
31901304 31901307
31901358 31901360
31901400 31901403
31901409 31901410
31866767 31866771
31901551 31901555
112954 369366
31863550 31863555
2289565 3009890
31901657 31901659
29712242 29712245
31901863 31901868
15246996 15247015
15247006 15247029
12319608 12319649
31902621 31902623
31902755 31902756
31902787 31902789
31902792 31902794
31902795 31902797
9024587 9024593
31860902 31860905
31902878 31902881
31903172 31903177
31903570 31903573
31903739 31903741
31903781 31903782
31904592 31904595
31904632 31904634
31864241 31864243
31904866 31904867
31904940 31904942
31905136 31905141
2445245 3126977
31905359 31905363
31905404 31905408
3245353 3690833
31905480 31905484
2006385 2773772
3126958 3604008
21999912 21999919
21968834 21968840
3245573 3691116
967903 1807072
3807182 4052568
2445113 3126914
31906372 31906377
1807065 2618727
22011595 22011601
31906486 31906489
31906493 31906496
4971184 4971202
1804127 2616210
368379 967001
2616233 3245486
964219 1804185
1804121 2616202
31906874 31906875
964232 1804223
31907592 31907595
31907611 31907615
31907636 31907641
31907576 31907578
2616153 3245331
31907682 31907683
31907572 31907573
31907700 31907702
31907593 31907597
31907732 31907735
31852188 31852192
31908026 31908035
31908290 31908292
31908352 31908354
31908486 31908487
31908706 31908709
4970995 4971021
4970972 4970998
31908778 31908781
31908779 31908783
31908784 31908786
5005560 5005610
31909141 31909143
31859844 31859852
31909325 31909330
31900041 31900050
12319609 12319657
12319610 12319663
12319611 12319668
12319612 12319676
12319613 12319681
12319614 12319687
3879377 4105042
31909485 31909486
31853186 31853193
31873887 31873895
28375200 28375202
31856662 31856668
31909562 31909564
28737354 28737365
15219525 15219549
31909908 31909910
15219159 15219172
15219159 15219173
31909960 31909962
31908027 31908040
759707 1542628
31910011 31910014
31883320 31883322
29715379 29715409
31910034 31910037
31910395 31910396
31910424 31910428
31910466 31910469
31910636 31910637
21981936 21981949
31910663 31910665
30344964 30344968
32556813 32556818
32636676 32636682
82214 284503
15944 82300
116604 375486
1401766 2276040
32702348 32702352
28804860 28804867
32946295 32946300
2651913 3270623
31081335 31081338
28798954 28798978
703970 1462385
1299802 2179543
2179541 2917564
2179542 2917566
31883251 31883253
33642744 33642747
33642753 33642756
31836524 31836531
31849921 31849927
2665743 3279604
33642854 33642857
33642950 33642951
22253810 22253822
3248079 3692727
33643033 33643035
33643043 33643044
33643049 33643050
33643051 33643053
31843688 31843691
13219243 13219248
33643071 33643072
31857152 31857156
33643097 33643098
33643353 33643354
33646979 33646980
33646981 33646982
5005674 5005699
33661361 33661362
33676947 33676948
33678149 33678151
33678152 33678154
33678155 33678159
33678163 33678168
33678170 33678174
1299804 2179545
31910495 31910497
3849090 4085058
33681430 33681434
31835133 31835147
15411967 15411989
4944947 4944963
33729195 33729197
33729377 33729380
21974260 21974265
2641188 3263867
2499746 3169076
33781245 33781249
1401733 2275987
21998566 21998570
22011340 22011349
31853154 31853163
31838830 31838836
33784181 33784182
33785311 33785313
1772006 2587077
33804203 33804205
31909346 31909347
33804775 33804777
4381899 4439548
31861461 31861465
4971206 4971240
31905710 31905717
22006704 22006706
31878965 31878971
283737 794632
15411960 15411978
31853791 31853796
31899574 31899581
1584352 2442816
31891811 31891812
31848391 31848398
3171495 3637342
28777054 28777089
31866436 31866438
33829721 33829722
33829756 33829760
3230242 3679948
4150959 4284617
13416238 13416262
13971671 13971674
31854822 31854835
31861608 31861616
13345077 13345086
31857788 31857790
33867507 33867509
33867690 33867691
31861380 31861383
33868049 33868051
33868088 33868090
21974796 21974819
33871478 33871480
15146807 15146809
592203 1326612
964221 1804206
31847319 31847320
31881502 31881505
33876757 33876758
33876762 33876763
33876794 33876799
33876878 33876880
33876885 33876888
33877480 33877481
33936780 33936781
33936888 33936894
21995189 21995195
31854057 31854064
25451952 25451959
31837198 31837201
22024624 22024633
33942667 33942668
31848366 31848376
33942680 33942681
33942734 33942735
31890088 31890092
31900809 31900812
22029028 22029037
33942973 33942975
33943001 33943003
33943070 33943073
33943086 33943088
33943152 33943153
33943160 33943162
33943243 33943245
33943286 33943288
15243903 15243915
31898059 31898060
33943437 33943438
33943440 33943441
31849930 31849942
22001896 22001900
22243411 22243420
21997199 21997210
1401813 2276225
33949427 33949428
33949451 33949454
33949466 33949467
22011583 22011594
33949555 33949557
31848986 31848989
33949774 33949776
33949891 33949893
33949943 33949944
22165671 22165687
28839282 28839295
33956916 33956917
33965822 33965824
31906170 31906177
33989128 33989134
33989153 33989154
31854141 31854147
31861752 31861755
3692827 3986259
31844519 31844523
31857544 31857549
33993774 33993776
4413057 4460909
33993797 33993798
31860499 31860503
31857684 31857686
1401827 2276237
33993893 33993896
31843998 31844002
15550138 15550151
3692828 3986262
33993935 33993937
31860496 31860501
34008896 34008897
31840839 31840846
31848705 31848708
536531 1254238
10479881 10479888
31857848 31857851
31853238 31853243
10574552 10574559
34009405 34009406
34009413 34009414
22147348 22147355
34011163 34011164
31840431 31840433
2619187 3248090
4172389 4299651
34011347 34011351
22006125 22006130
34014855 34014860
34019210 34019212
31870218 31870225
31850276 31850284
34019238 34019239
31848245 31848249
21982613 21982619
34036060 34036062
34036077 34036079
31901817 31901827
34036180 34036182
34036229 34036233
34036243 34036245
31857660 31857675
34036289 34036290
34036335 34036337
31836888 31836893
34036448 34036449
34036457 34036463
34036546 34036547
34036636 34036637
31899613 31899616
31857469 31857480
34043384 34043393
34043441 34043444
31895315 31895320
29713528 29713546
31881685 31881687
34053534 34053535
33942956 33942961
34053555 34053557
34053577 34053582
34053668 34053670
21974935 21974947
31838844 31838851
22000543 22000547
34057271 34057272
21926966 21926974
5004998 5005016
21993845 21993850
31905372 31905383
34057336 34057337
21994447 21994454
4137494 4276174
22007841 22007852
9615419 9615477
30709558 30709564
29718840 29718842
34057438 34057442
21966033 21966035
34057439 34057444
22028267 22028274
31874037 31874039
31906718 31906720
34057536 34057538
21652632 21652653
34057547 34057549
34057550 34057552
34057553 34057555
29718755 29718766
21992607 21992616
34057613 34057614
31907562 31907565
31838814 31838817
31835796 31835800
2443293 3125298
34073647 34073649
34073650 34073652
34073654 34073655
34073663 34073666
34073760 34073761
29713697 29713702
1807757 2619405
34073826 34073829
4028835 4200318
34073915 34073916
1804129 2616212
31906954 31906958
34089112 34089113
34089151 34089152
31837145 31837148
31849511 31849516
31835245 31835246
31849107 31849112
34089221 34089222
31897243 31897246
31837027 31837032
15084071 15084084
31868952 31868955
34096888 34096890
34096902 34096904
31850474 31850477
31858011 31858013
34096997 34096998
31858001 31858005
34097049 34097050
31857699 31857703
2616306 3245592
31857877 31857890
31859425 31859432
34097097 34097099
31842860 31842862
34097108 34097109
34097125 34097126
31907588 31907590
15234267 15234278
31863669 31863683
31895434 31895438
31869603 31869607
34097329 34097330
31862944 31862946
31845003 31845006
34097380 34097382
34097383 34097384
31854380 31854384
34097427 34097429
31866576 31866579
31842798 31842801
31844183 31844186
34097509 34097510
34097564 34097566
31850419 31850421
34097590 34097592
34097593 34097595
963497 1802260
34097599 34097601
34097608 34097609
31857435 31857438
31850508 31850511
34097646 34097647
31858445 31858449
31844375 31844377
34097687 34097688
34097709 34097712
34310155 34310157
82216 284516
34352381 34352384
3807157 4052537
1587642 2445008
2443133 3125010
369093 968453
34826294 34826295
34017279 34017289
30650524 30650530
34922098 34922100
21976169 21976179
21048 117874
31850212 31850221
35337465 35337467
722425 1483165
31842883 31842889
4736800 4738282
31848949 31848957
31856594 31856603
31854630 31854636
31886747 31886754
21970603 21970616
283685 794548
4275058 4365553
964140 1803968
31853266 31853270
31857343 31857358
1804130 2616213
1804131 2616215
2439319 3121352
29718922 29718933
15219540 15219558
1587644 2445022
1960665 2731597
35355556 35355557
1960668 2731606
1960669 2731608
1960671 2731613
1960673 2731616
3270639 3709404
3270640 3709406
3270641 3709408
2651922 3270644
35355751 35355752
35355889 35355890
21974817 21974824
2271166 2993321
722250 1482817
722251 1482818
722252 1482820
968365 1807640
31840491 31840495
9024582 9024589
2773759 3356873
2773768 3356901
31896261 31896280
9537067 9537091
10896115 10896140
10896116 10896141
35363130 35363131
35363742 35363744
14179890 14179989
3986196 4172417
1964939 2734945
31863692 31863711
31863693 31863712
35365582 35365583
35365687 35365689
35365693 35365695
14179875 14179924
14179891 14179990
35366062 35366063
35366065 35366066
35366067 35366068
14179892 14179991
14179893 14179992
14179894 14179993
14179895 14179994
14179896 14179995
14179897 14179996
14179899 14179997
14179900 14179998
14180002 14180048
35366977 35366978
35370122 35370124
2993325 3509274
2271167 2993327
35370157 35370158
32091123 32091135
796331 1587701
1804202 2616310
3270642 3709409
3270638 3709402
35363559 35363561
35375409 35375410
31848851 31848864
9352976 9352984
35377583 35377584
30707056 30707064
15220711 15220755
15220712 15220756
35378119 35378120
2651926 3270650
14915205 14915225
35381491 35381492
35381919 35381920
35405109 35405116
34057799 34057800
31879130 31879132
35408980 35408984
35410027 35410029
35412019 35412023
35412086 35412089
35413057 35413060
35536871 35536877
35537095 35537101
31869155 31869162
35772614 35772618
31890781 31890783
795344 1584981
368209 966563
966559 1806466
283993 794781
1401768 2276046
35797102 35797104
35797909 35797911
35802073 35802075
35803079 35803082
283688 794556
35822841 35822844
1401782 2276118
31835435 31835438
1804146 2616249
2373464 3066328
1401742 2275992
3125030 3601719
2616239 3245512
876423 1693539
1835226 2641285
31890816 31890818
31890815 31890817
82217 284520
976150 1819237
22022432 22022436
3125323 3602438
1804147 2616254
3601718 3927271
795269 1584940
1804212 2616326
31835967 31835971
115666 372898
2616252 3245517
733859 1505276
3248050 3692717
15094376 15094379
1804122 2616207
31899237 31899240
31883273 31883281
31859903 31859911
31855669 31855677
37578506 37578507
31901558 31901562
37667195 37667199
37667208 37667219
37667220 37667225
37667360 37667365
37667379 37667382
37667431 37667436
37667453 37667456
37667467 37667470
37667530 37667534
37667550 37667553
37667599 37667601
37667630 37667633
37667658 37667665
37667667 37667669
37667682 37667684
37667729 37667731
37667732 37667735
37667771 37667775
37667867 37667871
37667881 37667888
37667891 37667894
37667897 37667899
37667951 37667954
37667962 37667965
37667993 37667996
37700245 37700252
37708812 37708814
37708857 37708860
37709051 37709053
37709276 37709278
37709470 37709471
37709488 37709490
37709555 37709556
37709660 37709662
37709678 37709679
37709680 37709683
37709717 37709719
15006411 15006417
37860729 37860730
37881737 37881738
37898434 37898436
3126888 3603992
31835277 31835279
4275041 4365549
3125326 3602442
3125246 3602355
31842938 31842940
970831 1810173
37926593 37926594
37928275 37928276
37930177 37930178
37930228 37930229
37930235 37930236
3279601 3714989
37933289 37933290
31858823 31858828
28931689 26098219
37936967 37936968
37936972 37936973
37938327 37938329
1401710 2275947
3125070 3601729
37943671 37943672
37943684 37943685
3279602 3714990
21981981 21981984
38021780 38021783
38022163 38022164
31841319 31841320
38022286 38022288
38022295 38022297
38022317 38022318
30490273 30490279
38022844 38022845
283739 794635
283739 794636
283739 794637
4970996 4971023
22001845 22001862
38024581 38024582
38024985 38024986
15218291 15218304
31895996 31896002
796333 1587703
31865133 31865138
31871861 31871865
31882297 31882301
31882297 31882302
31836834 31836836
31880073 31880074
33781248 33781251
33965846 33965847
31900043 31900052
31901446 31901449
38028714 38028715
12319616 12319692
31883362 31883366
31857421 31857424
38033060 38033062
38033077 38033078
38033136 38033137
31863863 31863865
38026444 38026446
31887248 31887249
38033571 38033573
38033576 38033578
38033579 38033581
31887633 31887635
31841139 31841141
31856865 31856870
4984930 4984946
31905909 31905911
22011712 22011719
38035691 38035694
38035692 38035695
38035696 38035699
31853322 31853327
31872089 31872091
31876047 31876048
3245458 3690966
31905146 31905158
31858356 31858358
3245465 3690969
38038800 38038802
21991747 21991759
31838288 31838292
31840888 31840897
15188581 15188589
31897189 31897197
31846786 31846788
31854391 31854397
31847493 31847498
31855450 31855455
31869530 31869532
38041690 38041692
31896597 31896601
22013157 22013165
31868861 31868867
31898738 31898742
31864462 31864466
21971579 21971591
31835856 31835857
31842689 31842691
22260533 22260540
31887146 31887151
31881257 31881259
31842580 31842584
31846743 31846746
31855127 31855129
31908550 31908552
31864585 31864587
31848753 31848761
31862924 31862928
31866590 31866592
31847958 31847959
38046770 38046772
31854068 31854071
31868327 31868329
31874537 31874539
31858455 31858459
13380200 13380212
1991210 2762013
31876377 31876378
31847941 31847942
31908336 31908338
31852924 31852927
38048065 38048067
31843698 31843701
30673524 30673529
31845692 31845694
31893696 31893701
38048140 38048144
38048184 38048186
31864559 31864562
31903190 31903192
22188123 22188131
31907733 31907736
38048503 38048504
31874220 31874223
38048505 38048507
38048508 38048510
31836700 31836704
38048523 38048524
38048525 38048526
33936892 33936898
38048528 38048530
38048534 38048535
38048536 38048537
31895689 31895694
31847570 31847574
31868804 31868809
31839922 31839930
31895509 31895513
31856964 31856967
38049180 38049182
31850330 31850332
38049257 38049259
38049260 38049262
31879021 31879026
13394207 13394213
31887762 31887763
31891290 31891292
31905133 31905135
31837250 31837251
38049962 38049964
22017422 22017429
38050511 38050513
38050514 38050516
38050517 38050519
31890191 31890193
38050645 38050647
22248411 22248426
38050714 38050715
31855245 31855249
31841147 31841149
4266038 4358147
3994214 4180034
31870454 31870460
38208401 38208404
38209107 38209109
38210757 38210759
3046085 3546889
38679813 38679815
33786046 33786048
38788505 38788507
38789870 38789871
38821265 38821268
38821266 38821270
35412090 35412093
31893289 31893293
39135614 39135616
39135656 39135660
39135725 39135727
39135770 39135772
39135806 39135808
39135811 39135817
39135892 39135894
39135948 39135949
39135984 39135986
39136028 39136030
39136033 39136035
39136086 39136088
39136208 39136210
39136297 39136299
39136323 39136325
39136358 39136360
39136386 39136388
39136430 39136432
39136470 39136472
39136501 39136504
39136549 39136551
39136561 39136564
39136809 39136811
39136967 39136969
39137005 39137007
39137077 39137079
39137101 39137103
39137106 39137108
39137181 39137182
39137236 39137238
39137256 39137258
39137324 39137326
39137337 39137339
39137377 39137379
39137520 39137522
39137527 39137529
39137543 39137545
39137569 39137571
39137592 39137594
39137623 39137624
39137625 39137627
39137661 39137663
39137666 39137668
39137677 39137679
39137682 39137685
39137768 39137770
39137796 39137798
39137801 39137803
39137824 39137826
39137831 39137833
39137856 39137858
39137866 39137868
39137897 39137899
39137948 39137950
39138024 39138026
39525957 39525960
39589821 39589823
2619286 3248117
42215461 42215462
42501884 42501885
43438536 43438537
43566764 43566765
43600475 43600476
43606390 43606391
43616048 43616049
43620104 43620105
2641310 3264032
1807742 2619339
43762057 43762058
31865253 31865255
44071113 44071114
45176529 45176531
45274149 45274151
46084178 46084180
46084258 46084259
46142722 46142723
46142755 46142756
46142829 46142830
46142832 46142833
1804154 2616259
46142884 46142885
46142896 46142897
46142945 46142946
46142949 46142950
46143221 46143222
46143541 46143542
46143601 46143602
46143614 46143615
46143688 46143689
46143738 46143739
46143756 46143757
46143919 46143920
46143934 46143935
46144013 46144014
46144081 46144082
31900315 31900317
31864274 31864276
46144405 46144406
46144465 46144466
31910575 31910577
31880000 31880002
46144597 46144598
46144602 46144603
46144608 46144609
46144612 46144613
46144615 46144616
46144648 46144649
46144794 46144795
46144815 46144816
47783501 47783502
2619298 3248119
47899628 47899630
47904529 47904530
47963843 47963844
3712229 3998484
48112496 48112498
49175770 49175771
49175772 49175773
1960683 2731619
49175774 49175775
49175777 49175778
49175779 49175780
49175781 49175782
49175783 49175784
49175785 49175786
49175787 49175788
49175789 49175790
49175791 49175792
49175793 49175794
49175795 49175796
49175797 49175798
49175799 49175800
49175801 49175802
49175803 49175804
49175805 49175806
49175807 49175808
49175809 49175810
49175811 49175812
49175813 49175814
49175815 49175816
49175817 49175818
49175819 49175820
49175821 49175822
49175823 49175824
49175825 49175826
49175827 49175828
49175829 49175830
49175831 49175832
49175833 49175834
49175835 49175836
49175837 49175838
49175839 49175840
49175841 49175842
49175843 49175844
49175845 49175846
49175847 49175848
49175849 49175850
49175851 49175852
49175853 49175854
49175855 49175856
49175857 49175858
49175859 49175860
49175861 49175862
49175863 49175864
49175865 49175866
49175867 49175868
49175869 49175870
49175871 49175872
49175873 49175874
49175875 49175876
49175877 49175878
49175879 49175880
49175881 49175882
49175883 49175884
49175885 49175886
49175887 49175888
49175889 49175890
49175891 49175892
49175894 49175895
49175896 49175897
49175898 49175899
