2146706 721883
9682648 1444231
231727 711057
1142268 484070
138560 432287
35004 9819
35004 138568
35004 138572
3617843 3940793
43859 185133
43859 185138
527968 185133
527968 185138
56459 185133
56459 232575
2337 23271
7355 59778
11004 6505
11004 71656
1987967 6816
884 6505
56806 185133
689278 1444231
9717518 18533
2339 23411
2340 23411
2341 23643
7357 2469
437620 5067
8315 64065
8315 64066
2343 5067
66502 197630
66502 255218
2344 23847
9810505 11923
2345 23896
9857592 9276
9868838 28273
2346 24000
1237 16001
886 6671
887 6816
888 6948
890 7107
891 7243
10016682 28372
10033545 28066
892 7440
893 5067
307992 5067
14940 79383
1660739 2500340
686896 45941
7380 30214
2349 24206
895 7794
5021429 14198
896 7936
2350 2469
7772 5067
2351 24405
2352 24501
897 8065
2353 24591
898 8196
2354 5067
899 5067
900 5067
901 8598
2355 5067
902 5067
2356 24905
2357 5067
903 5067
904 5067
2358 25113
905 5067
906 9276
907 9401
908 9507
909 2469
909 9615
910 9716
911 9819
2359 5067
114 985
913 9956
2360 15534
914 10072
7381 15535
915 10241
2361 25473
916 10340
2362 25556
917 10427
9262 67733
918 10533
919 10661
920 10775
7382 60669
921 10908
12426 74910
2363 25651
922 11028
923 11095
924 11197
925 11317
2364 25755
7383 25871
9816 25871
2365 25871
2366 25978
2367 25871
2368 26149
2369 23411
2370 25871
10193153 5067
2371 25871
2372 26562
2373 26661
2374 26771
2375 23411
926 11456
2376 26968
2377 27066
2378 23411
2379 27269
557 4848
927 11565
2380 27363
2381 23411
928 11696
187186 5067
2382 27578
2383 23411
2384 27777
2385 27872
2386 27980
929 11816
2387 28066
14532 11565
14532 63919
2388 28165
930 11923
2389 28273
2390 28372
7384 60841
2391 7440
2391 28537
2392 2469
7385 60841
2393 28684
2394 28706
10194604 13461
2395 28795
205154 7936
238534 5067
238534 45952
278266 31349
56460 185133
56460 232575
10240659 796894
59428 45939
27162 129192
2956457 3484067
145141 458132
932 5067
933 12208
934 12329
935 12440
936 12548
2397 28926
937 12645
10240878 7440
62294 7440
2398 29024
938 12752
7392 61194
46071 2469
3916808 2469
2399 29126
8859 5067
2400 29242
2401 29359
2402 29452
2403 29539
2404 29628
1248391 5067
2405 29718
2406 29810
939 12840
2260 14198
25002 14198
2407 5067
2408 14323
940 2469
940 13032
55763 5067
1570698 5067
2409 30100
23839 23847
10241157 7440
2410 30164
941 13068
941 13074
2720752 2469
2720752 61330
1913194 30214
2411 30214
78795 2469
2227809 2469
10241183 6505
10241183 10241192
6490 6505
2412 30214
2413 30214
2414 30214
10241216 30214
2415 30510
24895 16001
1354137 2469
618787 1357785
618788 14198
9123 67476
35160 14198
35160 139238
229580 14198
229580 706637
25003 14198
25003 127639
731660 6505
1088139 1950359
7394 61330
2416 30613
2417 30706
2418 30797
2419 2469
2420 30978
2421 31069
2422 31162
2423 31245
942 13170
2424 31349
2425 2469
2425 31440
8184 30214
13298 5067
1248468 2469
2426 2469
943 13318
8860 5067
2427 5067
603 5067
603 5101
312110 5067
7395 7440
944 13461
4905333 60841
2428 31701
945 13571
2429 31814
946 13695
2430 5067
2431 5067
2432 5067
2433 32207
2434 32300
947 13803
2435 32396
2436 32489
2437 32584
2438 32702
948 13901
2439 32803
2440 32907
949 14000
2441 33026
950 14093
2442 5067
19709 2469
117940 2469
4364 5067
951 14198
14649 14198
952 14323
302 2469
2444 33212
7229 59595
2445 33317
2446 5067
953 14438
953 14439
2447 5067
2448 23411
2449 33661
2450 2469
954 14544
2451 33847
955 14667
956 5067
82816 10427
72166 264242
72166 172066
72166 264296
2452 33977
11185 72210
11185 72211
11185 72212
41812 172066
13300 8598
2453 33999
55596 5067
46058 197811
46058 197812
46058 197817
10244796 5067
2454 34092
1265823 5067
704847 5067
2455 28165
2455 34159
23840 23847
9937710 2469
9937710 23847
9937710 45951
8640272 2469
79012 2469
145673 197817
232570 185133
6653 58699
91250 29024
10061 10072
2486449 5067
958 5067
18175 14198
22857 14198
10646 45934
10646 70916
2458 34293
4730 45009
8697 9956
450764 13901
153648 264242
153648 197811
126295 5067
1092272 1956687
242140 5067
417956 432656
11673847 31814
9943 10908
4446685 32300
13304 76340
13304 76341
136377 34293
136378 34293
373700 14323
261215 10661
1354138 2227878
77088 273877
1291026 45939
1561012 138679
65726 25651
72363 264633
185123 185133
171184 185133
527972 185133
2907127 5067
43942 185802
147036 185133
527973 185133
527974 185133
25863 25871
1169016 34293
2572999 412999
28361 129956
6281417 6281423
129125 27066
25336 128057
13144096 12208
128656 129220
185902 129956
538371 76429
13147258 32207
1315963 2469
73311 73427
13161613 24000
13209407 12645
13209501 412999
130209 138679
30001 131547
13227865 14323
13235900 14438
14946 79567
13254455 45935
78003 14198
8462 5067
149810 417970
206601 14323
13257013 13257023
12065 45934
419841 1059579
14654 14667
14654 15534
2470 34671
2349645 3046593
32903 45318
2471 34671
2471 34766
1467685 2336766
1467685 1858167
32482 133995
413331 1052002
67098 255477
1375 13318
484261 133995
1931212 45935
131386 417970
67099 197560
67099 255484
67099 255485
4387 12329
13268690 45939
13268690 13268696
1229015 136462
138664 412999
138664 432636
138664 432656
13270159 13270167
4342599 4410852
36655 145682
129496 415861
12431 75002
12838 75522
12838 75526
12838 75528
8981618 264633
273875 778855
273850 778778
35095 138916
588014 14667
588014 25651
1960005 45936
119802 5067
8188 12840
769236 14323
181578 417970
129716 314493
129716 73535
262682 138679
85273 292221
18178 13318
1081026 138572
1081026 1942316
271941 13318
205180 7936
473332 5067
974865 1817510
974865 1817511
699786 2469
41562 171010
41562 171020
197815 45941
72365 264633
3682820 264633
67100 197559
43020 12840
14947 11197
46484 2469
63859 246812
869639 2469
10813960 5067
42786 176823
13356759 12548
2164811 5067
76670 62295
12390369 11197
713139 32300
713139 1472170
12843 34293
14096 14000
6006184 7440
1977808 2750876
2927810 14667
2927810 15534
2927810 15535
3794420 12840
13274680 2469
1007992 1858167
6632607 314493
133566 422015
133566 13571
133566 422027
757682 12208
757682 10661
77779 14000
77864 275509
21479 14198
14949 14093
14949 45934
14949 5067
14949 45318
13448193 412999
76337 76341
90204 136462
136469 14198
136441 45951
1312141 2184440
7784 24591
7784 13695
7784 7794
7784 24501
13454284 14667
13455916 33661
34365 136462
432364 45951
576644 5067
13463431 30100
8189 11565
8189 14544
8189 27269
8189 63919
23264 125794
13472858 13472871
1669 2469
2890482 11816
613637 7936
138614 45935
35009 138679
13476497 14544
45938 5067
11914 73535
13503057 13264412
13503057 432656
420962 14093
42789 176885
4741 45318
13526433 13526436
128573 414748
125896 129220
185905 240812
185905 573610
128879 129669
48172 80955
2462722 129956
128574 26149
157486 12840
1691894 58699
238436 725180
238436 725181
8191 12840
8191 63952
7847223 484070
134447 423340
152288 480643
460550 1123491
37185 34293
15617 80955
15617 80963
2480 35021
2480 35023
14326966 13571
14326966 14326971
316109 13318
14350518 25978
206528 616408
1326811 13571
14490768 9956
45553 196486
127213 412999
869641 2469
14904401 5067
14926966 5067
14928093 13803
14945833 14945837
14951048 15534
14951518 12208
7424 14198
14959669 10072
175286 206563
14986534 5067
15006375 14198
15014862 13571
15031527 25113
15039916 12548
3081640 5067
4930238 14323
7898024 12208
15057691 11197
15066831 14198
2060690 2469
15095690 31814
15109047 13318
15115979 5067
15122118 5067
15122164 5067
64044 247153
124082 14198
35146 13170
3414939 185133
3414939 232575
27170 129220
15288263 415861
31067 132456
15290231 11565
61848 9615
15291011 2469
176313 542308
1081310 45935
4746 34293
3198594 3657722
29625 14198
145676 264242
145676 197811
145676 459627
145676 459630
15305602 23896
139616 45935
64046 14093
15311301 29242
15312496 23411
148433 5067
7357085 15534
15315016 9615
128510 25871
128510 414528
15319905 412999
35011 133995
15323625 10427
147974 466573
147974 432656
431303 1076509
7791 5067
7222364 11816
5023331 25113
10530 70787
434191 26149
434191 45954
963858 14544
181037 133995
15498943 33847
12327 32207
473291 5067
132017 131741
77869 45318
77870 45318
1532694 14667
513239 25651
513239 11197
61850 10340
13170919 14667
434542 45935
984 15496
37188 35021
37188 149686
963859 1803439
963859 1803440
67611 256137
67611 196486
212823 648105
588015 75002
138692 197558
56924 234088
15675585 185133
15675585 1940056
15704033 6505
4950264 15534
616334 32907
2837887 7243
2397723 11816
270338 12840
15796864 10072
15828498 45935
92542 314493
261511 206563
199550 10072
2225940 2956444
259914 754681
4071418 10072
992 15534
992 15535
133343 34293
33215 34293
32399 34293
32017 34293
32110 34293
422791 34293
134251 34293
33320 34293
32210 34293
4752 34293
9017 67303
898301 2469
854504 33999
1057137 2469
847008 10072
1570911 16001
229216 5067
23851 2469
480645 1156111
34677 34671
35131 35141
321011 14198
2841986 5067
134979 33661
25019 14198
128512 129220
138903 264633
6956 6948
128704 414915
28191137 28191145
1357791 1357785
3546054 2469
10777118 14198
28191926 35023
135076 33661
35013 35021
35013 138715
56553 232771
135046 33661
134980 33661
75759 270554
1263212 5067
128284 25651
59335 6948
144653 456673
77686 77713
40290 75528
28195856 778778
64051 247181
2499 2469
2499 35141
4122317 73535
4122317 4264728
230289 73535
163956 12840
163956 13901
12862 12840
36312 14198
833211 5067
30619 30613
28199420 5067
35194 139615
12863 12840
28202213 12840
28202213 13901
2500 35156
42692 64065
197819 197817
8894 45939
170269 525255
170269 525256
45366 196257
1262761 5067
172175 5067
6608819 12208
1532228 45936
2666971 3280590
22868 14198
132346 419554
11200585 12840
78497 14439
125839 410121
10668 10661
190123 45009
133774 32207
133774 422480
974867 45935
13578 13571
13578 77085
646724 45935
646724 5067
62203 45956
67656 176823
7803 63442
62047 242842
13579 13571
28217357 12840
28218316 1817510
28218323 28218328
90330 307342
274400 779578
67857 10661
256891 12208
13919 13901
13919 77713
246824 736273
1068394 1931434
132563 419895
2126838 2469
61854 9615
13966133 9716
127752 25113
235506 720168
235506 720169
235506 720170
235506 720171
235506 720172
235506 720173
69984 259908
1977957 2469
46495 201178
4550461 4567745
4550461 3657722
25022 45956
382529 992136
91257 311162
1060724 1922254
1060724 1922272
62124 33661
270630 45936
31826 31814
134981 33661
27077 27066
2227947 27980
751187 45936
28194916 12752
1570645 45936
11706 73087
34307 136386
736615 45939
736615 1507818
62048 73427
62048 242850
3724366 45936
28194917 24405
466358 1133170
65208 45935
414905 45936
42694 133125
42694 175891
147394 465548
24804 58699
734847 5067
28273189 26149
3244953 264687
2493603 5067
12362099 264242
2755636 3345740
5825309 176823
35195 45935
7820503 31701
1570109 45951
1570109 14439
28194921 28194937
264366 34293
434534 45953
25130 25113
1057750 1919582
128685 23411
729976 9615
729976 11317
59884 240812
963861 1803442
963861 1803443
3775097 35021
243590 731569
761146 1544305
28286526 12329
433911 45936
28361249 10908
138640 45935
256548 14667
34310 33999
69986 259928
31713 31701
846754 138916
757475 27066
2681824 29024
1245994 412999
29365271 12840
48181 206563
29613362 12840
29620699 13901
29621903 13901
29625820 13901
29626203 13901
29630538 13901
29633872 13901
29634180 13901
29637720 13901
29642936 13901
29645476 13901
29651662 13901
29685857 13901
29685968 13901
29687465 13901
29689152 13901
29689154 13901
29691366 13901
29695183 13901
29697504 13901
29698905 13901
29701087 13901
29701335 13901
29706572 29706573
577089 1293392
2513683 3180657
14237445 7794
8012345 7794
29743632 12840
29746430 12840
29746480 12840
130967 45935
1259304 2136694
29750143 9276
29763579 12840
29766242 32584
129169 27066
129169 129184
27083 129184
29768615 12840
4199336 5067
29774465 14093
29776098 12840
28656306 12840
29779254 32300
29780561 11565
29782767 5067
29784592 12840
29787665 5067
29806908 32489
29809414 12840
147252 12840
147252 465112
29816293 12840
29824524 12840
29827986 13170
29831376 12840
599913 5067
64055 45009
29838740 12840
2181010 45009
583371 45009
29851299 12840
29851302 12840
29851698 12840
29851706 12840
29853120 12840
29853451 12840
29853451 15733411
29858476 12840
304771 834707
2717382 5067
29869271 12840
29870966 12840
29873642 2469
29880231 12840
29886939 64065
29892252 12840
29898397 12840
29898719 12840
29900743 12840
130968 29452
29868863 12840
29834592 11565
29913488 12840
29915294 6948
29915998 32396
29918831 13170
29918831 7936
29918831 6816
29918831 8065
29919684 11816
29920651 12840
29920654 12840
29921746 12840
29935006 5067
29942206 12840
29945982 12840
4362458 25651
29956823 64065
29956823 64066
13589 13571
29964834 32584
29969139 12840
29972625 12840
29845254 32489
786184 5067
29983903 6948
29986434 12840
29986502 12840
1099095 255218
29986864 25871
3084570 9507
29986871 45318
2401704 3092079
4271596 25651
64056 64065
29999169 12840
29999395 14667
29999395 25651
29999395 12440
30006812 12840
30007447 12208
30009646 12840
250571 45935
30014478 12840
30028967 12840
30030753 12840
30035513 12840
30036590 33212
30039198 32584
30043556 12840
30048814 12840
30050822 12840
30061677 12840
29776454 15534
30076334 32573
30085780 12840
64057 247208
30095476 12840
30095834 12329
28268440 12840
136392 138568
136392 35021
136392 426492
30103604 33212
30104986 12840
30105754 12840
30115045 412999
30115045 34293
30119335 5067
30123320 12840
1053959 25871
30130438 33317
464083 64066
9974 9956
3575165 3910364
30140594 77713
48132 206459
30144522 12840
157564 34293
30149025 13571
30152506 12840
754688 1535449
30156281 12840
30162895 12840
30165250 11565
228739 5067
30174272 12840
30174872 12840
30177402 12840
30177438 12840
30177518 32584
12995 985
30178541 11565
4187741 5067
169383 34293
2494159 5067
30194162 12840
4238386 14198
42713 31701
42713 133125
30204319 10661
30207646 6948
14922673 12329
733724 72211
30215912 12840
30216868 12840
338291 928277
292593 14198
30352662 31162
7794091 5067
235716 2469
235716 720380
3844582 12840
306715 838088
4082952 34293
30722156 12840
30724372 12840
968156 28795
30761704 4277843
30763638 203553
45336 25113
175058 539163
812321 12208
646047 264242
30776520 30776522
3922604 185133
3914180 4126640
30787650 234088
31758175 11028
31760742 11028
4683558 11816
5260758 45935
5260758 129220
31773376 197817
77077 45948
10810 10775
3914150 484070
1551913 12208
27897 129669
72569 73535
57038 234315
76588 62295
31773387 414528
279134 80955
279134 786032
129288 415641
126927 131741
147517 129669
147517 73087
855143 73535
31773397 73535
279135 786032
48091 10661
174344 196257
147400 465563
134473 275558
58558 58699
1468803 2337844
852484 796894
126220 64066
415527 14667
138644 432611
1476832 197535
1476832 2344801
1476832 176823
4144755 4126640
31773459 420285
63440 139615
31773472 13526436
232595 185133
147081 6948
91261 29024
1078005 1940056
285885 797496
2848348 255218
2848348 3406348
138645 45941
5134176 16001
4359624 3940793
15056263 14093
15128791 15128796
31773548 31773551
14817 45951
246506 30214
43956 12329
58411 58472
33951 13170
126028 14198
126028 11816
31773558 9719237
80967 281255
163963 12840
163963 13901
31773566 45941
31773569 255218
31773569 161546
31773569 31773570
128581 26149
128581 414748
1082050 45935
31773572 9507
77078 45946
772844 12840
91262 29024
31773590 35021
77079 77085
4272029 1535444
10861600 10861606
139607 45953
59437 27980
62078 9956
31773610 133125
31773611 28165
31773614 7936
274674 35021
717539 176823
647899 449739
2365767 72211
31773621 45952
31773624 1535444
485713 484070
90445 139615
2694583 1059579
31773643 232575
67104 45318
145679 264242
145679 197811
145679 459627
145679 459630
39396 161546
1063879 1925968
456674 456673
31773683 406097
31773683 796894
553835 712672
31773701 14198
31773701 45935
155750 484070
31773708 232575
30030057 796894
711051 484070
31773749 139615
10942457 197811
10942457 838088
2344258 3042428
611191 838088
1091323 1955696
4699766 484070
48222 45934
48222 5067
48222 45318
3582760 73427
30175968 7440
259925 12840
175861 175891
31773795 12840
31773802 32207
31773812 6948
433912 1080878
704760 45936
31773819 29359
42719 64065
42719 175891
10193289 2469
31773826 7794
31773832 31773833
8672616 196257
28218324 1858167
31773844 25473
77879 14093
77879 45318
2691678 45952
77921 45318
574721 172066
574721 1290202
13757415 985
72385 264687
32644274 25871
32644535 26771
32644962 28066
32644986 11696
32645079 27578
32645103 129220
32645153 27980
32645196 15733318
32649998 29024
32661698 24905
32674575 5067
32676061 5067
32676483 5067
32675148 11816
32683297 6816
32686258 14323
32687531 45946
32689470 14093
32690152 13695
32690345 8065
32690532 10241
32692161 12548
32695876 6505
32696911 2469
32699009 30797
32691812 32907
32700782 10427
32701906 11317
32702713 11923
32703026 28372
32704155 29539
77080 13571
9383314 9383321
32781860 10072
32792574 32300
32814211 5067
277080 5067
30235827 12208
32872294 129956
1351317 11816
32941412 1444231
974487 14198
67866 10661
6374569 11816
32960649 933
32993365 264242
10605469 2469
10605469 5067
33129519 34293
2891496 26149
28092 129736
33249625 12840
1329097 484070
8555181 314493
77797 275408
64559 247231
4504849 5067
136471 426566
77881 275558
47755 176823
71220 10775
736072 45953
736072 139615
2462725 573610
1179886 34293
2711877 264687
2013596 1955696
8186264 484070
417109 2469
417109 1056647
153398 458132
153399 9819
47372 203553
11603 45936
843557 57849
31077483 34293
31075628 31075633
56887 13074
1061596 264633
73394 11816
73394 73427
381464 138568
1291170 2168384
28167993 11816
29857512 12840
34142295 12840
61212 14198
61212 61194
61212 241560
30000320 484070
34156309 12840
147520 14198
720630 234088
34178702 12840
2227950 27980
138959 35141
185137 185133
185137 232575
71221 203553
231746 484070
13524317 234088
69009 9956
472098 484070
28585459 314493
34185796 12840
265374 27269
38181 156503
10194451 10194459
30139232 30139235
268136 770024
15331386 14198
42729 64066
48187 206567
233085 33977
472099 484070
419178 419554
59441 27980
59441 73535
59441 239861
1826546 2635656
1916518 129669
2878053 314493
28167830 11816
153400 484070
241830 27980
34269420 11028
34289536 34289537
34291552 14198
30373022 10072
4810435 26149
434193 1081645
1079771 1934775
1079771 721883
34735926 3042428
34755416 129669
431311 14198
34798675 64066
34799775 234088
35048023 27269
28361253 10908
35066497 31245
35068512 45009
35068731 10241
35068733 26562
35068736 11095
35085757 25755
35090478 60669
35091247 29126
35099418 12548
35398818 30613
30485922 34671
35403909 2469
35403909 7440
35404169 14198
35404169 5067
35404295 2469
35404295 5067
35404298 10072
35404298 5067
35404426 2469
35404426 10072
35404446 14198
35404446 10072
35404797 2469
35404797 6505
35404868 2469
35404868 13318
35405300 2469
35405300 14323
3109685 12329
2131998 14093
35788634 9401
35790471 13068
35793456 9507
35810050 24501
35818948 33212
35819095 12840
28666 28684
28008 27980
36029783 80955
36029783 281255
5643104 9615
36112079 14198
36112079 61330
36112097 14198
36112097 30510
36112097 131741
36112097 203553
36112172 25473
36112172 36112173
36275245 14000
36289480 23847
36311613 11095
512265 5067
36312782 30978
36351701 5067
36361558 34092
36371154 28706
36375179 33026
36410500 12208
36418426 30164
372397 11028
36435822 59595
36437916 61330
36537492 30214
36558447 45941
36875338 239861
37664785 29628
37932406 12840
39190613 13526436
39224966 39192574
39874148 12208
39907124 45935
235719 720380
41301851 3280590
41310983 41310985
41314247 9956
41314571 2750876
41315982 459627
34871050 2469
41320953 9703490
41321244 412999
41325707 13571
41328654 725181
1554554 74910
41488160 5067
42135989 9819
43510111 7107
43535442 176823
43663891 14198
43663891 129669
43664650 5067
43710228 138916
43769748 32584
43784756 206567
43795919 13068
43795919 13074
44126019 415861
44150394 12840
45872469 3345740
45875567 23411
45875570 23411
45875570 415861
45904273 12840
45904279 12840
45904282 12840
45904287 12840
45904290 12840
45904296 12840
45904300 12840
45904302 32584
46005143 10072
46005143 13318
46005144 45934
46005144 2469
46005145 45934
46005145 14198
46005146 45934
46005146 10072
46005147 2469
46005147 45935
46005148 2430
46005149 33847
46005149 36112173
46005152 10072
46005152 12548
46005153 2469
46005153 12548
46005154 10072
46005154 12548
46005155 2469
46005155 12548
46005156 234088
46005157 2469
46005157 14198
46005158 10072
46005158 7440
46005159 7440
46005160 46005161
46005162 933
46005163 25871
