29057879 18357085
29057885 18357085
29057891 407129
29057896 18956773
29057899 17318301
29057902 17318301
29057904 18360896
29057905 17318301
29057908 18360896
29086190 1367256
29086195 1677913
29086198 1012910
29086203 1677913
29086209 1677913
29086214 1677913
29086220 1677913
29086226 1677913
29086231 1677913
29086236 1677913
29086242 1677913
29086248 1677913
29086254 1677913
29086260 1012910
29086265 1012910
29086271 1012910
29086276 1012910
29086279 1012910
29086284 1012910
29086289 1012910
29086291 1012910
29086294 211300
29086296 1677913
29086299 1677913
29086303 1677913
29086304 1677913
29086308 1677913
29086312 2644814
29086315 1012910
29086320 17918991
29086326 1677913
29086332 1677913
29086335 1677913
29086337 1677913
29086339 4916452
29086346 1677913
29086353 17513785
29086356 1012910
29086357 4916452
29086359 4916452
29086360 1012910
29086361 18443977
29086364 18578158
29086367 18588322
29086369 1369326
29086370 1377272
29086371 4916452
29086372 4916452
29086373 17468423
29086375 1369326
29086376 18106027
29086378 18529824
29086381 18976135
29086383 1677913
29086385 18106027
29086386 1012910
29086397 1677913
29086401 1677913
29086405 1677913
29086411 1677913
29086415 1012910
29086417 1012910
29086423 1012910
29086426 1012910
29086429 1012910
29086432 1012910
29086434 1012910
29086437 1012910
29086440 1012910
29086443 1012910
29086446 1012910
29086449 1012910
29086455 1012910
29086458 1012910
29086461 4916452
29086463 4916452
29086466 4916452
29086469 4916452
29086472 4916452
29086475 4916452
29086478 4916452
29086481 4916452
29086484 4916452
29086487 4916452
29086490 4916452
29086493 1012910
29086496 1012910
29086498 1677913
29086502 1012910
29161666 18844542
29161672 1774090
29161678 1036356
29161684 1036356
29161687 1036356
29161690 17440132
29161693 18753107
29161697 1036356
29161700 18832716
29161701 21250548
29161702 19843848
29161703 17434706
29161706 1036356
29161707 16033781
29161708 17952526
29161710 17434706
29161713 19022131
29161724 18844542
29161726 1774090
29161742 18061580
29170151 16007388
29170157 2326017
29170161 16007388
29170164 16007388
29170169 1773389
29170175 1773389
29170179 1773389
29170182 1773389
29170188 1773389
29170192 1773389
29170196 1773389
29170200 17428654
29170206 18089912
29170209 18844636
29170212 16007388
29170214 407937
29170220 16042472
29170223 18859626
29170229 1036858
29170233 1036858
29170239 1036858
29170245 1036858
29170251 1036858
29170255 1036858
29170259 18285261
29170261 18811665
29170266 18811665
29170272 319961
29170276 1395777
29170280 17115377
29170283 1036858
29170289 1036858
29170295 16007388
29170296 1036858
29170297 404297
29170300 404297
29170301 18928400
29170304 1395777
29170305 1382475
29170307 19147019
29170309 18849069
29170310 18369610
29170312 16007388
29170315 16007388
29170321 1036858
29170324 16007388
29170325 1395777
29170346 17958660
29170349 1192759
29170350 1373317
29170353 18855025
29170355 18844636
29170357 16007388
29170359 16007388
29170361 16007388
29170364 16007388
29170366 16007388
29170368 16007388
29170370 868962
29170373 18844636
29170377 18844636
29170378 18844636
29170381 1395777
29170384 1014138
29170397 18811665
29170404 17076478
29175226 209201
29175228 18946583
29175231 18946583
29175236 17317336
29175239 217920
29175241 18260450
29175244 1626958
29175247 217920
29175248 18849656
29175250 18792684
29175256 217920
29175261 17452807
29175262 18849656
29175263 17452807
29175264 209201
29175265 18599518
29175267 217920
29175268 18254540
29175269 18372052
29175270 17809473
29175273 18287187
29175276 209201
29175277 217920
29175278 18580816
29175279 18599518
29175280 18981955
29175281 18849656
29175290 17019473
29175294 18580816
29175296 3225292
29175298 1395809
29175301 1395809
29175304 1395809
29180320 18981394
29180322 319947
29180326 319947
29180330 319947
29180334 319947
29180338 319947
29180341 18862944
29180342 18862944
29180345 18862944
29180349 18862944
29180352 18862944
29180355 18862944
29180358 319947
29180362 18416647
29180364 18425862
29180367 19022439
29180370 17921321
29180372 2326346
29180375 17952160
29180376 211316
29180377 18975333
29180378 1374811
29180380 17794119
29180381 2971358
29180382 319947
29180385 4934219
29180387 403981
29180413 18862944
29180414 18862944
29180418 17614650
29180421 17614650
29180424 17614650
29180427 17614650
29268054 19287903
29268057 1012463
29268063 1012463
29268065 1012463
29268066 209209
29268069 19119769
29268071 17018018
29268072 17414272
29268074 17018018
29268116 1012463
29268117 18055681
29268119 18426238
29275926 403801
29275929 2644814
29275930 2644814
29275932 2644814
29275938 2644814
29275944 2644814
29275946 2644814
29275952 2644814
29275958 18793167
29275961 18793167
29275966 18273772
29275972 2644814
29275974 2644814
29275980 2644814
29275986 2644814
29275990 18261109
29275995 2644814
29276001 2644814
29276007 2644814
29276009 275805
29276010 18793167
29276016 403801
29276019 2644814
29276021 2644814
29276023 2644814
29276025 2644814
29276027 2644814
29276031 2644814
29276036 2644814
29276042 2644814
29276043 2644814
29276044 18273772
29276050 2644814
29276055 2644814
29276058 211449
29276061 2644814
29276064 350868
29276068 18161602
29276071 18062219
29276077 17788756
29276081 211452
29276084 403801
29276085 18273772
29276086 18841856
29276087 275805
29276090 18833066
29276092 18062219
29276094 29276095
29276098 275805
29276099 18283301
29276100 1773720
29276102 1012213
29276104 2644814
29276105 18793167
29276108 350868
29276109 1626923
29276110 18261109
29276111 16586721
29276113 16586746
29276115 16586721
29276121 16586746
29276124 16586746
29276128 16586721
29276132 16586721
29276136 16586746
29276141 16586746
29276147 16586721
29276151 16586721
29276155 16586746
29276161 16586746
29276167 17734613
29276194 2644814
29276195 18793167
29276200 18793167
29276202 18793167
29276207 2644814
29276209 2644814
29276212 211324
29276213 2644814
29276216 2644814
29276219 2644814
29276222 2644814
29276224 2644814
29276227 2644814
29276230 2644814
29276233 17713512
29276239 17788756
29276242 17788756
4945506 1037510
4945517 1011745
29280428 1037510
29280434 1037510
29280439 1037510
29280445 1037510
29280451 1037510
29280453 1037510
29280455 1011745
29280461 1904964
29280463 1011745
29280469 17513127
29280472 1037510
29280475 18405734
29280481 1037510
29280484 1037510
29280486 2662949
29280492 1011745
29280495 1011745
29280498 1011745
29280504 17396845
29280508 1011745
29280511 1011745
29280514 1011745
29280520 1011745
29280524 18405734
29280526 1011745
29280532 1011745
29280538 1011745
29280542 1011745
29280548 1011745
29280554 1037510
29280559 1037510
29280564 1037510
29280570 1037510
29280575 1037510
29280581 1037510
29280586 1037510
29280591 1037510
29280595 1037510
29280597 211326
29280603 1037510
29280606 1037510
29280610 1037510
29280616 1037510
29280619 1011745
29280625 1011745
29280627 1011745
29280630 1011745
29280634 1011745
29280638 1011745
29280641 1011745
29280645 211326
29280649 1011745
29280653 1037510
29280657 1011745
29280658 1384262
29280660 1011745
29280664 17513127
29280667 18405734
29280673 1037510
29280675 211326
29280678 211326
29280681 18080525
29280686 17513127
29280689 1011745
29280690 1011745
29280691 211326
29280692 17513127
29280693 2662949
29280694 211326
29280695 1011745
29280696 17849930
29280698 18614793
29280699 1037510
29280701 18374328
29280702 18405734
29280705 17122148
29280706 211455
29280708 211326
29280709 407127
29280711 17749725
29280713 18415533
29280714 17741069
29280716 1037510
29280717 1037510
29280718 1011745
29280719 18080525
29280762 2662949
29280765 1037510
29280767 1037510
29280770 1011745
29280773 1011745
29280776 1011745
29280781 1011745
29280784 1011745
29280786 1011745
29280790 1011745
29280792 1011745
29280794 1011745
29280796 1011745
29280798 1011745
29280801 1011745
29280803 1011745
29280806 1037510
29280812 1037510
29280815 1011745
29280818 1037510
29280819 1037510
29280824 1011745
29280830 1011745
29280832 1677913
29280834 1011745
29280836 1037510
29280841 1037510
29280843 1037510
29280845 1011745
29280848 1011745
29280850 1011745
29280852 1011745
29280854 1011745
29280856 1011745
29280858 1037510
29280860 1011745
29280863 1037510
29280865 1037510
29280871 1037510
29280873 1037510
29280876 1037510
29283478 3989802
29283480 19118920
29283481 3989802
29283482 3989802
29283483 1384263
29283485 1384263
29283486 17071334
29283487 18677788
29283488 18677788
29283489 18931704
29283490 19118920
29283493 18416763
29290212 17846960
29290213 1773846
29290219 1773846
29290225 1773846
29290228 1773846
29290231 1773846
29290237 16701566
29290240 1773846
29290246 15987461
29290252 2682371
29290255 211333
29290260 18649431
29290261 322752
29290264 15987461
29290265 15987461
29290266 1197479
29290269 17846960
29290270 1773846
29290272 18958400
29290274 1773846
29290275 18264815
29290276 15987461
29290277 17353163
29290279 17353163
29290280 1626664
29290283 17749985
29290286 15988963
29290289 19751378
29290290 15987461
29290296 17749985
29290302 17749985
29290307 17749985
29290312 17749985
29290317 17749985
29290324 17749985
29290330 17749985
29290336 17749985
29290342 17749985
29290346 17749985
29290350 17749985
29290354 17749985
29290358 17749985
29290362 17749985
29290366 17749985
29290370 17749985
29290376 17749985
29290382 17749985
29290388 17749985
29290394 17749985
29290398 17749985
29290404 17749985
29290408 17749985
29290414 17749985
29290420 15987461
29290425 17749985
29290429 15987461
29290436 15987461
29290440 15987461
29290446 19198785
29290459 18958400
29290462 15987461
29290467 15987461
29290474 15987461
29290478 15987461
29290481 15987461
29290484 15987461
29290489 15987461
29290497 15987461
29290502 15987461
29290508 15987461
29290514 15987461
29290521 15987461
29290528 4916643
29290530 1773846
29290532 1773846
29290535 1773846
29290540 1773846
29290542 1773846
29290545 1773846
29290547 1773846
29290550 1773846
29290552 1773846
29290555 1773846
29290558 1773846
29290561 1773846
29290564 1773846
29290567 1773846
29290569 1773846
29290571 1773846
29290574 1773846
29290577 18722394
29290583 18722394
29290589 18722394
29290595 15987461
29290598 18722394
29290601 1773846
29290607 15987461
29290613 15987461
29290619 15987461
29290624 15987461
29290630 15987461
29290636 15987461
29290642 15987461
29290648 15987461
29290653 15987461
29290659 15987461
29290665 15987461
29290671 15987461
29290677 15987461
29290683 15987461
29290689 15987461
29290695 15987461
29290701 15987461
29290706 15987461
29290712 15987461
29290718 15987461
29290721 15987461
29290727 15987461
29290733 15987461
29290739 15987461
29290745 15987461
29290748 15987461
29290754 15987461
29290760 15987461
29290766 15987461
29290772 15987461
29290778 15987461
29290784 15987461
29290790 15987461
29290795 15987461
29290798 15987461
29290801 15987461
29290807 15987461
29290810 15987461
29290816 15987461
29290821 15987461
29290825 15987461
29290831 15987461
29290834 15987461
29290840 15987461
29290846 15987461
29290849 15987461
29290855 15987461
29290860 15987461
29290866 15987461
29290870 15987461
29290876 15987461
29290882 15987461
29290888 15987461
29290894 15987461
29290900 15987461
29290905 15987461
29290911 15987461
29290917 15987461
29290922 15987461
29290928 15987461
29290933 15987461
29290939 15987461
29290942 15987461
29290945 15987461
29290950 15987461
29290956 15987461
29290962 15987461
29290968 15987461
29290974 15987461
29290980 15987461
29290986 15987461
29290992 15987461
29290998 15987461
29291003 15987461
29291009 15987461
29291015 15987461
29291021 15987461
29291026 15987461
29291032 15987461
29291038 15987461
29291044 15987461
29291049 15987461
29291055 15987461
29291060 15987461
29291062 15987461
29291068 15987461
29291074 15987461
29291080 15987461
29291085 15987461
29291091 15987461
29291097 15987461
29291102 15987461
29291105 15987461
29291110 15987461
29291116 15987461
29291119 15987461
29291125 15987461
29291131 15987461
29291137 15987461
29291142 15987461
29291148 15987461
29291154 15987461
29291159 15987461
29291164 15987461
29291170 15987461
29291176 15987461
29291181 15987461
29291183 15987461
29291189 15987461
29291194 15987461
29291200 15987461
29291203 15987461
29291208 15987461
29291214 15987461
29291220 15987461
29291226 15987461
29291232 15987461
29291238 15987461
29291243 15987461
29291249 15987461
29291252 15987461
29291254 15987461
29291259 15987461
29291265 15987461
29291267 15987461
29291272 15987461
29291278 15987461
29291285 15987461
29291289 15987461
29291292 15987461
29291295 15987461
29291298 15987461
29291303 15987461
29291307 15987461
29291309 15987461
29291311 15987461
29291315 15987461
29291318 15987461
29291323 15987461
29291327 15987461
29291332 15987461
29291334 15987461
29291339 15987461
29291344 15987461
29291348 15987461
29291352 15987461
29291357 15987461
29291362 15987461
29291366 15987461
29291373 15987461
29291379 15987461
29291381 15987461
29291387 15987461
29291391 15987461
29291396 15987461
29291402 15987461
29291406 15987461
29291411 15987461
29291416 15987461
29291419 15987461
29291424 15987461
29291426 15987461
29291432 15987461
29291437 15987461
29291443 15987461
29291449 15987461
29291454 15987461
29291459 15987461
29291461 15987461
29291467 15987461
29291473 15987461
29291479 15987461
29291484 15987461
29291490 15987461
29291495 15987461
29291498 15987461
29291501 15987461
29291506 15987461
29291511 15987461
29291516 15987461
29291523 15987461
29291525 15987461
29291528 15987461
29291530 15987461
29291533 15987461
29291538 15987461
29291541 15987461
29291543 15987461
29291544 15987461
29295336 18850756
29295341 19239392
29295345 17870248
29295347 403536
29295353 17870248
29295355 18359749
29295358 18850756
29295360 520754
29295361 3285367
29296941 4000781
29296944 4000781
29296947 17517206
29296951 17517206
29296955 119996
29296961 119996
29296967 119996
29296970 119996
29296976 119996
29296979 17723486
29296982 119996
29296984 19200401
29296985 4000781
29296986 17718459
29296995 119996
4945528 1773446
29299237 1367260
29299239 1367260
29299241 19005923
29299246 212883
29299253 212883
29299259 17485845
29299262 17485845
29299267 211338
29299273 212883
29299276 211338
29299278 403546
29299280 18751776
29299283 16187510
29299284 16187510
29299285 17485845
29299287 18917937
29299288 17485845
29299289 19196007
29303702 1626725
29303708 18674846
29303710 18674846
29303716 1626725
29303722 18674846
29303725 1367256
29303728 1367256
29303730 1367256
29303732 1626725
29303738 1626725
29303743 951056
29303745 951056
29303749 18836120
29303754 2644920
29303755 2644920
29303756 18442304
29303758 18442304
29303759 18187669
29303779 18674846
29303780 951056
29303782 1626725
29303785 1626725
29303792 951056
29305614 17417357
29305617 17417357
29305623 1677977
29305625 1677977
29305627 407129
29305628 18580480
29305631 18580480
29305632 1677977
29305633 1677977
29305634 1677977
29305635 18580480
29305636 18580480
29305637 18580480
4945539 1012384
29309358 1012654
29309364 319961
29309368 1012384
29309371 1012384
29309374 1012384
29309380 1012384
29309386 1904914
29309393 1904914
29309398 1904914
29309403 1904914
29309406 1904964
29309409 1904914
29309415 637416
29309418 1012654
29309424 1012654
29309428 1904914
29309432 1904914
29309438 1012384
29309439 1904914
29309443 1012384
29309447 1012384
29309453 296898
29309455 17799872
29309458 18934465
29309459 18657059
29309460 1904964
29309461 18832948
29309463 1012384
29309464 1410502
29309467 1012384
29309468 29306059
29309469 29306059
29309470 1012384
29309471 17799872
29309472 1904914
29309473 1012384
29309479 1012384
29309481 1012384
29309484 1904964
29309494 17485359
29309495 1904914
29309497 1904914
29309503 1904914
29309509 1904914
29309515 1904914
29309521 1012384
29309525 1012384
29309528 1012384
29309531 1012384
29309534 1012384
29309537 1012384
29309540 1012384
29309541 1012384
29309544 1012384
29309547 1012384
29309551 1012384
29309553 1012384
29309556 1012384
29309558 1012384
29309561 1012384
29309563 1012384
29309565 1012384
29309568 1012384
29309571 1012384
29309574 1012384
29309577 1012384
29309579 1012384
29309582 1012384
29309584 1012384
29309587 1012384
29309589 1012384
29309592 1012384
29309595 1012384
29309598 1012384
29309602 1012384
29309608 1012384
29309611 1012384
29309614 1012384
29309617 1012384
29309623 1012384
29309629 1012384
29309635 1012384
29309639 1012384
29309645 1012384
29309649 1012384
29309653 1012384
29309658 1012384
29309664 1012384
29313280 1773446
29313286 1773446
29313292 4916070
29313295 4916070
29313298 404565
29313300 16915130
29313306 16915130
29313311 16915130
29313314 1773446
29313320 15986773
29313323 15986773
29313329 403808
29313333 404565
29313339 336300
29313344 16915130
29313347 16915130
29313352 18447807
29313354 4916070
29313357 403808
29313362 16915130
29313363 19298296
29313364 18019098
29313367 18447807
29313368 211343
29313369 336300
29313371 16915130
29313372 18853771
29313373 15986773
29313374 17631680
29313376 17499655
29313378 4916070
29313381 19040868
29313382 16915130
29313383 16615352
29313385 404565
29313386 18911367
29313389 19040868
29313400 1773446
29313406 1773446
29313412 1773446
29313418 1773446
29313424 1773446
29313430 1773446
29313433 1773446
29313439 1773446
29313445 1773446
29313448 1773446
29313454 1773446
29313460 16915130
29313463 16915130
29313466 16915130
29313469 16915130
29313472 16915130
29313475 16915130
29313477 16915130
29313480 16915130
29313483 16915130
29313485 16915130
29313487 1773446
29313493 1773446
29313499 16915130
29313501 1773446
29313507 1773446
29313510 1773446
29313516 1773446
29313522 1773446
29313528 1773446
29313534 1773446
29313540 1773446
29313543 1773446
29313546 1773446
29313552 1773446
29313558 4916070
29313561 4916070
29313564 1773446
29313569 1773446
29313574 1773446
29313580 1773446
29313583 1773446
29313586 1773446
29313592 1773446
29313598 1773446
29313603 1773446
29313606 1773446
29313609 1773446
29313612 1773446
29313615 1773446
29313621 1773446
29313624 1773446
29313629 1773446
29313632 1773446
29313635 1773446
29313637 1773446
29313639 1773446
29313642 1773446
29313645 1773446
29313648 1773446
29313651 1773446
29313654 1773446
29313656 1773446
29313659 1773446
29313662 1773446
29313665 1773446
29313668 1773446
29313671 1773446
29313673 1773446
29313676 1773446
29313678 1773446
29313681 1773446
29313684 1773446
29313687 1773446
29313690 1773446
29313692 1773446
29313694 1773446
29313696 1773446
29313699 1773446
29313702 1773446
29313705 1773446
29313708 1773446
29313711 1773446
29313714 1773446
29313716 1773446
29313718 1773446
29313720 1773446
29313722 1773446
29313725 1773446
29313728 1773446
29313731 1773446
29313734 1773446
29313737 1773446
29313740 1773446
29313743 1773446
29313746 1773446
29313749 1773446
29313751 1773446
29313753 1773446
29313755 1773446
29313758 1773446
29313760 1773446
29313763 1773446
29313766 1773446
29313768 1773446
29313771 1773446
29313774 1773446
29313777 1773446
29313780 1773446
29313783 1773446
29313785 1773446
29313787 1773446
29313789 1773446
29313791 1773446
29313794 1773446
29313796 1773446
29313798 1773446
29313801 1773446
29313804 1773446
29313806 1773446
29313808 1773446
29313811 1773446
29313814 1773446
29313817 1773446
29316773 1012717
29316776 18977557
29316780 1012717
29316783 1012717
29316788 1012717
29316792 19079125
29316798 1012717
29316799 18989646
29316802 16014667
29316807 1012717
29316812 19079125
29316814 19079125
29316815 19042636
29316816 18989646
29316819 1012717
29316820 19290599
29316822 16014667
29316824 16014667
29316825 16014667
29316826 16014667
29316827 16014667
29316845 1012717
29316846 19079125
29316849 19079125
29316852 19079125
29316855 19079125
29316857 19079125
29316860 19079125
29316862 1012717
29320637 4664237
29320640 1012262
29320646 1012262
29320652 319961
29320655 1196482
29320658 1196482
29320664 1196482
29320670 1012262
29320673 17803283
29320675 319961
29320677 18298350
29320683 18298350
29320689 4664237
29320692 319961
29320698 18298350
29320703 18298350
29320704 18298350
29320705 1012262
29320706 18298350
29320707 19741328
29320710 18445361
29320713 18298350
29320714 319961
29320715 16602046
29320716 1012262
29320717 17942675
29320718 319961
29320735 18298350
29320741 4664237
29320742 1012262
29325348 18853490
29325351 17474316
29325353 18853490
29325358 212886
29325360 212886
29325363 212886
29325365 18162898
29325368 212886
29325370 18823571
29325371 18900511
29325373 403647
29325374 18397866
29325383 212886
29330064 993642
29330065 18174671
29330068 18174671
29330071 296900
29330074 296900
29330080 16031293
29330086 18430227
29330089 18622043
29330092 296900
29330096 18175213
29330100 18991255
29330101 993642
29330102 993642
29330103 18834239
29330106 296900
29330107 1904351
29330108 16031293
29330109 16007395
29330111 19232872
29330112 18991255
29330113 18251887
29330115 18921176
29330116 1626897
29330118 16007395
29330123 18647957
29330126 16007395
29330128 1768273
29330129 296900
29330132 296900
29330135 296900
29330138 296900
29330141 296900
29330144 296900
29330147 296900
29330150 296900
29330153 296900
29330156 296900
29330159 296900
29330162 296900
29330165 296900
29330168 296900
29330171 296900
29330174 296900
29330178 296900
29330181 296900
29330184 296900
29330187 296900
29330190 296900
29330193 1626897
29334234 16007186
29334237 16007186
29334240 2645710
29334242 520759
29334245 16007186
29334247 16007186
29334252 16007186
29334257 16007186
29334260 16007186
29334265 16007186
29334270 16007186
29334276 18647179
29334278 16007186
29334283 16007186
29334288 2645710
29334294 19036358
29334297 19036358
29334300 16007186
29334306 1367508
29334309 16007186
29334314 4951573
29334317 4951573
29334319 209238
29334322 1367508
29334325 520759
29334326 18654293
29334328 275815
29334330 16007186
29334333 4951573
29334334 275815
29334335 18647179
29334336 19303222
29334337 18850428
29334339 17978960
29334340 18433719
29334342 2645710
29334343 16007186
29334344 16024839
29334347 16715237
29334348 16007186
29334351 275815
29334354 275815
29334357 275815
29334360 275815
29334378 16007186
29334384 16007186
29334386 16007186
29334388 16007186
29334391 16007186
29334393 16007186
29334395 16007186
29334400 16007186
29334402 16007186
29334404 3707033
29334405 16007186
45101539 1011745
45101540 1011745
45101541 1011745
45101542 1011745
45101543 1011745
45101544 1012910
45101545 1012910
45101546 1012910
45101547 1012910
45101548 1012910
45101549 1012910
45101550 1012910
45101551 1012910
45101552 1012910
45101553 1012910
45101554 1012910
45101555 1012910
45101556 1012910
45101557 1012910
45101558 1012910
45101559 1012910
45101560 1012910
45101561 1012910
45101562 1012910
45101563 1012910
45101564 1012910
45101565 1012910
45101566 1012910
45101567 1012910
45101568 1012910
45101569 1012910
45101570 1012910
45101571 1012910
45101572 1012910
45101573 1012910
45101574 1012910
45101575 1012910
45101576 1012910
45101577 1012910
45101578 1012910
45101579 1012910
45101580 1012910
45101581 1012910
45101582 1012910
45101583 1012910
45101584 1012910
45101585 1012910
45101586 1012910
45101587 1012910
45101588 1012910
45101589 1012910
45101590 1012910
45101591 1012910
45101592 1012910
45101593 1012910
45101594 1012910
45101595 1012910
45101596 1012910
45101597 1012910
45101598 1012910
45101599 1012910
45101600 16007186
45101601 16007186
45101602 1037510
45101603 296900
45101604 296900
45101605 296900
45101606 16007388
45101607 1773846
45101608 1011745
45101609 1011745
45101610 1011745
45101611 1037510
45101612 19079125
45101613 17086701
45101614 4951573
45101615 319942
45101616 319942
45101617 19166543
45101618 18791396
45101619 2662949
45101620 951056
45101621 403560
45101622 1395777
45101623 17076478
45101624 1037510
45101625 1014138
45101626 18425612
45101627 1012910
45101628 1677913
45101629 1677913
45101630 1677913
45101631 1677913
45101632 1677913
45101633 1677913
45101634 1677913
45101635 1012384
45101636 16007388
45101637 1012910
45101638 18416763
45101639 1677913
45101640 16007395
45101641 1011745
45101642 1011745
45101643 16007395
45101644 16007395
45101645 16007395
45101646 16007395
45101647 16007186
45101648 16007186
45101649 1012717
45101650 1626709
45101651 1773846
45101652 1904964
45101653 1012384
45101654 1011745
45101655 1011745
45101656 1011745
45101657 1011745
45101658 1011745
45101659 1011745
45101660 1011745
45101661 1011745
45101662 1011745
45101663 1011745
45101664 1011745
45101665 1011745
45101666 1011745
45101667 1011745
45101668 16007395
45101669 16007186
45101670 2644814
45101671 1773446
45101672 1773446
45101673 1773446
45101674 1012384
45101675 1012384
45101676 1773846
45101677 1773846
45101678 1773846
45101679 17799872
45101680 17799872
45101681 1773446
45101682 17076478
45101683 1011745
45101684 1011745
45101685 1011745
45101686 1011745
45101687 1011745
45101688 16007186
45101689 1904914
45101690 1011745
45101691 1036858
45101692 1773446
45101693 1773446
45101694 1773446
45101695 1773446
45101696 1773446
45101697 1773446
45101698 1773446
45101699 1904914
45101700 1904914
45101701 1012384
45101702 1012384
45101703 1012384
45101704 1012717
45101705 1012384
45101706 1012384
45101707 1012384
45101708 1012384
45101709 1012384
45101710 1012384
45101711 1012384
45101712 211338
45101713 4916452
45101714 1677913
45101715 1012384
45101716 1012384
45101717 2662949
45101718 2662949
45101719 2662949
45101720 2662949
45101721 2662949
45101722 1011745
45101723 1011745
45101724 1011745
45101725 1011745
45101726 1011745
45101727 2662949
45101728 1011745
45101729 1011745
45101730 1011745
45101731 1011745
45101732 1011745
45101733 2662949
45101734 1011745
45101735 1011745
45101736 1011745
45101737 1011745
45101738 1011745
45101739 1011745
45101740 2662949
45101741 2662949
45101742 2662949
45101743 2662949
45101744 2662949
45101745 2662949
45101746 2662949
45101747 18447807
45101748 18447807
45101749 18447807
45101750 18447807
45101751 1773846
45101752 1773446
45101753 1773446
45101754 1773446
45101755 1773446
45101756 1773446
45101757 1773446
45101758 1773446
45101759 1773446
45101760 1773446
45101761 1773446
45101762 1773446
45101763 1773446
45101764 1773446
45101765 1773446
45101766 1773446
45101767 1773446
45101768 1773446
45101769 1773446
45101770 1773446
45101771 1773446
45101772 1773446
45101773 1773446
45101774 1773446
45101775 1773446
45101776 1773446
45101777 1626725
45101778 18106027
45101779 1012717
45101780 1012717
45101781 1012717
45101782 1011745
45101783 1011745
45101784 1011745
45101785 1011745
45101786 1011745
45101787 1011745
45101788 1773446
45101789 1773446
45101790 18862944
45101791 403438
45101792 3458377
45101793 17015656
45101794 18192107
45101795 21321424
45101796 403438
45101797 403438
45101798 211326
45101799 1037510
45101800 211326
45101801 18623433
45101802 16007388
45101803 1773446
45101804 1037510
45101805 1012384
45101806 211326
45101807 1011745
45101808 1037510
45101809 1011745
45101810 1011745
45101811 1011745
45101812 1011745
45101813 1011745
45101814 1822586
45101815 18862944
45101816 18862944
45101817 1011745
45101818 275805
45101819 319947
45101820 319947
45101821 17799872
45101822 17799872
45101823 17799872
45101824 17799872
45101825 1626664
45101826 403808
45101827 17076478
45101828 18705721
45101829 211455
45101830 1012262
45101831 1012262
45101832 1012262
45101833 1012262
45101834 1904964
45101835 1904964
45101836 18165614
45101837 15987461
45101838 1012910
45101839 1012910
45101840 1012910
45101841 1012910
45101842 1012910
45101843 1012262
45101844 15987461
45101845 15987461
45101846 15987461
45101847 15987461
45101848 15987461
45101849 15987461
45101850 15987461
45101851 15987461
45101852 15987461
45101853 15987461
45101854 1011745
45101855 15987461
45101856 15987461
45101857 15987461
45101858 15987461
45101859 15987461
45101860 15987461
45101861 15987461
45101862 15987461
45101863 15987461
45101864 15987461
45101865 15987461
45101866 15987461
45101867 15987461
45101868 15987461
45101869 15987461
45101870 15987461
45101871 15987461
45101872 15987461
45101873 15987461
45101874 16024839
45101875 16024839
45101876 16024839
45101877 15987461
45101878 15987461
45101879 15987461
45101880 15987461
45101881 15987461
45101882 15987461
45101883 15987461
45101884 15987461
45101885 15987461
45101886 1011745
45101887 1011745
45101888 1011745
45101889 15987461
45101890 15987461
45101891 15987461
45101892 1011745
45101893 1011745
45101894 15987461
45101895 1011745
45101896 1011745
45101897 1011745
45101898 1011745
45101899 15987461
45101900 15987461
45101901 15987461
45101902 15987461
45101903 15987461
45101904 15987461
45101905 15987461
45101906 15987461
45101907 15987461
45101908 15987461
45101909 15987461
45101910 15987461
45101911 15987461
45101912 15987461
45101913 15987461
45101914 15987461
45101915 18181571
45101916 18181571
45101917 18181571
45101918 17713512
45101919 15987461
45101920 15987461
45101921 15987461
45101922 15987461
45101923 15987461
45101924 15987461
45101925 15987461
45101926 15987461
45101927 15987461
45101928 15987461
45101929 15987461
45101930 15987461
45101931 15987461
45101932 15987461
45101933 15987461
45101934 404827
45101935 1774090
45101936 319952
45101937 209209
45101938 209209
45101939 17115377
45101940 18181571
45101941 18181571
45101942 319961
45101943 319961
45101944 17846960
45101945 993743
45101946 2644814
45101947 1037510
45101948 1037510
45101949 1037510
45101950 1037510
45101951 1037510
45101952 1037510
45101953 18826255
45101954 407129
45101955 18183916
45101956 18232991
45101957 15987461
45101958 17713512
45101959 209209
45101960 18933103
45101961 18844636
45101962 18844636
45101963 15987461
45101964 15987461
45101965 1011745
45101966 1011745
45101967 1773446
45101968 1773846
45101969 1773846
45101970 1773446
45101971 1773446
45101972 1773446
45101973 18357085
45101974 1037510
45101975 18623433
45101976 18074778
45101977 15987461
45101978 15987461
45101979 1773446
45101980 15987461
45101981 1773446
45101982 1773446
45101983 17958660
45101984 18260450
45101985 18844636
45101986 18844636
45101987 18844636
45101988 18933103
45101989 1037510
45101990 1037510
45101991 16026347
45101992 951056
45101993 404531
45101994 1011745
45101995 1369340
45101996 17616014
45101997 19098384
45101998 19301132
45101999 19301150
45102000 1012463
45102001 18614070
45102002 21499651
45102003 1012320
45102004 19073291
45102005 17749985
45102006 1904914
45102007 1012320
45102008 403808
45102009 1012262
45102010 19079125
45102011 4916452
45102012 17455858
45102013 3225292
45102014 19005923
45102015 17788756
45102016 17749985
45102017 18811665
45102018 18366692
45102019 212883
45102020 18844636
45102021 119996
45102022 19036358
45102023 699360
45102024 1626725
45102025 1904964
45102026 319961
45102027 1904964
45102028 2644814
45102029 1037510
45102030 1012384
45102031 403532
45102032 19238942
45102033 1677913
45102034 18416763
45102035 18416763
45102036 1012910
45102037 1011745
45102038 1012910
45102039 1012910
45102040 1012910
45102041 1012910
45102042 1012910
45102043 1012910
45102044 1012910
45102045 217920
45102046 1773846
45102047 1904914
45102048 1012384
45102049 1037510
45102050 1011745
45102051 1011745
45217348 17394261
45217349 22489339
